date,county,google
2004-01-01,58.0,16.0
2004-01-02,82.0,16.0
2004-01-03,69.0,14.0
2004-01-04,61.0,13.0
2004-01-05,68.0,18.0
2004-01-06,89.0,13.0
2004-01-07,83.0,14.0
2004-01-08,79.0,12.0
2004-01-09,84.0,16.0
2004-01-10,69.0,18.0
2004-01-11,56.0,13.0
2004-01-12,82.0,16.0
2004-01-13,78.0,14.0
2004-01-14,74.0,16.0
2004-01-15,71.0,14.0
2004-01-16,75.0,14.0
2004-01-17,59.0,19.0
2004-01-18,61.0,14.0
2004-01-19,66.0,14.0
2004-01-20,85.0,11.0
2004-01-21,82.0,15.0
2004-01-22,80.0,14.0
2004-01-23,82.0,14.0
2004-01-24,61.0,17.0
2004-01-25,63.0,17.0
2004-01-26,97.0,13.0
2004-01-27,90.0,14.0
2004-01-28,91.0,13.0
2004-01-29,78.0,14.0
2004-01-30,72.0,16.0
2004-01-31,62.0,16.0
2004-02-01,61.0,14.0
2004-02-02,75.0,12.0
2004-02-03,74.0,15.0
2004-02-04,73.0,13.0
2004-02-05,67.0,15.0
2004-02-06,81.0,12.0
2004-02-07,60.0,13.0
2004-02-08,66.0,14.0
2004-02-09,76.0,13.0
2004-02-10,81.0,13.0
2004-02-11,79.0,15.0
2004-02-12,77.0,15.0
2004-02-13,66.0,17.0
2004-02-14,63.0,16.0
2004-02-15,57.0,11.0
2004-02-16,79.0,10.0
2004-02-17,89.0,9.0
2004-02-18,76.0,15.0
2004-02-19,73.0,15.0
2004-02-20,77.0,15.0
2004-02-21,68.0,20.0
2004-02-22,60.0,13.0
2004-02-23,85.0,16.0
2004-02-24,78.0,14.0
2004-02-25,73.0,12.0
2004-02-26,78.0,15.0
2004-02-27,83.0,15.0
2004-02-28,68.0,18.0
2004-02-29,55.0,8.0
2004-03-01,100.0,18.0
2004-03-02,91.0,14.0
2004-03-03,79.0,11.0
2004-03-04,94.0,17.0
2004-03-05,60.0,16.0
2004-03-06,71.0,16.0
2004-03-07,54.0,15.0
2004-03-08,0.0,0.0
2004-03-09,0.0,0.0
2004-03-10,88.0,12.0
2004-03-11,56.0,16.0
2004-03-12,83.0,11.0
2004-03-13,63.0,16.0
2004-03-14,59.0,16.0
2004-03-15,88.0,14.0
2004-03-16,83.0,13.0
2004-03-17,86.0,17.0
2004-03-18,73.0,15.0
2004-03-19,76.0,15.0
2004-03-20,62.0,21.0
2004-03-21,65.0,16.0
2004-03-22,58.0,15.0
2004-03-23,0.0,0.0
2004-03-24,91.0,13.0
2004-03-25,72.0,13.0
2004-03-26,84.0,11.0
2004-03-27,67.0,16.0
2004-03-28,58.0,15.0
2004-03-29,86.0,16.0
2004-03-30,83.0,15.0
2004-03-31,76.0,12.0
2004-04-01,77.0,41.0
2004-04-02,71.0,26.0
2004-04-03,70.0,19.0
2004-04-04,61.0,21.0
2004-04-05,86.0,19.0
2004-04-06,88.0,20.0
2004-04-07,82.0,16.0
2004-04-08,79.0,16.0
2004-04-09,76.0,17.0
2004-04-10,58.0,18.0
2004-04-11,67.0,25.0
2004-04-12,0.0,0.0
2004-04-13,0.0,0.0
2004-04-14,73.0,17.0
2004-04-15,76.0,15.0
2004-04-16,81.0,18.0
2004-04-17,67.0,18.0
2004-04-18,64.0,19.0
2004-04-19,87.0,14.0
2004-04-20,82.0,16.0
2004-04-21,79.0,16.0
2004-04-22,75.0,18.0
2004-04-23,81.0,14.0
2004-04-24,67.0,21.0
2004-04-25,64.0,16.0
2004-04-26,78.0,20.0
2004-04-27,86.0,23.0
2004-04-28,77.0,20.0
2004-04-29,80.0,26.0
2004-04-30,83.0,34.0
2004-05-01,59.0,29.0
2004-05-02,65.0,23.0
2004-05-03,83.0,20.0
2004-05-04,84.0,19.0
2004-05-05,77.0,19.0
2004-05-06,75.0,22.0
2004-05-07,73.0,17.0
2004-05-08,58.0,17.0
2004-05-09,45.0,20.0
2004-05-10,80.0,17.0
2004-05-11,88.0,17.0
2004-05-12,77.0,18.0
2004-05-13,79.0,16.0
2004-05-14,81.0,14.0
2004-05-15,59.0,22.0
2004-05-16,68.0,18.0
2004-05-17,88.0,17.0
2004-05-18,81.0,17.0
2004-05-19,84.0,18.0
2004-05-20,84.0,16.0
2004-05-21,77.0,17.0
2004-05-22,62.0,23.0
2004-05-23,61.0,22.0
2004-05-24,84.0,17.0
2004-05-25,84.0,12.0
2004-05-26,85.0,17.0
2004-05-27,83.0,16.0
2004-05-28,80.0,15.0
2004-05-29,71.0,19.0
2004-05-30,58.0,18.0
2004-05-31,64.0,21.0
2004-06-01,93.0,17.0
2004-06-02,95.0,18.0
2004-06-03,87.0,16.0
2004-06-04,87.0,14.0
2004-06-05,76.0,17.0
2004-06-06,63.0,16.0
2004-06-07,87.0,13.0
2004-06-08,85.0,17.0
2004-06-09,89.0,14.0
2004-06-10,78.0,18.0
2004-06-11,85.0,12.0
2004-06-12,74.0,22.0
2004-06-13,73.0,17.0
2004-06-14,90.0,9.0
2004-06-15,91.0,21.0
2004-06-16,89.0,19.0
2004-06-17,83.0,18.0
2004-06-18,84.0,20.0
2004-06-19,71.0,22.0
2004-06-20,59.0,20.0
2004-06-21,89.0,19.0
2004-06-22,85.0,18.0
2004-06-23,88.0,15.0
2004-06-24,89.0,19.0
2004-06-25,86.0,18.0
2004-06-26,69.0,19.0
2004-06-27,66.0,18.0
2004-06-28,99.0,16.0
2004-06-29,78.0,13.0
2004-06-30,60.0,10.0
2004-07-01,57.0,9.0
2004-07-02,50.0,11.0
2004-07-03,43.0,13.0
2004-07-04,41.0,13.0
2004-07-05,56.0,12.0
2004-07-06,60.0,9.0
2004-07-07,62.0,9.0
2004-07-08,58.0,9.0
2004-07-09,51.0,11.0
2004-07-10,41.0,10.0
2004-07-11,46.0,10.0
2004-07-12,63.0,11.0
2004-07-13,65.0,9.0
2004-07-14,43.0,14.0
2004-07-15,59.0,10.0
2004-07-16,54.0,10.0
2004-07-17,44.0,12.0
2004-07-18,43.0,12.0
2004-07-19,67.0,11.0
2004-07-20,66.0,9.0
2004-07-21,64.0,10.0
2004-07-22,59.0,11.0
2004-07-23,58.0,10.0
2004-07-24,48.0,10.0
2004-07-25,47.0,11.0
2004-07-26,57.0,17.0
2004-07-27,59.0,11.0
2004-07-28,63.0,12.0
2004-07-29,58.0,9.0
2004-07-30,62.0,10.0
2004-07-31,47.0,12.0
2004-08-01,49.0,13.0
2004-08-02,64.0,8.0
2004-08-03,63.0,9.0
2004-08-04,70.0,8.0
2004-08-05,61.0,9.0
2004-08-06,55.0,11.0
2004-08-07,51.0,8.0
2004-08-08,48.0,11.0
2004-08-09,68.0,9.0
2004-08-10,56.0,11.0
2004-08-11,63.0,11.0
2004-08-12,61.0,12.0
2004-08-13,56.0,14.0
2004-08-14,48.0,12.0
2004-08-15,52.0,14.0
2004-08-16,59.0,11.0
2004-08-17,60.0,12.0
2004-08-18,60.0,13.0
2004-08-19,58.0,18.0
2004-08-20,57.0,14.0
2004-08-21,50.0,12.0
2004-08-22,45.0,13.0
2004-08-23,64.0,10.0
2004-08-24,58.0,12.0
2004-08-25,63.0,12.0
2004-08-26,60.0,11.0
2004-08-27,55.0,12.0
2004-08-28,44.0,12.0
2004-08-29,46.0,12.0
2004-08-30,59.0,10.0
2004-08-31,58.0,10.0
2004-09-01,64.0,10.0
2004-09-02,59.0,10.0
2004-09-03,54.0,12.0
2004-09-04,44.0,13.0
2004-09-05,48.0,11.0
2004-09-06,51.0,13.0
2004-09-07,61.0,11.0
2004-09-08,53.0,11.0
2004-09-09,55.0,12.0
2004-09-10,57.0,10.0
2004-09-11,47.0,11.0
2004-09-12,44.0,9.0
2004-09-13,56.0,9.0
2004-09-14,55.0,11.0
2004-09-15,58.0,11.0
2004-09-16,59.0,10.0
2004-09-17,55.0,10.0
2004-09-18,41.0,10.0
2004-09-19,33.0,12.0
2004-09-20,59.0,9.0
2004-09-21,55.0,9.0
2004-09-22,53.0,12.0
2004-09-23,50.0,12.0
2004-09-24,53.0,12.0
2004-09-25,46.0,12.0
2004-09-26,50.0,11.0
2004-09-27,59.0,11.0
2004-09-28,59.0,12.0
2004-09-29,53.0,11.0
2004-09-30,51.0,11.0
2004-10-01,51.0,11.0
2004-10-02,43.0,11.0
2004-10-03,38.0,11.0
2004-10-04,61.0,10.0
2004-10-05,55.0,13.0
2004-10-06,52.0,9.0
2004-10-07,56.0,11.0
2004-10-08,51.0,11.0
2004-10-09,40.0,12.0
2004-10-10,38.0,12.0
2004-10-11,53.0,10.0
2004-10-12,33.0,11.0
2004-10-13,63.0,12.0
2004-10-14,55.0,14.0
2004-10-15,56.0,18.0
2004-10-16,41.0,19.0
2004-10-17,45.0,14.0
2004-10-18,65.0,12.0
2004-10-19,57.0,13.0
2004-10-20,53.0,12.0
2004-10-21,59.0,11.0
2004-10-22,54.0,12.0
2004-10-23,45.0,14.0
2004-10-24,44.0,10.0
2004-10-25,64.0,9.0
2004-10-26,63.0,10.0
2004-10-27,62.0,10.0
2004-10-28,61.0,11.0
2004-10-29,41.0,11.0
2004-10-30,51.0,14.0
2004-10-31,42.0,11.0
2004-11-01,88.0,10.0
2004-11-02,100.0,11.0
2004-11-03,96.0,9.0
2004-11-04,55.0,11.0
2004-11-05,54.0,10.0
2004-11-06,39.0,11.0
2004-11-07,40.0,12.0
2004-11-08,34.0,8.0
2004-11-09,0.0,0.0
2004-11-10,54.0,11.0
2004-11-11,43.0,13.0
2004-11-12,48.0,10.0
2004-11-13,39.0,12.0
2004-11-14,33.0,10.0
2004-11-15,49.0,11.0
2004-11-16,49.0,10.0
2004-11-17,49.0,10.0
2004-11-18,45.0,11.0
2004-11-19,34.0,11.0
2004-11-20,37.0,9.0
2004-11-21,36.0,13.0
2004-11-22,49.0,11.0
2004-11-23,48.0,12.0
2004-11-24,42.0,12.0
2004-11-25,26.0,14.0
2004-11-26,38.0,11.0
2004-11-27,37.0,12.0
2004-11-28,31.0,12.0
2004-11-29,51.0,10.0
2004-11-30,51.0,11.0
2004-12-01,45.0,12.0
2004-12-02,47.0,12.0
2004-12-03,42.0,11.0
2004-12-04,34.0,11.0
2004-12-05,28.0,12.0
2004-12-06,47.0,11.0
2004-12-07,43.0,9.0
2004-12-08,45.0,11.0
2004-12-09,41.0,12.0
2004-12-10,44.0,11.0
2004-12-11,35.0,12.0
2004-12-12,29.0,11.0
2004-12-13,44.0,11.0
2004-12-14,42.0,12.0
2004-12-15,46.0,12.0
2004-12-16,46.0,11.0
2004-12-17,44.0,13.0
2004-12-18,32.0,12.0
2004-12-19,35.0,9.0
2004-12-20,45.0,11.0
2004-12-21,48.0,12.0
2004-12-22,47.0,12.0
2004-12-23,39.0,10.0
2004-12-24,31.0,9.0
2004-12-25,25.0,13.0
2004-12-26,39.5,15.0
2004-12-27,83.0,15.0
2004-12-28,81.0,17.0
2004-12-29,77.0,19.0
2004-12-30,72.0,21.0
2004-12-31,58.0,16.0
2005-01-01,70.0,19.0
2005-01-02,61.0,22.0
2005-01-03,94.0,37.0
2005-01-04,87.0,26.0
2005-01-05,88.0,24.0
2005-01-06,85.0,20.0
2005-01-07,74.0,22.0
2005-01-08,64.0,21.0
2005-01-09,60.0,19.0
2005-01-10,87.0,18.0
2005-01-11,88.0,17.0
2005-01-12,86.0,19.0
2005-01-13,79.0,20.0
2005-01-14,83.0,19.0
2005-01-15,59.0,17.0
2005-01-16,63.0,17.0
2005-01-17,78.0,19.0
2005-01-18,89.0,18.0
2005-01-19,91.0,20.0
2005-01-20,86.0,16.0
2005-01-21,81.0,18.0
2005-01-22,68.0,17.0
2005-01-23,68.0,19.0
2005-01-24,89.0,20.0
2005-01-25,93.0,19.0
2005-01-26,84.0,25.0
2005-01-27,78.0,19.0
2005-01-28,81.0,19.0
2005-01-29,67.0,20.0
2005-01-30,67.0,18.0
2005-01-31,90.0,17.0
2005-02-01,87.0,18.0
2005-02-02,81.0,20.0
2005-02-03,82.0,21.0
2005-02-04,80.0,18.0
2005-02-05,64.0,18.0
2005-02-06,62.0,14.0
2005-02-07,87.0,18.0
2005-02-08,80.0,19.0
2005-02-09,77.0,21.0
2005-02-10,82.0,24.0
2005-02-11,78.0,24.0
2005-02-12,71.0,24.0
2005-02-13,61.0,20.0
2005-02-14,80.0,21.0
2005-02-15,80.0,20.0
2005-02-16,80.0,22.0
2005-02-17,77.0,24.0
2005-02-18,78.0,22.0
2005-02-19,66.0,20.0
2005-02-20,69.0,22.0
2005-02-21,83.0,20.0
2005-02-22,88.0,21.0
2005-02-23,89.0,21.0
2005-02-24,81.0,22.0
2005-02-25,95.0,22.0
2005-02-26,61.0,24.0
2005-02-27,68.0,25.0
2005-02-28,92.0,20.0
2005-03-01,92.0,17.0
2005-03-02,86.0,21.0
2005-03-03,83.0,19.0
2005-03-04,83.0,20.0
2005-03-05,66.0,24.0
2005-03-06,65.0,23.0
2005-03-07,93.0,21.0
2005-03-08,92.0,25.0
2005-03-09,86.0,24.0
2005-03-10,83.0,21.0
2005-03-11,78.0,21.0
2005-03-12,68.0,26.0
2005-03-13,69.0,22.0
2005-03-14,86.0,20.0
2005-03-15,81.0,21.0
2005-03-16,84.0,22.0
2005-03-17,85.0,24.0
2005-03-18,83.0,22.0
2005-03-19,69.0,25.0
2005-03-20,68.0,21.0
2005-03-21,94.0,22.0
2005-03-22,85.0,26.0
2005-03-23,86.0,22.0
2005-03-24,79.0,22.0
2005-03-25,78.0,20.0
2005-03-26,64.0,22.0
2005-03-27,62.0,24.0
2005-03-28,85.0,18.0
2005-03-29,85.0,21.0
2005-03-30,90.0,21.0
2005-03-31,87.0,24.0
2005-04-01,76.0,31.0
2005-04-02,64.0,27.0
2005-04-03,67.0,20.0
2005-04-04,63.0,22.0
2005-04-05,0.0,0.0
2005-04-06,98.0,41.0
2005-04-07,86.0,38.0
2005-04-08,84.0,46.0
2005-04-09,70.0,35.0
2005-04-10,62.0,30.0
2005-04-11,93.0,29.0
2005-04-12,97.0,29.0
2005-04-13,84.0,31.0
2005-04-14,91.0,30.0
2005-04-15,90.0,34.0
2005-04-16,71.0,36.0
2005-04-17,65.0,32.0
2005-04-18,94.0,29.0
2005-04-19,82.0,30.0
2005-04-20,88.0,28.0
2005-04-21,89.0,32.0
2005-04-22,88.0,34.0
2005-04-23,71.0,34.0
2005-04-24,62.0,29.0
2005-04-25,87.0,28.0
2005-04-26,86.0,28.0
2005-04-27,89.0,30.0
2005-04-28,87.0,31.0
2005-04-29,85.0,31.0
2005-04-30,63.0,32.0
2005-05-01,66.0,28.0
2005-05-02,88.0,28.0
2005-05-03,84.0,30.0
2005-05-04,89.0,27.0
2005-05-05,88.0,36.0
2005-05-06,80.0,35.0
2005-05-07,69.0,33.0
2005-05-08,56.0,34.0
2005-05-09,89.0,25.0
2005-05-10,88.0,27.0
2005-05-11,90.0,28.0
2005-05-12,87.0,28.0
2005-05-13,86.0,26.0
2005-05-14,70.0,31.0
2005-05-15,73.0,25.0
2005-05-16,91.0,24.0
2005-05-17,96.0,26.0
2005-05-18,95.0,29.0
2005-05-19,87.0,27.0
2005-05-20,84.0,30.0
2005-05-21,70.0,34.0
2005-05-22,66.0,28.0
2005-05-23,91.0,26.0
2005-05-24,92.0,29.0
2005-05-25,87.0,27.0
2005-05-26,87.0,26.0
2005-05-27,83.0,29.0
2005-05-28,67.0,32.0
2005-05-29,62.0,28.0
2005-05-30,75.0,25.0
2005-05-31,97.0,25.0
2005-06-01,98.0,24.0
2005-06-02,91.0,27.0
2005-06-03,86.0,27.0
2005-06-04,68.0,30.0
2005-06-05,69.0,24.0
2005-06-06,94.0,27.0
2005-06-07,93.0,27.0
2005-06-08,86.0,30.0
2005-06-09,95.0,29.0
2005-06-10,89.0,29.0
2005-06-11,68.0,29.0
2005-06-12,70.0,30.0
2005-06-13,95.0,25.0
2005-06-14,100.0,29.0
2005-06-15,92.0,27.0
2005-06-16,94.0,26.0
2005-06-17,88.0,28.0
2005-06-18,66.0,31.0
2005-06-19,67.0,22.0
2005-06-20,92.0,25.0
2005-06-21,94.0,26.0
2005-06-22,100.0,26.0
2005-06-23,94.0,28.0
2005-06-24,84.0,24.5
2005-06-25,63.0,25.0
2005-06-26,66.0,25.0
2005-06-27,97.0,25.0
2005-06-28,88.0,30.0
2005-06-29,86.0,36.0
2005-06-30,87.0,37.0
2005-07-01,75.0,33.0
2005-07-02,70.0,34.0
2005-07-03,68.0,36.0
2005-07-04,80.0,36.0
2005-07-05,96.0,32.0
2005-07-06,83.0,28.0
2005-07-07,93.0,35.0
2005-07-08,86.0,34.0
2005-07-09,67.0,41.0
2005-07-10,68.0,39.0
2005-07-11,99.0,29.0
2005-07-12,94.0,30.0
2005-07-13,87.0,38.0
2005-07-14,86.0,35.0
2005-07-15,83.0,35.0
2005-07-16,66.0,39.0
2005-07-17,67.0,37.0
2005-07-18,94.0,33.0
2005-07-19,88.0,33.0
2005-07-20,92.0,37.0
2005-07-21,90.0,37.0
2005-07-22,83.0,37.0
2005-07-23,69.0,41.0
2005-07-24,71.0,39.0
2005-07-25,91.0,32.0
2005-07-26,90.0,36.0
2005-07-27,92.0,32.0
2005-07-28,88.0,34.0
2005-07-29,89.0,35.0
2005-07-30,71.0,37.0
2005-07-31,70.0,33.0
2005-08-01,98.0,31.0
2005-08-02,89.0,31.0
2005-08-03,89.0,33.0
2005-08-04,90.0,30.0
2005-08-05,89.0,38.0
2005-08-06,75.0,40.0
2005-08-07,69.0,37.0
2005-08-08,93.0,34.0
2005-08-09,95.0,34.0
2005-08-10,87.0,33.0
2005-08-11,88.0,40.0
2005-08-12,85.0,40.0
2005-08-13,66.0,39.0
2005-08-14,67.0,39.0
2005-08-15,90.0,32.0
2005-08-16,92.0,31.0
2005-08-17,90.0,34.0
2005-08-18,93.0,34.0
2005-08-19,90.0,37.0
2005-08-20,65.0,36.0
2005-08-21,70.0,34.0
2005-08-22,91.0,41.0
2005-08-23,89.0,42.0
2005-08-24,65.0,61.0
2005-08-25,90.0,48.0
2005-08-26,85.0,46.0
2005-08-27,61.0,49.0
2005-08-28,62.0,46.0
2005-08-29,89.0,40.0
2005-08-30,83.0,40.0
2005-08-31,84.0,46.0
2005-09-01,77.0,46.0
2005-09-02,78.0,49.0
2005-09-03,57.0,51.0
2005-09-04,58.0,43.0
2005-09-05,67.0,51.0
2005-09-06,90.0,40.0
2005-09-07,79.0,39.0
2005-09-08,81.0,41.0
2005-09-09,78.0,39.0
2005-09-10,68.0,46.0
2005-09-11,63.0,43.0
2005-09-12,83.0,39.0
2005-09-13,83.0,41.0
2005-09-14,84.0,43.0
2005-09-15,79.0,37.0
2005-09-16,75.0,43.0
2005-09-17,56.0,45.0
2005-09-18,58.0,41.0
2005-09-19,83.0,36.0
2005-09-20,90.0,40.0
2005-09-21,81.0,44.0
2005-09-22,78.0,46.0
2005-09-23,78.0,45.0
2005-09-24,59.0,49.0
2005-09-25,61.0,44.0
2005-09-26,86.0,38.0
2005-09-27,77.0,47.0
2005-09-28,83.0,44.0
2005-09-29,80.0,42.0
2005-09-30,75.0,40.0
2005-10-01,58.0,45.0
2005-10-02,56.0,37.0
2005-10-03,82.0,39.0
2005-10-04,80.0,38.0
2005-10-05,82.0,42.0
2005-10-06,74.0,42.0
2005-10-07,73.0,39.0
2005-10-08,60.0,39.0
2005-10-09,55.0,37.0
2005-10-10,74.0,35.0
2005-10-11,78.0,37.0
2005-10-12,79.0,44.0
2005-10-13,76.0,35.0
2005-10-14,71.0,36.0
2005-10-15,57.0,39.0
2005-10-16,60.0,44.0
2005-10-17,77.0,37.0
2005-10-18,78.0,40.0
2005-10-19,79.0,37.0
2005-10-20,70.0,40.0
2005-10-21,75.0,41.0
2005-10-22,59.0,40.0
2005-10-23,63.0,37.0
2005-10-24,79.0,35.0
2005-10-25,75.0,39.0
2005-10-26,78.0,39.0
2005-10-27,72.0,38.0
2005-10-28,74.0,39.0
2005-10-29,59.0,37.0
2005-10-30,57.0,38.0
2005-10-31,75.0,37.0
2005-11-01,78.0,34.0
2005-11-02,76.0,36.0
2005-11-03,76.0,39.0
2005-11-04,76.0,42.0
2005-11-05,55.0,42.0
2005-11-06,55.0,38.0
2005-11-07,84.0,36.0
2005-11-08,92.0,37.0
2005-11-09,100.0,29.0
2005-11-10,83.0,36.0
2005-11-11,66.0,37.0
2005-11-12,55.0,43.0
2005-11-13,57.0,36.0
2005-11-14,77.0,36.0
2005-11-15,74.0,38.0
2005-11-16,66.0,40.0
2005-11-17,68.0,40.0
2005-11-18,70.0,38.0
2005-11-19,47.0,38.0
2005-11-20,49.0,38.0
2005-11-21,72.0,36.0
2005-11-22,67.0,36.0
2005-11-23,67.0,40.0
2005-11-24,41.0,48.0
2005-11-25,49.0,39.0
2005-11-26,45.0,44.0
2005-11-27,48.0,36.0
2005-11-28,74.0,35.0
2005-11-29,68.0,40.0
2005-11-30,67.0,39.0
2005-12-01,67.0,39.0
2005-12-02,62.0,41.0
2005-12-03,48.0,41.0
2005-12-04,44.0,36.0
2005-12-05,76.0,34.0
2005-12-06,77.0,36.0
2005-12-07,64.0,35.0
2005-12-08,65.0,34.0
2005-12-09,70.0,43.0
2005-12-10,47.0,39.0
2005-12-11,41.0,37.0
2005-12-12,71.0,32.0
2005-12-13,67.0,36.0
2005-12-14,64.0,38.0
2005-12-15,73.0,42.0
2005-12-16,67.0,40.0
2005-12-17,44.0,45.0
2005-12-18,43.0,41.0
2005-12-19,67.0,35.0
2005-12-20,67.0,44.0
2005-12-21,68.0,43.5
2005-12-22,68.0,48.0
2005-12-23,58.0,46.0
2005-12-24,44.0,43.0
2005-12-25,40.0,48.0
2005-12-26,55.0,45.0
2005-12-27,79.0,38.0
2005-12-28,85.0,37.0
2005-12-29,82.0,40.0
2005-12-30,79.0,40.0
2005-12-31,58.0,43.0
2006-01-01,63.0,47.0
2006-01-02,70.0,42.0
2006-01-03,95.0,40.0
2006-01-04,87.0,43.0
2006-01-05,83.0,43.0
2006-01-06,82.0,48.0
2006-01-07,64.0,58.0
2006-01-08,60.0,49.0
2006-01-09,82.0,43.0
2006-01-10,84.0,46.0
2006-01-11,82.0,46.0
2006-01-12,83.0,45.0
2006-01-13,85.0,50.0
2006-01-14,60.0,48.0
2006-01-15,59.0,50.0
2006-01-16,75.0,40.0
2006-01-17,82.0,43.0
2006-01-18,87.0,46.0
2006-01-19,83.0,44.0
2006-01-20,80.0,47.0
2006-01-21,60.0,56.0
2006-01-22,61.0,49.0
2006-01-23,88.0,42.0
2006-01-24,84.0,44.0
2006-01-25,85.0,46.0
2006-01-26,86.0,50.0
2006-01-27,77.0,54.0
2006-01-28,64.0,56.0
2006-01-29,60.0,50.0
2006-01-30,81.0,43.0
2006-01-31,83.0,45.0
2006-02-01,84.0,46.0
2006-02-02,81.0,42.0
2006-02-03,82.0,45.0
2006-02-04,63.0,47.0
2006-02-05,62.0,46.0
2006-02-06,82.0,42.0
2006-02-07,84.0,48.0
2006-02-08,84.0,44.0
2006-02-09,84.0,46.0
2006-02-10,79.0,49.0
2006-02-11,64.0,52.0
2006-02-12,72.0,46.0
2006-02-13,88.0,43.0
2006-02-14,76.0,42.0
2006-02-15,82.0,48.0
2006-02-16,79.0,44.0
2006-02-17,80.0,48.0
2006-02-18,60.0,51.0
2006-02-19,61.0,47.0
2006-02-20,81.0,41.0
2006-02-21,87.0,40.0
2006-02-22,84.0,42.0
2006-02-23,84.0,43.0
2006-02-24,76.0,47.0
2006-02-25,68.0,52.0
2006-02-26,58.0,49.0
2006-02-27,88.0,45.0
2006-02-28,86.0,44.0
2006-03-01,90.0,46.0
2006-03-02,85.0,42.0
2006-03-03,78.0,48.0
2006-03-04,69.0,47.0
2006-03-05,60.0,48.0
2006-03-06,84.0,42.0
2006-03-07,84.0,40.0
2006-03-08,86.0,43.0
2006-03-09,85.0,43.0
2006-03-10,83.0,47.0
2006-03-11,62.0,53.0
2006-03-12,63.0,50.0
2006-03-13,86.0,43.0
2006-03-14,86.0,54.0
2006-03-15,82.0,48.0
2006-03-16,80.0,46.0
2006-03-17,80.0,50.0
2006-03-18,62.0,51.0
2006-03-19,58.0,43.0
2006-03-20,90.0,41.0
2006-03-21,86.0,47.0
2006-03-22,86.0,43.0
2006-03-23,92.0,46.0
2006-03-24,82.0,47.0
2006-03-25,62.0,49.0
2006-03-26,62.0,46.0
2006-03-27,87.0,41.0
2006-03-28,83.0,44.0
2006-03-29,87.0,46.0
2006-03-30,86.0,45.0
2006-03-31,87.0,48.0
2006-04-01,66.0,47.0
2006-04-02,59.0,46.0
2006-04-03,88.0,43.0
2006-04-04,83.0,44.0
2006-04-05,85.0,47.0
2006-04-06,84.0,46.0
2006-04-07,81.0,47.0
2006-04-08,64.0,50.0
2006-04-09,62.0,53.0
2006-04-10,94.0,42.0
2006-04-11,88.0,44.0
2006-04-12,85.0,42.0
2006-04-13,82.0,47.0
2006-04-14,81.0,51.0
2006-04-15,66.0,54.0
2006-04-16,61.0,47.0
2006-04-17,91.0,42.0
2006-04-18,91.0,45.0
2006-04-19,84.0,43.0
2006-04-20,83.0,45.0
2006-04-21,80.0,45.0
2006-04-22,65.0,47.0
2006-04-23,64.0,44.0
2006-04-24,88.0,39.0
2006-04-25,87.0,46.0
2006-04-26,84.0,43.0
2006-04-27,87.0,49.0
2006-04-28,81.0,51.0
2006-04-29,62.0,50.0
2006-04-30,65.0,44.0
2006-05-01,88.0,42.0
2006-05-02,89.0,44.0
2006-05-03,95.0,45.0
2006-05-04,84.0,45.0
2006-05-05,79.0,45.0
2006-05-06,66.0,51.0
2006-05-07,66.0,43.0
2006-05-08,90.0,43.0
2006-05-09,85.0,42.0
2006-05-10,88.0,49.0
2006-05-11,79.0,48.0
2006-05-12,78.0,45.0
2006-05-13,63.0,46.0
2006-05-14,55.0,47.0
2006-05-15,89.0,43.0
2006-05-16,91.0,48.0
2006-05-17,98.0,48.0
2006-05-18,86.0,43.0
2006-05-19,80.0,46.0
2006-05-20,66.0,47.0
2006-05-21,62.0,41.0
2006-05-22,96.0,41.0
2006-05-23,91.0,45.0
2006-05-24,91.0,44.0
2006-05-25,79.0,40.0
2006-05-26,83.0,44.0
2006-05-27,70.0,48.0
2006-05-28,59.0,44.0
2006-05-29,65.0,42.0
2006-05-30,100.0,39.0
2006-05-31,93.0,38.0
2006-06-01,90.0,44.0
2006-06-02,79.0,43.0
2006-06-03,64.0,48.0
2006-06-04,66.0,49.0
2006-06-05,96.0,39.0
2006-06-06,94.0,52.0
2006-06-07,100.0,43.0
2006-06-08,91.0,42.0
2006-06-09,82.0,45.0
2006-06-10,60.0,53.0
2006-06-11,62.0,45.0
2006-06-12,92.0,40.0
2006-06-13,93.0,45.0
2006-06-14,90.0,44.0
2006-06-15,88.0,45.0
2006-06-16,87.0,45.0
2006-06-17,60.0,51.0
2006-06-18,62.0,44.0
2006-06-19,79.5,34.5
2006-06-20,59.0,24.0
2006-06-21,57.0,27.0
2006-06-22,61.0,28.0
2006-06-23,53.0,26.0
2006-06-24,45.0,31.0
2006-06-25,40.0,29.0
2006-06-26,60.0,26.0
2006-06-27,61.0,25.0
2006-06-28,59.0,27.0
2006-06-29,55.0,28.0
2006-06-30,57.0,26.0
2006-07-01,44.0,29.0
2006-07-02,45.0,30.0
2006-07-03,62.0,27.0
2006-07-04,50.0,27.0
2006-07-05,62.0,22.0
2006-07-06,58.0,25.0
2006-07-07,58.0,27.0
2006-07-08,44.0,28.0
2006-07-09,41.0,28.0
2006-07-10,66.0,24.0
2006-07-11,63.0,27.0
2006-07-12,62.0,25.0
2006-07-13,58.0,26.0
2006-07-14,54.0,26.0
2006-07-15,43.0,30.0
2006-07-16,45.0,28.0
2006-07-17,63.0,24.0
2006-07-18,64.0,26.0
2006-07-19,61.0,25.0
2006-07-20,60.0,25.0
2006-07-21,57.0,27.0
2006-07-22,44.0,30.0
2006-07-23,46.0,30.0
2006-07-24,61.0,25.0
2006-07-25,62.0,26.0
2006-07-26,61.0,26.0
2006-07-27,58.0,29.0
2006-07-28,55.0,28.0
2006-07-29,44.0,30.0
2006-07-30,49.0,28.0
2006-07-31,65.0,24.0
2006-08-01,61.0,24.0
2006-08-02,60.0,27.0
2006-08-03,62.0,27.0
2006-08-04,61.0,28.0
2006-08-05,49.0,28.0
2006-08-06,47.0,29.0
2006-08-07,67.0,24.0
2006-08-08,65.0,27.0
2006-08-09,67.0,27.0
2006-08-10,60.0,23.0
2006-08-11,58.0,23.0
2006-08-12,47.0,26.0
2006-08-13,45.0,27.0
2006-08-14,65.0,23.0
2006-08-15,66.0,25.0
2006-08-16,61.0,25.0
2006-08-17,60.0,25.0
2006-08-18,56.0,24.0
2006-08-19,46.0,29.0
2006-08-20,45.0,31.0
2006-08-21,66.0,22.0
2006-08-22,60.0,24.0
2006-08-23,61.0,25.0
2006-08-24,54.0,24.0
2006-08-25,55.0,24.0
2006-08-26,45.0,27.0
2006-08-27,44.0,25.0
2006-08-28,59.0,27.0
2006-08-29,61.0,25.0
2006-08-30,57.0,25.0
2006-08-31,57.0,25.0
2006-09-01,58.0,26.0
2006-09-02,38.0,28.0
2006-09-03,40.0,25.0
2006-09-04,41.0,25.0
2006-09-05,62.0,24.0
2006-09-06,60.0,27.0
2006-09-07,57.0,25.0
2006-09-08,57.0,27.0
2006-09-09,41.0,27.0
2006-09-10,37.0,26.0
2006-09-11,56.0,23.0
2006-09-12,57.0,27.0
2006-09-13,57.0,26.0
2006-09-14,54.0,25.0
2006-09-15,52.0,26.0
2006-09-16,42.0,28.0
2006-09-17,39.0,27.0
2006-09-18,53.0,25.0
2006-09-19,57.0,25.0
2006-09-20,52.0,25.0
2006-09-21,54.0,27.0
2006-09-22,53.0,26.0
2006-09-23,39.0,30.0
2006-09-24,38.0,25.0
2006-09-25,55.0,24.0
2006-09-26,54.0,26.0
2006-09-27,55.0,29.0
2006-09-28,53.0,29.0
2006-09-29,54.0,28.0
2006-09-30,39.0,29.0
2006-10-01,40.0,28.0
2006-10-02,56.0,27.0
2006-10-03,55.0,26.0
2006-10-04,54.0,27.0
2006-10-05,56.0,27.0
2006-10-06,53.0,30.0
2006-10-07,40.0,30.0
2006-10-08,40.0,29.0
2006-10-09,54.0,26.0
2006-10-10,54.0,28.0
2006-10-11,56.0,29.0
2006-10-12,54.0,29.0
2006-10-13,53.0,30.0
2006-10-14,39.0,28.0
2006-10-15,37.0,29.0
2006-10-16,56.0,24.0
2006-10-17,54.0,27.0
2006-10-18,53.0,27.0
2006-10-19,51.0,29.0
2006-10-20,49.0,28.0
2006-10-21,40.0,29.0
2006-10-22,39.0,26.0
2006-10-23,58.0,27.0
2006-10-24,55.0,28.0
2006-10-25,52.0,27.0
2006-10-26,53.0,26.0
2006-10-27,54.0,31.0
2006-10-28,42.0,29.0
2006-10-29,36.0,28.0
2006-10-30,59.0,27.0
2006-10-31,58.0,28.0
2006-11-01,61.0,28.0
2006-11-02,55.0,28.0
2006-11-03,54.0,28.0
2006-11-04,44.0,27.0
2006-11-05,38.0,27.0
2006-11-06,72.0,27.0
2006-11-07,92.0,27.0
2006-11-08,100.0,24.0
2006-11-09,58.0,27.0
2006-11-10,46.0,27.0
2006-11-11,35.0,28.0
2006-11-12,35.0,26.0
2006-11-13,54.0,26.0
2006-11-14,51.0,28.0
2006-11-15,51.0,27.0
2006-11-16,50.0,29.0
2006-11-17,44.0,29.0
2006-11-18,38.0,28.0
2006-11-19,34.0,29.0
2006-11-20,48.0,24.0
2006-11-21,47.0,27.0
2006-11-22,41.0,30.0
2006-11-23,28.0,33.0
2006-11-24,33.0,29.0
2006-11-25,34.0,27.0
2006-11-26,34.0,29.0
2006-11-27,52.0,25.0
2006-11-28,50.0,28.0
2006-11-29,50.0,27.0
2006-11-30,46.0,29.0
2006-12-01,44.0,26.0
2006-12-02,34.0,27.0
2006-12-03,29.0,26.0
2006-12-04,48.0,27.0
2006-12-05,47.0,28.0
2006-12-06,49.0,27.0
2006-12-07,43.0,29.0
2006-12-08,43.0,28.0
2006-12-09,35.0,28.0
2006-12-10,30.0,28.0
2006-12-11,44.0,25.0
2006-12-12,44.0,27.0
2006-12-13,46.0,29.0
2006-12-14,46.0,27.0
2006-12-15,44.0,28.0
2006-12-16,38.0,38.0
2006-12-17,45.0,40.0
2006-12-18,73.0,38.0
2006-12-19,72.0,43.0
2006-12-20,73.0,44.0
2006-12-21,65.0,47.0
2006-12-22,58.0,46.0
2006-12-23,42.0,43.0
2006-12-24,41.0,49.0
2006-12-25,35.0,50.0
2006-12-26,71.0,40.0
2006-12-27,77.0,41.0
2006-12-28,81.0,40.0
2006-12-29,69.0,40.0
2006-12-30,59.0,44.0
2006-12-31,48.0,45.0
2007-01-01,60.0,47.0
2007-01-02,89.0,44.0
2007-01-03,86.0,42.0
2007-01-04,86.0,43.0
2007-01-05,80.0,42.0
2007-01-06,63.0,45.0
2007-01-07,58.0,41.0
2007-01-08,85.0,43.0
2007-01-09,87.0,45.0
2007-01-10,83.0,44.0
2007-01-11,81.0,43.0
2007-01-12,78.0,45.0
2007-01-13,58.0,48.0
2007-01-14,56.0,47.0
2007-01-15,72.0,39.0
2007-01-16,84.0,42.0
2007-01-17,86.0,41.0
2007-01-18,86.0,48.0
2007-01-19,81.0,46.0
2007-01-20,57.0,50.0
2007-01-21,58.0,46.0
2007-01-22,100.0,46.0
2007-01-23,82.0,45.0
2007-01-24,82.0,45.0
2007-01-25,81.0,47.0
2007-01-26,82.0,45.0
2007-01-27,62.0,51.0
2007-01-28,61.0,46.0
2007-01-29,85.0,43.0
2007-01-30,80.0,44.0
2007-01-31,82.0,45.0
2007-02-01,87.0,47.0
2007-02-02,85.0,46.0
2007-02-03,62.0,50.0
2007-02-04,52.0,48.0
2007-02-05,83.0,44.0
2007-02-06,82.0,44.0
2007-02-07,84.0,42.0
2007-02-08,81.0,47.0
2007-02-09,79.0,48.0
2007-02-10,61.0,45.0
2007-02-11,57.0,44.0
2007-02-12,80.0,43.0
2007-02-13,95.0,43.0
2007-02-14,91.0,44.0
2007-02-15,91.0,46.0
2007-02-16,80.0,43.0
2007-02-17,62.0,48.0
2007-02-18,62.0,48.0
2007-02-19,84.0,42.0
2007-02-20,84.0,42.0
2007-02-21,79.0,43.0
2007-02-22,80.0,46.0
2007-02-23,76.0,47.0
2007-02-24,64.0,49.0
2007-02-25,68.0,46.0
2007-02-26,92.0,45.0
2007-02-27,80.0,46.0
2007-02-28,79.0,46.0
2007-03-01,82.0,46.0
2007-03-02,76.0,46.0
2007-03-03,60.0,45.0
2007-03-04,62.0,44.0
2007-03-05,85.0,45.0
2007-03-06,86.0,44.0
2007-03-07,88.0,47.0
2007-03-08,78.0,46.0
2007-03-09,80.0,48.0
2007-03-10,58.0,49.0
2007-03-11,64.0,46.0
2007-03-12,86.0,43.0
2007-03-13,86.0,47.0
2007-03-14,84.0,47.0
2007-03-15,77.0,44.0
2007-03-16,81.0,45.0
2007-03-17,63.0,44.0
2007-03-18,61.0,45.0
2007-03-19,84.0,42.0
2007-03-20,83.0,43.0
2007-03-21,86.0,45.0
2007-03-22,83.0,44.0
2007-03-23,83.0,47.0
2007-03-24,62.0,47.0
2007-03-25,60.0,45.0
2007-03-26,87.0,43.0
2007-03-27,87.0,46.0
2007-03-28,84.0,43.0
2007-03-29,83.0,47.0
2007-03-30,83.0,47.0
2007-03-31,63.0,50.0
2007-04-01,58.0,50.0
2007-04-02,85.0,52.0
2007-04-03,84.0,47.0
2007-04-04,82.0,49.0
2007-04-05,78.0,45.0
2007-04-06,77.0,46.0
2007-04-07,63.0,46.0
2007-04-08,55.0,46.0
2007-04-09,85.0,45.0
2007-04-10,91.0,51.0
2007-04-11,85.0,52.0
2007-04-12,82.0,52.0
2007-04-13,76.0,49.0
2007-04-14,62.0,50.0
2007-04-15,61.0,48.0
2007-04-16,87.0,45.0
2007-04-17,81.0,47.0
2007-04-18,84.0,48.0
2007-04-19,84.0,49.0
2007-04-20,78.0,48.0
2007-04-21,62.0,50.0
2007-04-22,59.0,48.0
2007-04-23,85.0,47.0
2007-04-24,86.0,47.0
2007-04-25,79.0,48.0
2007-04-26,81.0,48.0
2007-04-27,81.0,49.0
2007-04-28,63.0,49.0
2007-04-29,58.0,41.0
2007-04-30,85.0,44.0
2007-05-01,87.0,48.0
2007-05-02,86.0,48.0
2007-05-03,84.0,49.0
2007-05-04,79.0,51.0
2007-05-05,58.0,52.0
2007-05-06,60.0,44.0
2007-05-07,89.0,46.0
2007-05-08,85.0,51.0
2007-05-09,87.0,46.0
2007-05-10,86.0,50.0
2007-05-11,80.0,52.0
2007-05-12,61.0,52.0
2007-05-13,54.0,54.0
2007-05-14,93.0,44.0
2007-05-15,86.0,46.0
2007-05-16,87.0,48.0
2007-05-17,84.0,53.0
2007-05-18,81.0,57.0
2007-05-19,64.0,54.0
2007-05-20,58.0,55.0
2007-05-21,91.0,49.0
2007-05-22,88.0,52.0
2007-05-23,87.0,52.0
2007-05-24,84.0,53.0
2007-05-25,80.0,53.0
2007-05-26,61.0,49.0
2007-05-27,63.0,56.0
2007-05-28,63.0,51.0
2007-05-29,94.0,49.0
2007-05-30,89.0,54.0
2007-05-31,84.0,56.0
2007-06-01,82.0,62.0
2007-06-02,61.0,66.0
2007-06-03,58.0,60.0
2007-06-04,90.0,53.0
2007-06-05,93.0,53.0
2007-06-06,87.0,55.0
2007-06-07,88.0,57.0
2007-06-08,79.0,55.0
2007-06-09,61.0,57.0
2007-06-10,63.0,53.0
2007-06-11,92.0,52.0
2007-06-12,91.0,54.0
2007-06-13,86.0,51.0
2007-06-14,84.0,49.0
2007-06-15,79.0,49.0
2007-06-16,65.0,54.0
2007-06-17,58.0,47.0
2007-06-18,91.0,46.0
2007-06-19,87.0,51.0
2007-06-20,91.0,49.0
2007-06-21,83.0,51.0
2007-06-22,82.0,48.0
2007-06-23,66.0,54.0
2007-06-24,62.0,54.0
2007-06-25,92.0,47.0
2007-06-26,85.0,48.0
2007-06-27,86.0,49.0
2007-06-28,85.0,50.0
2007-06-29,84.0,49.0
2007-06-30,64.0,56.0
2007-07-01,64.0,51.0
2007-07-02,90.0,49.0
2007-07-03,91.0,46.0
2007-07-04,71.0,51.0
2007-07-05,92.0,48.0
2007-07-06,85.0,50.0
2007-07-07,62.0,57.0
2007-07-08,63.0,50.0
2007-07-09,97.0,57.0
2007-07-10,93.0,55.0
2007-07-11,92.0,57.0
2007-07-12,84.0,55.0
2007-07-13,86.0,49.0
2007-07-14,68.0,56.0
2007-07-15,64.0,54.0
2007-07-16,98.0,46.0
2007-07-17,94.0,46.0
2007-07-18,90.0,49.0
2007-07-19,88.0,49.0
2007-07-20,89.0,53.0
2007-07-21,73.0,53.0
2007-07-22,67.0,52.0
2007-07-23,95.0,49.0
2007-07-24,97.0,48.0
2007-07-25,95.0,46.0
2007-07-26,89.0,49.0
2007-07-27,92.0,49.0
2007-07-28,72.0,53.0
2007-07-29,68.0,50.0
2007-07-30,94.0,45.0
2007-07-31,89.0,45.0
2007-08-01,97.0,50.0
2007-08-02,91.0,51.0
2007-08-03,86.0,51.0
2007-08-04,70.0,49.0
2007-08-05,68.0,50.0
2007-08-06,93.0,47.0
2007-08-07,92.0,46.0
2007-08-08,96.0,50.0
2007-08-09,92.0,51.0
2007-08-10,87.0,45.0
2007-08-11,69.0,53.0
2007-08-12,64.0,48.0
2007-08-13,94.0,48.0
2007-08-14,93.0,49.0
2007-08-15,94.0,51.0
2007-08-16,89.0,52.0
2007-08-17,87.0,50.0
2007-08-18,70.0,53.0
2007-08-19,67.0,51.0
2007-08-20,91.0,48.0
2007-08-21,90.0,49.0
2007-08-22,90.0,56.0
2007-08-23,88.0,63.0
2007-08-24,83.0,57.0
2007-08-25,66.0,57.0
2007-08-26,66.0,56.0
2007-08-27,94.0,51.0
2007-08-28,88.0,51.0
2007-08-29,87.0,51.0
2007-08-30,85.0,53.0
2007-08-31,81.0,53.0
2007-09-01,64.0,54.0
2007-09-02,62.0,55.0
2007-09-03,62.0,50.0
2007-09-04,89.0,50.0
2007-09-05,89.0,51.0
2007-09-06,90.0,52.0
2007-09-07,83.0,52.0
2007-09-08,62.0,57.0
2007-09-09,54.0,50.0
2007-09-10,87.0,50.0
2007-09-11,81.0,52.0
2007-09-12,87.0,53.0
2007-09-13,81.0,57.0
2007-09-14,80.0,58.0
2007-09-15,59.0,55.0
2007-09-16,56.0,53.0
2007-09-17,85.0,51.0
2007-09-18,85.0,50.0
2007-09-19,83.0,54.0
2007-09-20,81.0,54.0
2007-09-21,79.0,55.0
2007-09-22,61.0,58.0
2007-09-23,53.0,53.0
2007-09-24,88.0,51.0
2007-09-25,84.0,54.0
2007-09-26,80.0,53.0
2007-09-27,79.0,62.0
2007-09-28,75.0,58.0
2007-09-29,57.0,55.0
2007-09-30,57.0,54.0
2007-10-01,82.0,51.0
2007-10-02,82.0,51.0
2007-10-03,82.0,51.0
2007-10-04,77.0,57.0
2007-10-05,78.0,56.0
2007-10-06,61.0,58.0
2007-10-07,57.0,49.0
2007-10-08,81.0,52.0
2007-10-09,79.0,52.0
2007-10-10,81.0,60.0
2007-10-11,82.0,57.0
2007-10-12,76.0,58.0
2007-10-13,58.0,58.0
2007-10-14,53.0,49.0
2007-10-15,84.0,53.0
2007-10-16,78.0,51.0
2007-10-17,80.0,52.0
2007-10-18,79.0,56.0
2007-10-19,76.0,54.0
2007-10-20,60.0,54.0
2007-10-21,57.0,56.0
2007-10-22,93.0,52.0
2007-10-23,92.0,58.0
2007-10-24,82.0,59.0
2007-10-25,78.0,57.0
2007-10-26,75.0,58.0
2007-10-27,57.0,58.0
2007-10-28,54.0,53.0
2007-10-29,82.0,51.0
2007-10-30,79.0,54.0
2007-10-31,78.0,59.0
2007-11-01,80.0,57.0
2007-11-02,76.0,57.0
2007-11-03,54.0,54.0
2007-11-04,56.0,54.0
2007-11-05,83.0,56.0
2007-11-06,91.0,57.0
2007-11-07,100.0,55.0
2007-11-08,82.0,57.0
2007-11-09,74.0,55.0
2007-11-10,54.0,56.0
2007-11-11,51.0,52.0
2007-11-12,72.0,52.0
2007-11-13,76.0,53.0
2007-11-14,80.0,53.0
2007-11-15,71.0,56.0
2007-11-16,71.0,53.0
2007-11-17,54.0,53.0
2007-11-18,52.0,54.0
2007-11-19,73.0,51.0
2007-11-20,69.0,54.0
2007-11-21,64.0,54.0
2007-11-22,38.0,56.0
2007-11-23,48.0,52.0
2007-11-24,48.0,52.0
2007-11-25,48.0,55.0
2007-11-26,75.0,50.0
2007-11-27,76.0,56.0
2007-11-28,72.0,55.0
2007-11-29,67.0,59.0
2007-11-30,69.0,56.0
2007-12-01,47.0,59.0
2007-12-02,43.0,51.0
2007-12-03,73.0,56.0
2007-12-04,74.0,54.0
2007-12-05,81.0,54.0
2007-12-06,74.0,55.0
2007-12-07,67.0,58.0
2007-12-08,52.0,58.0
2007-12-09,45.0,54.0
2007-12-10,71.0,50.0
2007-12-11,75.0,54.5
2007-12-12,75.0,58.0
2007-12-13,74.0,61.0
2007-12-14,70.0,60.0
2007-12-15,56.0,61.0
2007-12-16,51.0,57.0
2007-12-17,76.0,58.0
2007-12-18,76.0,59.0
2007-12-19,74.0,59.0
2007-12-20,71.0,59.0
2007-12-21,67.0,61.0
2007-12-22,54.0,64.0
2007-12-23,48.0,61.0
2007-12-24,49.0,60.0
2007-12-25,39.0,66.0
2007-12-26,74.0,55.0
2007-12-27,79.0,55.0
2007-12-28,78.0,58.0
2007-12-29,61.0,58.0
2007-12-30,59.0,59.0
2007-12-31,78.0,55.0
2008-01-01,62.0,55.0
2008-01-02,92.0,54.0
2008-01-03,90.0,57.0
2008-01-04,87.0,58.0
2008-01-05,68.0,59.0
2008-01-06,64.0,57.0
2008-01-07,97.0,57.0
2008-01-08,90.0,53.0
2008-01-09,89.0,58.0
2008-01-10,93.0,59.0
2008-01-11,79.0,61.0
2008-01-12,63.0,60.0
2008-01-13,59.0,53.0
2008-01-14,93.0,55.0
2008-01-15,93.0,59.0
2008-01-16,88.0,57.0
2008-01-17,98.0,58.0
2008-01-18,90.0,59.0
2008-01-19,67.0,61.0
2008-01-20,58.0,58.0
2008-01-21,78.0,54.0
2008-01-22,87.0,59.0
2008-01-23,87.0,56.0
2008-01-24,89.0,59.0
2008-01-25,86.0,56.0
2008-01-26,64.0,61.0
2008-01-27,59.0,58.0
2008-01-28,90.0,58.0
2008-01-29,90.0,58.0
2008-01-30,89.0,60.0
2008-01-31,85.0,60.0
2008-02-01,86.0,58.0
2008-02-02,65.0,63.0
2008-02-03,63.0,57.0
2008-02-04,90.0,58.0
2008-02-05,98.0,58.0
2008-02-06,93.0,59.0
2008-02-07,85.0,60.0
2008-02-08,83.0,63.0
2008-02-09,64.0,60.0
2008-02-10,63.0,56.0
2008-02-11,88.0,56.0
2008-02-12,92.0,60.0
2008-02-13,86.0,58.0
2008-02-14,80.0,63.0
2008-02-15,83.0,61.0
2008-02-16,65.0,62.0
2008-02-17,61.0,61.0
2008-02-18,83.0,57.0
2008-02-19,89.0,57.0
2008-02-20,86.0,60.0
2008-02-21,87.0,61.0
2008-02-22,89.0,61.0
2008-02-23,67.0,60.0
2008-02-24,60.0,60.0
2008-02-25,86.0,58.0
2008-02-26,87.0,59.0
2008-02-27,87.0,61.0
2008-02-28,83.0,66.0
2008-02-29,87.0,63.0
2008-03-01,64.0,64.0
2008-03-02,62.0,58.0
2008-03-03,90.0,61.0
2008-03-04,100.0,57.0
2008-03-05,93.0,59.0
2008-03-06,85.0,61.0
2008-03-07,84.0,63.0
2008-03-08,68.0,63.0
2008-03-09,60.0,61.0
2008-03-10,88.0,59.0
2008-03-11,85.0,61.0
2008-03-12,84.0,61.0
2008-03-13,86.0,61.0
2008-03-14,84.0,64.0
2008-03-15,66.0,64.0
2008-03-16,62.0,56.0
2008-03-17,88.0,57.0
2008-03-18,87.0,58.0
2008-03-19,86.0,59.0
2008-03-20,88.0,61.0
2008-03-21,85.0,62.0
2008-03-22,67.0,62.0
2008-03-23,56.0,61.0
2008-03-24,94.0,57.0
2008-03-25,86.0,63.0
2008-03-26,86.0,61.0
2008-03-27,88.0,61.0
2008-03-28,86.0,61.0
2008-03-29,66.0,73.0
2008-03-30,65.0,65.0
2008-03-31,90.0,58.0
2008-04-01,86.0,66.0
2008-04-02,88.0,65.0
2008-04-03,85.0,63.0
2008-04-04,83.0,63.0
2008-04-05,65.0,71.0
2008-04-06,63.0,63.0
2008-04-07,91.0,61.0
2008-04-08,88.0,62.0
2008-04-09,89.0,63.0
2008-04-10,84.0,62.0
2008-04-11,78.0,66.0
2008-04-12,61.0,68.0
2008-04-13,59.0,62.0
2008-04-14,94.0,63.0
2008-04-15,86.0,65.0
2008-04-16,86.0,64.0
2008-04-17,85.0,65.0
2008-04-18,81.0,66.0
2008-04-19,62.0,65.0
2008-04-20,61.0,64.0
2008-04-21,95.0,61.0
2008-04-22,91.0,66.0
2008-04-23,85.0,63.0
2008-04-24,86.0,64.0
2008-04-25,80.0,65.0
2008-04-26,61.0,66.0
2008-04-27,58.0,64.0
2008-04-28,90.0,58.0
2008-04-29,89.0,62.0
2008-04-30,87.0,68.0
2008-05-01,83.0,65.0
2008-05-02,79.0,69.0
2008-05-03,62.0,62.0
2008-05-04,57.0,62.0
2008-05-05,87.0,62.0
2008-05-06,88.0,62.0
2008-05-07,90.0,63.0
2008-05-08,84.0,63.0
2008-05-09,82.0,69.0
2008-05-10,60.0,67.0
2008-05-11,58.0,61.0
2008-05-12,92.0,63.0
2008-05-13,87.0,66.0
2008-05-14,86.0,67.0
2008-05-15,85.0,66.0
2008-05-16,83.0,68.0
2008-05-17,58.0,65.0
2008-05-18,59.0,62.0
2008-05-19,93.0,67.0
2008-05-20,88.0,67.0
2008-05-21,91.0,68.0
2008-05-22,87.0,67.0
2008-05-23,86.0,68.0
2008-05-24,61.0,67.0
2008-05-25,61.0,60.0
2008-05-26,59.0,60.0
2008-05-27,93.0,62.0
2008-05-28,88.0,61.0
2008-05-29,92.0,64.0
2008-05-30,85.0,65.0
2008-05-31,61.0,63.0
2008-06-01,61.0,64.0
2008-06-02,89.0,62.0
2008-06-03,88.0,64.0
2008-06-04,93.0,63.0
2008-06-05,89.0,64.0
2008-06-06,87.0,65.0
2008-06-07,69.0,66.0
2008-06-08,52.5,51.5
2008-06-09,61.0,39.0
2008-06-10,59.0,41.0
2008-06-11,61.0,42.0
2008-06-12,61.0,42.0
2008-06-13,57.0,45.0
2008-06-14,44.0,43.0
2008-06-15,41.0,42.0
2008-06-16,65.0,39.0
2008-06-17,64.0,41.0
2008-06-18,61.0,42.0
2008-06-19,62.0,42.0
2008-06-20,57.0,41.0
2008-06-21,46.0,45.0
2008-06-22,45.0,43.0
2008-06-23,64.0,39.0
2008-06-24,63.0,43.0
2008-06-25,65.0,41.0
2008-06-26,57.0,39.0
2008-06-27,56.0,42.0
2008-06-28,47.0,43.0
2008-06-29,45.0,43.0
2008-06-30,61.0,40.0
2008-07-01,63.0,39.0
2008-07-02,60.0,40.0
2008-07-03,58.0,39.0
2008-07-04,47.0,43.0
2008-07-05,48.0,41.0
2008-07-06,45.0,43.0
2008-07-07,67.0,42.0
2008-07-08,68.0,40.0
2008-07-09,62.0,42.0
2008-07-10,64.0,41.0
2008-07-11,56.0,41.0
2008-07-12,51.0,45.0
2008-07-13,47.0,42.0
2008-07-14,69.0,41.0
2008-07-15,66.0,42.0
2008-07-16,63.0,39.0
2008-07-17,63.0,42.0
2008-07-18,61.0,41.0
2008-07-19,45.0,43.0
2008-07-20,45.0,43.0
2008-07-21,67.0,39.0
2008-07-22,67.0,40.0
2008-07-23,63.0,42.0
2008-07-24,66.0,39.0
2008-07-25,64.0,41.0
2008-07-26,50.0,43.0
2008-07-27,49.0,42.0
2008-07-28,66.0,39.0
2008-07-29,66.0,43.0
2008-07-30,65.0,46.0
2008-07-31,64.0,41.0
2008-08-01,60.0,41.0
2008-08-02,50.0,43.0
2008-08-03,48.0,42.0
2008-08-04,69.0,40.0
2008-08-05,67.0,40.0
2008-08-06,67.0,41.0
2008-08-07,62.0,40.0
2008-08-08,63.0,40.0
2008-08-09,45.0,46.0
2008-08-10,45.0,42.0
2008-08-11,63.0,41.0
2008-08-12,64.0,41.0
2008-08-13,61.0,43.0
2008-08-14,63.0,42.0
2008-08-15,58.0,41.0
2008-08-16,44.0,43.0
2008-08-17,48.0,43.0
2008-08-18,72.0,40.0
2008-08-19,67.0,42.0
2008-08-20,63.0,42.0
2008-08-21,64.0,43.0
2008-08-22,58.0,44.0
2008-08-23,43.0,45.0
2008-08-24,43.0,43.0
2008-08-25,67.0,41.0
2008-08-26,62.0,42.0
2008-08-27,63.0,43.0
2008-08-28,59.0,44.0
2008-08-29,58.0,44.0
2008-08-30,43.0,45.0
2008-08-31,38.0,46.0
2008-09-01,44.0,45.0
2008-09-02,63.0,92.0
2008-09-03,67.0,81.0
2008-09-04,60.0,56.0
2008-09-05,60.0,55.0
2008-09-06,42.0,53.0
2008-09-07,41.0,51.0
2008-09-08,64.0,47.0
2008-09-09,62.0,50.0
2008-09-10,60.0,48.0
2008-09-11,63.0,49.0
2008-09-12,59.0,51.0
2008-09-13,43.0,50.0
2008-09-14,40.0,48.0
2008-09-15,62.0,47.0
2008-09-16,58.0,49.0
2008-09-17,57.0,47.0
2008-09-18,56.0,48.0
2008-09-19,55.0,49.0
2008-09-20,41.0,50.0
2008-09-21,40.0,47.0
2008-09-22,60.0,47.0
2008-09-23,60.0,54.0
2008-09-24,58.0,53.0
2008-09-25,56.0,52.0
2008-09-26,57.0,51.0
2008-09-27,39.0,57.0
2008-09-28,40.0,48.0
2008-09-29,56.0,48.0
2008-09-30,57.0,49.0
2008-10-01,63.0,50.0
2008-10-02,56.0,48.0
2008-10-03,54.0,48.0
2008-10-04,44.0,44.0
2008-10-05,38.0,45.0
2008-10-06,62.0,44.0
2008-10-07,60.0,47.0
2008-10-08,56.0,43.0
2008-10-09,57.0,47.0
2008-10-10,55.0,46.0
2008-10-11,43.0,50.0
2008-10-12,41.0,44.0
2008-10-13,60.0,48.0
2008-10-14,59.0,48.0
2008-10-15,55.0,44.0
2008-10-16,56.0,47.0
2008-10-17,57.0,47.0
2008-10-18,43.0,44.0
2008-10-19,39.0,42.0
2008-10-20,67.0,43.0
2008-10-21,64.0,48.0
2008-10-22,59.0,47.0
2008-10-23,60.0,49.0
2008-10-24,57.0,49.0
2008-10-25,44.0,47.0
2008-10-26,40.0,42.0
2008-10-27,65.0,47.0
2008-10-28,68.0,50.0
2008-10-29,63.0,47.0
2008-10-30,64.0,47.0
2008-10-31,60.0,50.0
2008-11-01,47.0,46.0
2008-11-02,46.0,46.0
2008-11-03,69.0,44.0
2008-11-04,91.0,49.0
2008-11-05,100.0,47.0
2008-11-06,61.0,49.0
2008-11-07,54.0,48.0
2008-11-08,42.0,45.0
2008-11-09,39.0,44.0
2008-11-10,54.0,45.0
2008-11-11,50.0,47.0
2008-11-12,54.0,48.0
2008-11-13,51.0,49.0
2008-11-14,50.0,48.0
2008-11-15,39.0,47.0
2008-11-16,35.0,46.0
2008-11-17,55.0,46.0
2008-11-18,51.0,44.0
2008-11-19,49.0,46.0
2008-11-20,49.0,48.0
2008-11-21,51.0,50.0
2008-11-22,35.0,48.0
2008-11-23,31.0,47.0
2008-11-24,53.0,46.0
2008-11-25,49.0,47.0
2008-11-26,44.0,45.0
2008-11-27,26.0,49.0
2008-11-28,33.0,47.0
2008-11-29,33.0,44.0
2008-11-30,34.0,45.0
2008-12-01,52.0,45.0
2008-12-02,52.0,45.0
2008-12-03,51.0,47.0
2008-12-04,49.0,48.0
2008-12-05,59.0,62.5
2008-12-06,51.0,73.0
2008-12-07,48.0,66.0
2008-12-08,78.0,63.0
2008-12-09,75.0,69.0
2008-12-10,75.0,72.0
2008-12-11,73.0,73.0
2008-12-12,73.0,77.0
2008-12-13,49.0,71.0
2008-12-14,47.0,70.0
2008-12-15,80.0,69.0
2008-12-16,78.0,72.0
2008-12-17,76.0,73.0
2008-12-18,75.0,72.0
2008-12-19,73.0,69.0
2008-12-20,51.0,69.0
2008-12-21,47.0,70.0
2008-12-22,76.0,69.0
2008-12-23,69.0,69.0
2008-12-24,53.0,72.0
2008-12-25,38.0,80.0
2008-12-26,60.0,67.0
2008-12-27,53.0,76.0
2008-12-28,51.0,70.0
2008-12-29,85.0,65.0
2008-12-30,84.0,67.0
2008-12-31,75.0,68.0
2009-01-01,61.0,69.0
2009-01-02,77.0,68.0
2009-01-03,59.0,69.0
2009-01-04,59.0,67.0
2009-01-05,91.0,66.0
2009-01-06,90.0,69.0
2009-01-07,92.0,72.0
2009-01-08,87.0,72.0
2009-01-09,82.0,75.0
2009-01-10,61.0,72.0
2009-01-11,58.0,70.0
2009-01-12,87.0,70.0
2009-01-13,85.0,72.0
2009-01-14,84.0,72.0
2009-01-15,84.0,74.0
2009-01-16,82.0,70.0
2009-01-17,61.0,73.0
2009-01-18,58.0,66.0
2009-01-19,73.0,66.0
2009-01-20,88.0,68.0
2009-01-21,86.0,71.0
2009-01-22,84.0,70.0
2009-01-23,80.0,74.0
2009-01-24,59.0,69.0
2009-01-25,56.0,67.0
2009-01-26,87.0,74.0
2009-01-27,93.0,74.0
2009-01-28,92.0,76.0
2009-01-29,88.0,80.0
2009-01-30,79.0,74.0
2009-01-31,60.0,83.0
2009-02-01,56.0,75.0
2009-02-02,86.0,76.0
2009-02-03,86.0,87.0
2009-02-04,89.0,86.0
2009-02-05,82.0,90.0
2009-02-06,77.0,85.0
2009-02-07,58.0,81.0
2009-02-08,58.0,76.0
2009-02-09,87.0,77.0
2009-02-10,84.0,76.0
2009-02-11,83.0,82.0
2009-02-12,77.0,82.0
2009-02-13,74.0,77.0
2009-02-14,54.0,78.0
2009-02-15,56.0,75.0
2009-02-16,74.0,70.0
2009-02-17,85.0,76.0
2009-02-18,85.0,76.0
2009-02-19,82.0,76.0
2009-02-20,80.0,78.0
2009-02-21,60.0,80.0
2009-02-22,59.0,72.0
2009-02-23,85.0,72.0
2009-02-24,86.0,78.0
2009-02-25,84.0,79.0
2009-02-26,82.0,75.0
2009-02-27,78.0,75.0
2009-02-28,59.0,75.0
2009-03-01,61.0,71.0
2009-03-02,100.0,76.0
2009-03-03,92.0,75.0
2009-03-04,83.0,75.0
2009-03-05,77.0,76.0
2009-03-06,75.0,79.0
2009-03-07,60.0,78.0
2009-03-08,57.0,74.0
2009-03-09,85.0,71.0
2009-03-10,84.0,77.0
2009-03-11,84.0,79.0
2009-03-12,81.0,80.0
2009-03-13,77.0,84.0
2009-03-14,61.0,79.0
2009-03-15,57.0,81.0
2009-03-16,87.0,74.0
2009-03-17,82.0,77.0
2009-03-18,85.0,79.0
2009-03-19,80.0,79.0
2009-03-20,81.0,80.0
2009-03-21,59.0,80.0
2009-03-22,55.0,76.0
2009-03-23,90.0,73.0
2009-03-24,88.0,76.0
2009-03-25,83.0,77.0
2009-03-26,83.0,81.0
2009-03-27,81.0,78.0
2009-03-28,63.0,75.0
2009-03-29,56.0,77.0
2009-03-30,86.0,76.0
2009-03-31,84.0,81.0
2009-04-01,83.0,85.0
2009-04-02,79.0,81.0
2009-04-03,78.0,80.0
2009-04-04,61.0,80.0
2009-04-05,57.0,77.0
2009-04-06,87.0,74.0
2009-04-07,85.0,75.0
2009-04-08,85.0,75.0
2009-04-09,79.0,78.0
2009-04-10,78.0,75.0
2009-04-11,59.0,73.0
2009-04-12,54.0,70.0
2009-04-13,89.0,73.0
2009-04-14,84.0,75.0
2009-04-15,83.0,71.0
2009-04-16,79.0,82.0
2009-04-17,76.0,79.0
2009-04-18,56.0,82.0
2009-04-19,58.0,73.0
2009-04-20,84.0,75.0
2009-04-21,83.0,79.0
2009-04-22,81.0,80.0
2009-04-23,82.0,82.0
2009-04-24,80.0,81.0
2009-04-25,56.0,75.0
2009-04-26,53.0,71.0
2009-04-27,86.0,78.0
2009-04-28,83.0,81.0
2009-04-29,82.0,81.0
2009-04-30,85.0,78.0
2009-05-01,79.0,79.0
2009-05-02,57.0,75.0
2009-05-03,59.0,74.0
2009-05-04,86.0,75.0
2009-05-05,87.0,73.0
2009-05-06,81.0,75.0
2009-05-07,80.0,77.0
2009-05-08,80.0,80.0
2009-05-09,62.0,71.0
2009-05-10,50.0,70.0
2009-05-11,88.0,77.0
2009-05-12,82.0,78.0
2009-05-13,81.0,80.0
2009-05-14,80.0,85.0
2009-05-15,76.0,76.0
2009-05-16,57.0,79.0
2009-05-17,51.0,72.0
2009-05-18,87.0,74.0
2009-05-19,85.0,75.0
2009-05-20,84.0,80.0
2009-05-21,82.0,80.0
2009-05-22,78.0,83.0
2009-05-23,57.0,79.0
2009-05-24,58.0,77.0
2009-05-25,59.0,72.0
2009-05-26,87.0,73.0
2009-05-27,85.0,76.0
2009-05-28,87.0,80.0
2009-05-29,83.0,79.0
2009-05-30,58.0,77.0
2009-05-31,56.0,73.0
2009-06-01,91.0,73.0
2009-06-02,89.0,74.0
2009-06-03,83.5,74.0
2009-06-04,81.0,78.0
2009-06-05,82.0,71.0
2009-06-06,56.0,79.0
2009-06-07,58.0,73.0
2009-06-08,84.0,68.0
2009-06-09,85.0,72.0
2009-06-10,84.0,73.0
2009-06-11,81.0,72.0
2009-06-12,76.0,75.0
2009-06-13,59.0,79.0
2009-06-14,56.0,71.0
2009-06-15,90.0,70.0
2009-06-16,86.0,68.0
2009-06-17,81.0,74.0
2009-06-18,84.0,72.0
2009-06-19,76.0,74.0
2009-06-20,53.0,75.0
2009-06-21,56.0,72.0
2009-06-22,86.0,73.0
2009-06-23,85.0,65.0
2009-06-24,86.0,71.0
2009-06-25,79.0,73.0
2009-06-26,75.0,75.0
2009-06-27,56.0,74.0
2009-06-28,58.0,73.0
2009-06-29,86.0,69.0
2009-06-30,88.0,66.0
2009-07-01,84.0,70.0
2009-07-02,82.0,72.0
2009-07-03,67.0,70.0
2009-07-04,61.0,72.0
2009-07-05,60.0,75.0
2009-07-06,91.0,70.0
2009-07-07,86.0,73.0
2009-07-08,83.0,77.0
2009-07-09,88.0,80.0
2009-07-10,84.0,78.0
2009-07-11,62.0,79.0
2009-07-12,58.0,74.0
2009-07-13,92.0,70.0
2009-07-14,89.0,74.0
2009-07-15,88.0,74.0
2009-07-16,89.0,71.0
2009-07-17,81.0,72.0
2009-07-18,62.0,75.0
2009-07-19,59.0,75.0
2009-07-20,95.0,72.0
2009-07-21,87.0,75.0
2009-07-22,88.0,77.0
2009-07-23,85.0,76.0
2009-07-24,87.0,74.0
2009-07-25,65.0,76.0
2009-07-26,61.0,74.0
2009-07-27,90.0,66.0
2009-07-28,93.0,72.0
2009-07-29,88.0,74.0
2009-07-30,88.0,73.0
2009-07-31,83.0,74.0
2009-08-01,64.0,75.0
2009-08-02,62.0,73.0
2009-08-03,93.0,73.0
2009-08-04,91.0,70.0
2009-08-05,88.0,73.0
2009-08-06,85.0,74.0
2009-08-07,84.0,74.0
2009-08-08,65.0,75.0
2009-08-09,63.0,74.0
2009-08-10,90.0,67.0
2009-08-11,90.0,72.0
2009-08-12,91.0,76.0
2009-08-13,86.0,73.0
2009-08-14,82.0,76.0
2009-08-15,64.0,73.0
2009-08-16,59.0,73.0
2009-08-17,93.0,74.0
2009-08-18,92.0,71.0
2009-08-19,90.0,71.0
2009-08-20,87.0,73.0
2009-08-21,85.0,73.0
2009-08-22,63.0,73.0
2009-08-23,63.0,72.0
2009-08-24,91.0,70.0
2009-08-25,91.0,73.0
2009-08-26,87.0,78.0
2009-08-27,86.0,74.0
2009-08-28,80.0,76.0
2009-08-29,58.0,74.0
2009-08-30,57.0,75.0
2009-08-31,92.0,77.0
2009-09-01,82.0,78.0
2009-09-02,85.0,76.0
2009-09-03,82.0,76.0
2009-09-04,78.0,74.0
2009-09-05,59.0,71.0
2009-09-06,51.0,72.0
2009-09-07,59.0,71.0
2009-09-08,88.0,71.0
2009-09-09,86.0,76.0
2009-09-10,82.0,78.0
2009-09-11,79.0,74.0
2009-09-12,55.0,77.0
2009-09-13,49.0,72.0
2009-09-14,82.0,76.0
2009-09-15,80.0,79.0
2009-09-16,83.0,80.0
2009-09-17,79.0,76.0
2009-09-18,77.0,79.0
2009-09-19,57.0,76.0
2009-09-20,55.0,74.0
2009-09-21,88.0,77.0
2009-09-22,87.0,80.0
2009-09-23,83.0,77.0
2009-09-24,80.0,79.0
2009-09-25,75.0,79.0
2009-09-26,55.0,79.0
2009-09-27,52.0,76.0
2009-09-28,83.0,74.0
2009-09-29,82.0,77.0
2009-09-30,80.0,87.0
2009-10-01,78.0,87.0
2009-10-02,75.0,85.0
2009-10-03,54.0,81.0
2009-10-04,51.0,76.0
2009-10-05,81.0,78.0
2009-10-06,79.0,78.0
2009-10-07,79.0,94.0
2009-10-08,73.0,85.0
2009-10-09,71.0,79.0
2009-10-10,56.0,75.0
2009-10-11,50.0,77.0
2009-10-12,80.0,79.0
2009-10-13,83.0,85.0
2009-10-14,80.0,88.0
2009-10-15,79.0,81.0
2009-10-16,75.0,86.0
2009-10-17,57.0,78.0
2009-10-18,48.0,75.0
2009-10-19,80.0,78.0
2009-10-20,83.0,78.0
2009-10-21,79.0,82.0
2009-10-22,76.0,82.0
2009-10-23,73.0,79.0
2009-10-24,55.0,80.0
2009-10-25,52.0,81.0
2009-10-26,87.0,78.0
2009-10-27,81.0,86.0
2009-10-28,80.0,86.0
2009-10-29,80.0,84.0
2009-10-30,77.0,85.0
2009-10-31,54.0,79.0
2009-11-01,50.0,80.0
2009-11-02,86.0,82.0
2009-11-03,91.0,84.0
2009-11-04,100.0,82.0
2009-11-05,74.0,88.0
2009-11-06,77.0,91.0
2009-11-07,54.0,87.0
2009-11-08,51.0,76.0
2009-11-09,82.0,83.0
2009-11-10,82.0,84.0
2009-11-11,72.0,88.0
2009-11-12,75.0,84.0
2009-11-13,73.0,88.0
2009-11-14,52.0,87.0
2009-11-15,47.0,79.0
2009-11-16,78.0,87.0
2009-11-17,74.0,86.0
2009-11-18,72.0,84.0
2009-11-19,73.0,86.0
2009-11-20,72.0,88.0
2009-11-21,51.0,82.0
2009-11-22,44.0,82.0
2009-11-23,72.0,83.0
2009-11-24,72.0,84.0
2009-11-25,60.0,86.0
2009-11-26,32.0,88.0
2009-11-27,46.0,79.0
2009-11-28,44.0,82.0
2009-11-29,45.0,82.0
2009-11-30,65.5,73.5
2009-12-01,56.0,68.0
2009-12-02,54.0,64.0
2009-12-03,51.0,65.0
2009-12-04,49.0,62.0
2009-12-05,31.0,62.0
2009-12-06,31.0,56.0
2009-12-07,52.0,59.0
2009-12-08,50.0,64.0
2009-12-09,53.0,64.0
2009-12-10,51.0,62.0
2009-12-11,49.0,62.0
2009-12-12,33.0,63.0
2009-12-13,30.0,60.0
2009-12-14,53.0,61.0
2009-12-15,51.0,64.0
2009-12-16,51.0,62.0
2009-12-17,50.0,61.0
2009-12-18,49.0,62.0
2009-12-19,34.0,57.0
2009-12-20,38.0,54.0
2009-12-21,55.0,56.0
2009-12-22,51.0,56.0
2009-12-23,44.0,59.0
2009-12-24,33.0,59.0
2009-12-25,24.0,66.0
2009-12-26,33.0,60.0
2009-12-27,35.0,57.0
2009-12-28,54.0,56.0
2009-12-29,54.0,55.0
2009-12-30,51.0,54.0
2009-12-31,47.0,55.0
2010-01-01,37.0,59.0
2010-01-02,40.0,55.0
2010-01-03,40.0,56.0
2010-01-04,65.0,60.0
2010-01-05,63.0,68.0
2010-01-06,60.0,71.0
2010-01-07,61.0,66.0
2010-01-08,62.0,64.0
2010-01-09,40.0,61.0
2010-01-10,37.0,60.0
2010-01-11,62.0,63.0
2010-01-12,58.0,63.0
2010-01-13,59.0,67.0
2010-01-14,55.0,66.0
2010-01-15,55.0,69.0
2010-01-16,38.0,63.0
2010-01-17,37.0,59.0
2010-01-18,49.0,61.0
2010-01-19,62.0,61.0
2010-01-20,60.0,63.0
2010-01-21,59.0,65.0
2010-01-22,61.0,63.0
2010-01-23,41.0,63.0
2010-01-24,38.0,57.0
2010-01-25,59.0,61.0
2010-01-26,58.0,63.0
2010-01-27,55.0,66.0
2010-01-28,55.0,62.0
2010-01-29,56.0,63.0
2010-01-30,42.0,59.0
2010-01-31,44.0,57.0
2010-02-01,62.0,59.0
2010-02-02,62.0,64.0
2010-02-03,63.0,62.0
2010-02-04,59.0,61.0
2010-02-05,59.0,63.0
2010-02-06,43.0,61.0
2010-02-07,41.0,58.0
2010-02-08,60.0,62.0
2010-02-09,62.0,69.0
2010-02-10,62.0,75.0
2010-02-11,59.0,69.0
2010-02-12,56.0,67.0
2010-02-13,39.0,62.0
2010-02-14,38.0,59.0
2010-02-15,56.0,58.0
2010-02-16,61.0,62.0
2010-02-17,59.0,62.0
2010-02-18,59.0,62.0
2010-02-19,53.0,63.0
2010-02-20,41.0,60.0
2010-02-21,37.0,58.0
2010-02-22,60.0,60.0
2010-02-23,58.0,64.0
2010-02-24,57.0,62.0
2010-02-25,58.0,63.0
2010-02-26,57.0,63.0
2010-02-27,40.0,64.0
2010-02-28,38.0,59.0
2010-03-01,60.0,61.0
2010-03-02,63.0,62.0
2010-03-03,62.0,64.0
2010-03-04,57.0,67.0
2010-03-05,55.0,64.0
2010-03-06,41.0,57.0
2010-03-07,37.0,61.0
2010-03-08,58.0,61.0
2010-03-09,58.0,64.0
2010-03-10,54.0,64.0
2010-03-11,59.0,66.0
2010-03-12,55.0,62.0
2010-03-13,40.0,63.0
2010-03-14,36.0,61.0
2010-03-15,60.0,59.0
2010-03-16,57.0,64.0
2010-03-17,57.0,62.0
2010-03-18,54.0,64.0
2010-03-19,52.0,64.0
2010-03-20,40.0,62.0
2010-03-21,37.0,60.0
2010-03-22,56.0,63.0
2010-03-23,58.0,65.0
2010-03-24,56.0,65.0
2010-03-25,56.0,65.0
2010-03-26,51.0,63.0
2010-03-27,39.0,62.0
2010-03-28,37.0,57.0
2010-03-29,61.0,62.0
2010-03-30,59.0,62.0
2010-03-31,56.0,64.0
2010-04-01,56.0,100.0
2010-04-02,52.0,74.0
2010-04-03,38.0,61.0
2010-04-04,35.0,65.0
2010-04-05,59.0,63.0
2010-04-06,59.0,61.0
2010-04-07,56.0,64.0
2010-04-08,56.0,64.0
2010-04-09,54.0,63.0
2010-04-10,40.0,59.0
2010-04-11,38.0,60.0
2010-04-12,62.0,62.0
2010-04-13,63.0,62.0
2010-04-14,56.0,66.0
2010-04-15,56.0,63.0
2010-04-16,55.0,64.0
2010-04-17,40.0,63.0
2010-04-18,37.0,58.0
2010-04-19,59.0,61.0
2010-04-20,56.0,64.0
2010-04-21,57.0,64.0
2010-04-22,56.0,64.0
2010-04-23,52.0,62.0
2010-04-24,38.0,61.0
2010-04-25,39.0,61.0
2010-04-26,58.0,63.0
2010-04-27,56.0,61.0
2010-04-28,57.0,61.0
2010-04-29,55.0,65.0
2010-04-30,54.0,67.0
2010-05-01,40.0,61.0
2010-05-02,39.0,61.0
2010-05-03,63.0,63.0
2010-05-04,63.0,61.0
2010-05-05,61.0,66.0
2010-05-06,56.0,66.0
2010-05-07,53.0,69.0
2010-05-08,38.0,66.0
2010-05-09,35.0,62.0
2010-05-10,61.0,64.0
2010-05-11,58.0,63.0
2010-05-12,59.0,65.0
2010-05-13,58.0,62.0
2010-05-14,56.0,67.0
2010-05-15,39.0,63.0
2010-05-16,40.0,60.0
2010-05-17,62.0,64.0
2010-05-18,61.0,66.0
2010-05-19,61.0,64.0
2010-05-20,57.0,73.0
2010-05-21,53.0,89.0
2010-05-22,41.0,84.0
2010-05-23,38.0,76.0
2010-05-24,60.0,72.0
2010-05-25,58.0,71.0
2010-05-26,55.0,70.0
2010-05-27,54.0,72.0
2010-05-28,51.0,70.0
2010-05-29,40.0,71.0
2010-05-30,37.0,72.0
2010-05-31,42.0,72.0
2010-06-01,68.0,70.0
2010-06-02,69.0,72.0
2010-06-03,64.0,70.0
2010-06-04,63.0,74.0
2010-06-05,47.0,74.0
2010-06-06,46.0,68.0
2010-06-07,69.0,69.0
2010-06-08,68.0,71.0
2010-06-09,67.0,72.0
2010-06-10,66.0,78.0
2010-06-11,60.0,71.0
2010-06-12,43.0,67.0
2010-06-13,40.0,68.0
2010-06-14,69.0,65.0
2010-06-15,68.0,67.0
2010-06-16,62.0,69.0
2010-06-17,64.0,70.0
2010-06-18,62.0,64.0
2010-06-19,44.0,69.0
2010-06-20,40.0,66.0
2010-06-21,71.0,65.0
2010-06-22,68.0,67.0
2010-06-23,64.0,72.0
2010-06-24,66.0,69.0
2010-06-25,64.0,70.0
2010-06-26,45.0,70.0
2010-06-27,43.0,66.0
2010-06-28,69.0,66.0
2010-06-29,67.0,66.0
2010-06-30,68.0,68.0
2010-07-01,65.0,68.0
2010-07-02,61.0,67.0
2010-07-03,43.0,66.0
2010-07-04,44.0,64.0
2010-07-05,50.0,66.0
2010-07-06,65.0,67.0
2010-07-07,66.0,62.0
2010-07-08,64.0,67.0
2010-07-09,56.0,67.0
2010-07-10,45.0,67.0
2010-07-11,42.0,66.0
2010-07-12,68.0,66.0
2010-07-13,66.0,67.0
2010-07-14,67.0,68.0
2010-07-15,62.0,68.0
2010-07-16,61.0,67.0
2010-07-17,47.0,66.0
2010-07-18,45.0,66.0
2010-07-19,68.0,66.0
2010-07-20,66.0,67.0
2010-07-21,65.0,68.0
2010-07-22,68.0,69.0
2010-07-23,61.0,65.0
2010-07-24,47.0,70.0
2010-07-25,45.0,65.0
2010-07-26,67.0,64.0
2010-07-27,69.0,63.0
2010-07-28,66.0,67.0
2010-07-29,66.0,65.0
2010-07-30,64.0,67.0
2010-07-31,48.0,68.0
2010-08-01,47.0,66.0
2010-08-02,69.0,65.0
2010-08-03,68.0,65.0
2010-08-04,70.0,67.0
2010-08-05,65.0,68.0
2010-08-06,66.0,67.0
2010-08-07,50.0,70.0
2010-08-08,44.0,64.0
2010-08-09,69.0,64.0
2010-08-10,65.0,66.0
2010-08-11,69.0,70.0
2010-08-12,66.0,69.0
2010-08-13,61.0,70.0
2010-08-14,44.0,70.0
2010-08-15,45.0,65.0
2010-08-16,68.0,64.0
2010-08-17,65.0,69.0
2010-08-18,65.0,67.0
2010-08-19,64.0,68.0
2010-08-20,64.0,68.0
2010-08-21,47.0,70.0
2010-08-22,43.0,66.0
2010-08-23,68.0,68.0
2010-08-24,66.0,67.0
2010-08-25,66.0,71.0
2010-08-26,61.0,75.0
2010-08-27,60.0,78.0
2010-08-28,43.0,71.0
2010-08-29,41.0,67.0
2010-08-30,65.0,68.0
2010-08-31,62.0,71.0
2010-09-01,66.0,69.0
2010-09-02,60.0,71.0
2010-09-03,57.0,72.0
2010-09-04,42.0,71.0
2010-09-05,39.0,69.0
2010-09-06,39.0,67.0
2010-09-07,65.0,95.0
2010-09-08,62.0,95.0
2010-09-09,60.0,84.0
2010-09-10,59.0,76.0
2010-09-11,42.0,75.0
2010-09-12,38.0,69.0
2010-09-13,62.0,73.0
2010-09-14,63.0,73.0
2010-09-15,65.0,73.0
2010-09-16,59.0,75.0
2010-09-17,57.0,73.0
2010-09-18,41.0,69.0
2010-09-19,39.0,69.0
2010-09-20,64.0,72.0
2010-09-21,61.0,75.0
2010-09-22,62.0,73.0
2010-09-23,61.0,74.0
2010-09-24,59.0,72.0
2010-09-25,41.0,71.0
2010-09-26,38.0,65.0
2010-09-27,62.0,76.0
2010-09-28,61.0,74.0
2010-09-29,63.0,72.0
2010-09-30,61.0,79.0
2010-10-01,58.0,77.0
2010-10-02,42.0,71.0
2010-10-03,38.0,66.0
2010-10-04,63.0,72.0
2010-10-05,60.0,75.0
2010-10-06,59.0,78.0
2010-10-07,60.0,77.0
2010-10-08,56.0,79.0
2010-10-09,41.0,71.0
2010-10-10,39.0,71.0
2010-10-11,59.0,72.0
2010-10-12,58.0,69.0
2010-10-13,58.0,76.0
2010-10-14,57.0,77.0
2010-10-15,56.0,73.0
2010-10-16,40.0,70.0
2010-10-17,38.0,69.0
2010-10-18,61.0,73.0
2010-10-19,61.0,72.0
2010-10-20,61.0,75.0
2010-10-21,58.0,76.0
2010-10-22,54.0,74.0
2010-10-23,40.0,72.0
2010-10-24,37.0,69.0
2010-10-25,63.0,72.0
2010-10-26,63.0,74.0
2010-10-27,59.0,74.0
2010-10-28,58.0,75.0
2010-10-29,58.0,75.0
2010-10-30,43.0,72.0
2010-10-31,38.0,72.0
2010-11-01,72.0,73.0
2010-11-02,91.0,77.0
2010-11-03,100.0,78.0
2010-11-04,59.0,78.0
2010-11-05,54.0,84.0
2010-11-06,38.0,74.0
2010-11-07,37.0,71.0
2010-11-08,59.0,76.0
2010-11-09,57.0,79.0
2010-11-10,55.0,79.0
2010-11-11,50.0,78.0
2010-11-12,52.0,76.0
2010-11-13,39.0,76.0
2010-11-14,34.0,71.0
2010-11-15,56.0,74.0
2010-11-16,55.0,75.0
2010-11-17,55.0,76.0
2010-11-18,52.0,80.0
2010-11-19,51.0,80.0
2010-11-20,35.0,73.0
2010-11-21,33.0,70.0
2010-11-22,52.0,73.0
2010-11-23,52.0,76.0
2010-11-24,44.0,75.0
2010-11-25,22.5,67.5
2010-11-26,27.0,57.0
2010-11-27,29.0,60.0
2010-11-28,28.0,59.0
2010-11-29,43.0,59.0
2010-11-30,45.0,64.0
2010-12-01,44.0,66.0
2010-12-02,43.0,66.0
2010-12-03,42.0,64.0
2010-12-04,29.0,60.0
2010-12-05,27.0,60.0
2010-12-06,45.0,64.0
2010-12-07,46.0,66.0
2010-12-08,43.0,67.0
2010-12-09,42.0,66.0
2010-12-10,41.0,68.0
2010-12-11,28.0,60.0
2010-12-12,26.0,57.0
2010-12-13,48.0,61.0
2010-12-14,45.0,64.0
2010-12-15,45.0,62.0
2010-12-16,52.0,66.0
2010-12-17,44.0,65.0
2010-12-18,28.0,60.0
2010-12-19,27.0,57.0
2010-12-20,42.0,61.0
2010-12-21,42.0,59.0
2010-12-22,41.0,61.0
2010-12-23,35.0,60.0
2010-12-24,25.0,71.0
2010-12-25,19.0,74.0
2010-12-26,25.0,62.0
2010-12-27,43.0,57.0
2010-12-28,44.0,58.0
2010-12-29,44.0,59.0
2010-12-30,42.0,57.0
2010-12-31,34.0,60.0
2011-01-01,35.0,58.0
2011-01-02,39.0,57.0
2011-01-03,60.0,57.0
2011-01-04,59.0,61.0
2011-01-05,55.0,61.0
2011-01-06,57.0,63.0
2011-01-07,56.0,63.0
2011-01-08,38.0,61.0
2011-01-09,41.0,58.0
2011-01-10,68.0,60.0
2011-01-11,66.0,61.0
2011-01-12,70.0,61.0
2011-01-13,62.0,62.0
2011-01-14,55.0,61.0
2011-01-15,39.0,60.0
2011-01-16,37.0,58.0
2011-01-17,49.0,62.0
2011-01-18,63.0,63.0
2011-01-19,59.0,67.0
2011-01-20,54.0,67.0
2011-01-21,56.0,65.0
2011-01-22,39.0,58.0
2011-01-23,36.0,56.0
2011-01-24,58.0,58.0
2011-01-25,56.0,61.0
2011-01-26,62.0,64.0
2011-01-27,64.0,65.0
2011-01-28,56.0,63.0
2011-01-29,40.0,61.0
2011-01-30,37.0,59.0
2011-01-31,57.0,62.0
2011-02-01,59.0,63.0
2011-02-02,60.0,66.0
2011-02-03,56.0,67.0
2011-02-04,50.0,65.0
2011-02-05,40.0,62.0
2011-02-06,35.0,59.0
2011-02-07,54.0,62.0
2011-02-08,56.0,71.0
2011-02-09,55.0,66.0
2011-02-10,59.0,65.0
2011-02-11,51.0,68.0
2011-02-12,37.0,61.0
2011-02-13,36.0,59.0
2011-02-14,53.0,63.0
2011-02-15,53.0,63.0
2011-02-16,52.0,65.0
2011-02-17,52.0,68.0
2011-02-18,52.0,65.0
2011-02-19,40.0,61.0
2011-02-20,37.0,57.0
2011-02-21,51.0,60.0
2011-02-22,59.0,63.0
2011-02-23,54.0,67.0
2011-02-24,52.0,64.0
2011-02-25,54.0,62.0
2011-02-26,40.0,60.0
2011-02-27,39.0,58.0
2011-02-28,57.0,62.0
2011-03-01,55.0,61.0
2011-03-02,54.0,66.0
2011-03-03,53.0,68.0
2011-03-04,52.0,70.0
2011-03-05,40.0,68.0
2011-03-06,38.0,66.0
2011-03-07,59.0,66.0
2011-03-08,57.0,71.0
2011-03-09,54.0,71.0
2011-03-10,54.0,69.0
2011-03-11,50.0,73.0
2011-03-12,37.0,68.0
2011-03-13,33.0,65.0
2011-03-14,55.0,73.0
2011-03-15,53.0,70.0
2011-03-16,52.0,69.0
2011-03-17,50.0,73.0
2011-03-18,52.0,70.0
2011-03-19,37.0,69.0
2011-03-20,38.0,68.0
2011-03-21,57.0,70.0
2011-03-22,58.0,70.0
2011-03-23,56.0,69.0
2011-03-24,54.0,72.0
2011-03-25,52.0,70.0
2011-03-26,39.0,71.0
2011-03-27,38.0,68.0
2011-03-28,57.0,68.0
2011-03-29,57.0,71.0
2011-03-30,57.0,72.0
2011-03-31,54.0,73.0
2011-04-01,50.0,80.0
2011-04-02,39.0,74.0
2011-04-03,39.0,69.0
2011-04-04,57.0,70.0
2011-04-05,58.0,69.0
2011-04-06,58.0,69.0
2011-04-07,53.0,71.0
2011-04-08,50.0,70.0
2011-04-09,41.0,70.0
2011-04-10,39.0,67.0
2011-04-11,60.0,67.0
2011-04-12,58.0,72.0
2011-04-13,55.0,71.0
2011-04-14,53.0,71.0
2011-04-15,51.0,72.0
2011-04-16,43.0,70.0
2011-04-17,40.0,67.0
2011-04-18,57.0,67.0
2011-04-19,55.0,69.0
2011-04-20,54.0,70.0
2011-04-21,52.0,66.0
2011-04-22,47.0,69.0
2011-04-23,36.0,66.0
2011-04-24,34.0,67.0
2011-04-25,59.0,65.0
2011-04-26,56.0,70.0
2011-04-27,57.0,69.0
2011-04-28,60.0,69.0
2011-04-29,49.0,68.0
2011-04-30,36.0,70.0
2011-05-01,37.0,69.0
2011-05-02,54.0,71.0
2011-05-03,55.0,70.0
2011-05-04,55.0,71.0
2011-05-05,52.0,73.0
2011-05-06,50.0,72.0
2011-05-07,36.0,70.0
2011-05-08,35.0,69.0
2011-05-09,57.0,74.0
2011-05-10,58.0,77.0
2011-05-11,57.0,78.0
2011-05-12,54.0,76.0
2011-05-13,53.0,75.0
2011-05-14,40.0,73.0
2011-05-15,39.0,69.0
2011-05-16,58.0,72.0
2011-05-17,57.0,73.0
2011-05-18,58.0,73.0
2011-05-19,55.0,74.0
2011-05-20,53.0,100.0
2011-05-21,38.0,80.0
2011-05-22,38.0,69.0
2011-05-23,60.0,70.0
2011-05-24,55.5,68.5
2011-05-25,51.0,64.0
2011-05-26,49.0,66.0
2011-05-27,47.0,67.0
2011-05-28,35.0,63.0
2011-05-29,33.0,62.0
2011-05-30,37.0,62.0
2011-05-31,56.0,62.0
2011-06-01,55.0,64.0
2011-06-02,53.0,65.0
2011-06-03,49.0,64.0
2011-06-04,36.0,64.0
2011-06-05,37.0,65.0
2011-06-06,55.0,63.0
2011-06-07,52.0,65.0
2011-06-08,51.0,64.0
2011-06-09,52.0,84.0
2011-06-10,49.0,86.0
2011-06-11,37.0,77.0
2011-06-12,35.0,67.0
2011-06-13,54.0,65.0
2011-06-14,52.0,64.0
2011-06-15,50.0,65.0
2011-06-16,49.0,67.0
2011-06-17,50.0,66.0
2011-06-18,38.0,66.0
2011-06-19,34.0,67.0
2011-06-20,53.0,61.0
2011-06-21,55.0,64.0
2011-06-22,53.0,64.0
2011-06-23,52.0,65.0
2011-06-24,47.0,64.0
2011-06-25,37.0,68.0
2011-06-26,35.0,64.0
2011-06-27,54.0,63.0
2011-06-28,53.0,65.0
2011-06-29,50.0,73.0
2011-06-30,50.0,74.0
2011-07-01,50.0,73.0
2011-07-02,41.0,71.0
2011-07-03,38.0,67.0
2011-07-04,42.0,70.0
2011-07-05,58.0,68.0
2011-07-06,55.0,68.0
2011-07-07,54.0,71.0
2011-07-08,49.0,75.0
2011-07-09,38.0,74.0
2011-07-10,38.0,73.0
2011-07-11,57.0,74.0
2011-07-12,53.0,78.0
2011-07-13,54.0,78.0
2011-07-14,51.0,77.0
2011-07-15,50.0,74.0
2011-07-16,40.0,73.0
2011-07-17,37.0,69.0
2011-07-18,56.0,69.0
2011-07-19,55.0,69.0
2011-07-20,53.0,73.0
2011-07-21,53.0,71.0
2011-07-22,50.0,73.0
2011-07-23,39.0,69.0
2011-07-24,38.0,69.0
2011-07-25,56.0,66.0
2011-07-26,55.0,68.0
2011-07-27,54.0,68.0
2011-07-28,54.0,67.0
2011-07-29,52.0,68.0
2011-07-30,42.0,70.0
2011-07-31,39.0,69.0
2011-08-01,60.0,68.0
2011-08-02,57.0,64.0
2011-08-03,58.0,66.0
2011-08-04,54.0,66.0
2011-08-05,53.0,67.0
2011-08-06,41.0,76.0
2011-08-07,38.0,69.0
2011-08-08,56.0,66.0
2011-08-09,54.0,67.0
2011-08-10,55.0,66.0
2011-08-11,52.0,67.0
2011-08-12,51.0,69.0
2011-08-13,40.0,67.0
2011-08-14,38.0,67.0
2011-08-15,55.0,65.0
2011-08-16,55.0,68.0
2011-08-17,51.0,70.0
2011-08-18,53.0,69.0
2011-08-19,53.0,68.0
2011-08-20,39.0,68.0
2011-08-21,37.0,64.0
2011-08-22,56.0,68.0
2011-08-23,53.0,65.0
2011-08-24,53.0,71.0
2011-08-25,54.0,67.0
2011-08-26,54.0,68.0
2011-08-27,42.0,67.0
2011-08-28,44.0,68.0
2011-08-29,58.0,67.0
2011-08-30,56.0,66.0
2011-08-31,52.0,67.0
2011-09-01,52.0,67.0
2011-09-02,49.0,70.0
2011-09-03,38.0,66.0
2011-09-04,36.0,66.0
2011-09-05,40.0,65.0
2011-09-06,58.0,73.0
2011-09-07,55.0,71.0
2011-09-08,55.0,68.0
2011-09-09,53.0,69.0
2011-09-10,37.0,69.0
2011-09-11,32.0,68.0
2011-09-12,53.0,66.0
2011-09-13,52.0,71.0
2011-09-14,51.0,72.0
2011-09-15,49.0,69.0
2011-09-16,47.0,73.0
2011-09-17,36.0,69.0
2011-09-18,31.0,66.0
2011-09-19,50.0,68.0
2011-09-20,49.0,71.0
2011-09-21,48.0,80.0
2011-09-22,47.0,80.0
2011-09-23,47.0,79.0
2011-09-24,36.0,81.0
2011-09-25,33.0,70.0
2011-09-26,48.0,71.0
2011-09-27,50.0,100.0
2011-09-28,49.0,81.0
2011-09-29,46.0,73.0
2011-09-30,49.0,71.0
2011-10-01,36.0,68.0
2011-10-02,33.0,67.0
2011-10-03,50.0,68.0
2011-10-04,47.0,70.0
2011-10-05,49.0,69.0
2011-10-06,47.0,72.0
2011-10-07,47.0,70.0
2011-10-08,35.0,67.0
2011-10-09,34.0,66.0
2011-10-10,49.0,67.0
2011-10-11,51.0,68.0
2011-10-12,47.0,72.0
2011-10-13,47.0,71.0
2011-10-14,46.0,71.0
2011-10-15,33.0,67.0
2011-10-16,30.0,64.0
2011-10-17,48.0,69.0
2011-10-18,46.0,68.0
2011-10-19,46.0,72.0
2011-10-20,46.0,72.0
2011-10-21,46.0,69.0
2011-10-22,34.0,68.0
2011-10-23,31.0,65.0
2011-10-24,47.0,66.0
2011-10-25,46.0,68.0
2011-10-26,46.0,70.0
2011-10-27,44.0,70.0
2011-10-28,46.0,69.0
2011-10-29,32.0,67.0
2011-10-30,33.0,63.0
2011-10-31,49.0,70.0
2011-11-01,47.0,70.0
2011-11-02,48.0,69.0
2011-11-03,45.0,74.0
2011-11-04,45.0,79.0
2011-11-05,32.0,70.0
2011-11-06,31.0,67.0
2011-11-07,49.0,70.0
2011-11-08,52.0,71.0
2011-11-09,61.0,71.0
2011-11-10,46.0,70.0
2011-11-11,39.0,69.0
2011-11-12,30.0,66.0
2011-11-13,28.0,64.0
2011-11-14,46.0,69.0
2011-11-15,46.0,72.0
2011-11-16,45.0,71.0
2011-11-17,43.0,75.0
2011-11-18,43.0,74.0
2011-11-19,32.0,68.0
2011-11-20,29.5,67.0
2011-11-21,46.0,73.0
2011-11-22,46.0,75.0
2011-11-23,39.0,77.0
2011-11-24,24.0,75.0
2011-11-25,30.0,68.0
2011-11-26,30.0,72.0
2011-11-27,30.0,69.0
2011-11-28,47.0,70.0
2011-11-29,48.0,73.0
2011-11-30,47.0,79.0
2011-12-01,45.0,75.0
2011-12-02,46.0,77.0
2011-12-03,34.0,72.0
2011-12-04,29.0,69.0
2011-12-05,46.0,73.0
2011-12-06,48.0,73.0
2011-12-07,46.0,75.0
2011-12-08,46.0,76.0
2011-12-09,43.0,75.0
2011-12-10,31.0,73.0
2011-12-11,29.0,67.0
2011-12-12,48.0,73.0
2011-12-13,46.0,73.0
2011-12-14,46.0,75.0
2011-12-15,45.0,77.0
2011-12-16,43.0,72.0
2011-12-17,31.0,76.0
2011-12-18,29.0,89.0
2011-12-19,46.0,84.0
2011-12-20,46.0,81.0
2011-12-21,43.0,76.0
2011-12-22,41.0,77.0
2011-12-23,36.0,76.0
2011-12-24,25.0,87.0
2011-12-25,22.0,88.0
2011-12-26,33.0,81.0
2011-12-27,46.0,73.0
2011-12-28,46.0,73.0
2011-12-29,48.0,73.0
2011-12-30,45.0,75.0
2011-12-31,34.0,74.0
2012-01-01,36.0,73.0
2012-01-02,45.0,73.0
2012-01-03,56.0,73.0
2012-01-04,56.0,72.0
2012-01-05,52.0,76.0
2012-01-06,51.0,76.0
2012-01-07,38.0,76.0
2012-01-08,33.0,72.0
2012-01-09,53.0,75.0
2012-01-10,53.0,75.0
2012-01-11,49.0,79.0
2012-01-12,50.0,78.0
2012-01-13,53.0,75.0
2012-01-14,36.0,75.0
2012-01-15,34.0,70.0
2012-01-16,42.0,75.0
2012-01-17,52.0,76.0
2012-01-18,52.0,100.0
2012-01-19,49.0,86.0
2012-01-20,48.0,80.0
2012-01-21,37.0,73.0
2012-01-22,33.0,73.0
2012-01-23,54.0,73.0
2012-01-24,52.0,76.0
2012-01-25,50.0,77.0
2012-01-26,49.0,79.0
2012-01-27,48.0,79.0
2012-01-28,35.0,79.0
2012-01-29,34.0,74.0
2012-01-30,52.0,76.0
2012-01-31,51.0,77.0
2012-02-01,49.0,77.0
2012-02-02,48.0,78.0
2012-02-03,47.0,77.0
2012-02-04,36.0,74.0
2012-02-05,31.0,74.0
2012-02-06,50.0,74.0
2012-02-07,51.0,79.0
2012-02-08,51.0,78.0
2012-02-09,52.0,80.0
2012-02-10,47.0,79.0
2012-02-11,35.0,73.0
2012-02-12,31.0,71.0
2012-02-13,47.0,75.0
2012-02-14,48.0,79.0
2012-02-15,51.0,80.0
2012-02-16,49.0,78.0
2012-02-17,48.0,77.0
2012-02-18,36.0,74.0
2012-02-19,35.0,74.0
2012-02-20,48.0,72.0
2012-02-21,52.0,76.0
2012-02-22,52.0,83.0
2012-02-23,50.0,80.0
2012-02-24,47.0,78.0
2012-02-25,37.0,77.0
2012-02-26,34.0,73.0
2012-02-27,50.0,75.0
2012-02-28,51.0,77.0
2012-02-29,51.0,83.0
2012-03-01,50.0,82.0
2012-03-02,50.0,78.0
2012-03-03,38.0,73.0
2012-03-04,34.0,72.0
2012-03-05,54.0,73.0
2012-03-06,55.0,77.0
2012-03-07,51.0,78.0
2012-03-08,47.0,81.0
2012-03-09,47.0,78.0
2012-03-10,36.0,79.0
2012-03-11,34.0,73.0
2012-03-12,52.0,75.0
2012-03-13,51.0,79.0
2012-03-14,50.0,77.0
2012-03-15,48.0,79.0
2012-03-16,48.0,79.0
2012-03-17,35.0,79.0
2012-03-18,35.0,76.0
2012-03-19,54.0,76.0
2012-03-20,51.0,79.0
2012-03-21,52.0,81.0
2012-03-22,48.0,80.0
2012-03-23,47.0,78.0
2012-03-24,36.0,75.0
2012-03-25,34.0,73.0
2012-03-26,53.0,73.0
2012-03-27,50.0,80.0
2012-03-28,49.0,78.0
2012-03-29,49.0,77.0
2012-03-30,46.0,76.0
2012-03-31,34.0,71.0
2012-04-01,33.0,81.0
2012-04-02,51.0,80.0
2012-04-03,49.0,76.0
2012-04-04,49.0,77.0
2012-04-05,48.0,82.0
2012-04-06,44.0,74.0
2012-04-07,34.0,74.0
2012-04-08,31.0,73.0
2012-04-09,54.0,78.0
2012-04-10,53.0,76.0
2012-04-11,50.0,78.0
2012-04-12,50.0,78.0
2012-04-13,48.0,79.0
2012-04-14,37.0,76.0
2012-04-15,36.0,75.0
2012-04-16,53.0,76.0
2012-04-17,50.0,80.0
2012-04-18,49.0,78.0
2012-04-19,47.0,77.0
2012-04-20,48.0,79.0
2012-04-21,35.0,75.0
2012-04-22,34.0,74.0
2012-04-23,53.0,76.0
2012-04-24,50.0,90.0
2012-04-25,50.0,87.0
2012-04-26,48.0,84.0
2012-04-27,45.0,80.0
2012-04-28,36.0,77.0
2012-04-29,34.0,76.0
2012-04-30,53.0,77.0
2012-05-01,51.0,80.0
2012-05-02,49.0,80.0
2012-05-03,49.0,82.0
2012-05-04,45.0,78.0
2012-05-05,35.0,74.0
2012-05-06,32.0,74.0
2012-05-07,52.0,78.0
2012-05-08,53.0,82.0
2012-05-09,52.0,82.0
2012-05-10,50.0,82.0
2012-05-11,48.0,82.0
2012-05-12,36.0,79.0
2012-05-13,33.0,78.0
2012-05-14,54.0,80.0
2012-05-15,53.0,80.0
2012-05-16,53.0,83.0
2012-05-17,52.0,80.0
2012-05-18,48.0,83.5
2012-05-19,35.0,78.0
2012-05-20,33.0,76.0
2012-05-21,50.0,77.0
2012-05-22,50.0,79.0
2012-05-23,49.0,86.0
2012-05-24,48.0,82.0
2012-05-25,48.0,78.0
2012-05-26,35.0,74.0
2012-05-27,33.0,72.0
2012-05-28,37.0,72.0
2012-05-29,53.0,74.0
2012-05-30,53.0,74.0
2012-05-31,51.0,75.0
2012-06-01,48.0,75.0
2012-06-02,35.0,72.0
2012-06-03,34.0,70.0
2012-06-04,52.0,74.0
2012-06-05,51.0,71.0
2012-06-06,54.0,76.0
2012-06-07,50.0,77.0
2012-06-08,47.0,73.0
2012-06-09,35.0,73.0
2012-06-10,34.0,69.0
2012-06-11,52.0,72.0
2012-06-12,51.0,72.0
2012-06-13,50.0,73.0
2012-06-14,49.0,71.0
2012-06-15,47.0,73.0
2012-06-16,34.0,75.0
2012-06-17,35.0,72.0
2012-06-18,50.0,71.0
2012-06-19,51.0,73.0
2012-06-20,50.0,72.0
2012-06-21,49.0,72.0
2012-06-22,46.0,69.0
2012-06-23,37.0,77.0
2012-06-24,37.0,73.0
2012-06-25,54.0,72.0
2012-06-26,53.0,72.0
2012-06-27,52.0,77.0
2012-06-28,49.0,77.0
2012-06-29,48.0,75.0
2012-06-30,40.0,77.0
2012-07-01,37.0,74.0
2012-07-02,54.0,73.0
2012-07-03,54.0,75.0
2012-07-04,43.0,75.0
2012-07-05,53.0,72.0
2012-07-06,49.0,72.0
2012-07-07,38.0,72.0
2012-07-08,37.0,72.0
2012-07-09,56.0,71.0
2012-07-10,54.0,72.0
2012-07-11,52.0,74.0
2012-07-12,52.0,75.0
2012-07-13,50.0,71.0
2012-07-14,40.0,75.0
2012-07-15,36.0,71.0
2012-07-16,54.0,73.0
2012-07-17,55.0,73.0
2012-07-18,52.0,71.0
2012-07-19,51.0,74.0
2012-07-20,49.0,72.0
2012-07-21,39.0,74.0
2012-07-22,39.0,71.0
2012-07-23,55.0,69.0
2012-07-24,54.0,72.0
2012-07-25,55.0,72.0
2012-07-26,54.0,77.0
2012-07-27,48.0,77.0
2012-07-28,37.0,74.0
2012-07-29,37.0,72.0
2012-07-30,57.0,73.0
2012-07-31,56.0,72.0
2012-08-01,56.0,71.0
2012-08-02,54.0,74.0
2012-08-03,51.0,75.0
2012-08-04,40.0,73.0
2012-08-05,38.0,72.0
2012-08-06,56.0,73.0
2012-08-07,57.0,77.0
2012-08-08,57.0,75.0
2012-08-09,50.0,74.0
2012-08-10,50.0,76.0
2012-08-11,40.0,77.0
2012-08-12,36.0,75.0
2012-08-13,56.0,73.0
2012-08-14,56.0,72.0
2012-08-15,56.0,73.0
2012-08-16,53.0,73.0
2012-08-17,50.0,78.0
2012-08-18,39.0,74.0
2012-08-19,37.0,72.0
2012-08-20,56.0,72.0
2012-08-21,54.0,75.0
2012-08-22,54.0,73.0
2012-08-23,51.0,77.0
2012-08-24,48.0,76.0
2012-08-25,39.0,73.0
2012-08-26,40.0,72.0
2012-08-27,55.0,71.0
2012-08-28,54.0,76.0
2012-08-29,50.0,80.0
2012-08-30,49.0,79.0
2012-08-31,47.0,78.0
2012-09-01,36.0,74.0
2012-09-02,33.0,72.0
2012-09-03,37.0,73.0
2012-09-04,54.0,77.0
2012-09-05,51.0,76.0
2012-09-06,48.0,77.0
2012-09-07,48.0,78.0
2012-09-08,36.0,77.0
2012-09-09,33.0,75.0
2012-09-10,52.0,78.0
2012-09-11,50.0,80.0
2012-09-12,49.0,78.0
2012-09-13,48.0,82.0
2012-09-14,46.0,79.0
2012-09-15,35.0,78.0
2012-09-16,32.0,73.0
2012-09-17,51.0,75.0
2012-09-18,48.0,77.0
2012-09-19,47.0,76.0
2012-09-20,48.0,83.0
2012-09-21,46.0,80.0
2012-09-22,36.0,78.0
2012-09-23,32.0,79.0
2012-09-24,50.0,81.0
2012-09-25,50.0,80.0
2012-09-26,48.0,81.0
2012-09-27,47.0,90.0
2012-09-28,45.0,84.0
2012-09-29,34.0,80.0
2012-09-30,33.0,78.0
2012-10-01,51.0,82.0
2012-10-02,50.0,83.0
2012-10-03,48.0,82.0
2012-10-04,47.0,89.0
2012-10-05,48.0,88.0
2012-10-06,34.0,87.0
2012-10-07,33.0,89.0
2012-10-08,48.0,89.0
2012-10-09,51.0,89.0
2012-10-10,47.0,93.0
2012-10-11,45.0,93.0
2012-10-12,45.0,93.0
2012-10-13,34.0,91.0
2012-10-14,31.0,86.0
2012-10-15,50.0,92.0
2012-10-16,51.0,91.0
2012-10-17,47.0,94.0
2012-10-18,47.0,97.0
2012-10-19,46.0,94.0
2012-10-20,35.0,91.0
2012-10-21,32.0,89.0
2012-10-22,55.0,90.0
2012-10-23,52.0,92.0
2012-10-24,51.0,92.0
2012-10-25,50.0,94.0
2012-10-26,50.0,95.0
2012-10-27,38.0,87.0
2012-10-28,43.0,87.0
2012-10-29,58.0,97.0
2012-10-30,61.0,94.0
2012-10-31,56.0,100.0
2012-11-01,54.0,96.0
2012-11-02,55.0,100.0
2012-11-03,39.0,89.0
2012-11-04,36.0,88.0
2012-11-05,62.0,91.0
2012-11-06,76.0,90.0
2012-11-07,82.0,92.0
2012-11-08,50.0,95.0
2012-11-09,45.0,97.0
2012-11-10,33.0,91.0
2012-11-11,31.0,89.0
2012-11-12,44.0,92.0
2012-11-13,45.0,96.0
2012-11-14,40.5,85.0
2012-11-15,37.0,78.0
2012-11-16,35.0,81.0
2012-11-17,25.0,75.0
2012-11-18,22.0,73.0
2012-11-19,36.0,76.0
2012-11-20,33.0,78.0
2012-11-21,29.0,75.0
2012-11-22,17.0,79.0
2012-11-23,22.0,73.0
2012-11-24,22.0,77.0
2012-11-25,22.0,73.0
2012-11-26,36.0,76.0
2012-11-27,35.0,81.0
2012-11-28,34.0,81.0
2012-11-29,33.0,80.0
2012-11-30,35.0,84.0
2012-12-01,24.0,78.0
2012-12-02,23.0,77.0
2012-12-03,36.0,80.0
2012-12-04,35.0,83.0
2012-12-05,36.0,85.0
2012-12-06,34.0,82.0
2012-12-07,33.0,86.0
2012-12-08,23.0,79.0
2012-12-09,21.0,76.0
2012-12-10,34.0,80.0
2012-12-11,35.0,82.0
2012-12-12,33.0,86.0
2012-12-13,34.0,86.0
2012-12-14,30.0,86.0
2012-12-15,23.0,82.0
2012-12-16,21.0,82.0
2012-12-17,34.0,80.0
2012-12-18,35.0,81.0
2012-12-19,33.0,80.0
2012-12-20,34.0,82.0
2012-12-21,30.0,81.0
2012-12-22,22.0,82.0
2012-12-23,20.0,80.0
2012-12-24,23.0,83.0
2012-12-25,17.0,100.0
2012-12-26,32.0,87.0
2012-12-27,33.0,86.0
2012-12-28,33.0,82.0
2012-12-29,25.0,82.0
2012-12-30,23.0,80.0
2012-12-31,30.0,79.0
2013-01-01,26.0,82.0
2013-01-02,40.0,81.0
2013-01-03,39.0,82.0
2013-01-04,38.0,81.0
2013-01-05,27.0,82.0
2013-01-06,25.0,81.0
2013-01-07,41.0,80.0
2013-01-08,40.0,83.0
2013-01-09,38.0,86.0
2013-01-10,37.0,84.0
2013-01-11,37.0,84.0
2013-01-12,26.0,83.0
2013-01-13,24.0,80.0
2013-01-14,40.0,81.0
2013-01-15,40.0,83.0
2013-01-16,39.0,89.0
2013-01-17,39.0,85.0
2013-01-18,40.0,87.0
2013-01-19,27.0,82.0
2013-01-20,25.0,80.0
2013-01-21,32.0,79.0
2013-01-22,40.0,82.0
2013-01-23,40.0,85.0
2013-01-24,41.0,82.0
2013-01-25,42.0,84.0
2013-01-26,28.0,83.0
2013-01-27,26.0,80.0
2013-01-28,42.0,82.0
2013-01-29,38.0,82.0
2013-01-30,40.0,86.0
2013-01-31,39.0,86.0
2013-02-01,41.0,86.0
2013-02-02,27.0,81.0
2013-02-03,23.0,78.0
2013-02-04,37.0,81.0
2013-02-05,39.0,86.0
2013-02-06,37.0,88.0
2013-02-07,38.0,85.0
2013-02-08,37.0,82.0
2013-02-09,27.0,81.0
2013-02-10,25.0,82.0
2013-02-11,37.0,81.0
2013-02-12,36.0,85.0
2013-02-13,35.0,86.0
2013-02-14,35.0,92.0
2013-02-15,34.0,85.0
2013-02-16,27.0,89.0
2013-02-17,25.0,82.0
2013-02-18,34.0,80.0
2013-02-19,39.0,85.0
2013-02-20,37.0,86.0
2013-02-21,36.0,90.0
2013-02-22,39.0,89.0
2013-02-23,27.0,86.0
2013-02-24,25.0,84.0
2013-02-25,37.0,85.0
2013-02-26,38.0,88.0
2013-02-27,37.0,87.0
2013-02-28,37.0,89.0
2013-03-01,36.0,88.0
2013-03-02,27.0,84.0
2013-03-03,26.0,84.0
2013-03-04,39.0,88.0
2013-03-05,39.0,85.0
2013-03-06,43.0,87.0
2013-03-07,41.0,90.0
2013-03-08,35.0,88.0
2013-03-09,26.0,86.0
2013-03-10,26.0,83.0
2013-03-11,39.0,90.0
2013-03-12,38.0,87.0
2013-03-13,38.0,88.0
2013-03-14,37.0,87.0
2013-03-15,35.0,87.0
2013-03-16,27.0,85.0
2013-03-17,26.0,87.0
2013-03-18,42.0,86.0
2013-03-19,39.0,81.0
2013-03-20,38.0,85.0
2013-03-21,38.0,88.0
2013-03-22,36.0,88.0
2013-03-23,26.0,83.0
2013-03-24,27.0,85.0
2013-03-25,42.0,83.0
2013-03-26,40.0,85.0
2013-03-27,38.0,83.0
2013-03-28,37.0,87.0
2013-03-29,35.0,83.0
2013-03-30,27.0,82.0
2013-03-31,24.0,87.0
2013-04-01,39.0,96.0
2013-04-02,41.0,90.0
2013-04-03,39.0,86.0
2013-04-04,38.0,85.0
2013-04-05,37.0,83.0
2013-04-06,29.0,86.0
2013-04-07,26.0,81.0
2013-04-08,41.0,84.0
2013-04-09,40.0,86.0
2013-04-10,42.0,88.0
2013-04-11,38.0,85.0
2013-04-12,36.0,87.0
2013-04-13,28.0,82.0
2013-04-14,26.0,82.0
2013-04-15,38.0,87.0
2013-04-16,38.0,91.0
2013-04-17,38.0,90.0
2013-04-18,36.0,87.0
2013-04-19,35.0,87.0
2013-04-20,26.0,87.0
2013-04-21,25.0,82.0
2013-04-22,38.0,89.0
2013-04-23,39.0,88.0
2013-04-24,38.0,86.0
2013-04-25,38.0,88.0
2013-04-26,37.0,82.0
2013-04-27,27.0,82.0
2013-04-28,26.0,85.0
2013-04-29,40.0,86.0
2013-04-30,39.0,85.0
2013-05-01,39.0,86.0
2013-05-02,38.0,86.0
2013-05-03,37.0,89.0
2013-05-04,27.0,82.0
2013-05-05,25.0,84.0
2013-05-06,40.0,88.0
2013-05-07,39.0,86.0
2013-05-08,38.0,89.0
2013-05-09,37.0,88.0
2013-05-10,37.0,86.0
2013-05-11,27.0,86.0
2013-05-12,25.0,87.0
2013-05-13,38.5,81.5
2013-05-14,36.0,79.0
2013-05-15,34.0,85.0
2013-05-16,35.0,82.0
2013-05-17,33.0,84.0
2013-05-18,24.0,80.0
2013-05-19,23.0,74.0
2013-05-20,37.0,76.0
2013-05-21,37.0,77.0
2013-05-22,36.0,82.0
2013-05-23,34.0,85.0
2013-05-24,33.0,81.0
2013-05-25,25.0,77.0
2013-05-26,23.0,75.0
2013-05-27,24.0,73.0
2013-05-28,38.0,78.0
2013-05-29,38.0,79.0
2013-05-30,36.0,80.0
2013-05-31,35.0,80.0
2013-06-01,26.0,75.0
2013-06-02,26.0,75.0
2013-06-03,37.0,78.0
2013-06-04,37.0,78.0
2013-06-05,36.0,78.0
2013-06-06,35.0,77.0
2013-06-07,33.0,75.0
2013-06-08,24.0,76.0
2013-06-09,23.0,75.0
2013-06-10,37.0,77.0
2013-06-11,35.0,75.0
2013-06-12,35.0,73.0
2013-06-13,36.0,75.0
2013-06-14,34.0,76.0
2013-06-15,25.0,75.0
2013-06-16,22.0,76.0
2013-06-17,37.0,74.0
2013-06-18,36.0,75.0
2013-06-19,34.0,75.0
2013-06-20,34.0,72.0
2013-06-21,32.0,76.0
2013-06-22,26.0,77.0
2013-06-23,25.0,75.0
2013-06-24,37.0,72.0
2013-06-25,36.0,73.0
2013-06-26,36.0,76.0
2013-06-27,35.0,74.0
2013-06-28,34.0,72.0
2013-06-29,26.0,75.0
2013-06-30,25.0,73.0
2013-07-01,37.0,73.0
2013-07-02,37.0,73.0
2013-07-03,35.0,78.0
2013-07-04,29.0,77.0
2013-07-05,34.0,77.0
2013-07-06,26.0,77.0
2013-07-07,25.0,76.0
2013-07-08,39.0,78.0
2013-07-09,39.0,76.0
2013-07-10,37.0,76.0
2013-07-11,37.0,74.0
2013-07-12,34.0,76.0
2013-07-13,27.0,78.0
2013-07-14,25.0,74.0
2013-07-15,38.0,76.0
2013-07-16,38.0,76.0
2013-07-17,37.0,74.0
2013-07-18,36.0,72.0
2013-07-19,36.0,72.0
2013-07-20,27.0,74.0
2013-07-21,27.0,73.0
2013-07-22,38.0,73.0
2013-07-23,37.0,71.0
2013-07-24,38.0,72.0
2013-07-25,39.0,77.0
2013-07-26,37.0,75.0
2013-07-27,29.0,76.0
2013-07-28,27.0,73.0
2013-07-29,41.0,73.0
2013-07-30,40.0,74.0
2013-07-31,40.0,72.0
2013-08-01,39.0,75.0
2013-08-02,39.0,72.0
2013-08-03,28.0,77.0
2013-08-04,28.0,73.0
2013-08-05,40.0,72.0
2013-08-06,40.0,72.0
2013-08-07,40.0,73.0
2013-08-08,38.0,71.0
2013-08-09,38.0,73.0
2013-08-10,29.0,73.0
2013-08-11,26.0,73.0
2013-08-12,40.0,74.0
2013-08-13,39.0,74.0
2013-08-14,38.0,75.0
2013-08-15,36.0,75.0
2013-08-16,36.0,75.0
2013-08-17,27.0,73.0
2013-08-18,27.0,73.0
2013-08-19,39.0,73.0
2013-08-20,39.0,75.0
2013-08-21,38.0,78.0
2013-08-22,38.0,80.0
2013-08-23,35.0,79.0
2013-08-24,26.0,77.0
2013-08-25,25.0,77.0
2013-08-26,37.0,77.0
2013-08-27,37.0,77.0
2013-08-28,36.0,84.0
2013-08-29,36.0,79.0
2013-08-30,34.0,79.0
2013-08-31,27.0,77.0
2013-09-01,24.0,75.0
2013-09-02,25.0,77.0
2013-09-03,38.0,78.0
2013-09-04,38.0,80.0
2013-09-05,36.0,81.0
2013-09-06,35.0,83.0
2013-09-07,26.0,76.0
2013-09-08,24.0,75.0
2013-09-09,37.0,79.0
2013-09-10,35.0,81.0
2013-09-11,35.0,84.0
2013-09-12,34.0,81.0
2013-09-13,34.0,80.0
2013-09-14,26.0,76.0
2013-09-15,22.0,74.0
2013-09-16,35.0,79.0
2013-09-17,35.0,83.0
2013-09-18,35.0,88.0
2013-09-19,34.0,88.0
2013-09-20,33.0,91.0
2013-09-21,25.0,87.0
2013-09-22,22.0,85.0
2013-09-23,36.0,89.0
2013-09-24,36.0,91.0
2013-09-25,35.0,87.0
2013-09-26,34.0,94.0
2013-09-27,33.0,100.0
2013-09-28,26.0,89.0
2013-09-29,22.0,81.0
2013-09-30,35.0,86.0
2013-10-01,34.0,92.0
2013-10-02,33.0,88.0
2013-10-03,32.0,94.0
2013-10-04,31.0,91.0
2013-10-05,24.0,85.0
2013-10-06,22.0,85.0
2013-10-07,35.0,89.0
2013-10-08,33.0,93.0
2013-10-09,33.0,94.0
2013-10-10,32.0,92.0
2013-10-11,31.0,88.0
2013-10-12,23.0,82.0
2013-10-13,23.0,85.0
2013-10-14,35.0,90.0
2013-10-15,33.0,92.0
2013-10-16,33.0,90.0
2013-10-17,32.0,91.0
2013-10-18,31.0,91.0
2013-10-19,22.0,84.0
2013-10-20,22.0,85.0
2013-10-21,33.0,93.0
2013-10-22,33.0,92.0
2013-10-23,33.0,93.0
2013-10-24,31.0,95.0
2013-10-25,31.0,91.0
2013-10-26,23.0,85.0
2013-10-27,21.0,88.0
2013-10-28,33.0,92.0
2013-10-29,32.0,92.0
2013-10-30,33.0,91.0
2013-10-31,31.0,97.0
2013-11-01,31.0,93.0
2013-11-02,23.0,87.0
2013-11-03,21.0,85.0
2013-11-04,35.0,91.0
2013-11-05,37.0,93.0
2013-11-06,44.0,94.0
2013-11-07,33.0,95.0
2013-11-08,31.0,95.0
2013-11-09,23.0,87.0
2013-11-10,21.0,86.0
2013-11-11,31.0,88.0
2013-11-12,33.0,91.0
2013-11-13,33.0,96.0
2013-11-14,33.0,97.0
2013-11-15,32.0,94.0
2013-11-16,23.0,91.0
2013-11-17,22.0,88.0
2013-11-18,34.0,94.0
2013-11-19,33.0,100.0
2013-11-20,31.0,94.0
2013-11-21,32.0,95.0
2013-11-22,29.0,96.0
2013-11-23,22.0,91.0
2013-11-24,19.0,88.0
2013-11-25,31.0,90.0
2013-11-26,32.0,92.0
2013-11-27,27.0,88.0
2013-11-28,15.0,88.0
2013-11-29,21.0,87.0
2013-11-30,21.0,89.0
2013-12-01,18.0,86.0
2013-12-02,31.0,92.0
2013-12-03,31.0,93.0
2013-12-04,32.0,96.0
2013-12-05,30.0,95.0
2013-12-06,30.0,92.0
2013-12-07,21.0,85.0
2013-12-08,22.0,87.0
2013-12-09,36.0,90.0
2013-12-10,36.0,90.0
2013-12-11,32.0,91.0
2013-12-12,31.0,89.0
2013-12-13,29.0,90.0
2013-12-14,20.0,84.0
2013-12-15,19.0,84.0
2013-12-16,32.0,87.0
2013-12-17,31.0,89.0
2013-12-18,30.0,87.0
2013-12-19,32.0,88.0
2013-12-20,29.0,85.0
2013-12-21,21.0,86.0
2013-12-22,20.0,82.0
2013-12-23,28.0,81.0
2013-12-24,21.0,82.0
2013-12-25,16.0,98.0
2013-12-26,28.0,90.0
2013-12-27,29.0,84.0
2013-12-28,21.0,83.0
2013-12-29,21.0,82.0
2013-12-30,33.0,79.0
2013-12-31,30.0,81.0
2014-01-01,23.0,86.0
2014-01-02,35.0,81.0
2014-01-03,36.0,82.0
2014-01-04,23.0,80.0
2014-01-05,27.0,82.0
2014-01-06,48.0,81.0
2014-01-07,42.0,84.0
2014-01-08,38.0,85.0
2014-01-09,36.0,90.0
2014-01-10,37.0,93.0
2014-01-11,27.0,85.0
2014-01-12,24.0,82.0
2014-01-13,36.0,87.0
2014-01-14,36.0,92.0
2014-01-15,35.0,89.0
2014-01-16,35.0,88.0
2014-01-17,33.0,89.0
2014-01-18,25.0,82.0
2014-01-19,23.0,81.0
2014-01-20,30.0,81.0
2014-01-21,40.0,86.0
2014-01-22,40.0,88.0
2014-01-23,37.0,88.0
2014-01-24,36.0,89.0
2014-01-25,27.0,85.0
2014-01-26,24.0,81.0
2014-01-27,39.0,84.0
2014-01-28,42.0,89.0
2014-01-29,43.0,87.0
2014-01-30,39.0,88.0
2014-01-31,35.0,88.0
2014-02-01,24.0,80.0
2014-02-02,22.0,77.0
2014-02-03,36.0,84.0
2014-02-04,35.0,86.0
2014-02-05,41.0,85.0
2014-02-06,38.0,86.0
2014-02-07,34.0,91.0
2014-02-08,24.0,83.0
2014-02-09,23.0,81.0
2014-02-10,37.0,89.0
2014-02-11,40.0,89.0
2014-02-12,37.0,89.0
2014-02-13,37.0,87.0
2014-02-14,34.0,84.0
2014-02-15,23.0,80.0
2014-02-16,24.0,82.0
2014-02-17,33.0,80.0
2014-02-18,37.0,85.0
2014-02-19,34.0,86.0
2014-02-20,32.0,91.0
2014-02-21,33.0,89.0
2014-02-22,25.0,81.0
2014-02-23,23.0,81.0
2014-02-24,35.0,88.0
2014-02-25,34.0,92.0
2014-02-26,36.0,93.0
2014-02-27,33.0,92.0
2014-02-28,32.0,87.0
2014-03-01,24.0,81.0
2014-03-02,25.0,82.0
2014-03-03,39.0,87.0
2014-03-04,38.0,91.0
2014-03-05,38.0,87.0
2014-03-06,33.0,87.0
2014-03-07,34.0,92.0
2014-03-08,24.0,84.0
2014-03-09,22.0,81.0
2014-03-10,34.0,89.0
2014-03-11,34.0,90.0
2014-03-12,34.0,89.0
2014-03-13,34.0,88.0
2014-03-14,32.0,89.0
2014-03-15,25.0,79.0
2014-03-16,24.0,81.0
2014-03-17,39.0,91.0
2014-03-18,38.0,90.0
2014-03-19,35.0,92.0
2014-03-20,34.0,94.0
2014-03-21,32.0,86.0
2014-03-22,24.0,81.0
2014-03-23,24.0,82.0
2014-03-24,34.0,87.0
2014-03-25,36.0,87.0
2014-03-26,35.0,90.0
2014-03-27,34.0,90.0
2014-03-28,32.0,87.0
2014-03-29,25.0,79.0
2014-03-30,24.0,80.0
2014-03-31,35.0,90.0
2014-04-01,34.0,98.0
2014-04-02,34.0,92.0
2014-04-03,33.0,91.0
2014-04-04,32.0,86.0
2014-04-05,25.0,81.0
2014-04-06,23.0,81.0
2014-04-07,35.0,86.0
2014-04-08,34.0,86.0
2014-04-09,34.0,89.0
2014-04-10,33.0,91.0
2014-04-11,33.0,92.0
2014-04-12,26.0,84.0
2014-04-13,23.0,81.0
2014-04-14,36.0,87.0
2014-04-15,35.0,88.0
2014-04-16,34.0,91.0
2014-04-17,33.0,87.0
2014-04-18,31.0,84.0
2014-04-19,23.0,81.0
2014-04-20,20.0,81.0
2014-04-21,36.0,85.0
2014-04-22,34.0,90.0
2014-04-23,35.0,90.0
2014-04-24,34.0,88.0
2014-04-25,33.0,85.0
2014-04-26,25.0,81.0
2014-04-27,23.0,79.0
2014-04-28,36.0,86.0
2014-04-29,36.0,89.0
2014-04-30,37.0,91.0
2014-05-01,34.0,88.0
2014-05-02,33.0,88.0
2014-05-03,23.0,79.0
2014-05-04,23.0,80.0
2014-05-05,35.0,89.0
2014-05-06,36.0,89.0
2014-05-07,36.0,87.0
2014-05-08,33.5,86.5
2014-05-09,32.0,87.0
2014-05-10,23.0,80.0
2014-05-11,22.0,80.0
2014-05-12,36.0,90.0
2014-05-13,35.0,85.0
2014-05-14,37.0,89.0
2014-05-15,36.0,90.0
2014-05-16,34.0,87.0
2014-05-17,24.0,78.0
2014-05-18,23.0,79.0
2014-05-19,37.0,95.0
2014-05-20,37.0,91.0
2014-05-21,38.0,93.0
2014-05-22,34.0,92.0
2014-05-23,33.0,89.0
2014-05-24,24.0,78.0
2014-05-25,23.0,82.0
2014-05-26,25.0,80.0
2014-05-27,39.0,91.0
2014-05-28,35.0,87.0
2014-05-29,36.0,90.0
2014-05-30,35.0,88.0
2014-05-31,25.0,83.0
2014-06-01,24.0,81.0
2014-06-02,36.0,83.0
2014-06-03,36.0,85.0
2014-06-04,37.0,85.0
2014-06-05,34.0,85.0
2014-06-06,34.0,84.0
2014-06-07,25.0,80.0
2014-06-08,23.0,79.0
2014-06-09,36.0,91.0
2014-06-10,37.0,81.0
2014-06-11,35.0,80.0
2014-06-12,35.0,83.0
2014-06-13,31.0,80.0
2014-06-14,24.0,78.0
2014-06-15,21.0,79.0
2014-06-16,36.0,79.0
2014-06-17,34.0,80.0
2014-06-18,35.0,81.0
2014-06-19,35.0,84.0
2014-06-20,34.0,80.0
2014-06-21,26.0,80.0
2014-06-22,23.0,79.0
2014-06-23,36.0,82.0
2014-06-24,37.0,79.0
2014-06-25,38.0,80.0
2014-06-26,33.0,78.0
2014-06-27,33.0,78.0
2014-06-28,25.0,77.0
2014-06-29,24.0,78.0
2014-06-30,37.0,76.0
2014-07-01,35.0,74.0
2014-07-02,36.0,76.0
2014-07-03,35.0,77.0
2014-07-04,26.0,79.0
2014-07-05,26.0,75.0
2014-07-06,25.0,77.0
2014-07-07,39.0,76.0
2014-07-08,36.0,76.0
2014-07-09,37.0,79.0
2014-07-10,36.0,78.0
2014-07-11,34.0,77.0
2014-07-12,26.0,78.0
2014-07-13,24.0,78.0
2014-07-14,38.0,77.0
2014-07-15,38.0,79.0
2014-07-16,37.0,78.0
2014-07-17,37.0,79.0
2014-07-18,36.0,80.0
2014-07-19,28.0,80.0
2014-07-20,26.0,77.0
2014-07-21,41.0,77.0
2014-07-22,40.0,79.0
2014-07-23,39.0,77.0
2014-07-24,37.0,76.0
2014-07-25,38.0,79.0
2014-07-26,29.0,78.0
2014-07-27,27.0,78.0
2014-07-28,39.0,77.0
2014-07-29,39.0,79.0
2014-07-30,37.0,77.0
2014-07-31,38.0,77.0
2014-08-01,35.0,75.0
2014-08-02,29.0,80.0
2014-08-03,27.0,79.0
2014-08-04,41.0,78.0
2014-08-05,40.0,77.0
2014-08-06,41.0,78.0
2014-08-07,37.0,75.0
2014-08-08,38.0,77.0
2014-08-09,27.0,78.0
2014-08-10,26.0,75.0
2014-08-11,39.0,76.0
2014-08-12,38.0,81.0
2014-08-13,37.0,78.0
2014-08-14,38.0,81.0
2014-08-15,35.0,80.0
2014-08-16,27.0,78.0
2014-08-17,25.0,76.0
2014-08-18,39.0,79.0
2014-08-19,38.0,79.0
2014-08-20,36.0,81.0
2014-08-21,35.0,84.0
2014-08-22,34.0,82.0
2014-08-23,25.0,78.0
2014-08-24,25.0,79.0
2014-08-25,38.0,87.0
2014-08-26,36.0,85.0
2014-08-27,37.0,88.0
2014-08-28,36.0,89.0
2014-08-29,33.0,87.0
2014-08-30,24.0,79.0
2014-08-31,23.0,77.0
2014-09-01,24.0,79.0
2014-09-02,37.0,89.0
2014-09-03,36.0,93.0
2014-09-04,34.0,93.0
2014-09-05,33.0,91.0
2014-09-06,24.0,80.0
2014-09-07,23.0,80.0
2014-09-08,35.0,94.0
2014-09-09,34.0,94.0
2014-09-10,34.0,92.0
2014-09-11,33.0,97.0
2014-09-12,32.0,94.0
2014-09-13,25.0,80.0
2014-09-14,21.0,80.0
2014-09-15,35.0,94.0
2014-09-16,34.0,92.0
2014-09-17,33.0,95.0
2014-09-18,33.0,93.0
2014-09-19,33.0,91.0
2014-09-20,25.0,78.0
2014-09-21,22.0,79.0
2014-09-22,35.0,93.0
2014-09-23,33.0,97.0
2014-09-24,34.0,93.0
2014-09-25,33.0,94.0
2014-09-26,33.0,95.0
2014-09-27,24.0,88.0
2014-09-28,22.0,81.0
2014-09-29,35.0,94.0
2014-09-30,34.0,94.0
2014-10-01,33.0,95.0
2014-10-02,33.0,96.0
2014-10-03,32.0,91.0
2014-10-04,23.0,78.0
2014-10-05,21.0,79.0
2014-10-06,35.0,93.0
2014-10-07,34.0,94.0
2014-10-08,34.0,95.0
2014-10-09,33.0,96.0
2014-10-10,31.0,91.0
2014-10-11,24.0,80.0
2014-10-12,23.0,81.0
2014-10-13,34.0,90.0
2014-10-14,35.0,97.0
2014-10-15,34.0,97.0
2014-10-16,32.0,94.0
2014-10-17,31.0,91.0
2014-10-18,24.0,81.0
2014-10-19,21.0,81.0
2014-10-20,35.0,95.0
2014-10-21,34.0,99.0
2014-10-22,33.0,100.0
2014-10-23,33.0,97.0
2014-10-24,32.0,95.0
2014-10-25,23.0,86.0
2014-10-26,22.0,81.0
2014-10-27,34.0,94.0
2014-10-28,35.0,95.0
2014-10-29,33.0,98.0
2014-10-30,33.0,95.0
2014-10-31,32.0,96.0
2014-11-01,24.0,79.0
2014-11-02,22.0,81.0
2014-11-03,38.0,95.0
2014-11-04,48.5,94.0
2014-11-05,58.0,94.0
2014-11-06,35.0,93.0
2014-11-07,33.0,94.0
2014-11-08,23.0,81.0
2014-11-09,21.0,80.0
2014-11-10,32.0,96.0
2014-11-11,30.0,89.0
2014-11-12,32.0,96.0
2014-11-13,31.0,100.0
2014-11-14,30.0,97.0
2014-11-15,22.0,80.0
2014-11-16,20.0,78.0
2014-11-17,32.0,94.0
2014-11-18,32.0,95.0
2014-11-19,33.0,95.0
2014-11-20,30.0,99.0
2014-11-21,29.0,95.0
2014-11-22,22.0,79.0
2014-11-23,19.0,78.0
2014-11-24,30.0,87.0
2014-11-25,29.0,90.0
2014-11-26,27.0,81.0
2014-11-27,15.0,81.0
2014-11-28,20.0,72.0
2014-11-29,20.0,76.0
2014-11-30,19.0,79.0
2014-12-01,30.0,89.0
2014-12-02,32.0,95.0
2014-12-03,31.0,98.0
2014-12-04,29.0,98.0
2014-12-05,28.0,96.0
2014-12-06,20.0,78.0
2014-12-07,18.0,77.0
2014-12-08,31.0,94.0
2014-12-09,31.0,94.0
2014-12-10,29.0,95.0
2014-12-11,29.0,95.0
2014-12-12,30.0,98.0
2014-12-13,21.0,80.0
2014-12-14,19.0,78.0
2014-12-15,30.0,93.0
2014-12-16,31.0,100.0
2014-12-17,30.0,95.0
2014-12-18,30.0,95.0
2014-12-19,29.0,87.0
2014-12-20,20.0,77.0
2014-12-21,18.0,78.0
2014-12-22,29.0,80.0
2014-12-23,26.0,78.0
2014-12-24,21.0,77.0
2014-12-25,15.0,87.0
2014-12-26,22.0,81.0
2014-12-27,20.0,80.0
2014-12-28,20.0,77.0
2014-12-29,32.0,76.0
2014-12-30,31.0,76.0
2014-12-31,28.0,75.0
2015-01-01,21.0,76.0
2015-01-02,29.0,73.0
2015-01-03,23.0,76.0
2015-01-04,22.0,74.0
2015-01-05,37.0,83.0
2015-01-06,39.0,88.0
2015-01-07,38.0,87.0
2015-01-08,39.0,89.0
2015-01-09,34.0,91.0
2015-01-10,22.0,76.0
2015-01-11,20.0,77.0
2015-01-12,37.0,86.0
2015-01-13,34.0,95.0
2015-01-14,37.0,92.0
2015-01-15,34.0,95.0
2015-01-16,32.0,91.0
2015-01-17,23.0,77.0
2015-01-18,21.0,75.0
2015-01-19,28.0,77.0
2015-01-20,35.0,89.0
2015-01-21,35.0,95.0
2015-01-22,33.0,92.0
2015-01-23,33.0,93.0
2015-01-24,23.0,78.0
2015-01-25,22.0,79.0
2015-01-26,38.0,85.0
2015-01-27,37.0,90.0
2015-01-28,35.0,90.0
2015-01-29,33.0,95.0
2015-01-30,32.0,88.0
2015-01-31,22.0,76.0
2015-02-01,22.0,77.0
2015-02-02,35.0,83.0
2015-02-03,34.0,93.0
2015-02-04,33.0,92.0
2015-02-05,33.0,93.0
2015-02-06,31.0,92.0
2015-02-07,22.0,78.0
2015-02-08,20.0,75.0
2015-02-09,33.0,90.0
2015-02-10,34.0,93.0
2015-02-11,33.0,94.0
2015-02-12,32.0,92.0
2015-02-13,31.0,87.0
2015-02-14,22.0,76.0
2015-02-15,23.0,73.0
2015-02-16,33.0,74.0
2015-02-17,42.0,85.0
2015-02-18,40.0,89.0
2015-02-19,36.0,88.0
2015-02-20,34.0,87.0
2015-02-21,24.0,75.0
2015-02-22,23.0,77.0
2015-02-23,36.0,89.0
2015-02-24,40.0,91.0
2015-02-25,36.0,92.0
2015-02-26,38.0,92.0
2015-02-27,33.0,89.0
2015-02-28,24.0,73.0
2015-03-01,21.0,73.0
2015-03-02,37.0,90.0
2015-03-03,35.0,93.0
2015-03-04,35.0,92.0
2015-03-05,36.0,92.0
2015-03-06,34.0,85.0
2015-03-07,23.0,76.0
2015-03-08,22.0,75.0
2015-03-09,34.0,90.0
2015-03-10,33.0,93.0
2015-03-11,33.0,92.0
2015-03-12,32.0,94.0
2015-03-13,31.0,88.0
2015-03-14,23.0,76.0
2015-03-15,22.0,71.0
2015-03-16,35.0,87.0
2015-03-17,34.0,93.0
2015-03-18,34.0,92.0
2015-03-19,32.0,91.0
2015-03-20,33.0,89.0
2015-03-21,22.0,74.0
2015-03-22,23.0,74.0
2015-03-23,33.0,92.0
2015-03-24,34.0,92.0
2015-03-25,30.0,82.0
2015-03-26,36.0,94.0
2015-03-27,31.0,88.0
2015-03-28,23.0,74.0
2015-03-29,22.0,73.0
2015-03-30,35.0,86.0
2015-03-31,34.0,94.0
2015-04-01,33.0,99.0
2015-04-02,34.0,90.0
2015-04-03,31.0,80.0
2015-04-04,22.0,72.0
2015-04-05,20.0,72.0
2015-04-06,35.0,85.0
2015-04-07,36.0,87.0
2015-04-08,36.0,88.0
2015-04-09,33.0,89.0
2015-04-10,33.0,87.0
2015-04-11,24.0,76.0
2015-04-12,24.0,73.0
2015-04-13,36.0,88.0
2015-04-14,35.0,95.0
2015-04-15,34.0,94.0
2015-04-16,32.0,94.0
2015-04-17,33.0,91.0
2015-04-18,22.0,73.0
2015-04-19,22.0,73.0
2015-04-20,34.0,88.0
2015-04-21,35.0,95.0
2015-04-22,33.0,96.0
2015-04-23,32.0,92.0
2015-04-24,32.0,94.0
2015-04-25,22.0,76.0
2015-04-26,22.0,74.0
2015-04-27,35.0,91.0
2015-04-28,33.0,91.0
2015-04-29,33.0,92.0
2015-04-30,33.0,94.0
2015-05-01,31.0,88.0
2015-05-02,22.0,70.0
2015-05-03,19.0,68.0
2015-05-04,30.0,86.0
2015-05-05,31.0,81.0
2015-05-06,30.0,82.0
2015-05-07,29.0,82.0
2015-05-08,28.0,83.0
2015-05-09,21.0,63.0
2015-05-10,18.0,65.0
2015-05-11,33.0,84.0
2015-05-12,31.0,83.0
2015-05-13,31.0,82.0
2015-05-14,30.0,85.0
2015-05-15,30.0,82.0
2015-05-16,20.0,65.0
2015-05-17,20.0,63.0
2015-05-18,33.0,81.0
2015-05-19,32.0,82.0
2015-05-20,32.0,85.0
2015-05-21,31.0,83.0
2015-05-22,28.0,80.0
2015-05-23,22.0,60.0
2015-05-24,20.0,60.0
2015-05-25,22.0,62.0
2015-05-26,33.0,82.0
2015-05-27,33.0,79.0
2015-05-28,32.0,79.0
2015-05-29,30.0,79.0
2015-05-30,22.0,61.0
2015-05-31,21.0,61.0
2015-06-01,32.0,77.0
2015-06-02,31.0,74.0
2015-06-03,32.0,76.0
2015-06-04,31.0,73.0
2015-06-05,29.0,71.0
2015-06-06,22.0,59.0
2015-06-07,21.0,61.0
2015-06-08,32.0,71.0
2015-06-09,32.0,71.0
2015-06-10,31.0,71.0
2015-06-11,32.0,68.0
2015-06-12,30.0,67.0
2015-06-13,22.0,60.0
2015-06-14,21.0,58.0
2015-06-15,33.0,65.0
2015-06-16,31.0,61.0
2015-06-17,31.0,63.0
2015-06-18,30.0,62.0
2015-06-19,29.0,61.0
2015-06-20,22.0,57.0
2015-06-21,21.0,58.0
2015-06-22,32.0,62.0
2015-06-23,31.0,64.0
2015-06-24,32.0,60.0
2015-06-25,31.0,64.0
2015-06-26,30.0,61.0
2015-06-27,23.0,58.0
2015-06-28,22.0,57.0
2015-06-29,34.0,61.0
2015-06-30,34.0,61.0
2015-07-01,33.0,61.0
2015-07-02,32.0,60.0
2015-07-03,28.0,58.0
2015-07-04,24.0,59.0
2015-07-05,24.0,58.0
2015-07-06,35.0,63.0
2015-07-07,35.0,63.0
2015-07-08,34.0,61.0
2015-07-09,34.0,63.0
2015-07-10,32.0,59.0
2015-07-11,24.0,59.0
2015-07-12,23.0,59.0
2015-07-13,35.0,62.0
2015-07-14,35.0,63.0
2015-07-15,34.0,62.0
2015-07-16,34.0,63.0
2015-07-17,33.0,61.0
2015-07-18,24.0,59.0
2015-07-19,24.0,59.0
2015-07-20,36.0,62.0
2015-07-21,35.0,64.0
2015-07-22,36.0,62.0
2015-07-23,35.0,62.0
2015-07-24,33.0,61.0
2015-07-25,27.0,59.0
2015-07-26,25.0,58.0
2015-07-27,38.0,61.0
2015-07-28,37.0,63.0
2015-07-29,35.0,60.0
2015-07-30,36.0,63.0
2015-07-31,34.0,62.0
2015-08-01,27.0,59.0
2015-08-02,26.0,56.0
2015-08-03,38.0,60.0
2015-08-04,37.0,63.0
2015-08-05,37.0,62.0
2015-08-06,35.0,64.0
2015-08-07,34.0,60.0
2015-08-08,26.0,58.0
2015-08-09,24.0,57.0
2015-08-10,37.0,62.0
2015-08-11,36.0,66.0
2015-08-12,37.0,66.0
2015-08-13,35.0,67.0
2015-08-14,34.0,66.0
2015-08-15,25.0,59.0
2015-08-16,24.0,57.0
2015-08-17,37.0,66.0
2015-08-18,35.0,68.0
2015-08-19,35.0,71.0
2015-08-20,33.0,74.0
2015-08-21,33.0,73.0
2015-08-22,25.0,59.0
2015-08-23,23.0,59.0
2015-08-24,35.0,74.0
2015-08-25,35.0,76.0
2015-08-26,33.0,78.0
2015-08-27,33.0,78.0
2015-08-28,32.0,77.0
2015-08-29,25.0,59.0
2015-08-30,22.0,60.0
2015-08-31,34.0,82.0
2015-09-01,35.0,88.0
2015-09-02,33.0,100.0
2015-09-03,32.0,93.0
2015-09-04,30.0,88.0
2015-09-05,24.0,65.0
2015-09-06,22.0,64.0
2015-09-07,23.0,65.0
2015-09-08,35.0,89.0
2015-09-09,33.0,93.0
2015-09-10,32.0,94.0
2015-09-11,31.0,89.0
2015-09-12,23.0,61.0
2015-09-13,21.0,62.0
2015-09-14,32.0,84.0
2015-09-15,32.0,89.0
2015-09-16,31.0,90.0
2015-09-17,31.0,94.0
2015-09-18,30.0,88.0
2015-09-19,24.0,62.0
2015-09-20,20.0,59.0
2015-09-21,32.0,90.0
2015-09-22,31.0,90.0
2015-09-23,31.0,88.0
2015-09-24,30.0,91.0
2015-09-25,29.0,88.0
2015-09-26,22.0,60.0
2015-09-27,20.0,62.0
2015-09-28,31.0,90.0
2015-09-29,31.0,94.0
2015-09-30,30.0,89.0
2015-10-01,30.0,90.0
2015-10-02,28.0,87.0
2015-10-03,22.0,60.0
2015-10-04,21.0,61.0
2015-10-05,32.0,91.0
2015-10-06,32.0,93.0
2015-10-07,30.0,92.0
2015-10-08,30.0,92.0
2015-10-09,28.0,86.0
2015-10-10,22.0,57.0
2015-10-11,21.0,60.0
2015-10-12,30.0,77.0
2015-10-13,31.0,90.0
2015-10-14,29.0,85.0
2015-10-15,29.0,89.0
2015-10-16,28.0,87.0
2015-10-17,20.0,59.0
2015-10-18,19.0,59.0
2015-10-19,30.0,88.0
2015-10-20,29.0,89.0
2015-10-21,30.0,91.0
2015-10-22,29.0,92.0
2015-10-23,28.0,89.0
2015-10-24,21.0,59.0
2015-10-25,18.0,58.0
2015-10-26,30.0,87.0
2015-10-27,29.0,88.0
2015-10-28,28.0,90.0
2015-10-29,27.0,90.0
2015-10-30,27.5,88.0
2015-10-31,20.0,58.0
2015-11-01,19.0,61.0
2015-11-02,31.0,91.0
2015-11-03,36.0,87.0
2015-11-04,40.0,93.0
2015-11-05,29.0,92.0
2015-11-06,27.0,90.0
2015-11-07,21.0,60.0
2015-11-08,19.0,60.0
2015-11-09,30.0,92.0
2015-11-10,30.0,91.0
2015-11-11,25.0,81.0
2015-11-12,28.0,92.0
2015-11-13,27.0,92.0
2015-11-14,19.0,59.0
2015-11-15,17.0,59.0
2015-11-16,28.0,90.0
2015-11-17,29.0,93.0
2015-11-18,28.0,92.0
2015-11-19,28.0,95.0
2015-11-20,27.0,92.0
2015-11-21,19.0,59.0
2015-11-22,18.0,57.0
2015-11-23,28.0,82.0
2015-11-24,25.0,82.0
2015-11-25,23.0,66.0
2015-11-26,14.0,57.0
2015-11-27,18.0,53.0
2015-11-28,18.0,58.0
2015-11-29,17.0,57.0
2015-11-30,28.0,87.0
2015-12-01,28.0,88.0
2015-12-02,28.0,90.0
2015-12-03,28.0,92.0
2015-12-04,26.0,94.0
2015-12-05,20.0,60.0
2015-12-06,18.0,61.0
2015-12-07,28.0,90.0
2015-12-08,27.0,92.0
2015-12-09,27.0,92.0
2015-12-10,28.0,94.0
2015-12-11,26.0,92.0
2015-12-12,19.0,59.0
2015-12-13,17.0,59.0
2015-12-14,27.0,91.0
2015-12-15,28.0,89.0
2015-12-16,28.0,89.0
2015-12-17,27.0,92.0
2015-12-18,26.0,80.0
2015-12-19,19.0,55.0
2015-12-20,17.0,53.0
2015-12-21,26.0,65.0
2015-12-22,26.0,65.0
2015-12-23,25.0,62.0
2015-12-24,19.0,57.0
2015-12-25,14.0,62.0
2015-12-26,18.0,55.0
2015-12-27,19.0,53.0
2015-12-28,30.0,56.0
2015-12-29,30.0,57.0
2015-12-30,29.0,56.0
2015-12-31,26.0,56.0
2016-01-01,20.0,48.0
2016-01-02,21.0,49.0
2016-01-03,21.0,49.0
2016-01-04,34.0,61.0
2016-01-05,33.0,67.0
2016-01-06,31.0,67.0
2016-01-07,29.0,72.0
2016-01-08,29.0,69.0
2016-01-09,21.0,50.0
2016-01-10,18.0,48.0
2016-01-11,31.0,71.0
2016-01-12,31.0,72.0
2016-01-13,30.0,72.0
2016-01-14,27.0,67.0
2016-01-15,28.0,70.0
2016-01-16,21.0,49.0
2016-01-17,20.0,48.0
2016-01-18,26.0,54.0
2016-01-19,32.0,69.0
2016-01-20,34.0,71.0
2016-01-21,37.0,73.0
2016-01-22,32.0,70.0
2016-01-23,23.0,51.0
2016-01-24,25.0,49.0
2016-01-25,35.0,66.0
2016-01-26,35.0,72.0
2016-01-27,34.0,74.0
2016-01-28,30.0,73.0
2016-01-29,29.0,71.0
2016-01-30,22.0,52.0
2016-01-31,21.0,50.0
2016-02-01,31.0,71.0
2016-02-02,30.0,72.0
2016-02-03,30.0,74.0
2016-02-04,28.0,75.0
2016-02-05,29.0,73.0
2016-02-06,21.0,52.0
2016-02-07,19.0,49.0
2016-02-08,29.0,67.0
2016-02-09,34.0,72.0
2016-02-10,33.0,73.0
2016-02-11,32.0,75.0
2016-02-12,30.0,66.0
2016-02-13,20.0,49.0
2016-02-14,20.0,48.0
2016-02-15,30.0,56.0
2016-02-16,37.0,67.0
2016-02-17,31.0,71.0
2016-02-18,29.0,73.0
2016-02-19,29.0,68.0
2016-02-20,23.0,49.0
2016-02-21,20.0,51.0
2016-02-22,31.0,71.0
2016-02-23,31.0,74.0
2016-02-24,33.0,74.0
2016-02-25,31.0,76.0
2016-02-26,29.0,70.0
2016-02-27,22.0,50.0
2016-02-28,22.0,51.0
2016-02-29,32.0,70.0
2016-03-01,35.0,70.0
2016-03-02,33.0,72.0
2016-03-03,30.0,74.0
2016-03-04,31.0,70.0
2016-03-05,22.0,49.0
2016-03-06,21.0,50.0
2016-03-07,31.0,73.0
2016-03-08,32.0,73.0
2016-03-09,31.0,78.0
2016-03-10,30.0,73.0
2016-03-11,29.0,69.0
2016-03-12,23.0,47.0
2016-03-13,21.0,51.0
2016-03-14,32.0,69.0
2016-03-15,32.0,70.0
2016-03-16,32.0,68.0
2016-03-17,29.0,70.0
2016-03-18,29.0,67.0
2016-03-19,22.0,48.0
2016-03-20,21.0,51.0
2016-03-21,31.0,85.0
2016-03-22,30.0,100.0
2016-03-23,30.0,68.0
2016-03-24,30.0,64.0
2016-03-25,28.0,53.0
2016-03-26,21.0,48.0
2016-03-27,19.0,48.0
2016-03-28,32.0,62.0
2016-03-29,31.0,65.0
2016-03-30,31.0,66.0
2016-03-31,31.0,66.0
2016-04-01,30.0,65.0
2016-04-02,22.0,49.0
2016-04-03,21.0,49.0
2016-04-04,31.0,68.0
2016-04-05,30.0,68.0
2016-04-06,30.0,70.0
2016-04-07,28.0,71.0
2016-04-08,29.0,66.0
2016-04-09,22.0,48.0
2016-04-10,21.0,50.0
2016-04-11,31.0,69.0
2016-04-12,32.0,73.0
2016-04-13,30.0,67.0
2016-04-14,30.0,70.0
2016-04-15,29.0,68.0
2016-04-16,22.0,48.0
2016-04-17,21.0,49.0
2016-04-18,34.0,68.0
2016-04-19,31.0,68.0
2016-04-20,30.0,67.0
2016-04-21,29.0,70.0
2016-04-22,29.0,69.0
2016-04-23,23.0,49.0
2016-04-24,21.0,49.0
2016-04-25,32.0,67.0
2016-04-26,31.0,67.0
2016-04-27,34.5,78.0
2016-04-28,37.0,86.0
2016-04-29,36.0,82.0
2016-04-30,27.0,58.0
2016-05-01,25.0,61.0
2016-05-02,38.0,83.0
2016-05-03,38.0,87.0
2016-05-04,38.0,87.0
2016-05-05,37.0,83.0
2016-05-06,35.0,84.0
2016-05-07,26.0,57.0
2016-05-08,24.0,56.0
2016-05-09,39.0,86.0
2016-05-10,38.0,88.0
2016-05-11,39.0,83.0
2016-05-12,38.0,86.0
2016-05-13,36.0,83.0
2016-05-14,26.0,59.0
2016-05-15,26.0,59.0
2016-05-16,40.0,83.0
2016-05-17,40.0,85.0
2016-05-18,40.0,88.0
2016-05-19,38.0,88.0
2016-05-20,36.0,80.0
2016-05-21,27.0,59.0
2016-05-22,26.0,59.0
2016-05-23,38.0,78.0
2016-05-24,39.0,81.0
2016-05-25,41.0,82.0
2016-05-26,38.0,79.0
2016-05-27,36.0,73.0
2016-05-28,27.0,56.0
2016-05-29,26.0,53.0
2016-05-30,27.0,58.0
2016-05-31,40.0,72.0
2016-06-01,40.0,76.0
2016-06-02,40.0,76.0
2016-06-03,36.0,71.0
2016-06-04,28.0,55.0
2016-06-05,26.0,56.0
2016-06-06,39.0,72.0
2016-06-07,40.0,71.0
2016-06-08,41.0,71.0
2016-06-09,39.0,69.0
2016-06-10,36.0,67.0
2016-06-11,27.0,56.0
2016-06-12,25.0,56.0
2016-06-13,39.0,64.0
2016-06-14,38.0,62.0
2016-06-15,38.0,64.0
2016-06-16,37.0,64.0
2016-06-17,35.0,61.0
2016-06-18,27.0,54.0
2016-06-19,25.0,56.0
2016-06-20,39.0,62.0
2016-06-21,38.0,64.0
2016-06-22,38.0,62.0
2016-06-23,38.0,60.0
2016-06-24,36.0,59.0
2016-06-25,29.0,52.0
2016-06-26,27.0,52.0
2016-06-27,41.0,59.0
2016-06-28,39.0,59.0
2016-06-29,39.0,60.0
2016-06-30,38.0,60.0
2016-07-01,36.0,57.0
2016-07-02,30.0,52.0
2016-07-03,29.0,50.0
2016-07-04,30.0,53.0
2016-07-05,42.0,61.0
2016-07-06,40.0,59.0
2016-07-07,38.0,60.0
2016-07-08,37.0,57.0
2016-07-09,29.0,52.0
2016-07-10,27.0,51.0
2016-07-11,43.0,58.0
2016-07-12,42.0,61.0
2016-07-13,40.0,63.0
2016-07-14,37.0,59.0
2016-07-15,37.0,59.0
2016-07-16,29.0,53.0
2016-07-17,28.0,51.0
2016-07-18,42.0,59.0
2016-07-19,40.0,58.0
2016-07-20,40.0,60.0
2016-07-21,40.0,60.0
2016-07-22,39.0,57.0
2016-07-23,32.0,52.0
2016-07-24,29.0,49.0
2016-07-25,42.0,58.0
2016-07-26,41.0,59.0
2016-07-27,41.0,57.0
2016-07-28,41.0,60.0
2016-07-29,39.0,58.0
2016-07-30,33.0,52.0
2016-07-31,30.0,50.0
2016-08-01,45.0,60.0
2016-08-02,44.0,59.0
2016-08-03,45.0,62.0
2016-08-04,42.0,60.0
2016-08-05,40.0,60.0
2016-08-06,31.0,53.0
2016-08-07,28.0,50.0
2016-08-08,43.0,59.0
2016-08-09,41.0,62.0
2016-08-10,41.0,64.0
2016-08-11,40.0,64.0
2016-08-12,38.0,60.0
2016-08-13,28.0,52.0
2016-08-14,27.0,51.0
2016-08-15,42.0,65.0
2016-08-16,41.0,67.0
2016-08-17,41.0,68.0
2016-08-18,39.0,69.0
2016-08-19,38.0,67.0
2016-08-20,30.0,56.0
2016-08-21,28.0,52.0
2016-08-22,40.0,73.0
2016-08-23,41.0,77.0
2016-08-24,41.0,77.0
2016-08-25,39.0,80.0
2016-08-26,39.0,80.0
2016-08-27,30.0,54.0
2016-08-28,28.0,56.0
2016-08-29,40.0,78.0
2016-08-30,41.0,80.0
2016-08-31,43.0,83.0
2016-09-01,39.0,87.0
2016-09-02,39.0,82.0
2016-09-03,29.0,53.0
2016-09-04,27.0,50.0
2016-09-05,27.0,57.0
2016-09-06,40.0,87.0
2016-09-07,38.0,91.0
2016-09-08,39.0,94.0
2016-09-09,37.0,89.0
2016-09-10,29.0,54.0
2016-09-11,24.0,56.0
2016-09-12,37.0,89.0
2016-09-13,37.0,94.0
2016-09-14,37.0,94.0
2016-09-15,37.0,96.0
2016-09-16,36.0,90.0
2016-09-17,29.0,55.0
2016-09-18,24.0,58.0
2016-09-19,39.0,90.0
2016-09-20,37.0,95.0
2016-09-21,36.0,96.0
2016-09-22,35.0,97.0
2016-09-23,36.0,95.0
2016-09-24,28.0,56.0
2016-09-25,25.0,58.0
2016-09-26,37.0,91.0
2016-09-27,37.0,99.0
2016-09-28,37.0,98.0
2016-09-29,37.0,99.0
2016-09-30,37.0,91.0
2016-10-01,25.0,55.0
2016-10-02,24.0,56.0
2016-10-03,38.0,89.0
2016-10-04,39.0,99.0
2016-10-05,43.0,100.0
2016-10-06,44.0,94.0
2016-10-07,41.0,86.0
2016-10-08,29.0,53.0
2016-10-09,28.0,55.0
2016-10-10,38.0,80.0
2016-10-11,40.0,90.0
2016-10-12,38.0,92.0
2016-10-13,37.0,94.0
2016-10-14,36.0,89.0
2016-10-15,26.0,56.0
2016-10-16,25.0,57.0
2016-10-17,39.0,90.0
2016-10-18,38.0,95.0
2016-10-19,38.0,90.0
2016-10-20,36.0,93.0
2016-10-21,37.0,90.0
2016-10-22,27.0,55.0
2016-10-23,24.0,58.0
2016-10-24,40.0,96.0
2016-10-25,40.0,97.0
2016-10-26,39.0,98.0
2016-10-27,38.0,97.0
2016-10-28,38.0,91.0
2016-10-29,28.0,54.0
2016-10-30,27.0,59.0
2016-10-31,41.0,94.0
2016-11-01,41.0,99.0
2016-11-02,42.0,100.0
2016-11-03,38.0,95.0
2016-11-04,39.0,95.0
2016-11-05,29.0,56.0
2016-11-06,27.0,58.0
2016-11-07,43.0,92.0
2016-11-08,51.0,83.0
2016-11-09,59.0,81.0
2016-11-10,41.0,93.0
2016-11-11,33.0,73.0
2016-11-12,25.0,55.0
2016-11-13,23.0,56.0
2016-11-14,36.0,94.0
2016-11-15,36.0,98.0
2016-11-16,35.0,99.0
2016-11-17,34.0,98.0
2016-11-18,33.0,94.0
2016-11-19,26.0,54.0
2016-11-20,22.0,56.0
2016-11-21,35.0,81.0
2016-11-22,33.0,82.0
2016-11-23,29.0,64.0
2016-11-24,18.0,53.0
2016-11-25,23.0,52.0
2016-11-26,22.0,53.0
2016-11-27,21.0,56.0
2016-11-28,33.0,88.0
2016-11-29,34.0,95.0
2016-11-30,34.0,96.0
2016-12-01,32.0,99.0
2016-12-02,32.0,92.0
2016-12-03,24.0,55.0
2016-12-04,21.0,56.0
2016-12-05,33.0,90.0
2016-12-06,33.0,95.0
2016-12-07,33.0,96.0
2016-12-08,33.0,95.0
2016-12-09,29.0,90.0
2016-12-10,23.0,54.0
2016-12-11,21.0,56.0
2016-12-12,33.0,88.0
2016-12-13,33.0,92.0
2016-12-14,33.0,89.0
2016-12-15,33.0,90.0
2016-12-16,32.0,83.0
2016-12-17,23.0,56.0
2016-12-18,21.0,53.0
2016-12-19,32.0,75.0
2016-12-20,32.0,76.0
2016-12-21,32.0,75.0
2016-12-22,31.0,67.0
2016-12-23,26.0,58.0
2016-12-24,18.0,50.0
2016-12-25,16.0,55.0
2016-12-26,24.0,53.0
2016-12-27,32.0,53.0
2016-12-28,33.0,53.0
2016-12-29,32.0,54.0
2016-12-30,32.0,52.0
2016-12-31,23.0,46.0
2017-01-01,25.0,47.0
2017-01-02,31.0,54.0
2017-01-03,40.0,69.0
2017-01-04,38.0,78.0
2017-01-05,37.0,82.0
2017-01-06,43.0,80.0
2017-01-07,26.0,53.0
2017-01-08,28.0,54.0
2017-01-09,41.0,84.0
2017-01-10,40.0,89.0
2017-01-11,38.0,87.0
2017-01-12,37.0,91.0
2017-01-13,35.0,83.0
2017-01-14,26.0,51.0
2017-01-15,24.0,50.0
2017-01-16,32.0,59.0
2017-01-17,38.0,88.0
2017-01-18,36.0,91.0
2017-01-19,36.0,91.0
2017-01-20,33.0,86.0
2017-01-21,25.0,52.0
2017-01-22,25.0,53.0
2017-01-23,38.0,86.0
2017-01-24,38.0,88.0
2017-01-25,37.0,91.0
2017-01-26,36.0,90.0
2017-01-27,34.0,89.0
2017-01-28,27.0,54.0
2017-01-29,24.0,54.0
2017-01-30,39.0,90.0
2017-01-31,38.0,92.0
2017-02-01,35.0,91.0
2017-02-02,34.0,94.0
2017-02-03,34.0,89.0
2017-02-04,26.0,52.0
2017-02-05,23.0,51.0
2017-02-06,35.0,85.0
2017-02-07,37.0,89.0
2017-02-08,37.0,92.0
2017-02-09,38.0,87.0
2017-02-10,36.0,88.0
2017-02-11,27.0,55.0
2017-02-12,25.0,55.0
2017-02-13,38.0,89.0
2017-02-14,36.0,95.0
2017-02-15,35.0,96.0
2017-02-16,37.0,91.0
2017-02-17,35.0,82.0
2017-02-18,27.0,54.0
2017-02-19,26.0,53.0
2017-02-20,34.0,63.0
2017-02-21,37.0,88.0
2017-02-22,37.0,92.0
2017-02-23,36.0,95.0
2017-02-24,34.0,90.0
2017-02-25,28.0,57.0
2017-02-26,24.0,55.0
2017-02-27,36.0,88.0
2017-02-28,38.0,94.0
2017-03-01,37.0,94.0
2017-03-02,36.0,92.0
2017-03-03,36.0,91.0
2017-03-04,26.0,55.0
2017-03-05,25.0,56.0
2017-03-06,38.0,90.0
2017-03-07,38.0,91.0
2017-03-08,36.0,92.0
2017-03-09,36.0,92.0
2017-03-10,35.0,87.0
2017-03-11,27.0,53.0
2017-03-12,24.0,54.0
2017-03-13,37.0,79.0
2017-03-14,42.0,82.0
2017-03-15,40.0,84.0
2017-03-16,35.0,85.0
2017-03-17,34.0,80.0
2017-03-18,26.0,51.0
2017-03-19,25.0,55.0
2017-03-20,37.0,85.0
2017-03-21,37.0,88.0
2017-03-22,37.0,91.0
2017-03-23,36.0,85.0
2017-03-24,35.0,83.0
2017-03-25,27.0,53.0
2017-03-26,26.0,54.0
2017-03-27,38.0,85.0
2017-03-28,39.0,87.0
2017-03-29,38.0,87.0
2017-03-30,36.0,85.0
2017-03-31,37.0,86.0
2017-04-01,26.0,57.0
2017-04-02,26.0,55.0
2017-04-03,39.0,85.0
2017-04-04,39.0,86.0
2017-04-05,41.0,82.0
2017-04-06,38.0,85.0
2017-04-07,34.0,80.0
2017-04-08,27.0,51.0
2017-04-09,25.0,52.0
2017-04-10,39.0,79.0
2017-04-11,38.0,81.0
2017-04-12,36.0,80.0
2017-04-13,37.0,77.0
2017-04-14,34.0,63.0
2017-04-15,26.0,50.0
2017-04-16,24.0,50.0
2017-04-17,38.0,75.0
2017-04-18,39.0,83.0
2017-04-19,37.0,85.0
2017-04-20,36.0,86.0
2017-04-21,36.0,85.0
2017-04-22,26.5,52.0
2017-04-23,25.0,53.0
2017-04-24,37.0,85.0
2017-04-25,35.0,83.0
2017-04-26,35.0,88.0
2017-04-27,34.0,86.0
2017-04-28,33.0,85.0
2017-04-29,25.0,50.0
2017-04-30,25.0,54.0
2017-05-01,36.0,84.0
2017-05-02,36.0,89.0
2017-05-03,35.0,88.0
2017-05-04,33.0,87.0
2017-05-05,32.0,81.0
2017-05-06,25.0,49.0
2017-05-07,24.0,49.0
2017-05-08,36.0,82.0
2017-05-09,36.0,87.0
2017-05-10,35.0,84.0
2017-05-11,35.0,87.0
2017-05-12,32.0,80.0
2017-05-13,25.0,50.0
2017-05-14,22.0,50.0
2017-05-15,37.0,85.0
2017-05-16,37.0,86.0
2017-05-17,37.0,89.0
2017-05-18,34.0,84.0
2017-05-19,34.0,78.0
2017-05-20,26.0,48.0
2017-05-21,24.0,50.0
2017-05-22,37.0,77.0
2017-05-23,35.0,82.0
2017-05-24,36.0,80.0
2017-05-25,35.0,77.0
2017-05-26,34.0,65.0
2017-05-27,26.0,47.0
2017-05-28,25.0,45.0
2017-05-29,26.0,48.0
2017-05-30,39.0,72.0
2017-05-31,37.0,72.0
2017-06-01,37.0,71.0
2017-06-02,33.0,69.0
2017-06-03,27.0,48.0
2017-06-04,23.0,48.0
2017-06-05,37.0,66.0
2017-06-06,38.0,67.0
2017-06-07,36.0,66.0
2017-06-08,34.0,62.0
2017-06-09,33.0,61.0
2017-06-10,25.0,44.0
2017-06-11,24.0,45.0
2017-06-12,38.0,59.0
2017-06-13,37.0,63.0
2017-06-14,36.0,60.0
2017-06-15,34.0,58.0
2017-06-16,33.0,55.0
2017-06-17,26.0,44.0
2017-06-18,25.0,46.0
2017-06-19,38.0,56.0
2017-06-20,36.0,55.0
2017-06-21,35.0,54.0
2017-06-22,36.0,54.0
2017-06-23,33.0,51.0
2017-06-24,27.0,44.0
2017-06-25,27.0,44.0
2017-06-26,39.0,52.0
2017-06-27,39.0,54.0
2017-06-28,38.0,55.0
2017-06-29,37.0,52.0
2017-06-30,36.0,52.0
2017-07-01,28.0,44.0
2017-07-02,29.0,43.0
2017-07-03,38.0,48.0
2017-07-04,29.0,44.0
2017-07-05,40.0,52.0
2017-07-06,38.0,52.0
2017-07-07,37.0,49.0
2017-07-08,30.0,43.0
2017-07-09,27.0,43.0
2017-07-10,41.0,54.0
2017-07-11,40.0,52.0
2017-07-12,40.0,55.0
2017-07-13,40.0,52.0
2017-07-14,39.0,51.0
2017-07-15,30.0,44.0
2017-07-16,29.0,43.0
2017-07-17,40.0,53.0
2017-07-18,40.0,54.0
2017-07-19,38.0,53.0
2017-07-20,38.0,52.0
2017-07-21,37.0,51.0
2017-07-22,30.0,44.0
2017-07-23,28.0,42.0
2017-07-24,41.0,53.0
2017-07-25,40.0,53.0
2017-07-26,40.0,54.0
2017-07-27,39.0,52.0
2017-07-28,39.0,51.0
2017-07-29,31.0,45.0
2017-07-30,28.0,44.0
2017-07-31,42.0,53.0
2017-08-01,42.0,51.0
2017-08-02,42.0,51.0
2017-08-03,39.0,52.0
2017-08-04,37.0,50.0
2017-08-05,29.0,42.0
2017-08-06,30.0,42.0
2017-08-07,42.0,53.0
2017-08-08,42.0,57.0
2017-08-09,40.0,57.0
2017-08-10,40.0,57.0
2017-08-11,38.0,59.0
2017-08-12,30.0,46.0
2017-08-13,27.0,44.0
2017-08-14,41.0,60.0
2017-08-15,39.0,61.0
2017-08-16,38.0,60.0
2017-08-17,38.0,65.0
2017-08-18,36.0,63.0
2017-08-19,29.0,46.0
2017-08-20,26.0,45.0
2017-08-21,36.0,64.0
2017-08-22,38.0,71.0
2017-08-23,39.0,74.0
2017-08-24,38.0,74.0
2017-08-25,37.0,74.0
2017-08-26,28.0,47.0
2017-08-27,26.0,46.0
2017-08-28,41.0,74.0
2017-08-29,40.0,80.0
2017-08-30,37.0,78.0
2017-08-31,38.0,83.0
2017-09-01,36.0,74.0
2017-09-02,27.0,46.0
2017-09-03,25.0,44.0
2017-09-04,26.0,48.0
2017-09-05,41.0,80.0
2017-09-06,42.0,85.0
2017-09-07,45.0,86.0
2017-09-08,45.0,84.0
2017-09-09,36.0,47.0
2017-09-10,34.0,50.0
2017-09-11,45.0,82.0
2017-09-12,41.0,88.0
2017-09-13,39.0,89.0
2017-09-14,36.0,92.0
2017-09-15,35.0,90.0
2017-09-16,27.0,47.0
2017-09-17,24.0,50.0
2017-09-18,37.0,89.0
2017-09-19,35.0,93.0
2017-09-20,34.0,92.0
2017-09-21,34.0,88.0
2017-09-22,34.0,87.0
2017-09-23,27.0,49.0
2017-09-24,23.0,50.0
2017-09-25,35.0,89.0
2017-09-26,34.0,93.0
2017-09-27,34.0,99.0
2017-09-28,33.0,100.0
2017-09-29,33.0,91.0
2017-09-30,26.0,49.0
2017-10-01,22.0,54.0
2017-10-02,33.0,87.0
2017-10-03,33.0,92.0
2017-10-04,34.0,98.0
2017-10-05,33.0,98.0
2017-10-06,33.0,84.0
2017-10-07,25.0,48.0
2017-10-08,24.0,49.0
2017-10-09,40.0,78.0
2017-10-10,40.0,92.0
2017-10-11,36.0,87.0
2017-10-12,35.0,92.0
2017-10-13,34.0,82.0
2017-10-14,26.0,47.0
2017-10-15,24.0,51.0
2017-10-16,36.0,89.0
2017-10-17,34.0,97.0
2017-10-18,33.0,93.0
2017-10-19,34.5,94.5
2017-10-20,34.0,90.0
2017-10-21,25.0,50.0
2017-10-22,24.0,53.0
2017-10-23,36.0,93.0
2017-10-24,37.0,99.0
2017-10-25,35.0,97.0
2017-10-26,34.0,93.0
2017-10-27,32.0,85.0
2017-10-28,25.0,48.0
2017-10-29,23.0,54.0
2017-10-30,35.0,88.0
2017-10-31,35.0,92.0
2017-11-01,35.0,93.0
2017-11-02,33.0,97.0
2017-11-03,34.0,87.0
2017-11-04,26.0,47.0
2017-11-05,25.0,52.0
2017-11-06,38.0,88.0
2017-11-07,41.0,90.0
2017-11-08,49.0,92.0
2017-11-09,36.0,91.0
2017-11-10,32.0,72.0
2017-11-11,25.0,52.0
2017-11-12,22.0,52.0
2017-11-13,36.0,91.0
2017-11-14,36.0,100.0
2017-11-15,35.0,98.0
2017-11-16,34.0,97.0
2017-11-17,34.0,93.0
2017-11-18,25.0,52.0
2017-11-19,22.0,52.0
2017-11-20,33.0,77.0
2017-11-21,33.0,78.0
2017-11-22,29.0,58.0
2017-11-23,19.0,49.0
2017-11-24,24.0,51.0
2017-11-25,22.0,48.0
2017-11-26,22.0,52.0
2017-11-27,34.0,85.0
2017-11-28,35.0,94.0
2017-11-29,33.0,98.0
2017-11-30,33.0,97.0
2017-12-01,31.0,95.0
2017-12-02,25.0,51.0
2017-12-03,22.0,53.0
2017-12-04,34.0,94.0
2017-12-05,38.0,97.0
2017-12-06,36.0,98.0
2017-12-07,37.0,97.0
2017-12-08,38.0,89.0
2017-12-09,24.0,53.0
2017-12-10,24.0,56.0
2017-12-11,35.0,92.0
2017-12-12,35.0,92.0
2017-12-13,33.0,94.0
2017-12-14,34.0,89.0
2017-12-15,34.0,87.0
2017-12-16,24.0,50.0
2017-12-17,22.0,52.0
2017-12-18,33.0,85.0
2017-12-19,34.0,83.0
2017-12-20,34.0,77.0
2017-12-21,32.0,72.0
2017-12-22,29.0,58.0
2017-12-23,22.0,45.0
2017-12-24,19.0,46.0
2017-12-25,18.0,54.0
2017-12-26,32.0,56.0
2017-12-27,36.0,54.0
2017-12-28,36.0,53.0
2017-12-29,34.0,51.0
2017-12-30,25.0,48.0
2017-12-31,24.0,47.0
2018-01-01,26.0,46.0
2018-01-02,40.0,60.0
2018-01-03,43.0,68.0
2018-01-04,46.0,63.0
2018-01-05,40.0,65.0
2018-01-06,26.0,46.0
2018-01-07,27.0,49.0
2018-01-08,48.0,77.0
2018-01-09,43.0,86.0
2018-01-10,37.0,88.0
2018-01-11,37.0,90.0
2018-01-12,36.0,83.0
2018-01-13,27.0,51.0
2018-01-14,24.0,51.0
2018-01-15,32.0,63.0
2018-01-16,45.0,88.0
2018-01-17,49.0,88.0
2018-01-18,43.0,91.0
2018-01-19,38.0,86.0
2018-01-20,26.0,51.0
2018-01-21,24.0,49.0
2018-01-22,38.0,86.0
2018-01-23,40.0,89.0
2018-01-24,38.0,91.0
2018-01-25,37.0,92.0
2018-01-26,36.0,89.0
2018-01-27,27.0,51.0
2018-01-28,26.0,51.0
2018-01-29,37.0,91.0
2018-01-30,39.0,93.0
2018-01-31,37.0,94.0
2018-02-01,37.0,93.0
2018-02-02,36.0,87.0
2018-02-03,27.0,49.0
2018-02-04,25.0,49.0
2018-02-05,37.0,83.0
2018-02-06,37.0,93.0
2018-02-07,41.0,85.0
2018-02-08,36.0,92.0
2018-02-09,36.0,87.0
2018-02-10,27.0,49.0
2018-02-11,24.0,51.0
2018-02-12,38.0,90.0
2018-02-13,36.0,91.0
2018-02-14,36.0,88.0
2018-02-15,38.0,93.0
2018-02-16,36.0,80.0
2018-02-17,27.0,49.0
2018-02-18,26.0,47.0
2018-02-19,35.0,61.0
2018-02-20,38.0,83.0
2018-02-21,39.0,85.0
2018-02-22,38.0,85.0
2018-02-23,35.0,84.0
2018-02-24,28.0,50.0
2018-02-25,27.0,51.0
2018-02-26,38.0,90.0
2018-02-27,38.0,90.0
2018-02-28,37.0,94.0
2018-03-01,37.0,93.0
2018-03-02,40.0,86.0
2018-03-03,28.0,49.0
2018-03-04,25.0,49.0
2018-03-05,38.0,86.0
2018-03-06,39.0,91.0
2018-03-07,43.0,88.0
2018-03-08,38.0,90.0
2018-03-09,36.0,87.0
2018-03-10,27.0,48.0
2018-03-11,26.0,50.0
2018-03-12,40.0,83.0
2018-03-13,39.0,81.0
2018-03-14,38.0,83.0
2018-03-15,36.0,85.0
2018-03-16,34.0,78.0
2018-03-17,28.0,48.0
2018-03-18,27.0,48.0
2018-03-19,39.0,84.0
2018-03-20,44.0,86.0
2018-03-21,44.0,80.0
2018-03-22,40.0,85.0
2018-03-23,36.0,82.0
2018-03-24,27.0,45.0
2018-03-25,26.0,48.0
2018-03-26,38.0,78.0
2018-03-27,38.0,80.0
2018-03-28,37.0,79.0
2018-03-29,37.0,78.0
2018-03-30,35.0,56.0
2018-03-31,26.0,44.0
2018-04-01,23.0,45.0
2018-04-02,39.0,68.0
2018-04-03,38.0,77.0
2018-04-04,39.0,79.0
2018-04-05,38.0,78.0
2018-04-06,36.0,73.0
2018-04-07,28.0,47.0
2018-04-08,26.0,47.0
2018-04-09,40.0,86.0
2018-04-10,39.0,84.0
2018-04-11,37.0,84.0
2018-04-12,37.0,88.0
2018-04-13,37.0,81.0
2018-04-14,28.0,45.0
2018-04-15,27.0,49.0
2018-04-16,40.0,81.0
2018-04-17,39.0,86.0
2018-04-18,39.0,89.0
2018-04-19,39.0,91.0
2018-04-20,36.0,84.0
2018-04-21,28.0,48.0
2018-04-22,28.0,52.0
2018-04-23,41.0,91.0
2018-04-24,39.0,92.0
2018-04-25,39.0,90.0
2018-04-26,37.0,91.0
2018-04-27,36.0,84.0
2018-04-28,29.0,49.0
2018-04-29,27.0,50.0
2018-04-30,41.0,92.0
2018-05-01,40.0,91.0
2018-05-02,40.0,88.0
2018-05-03,39.0,91.0
2018-05-04,36.0,87.0
2018-05-05,28.0,47.0
2018-05-06,27.0,49.0
2018-05-07,40.0,88.0
2018-05-08,42.0,91.0
2018-05-09,43.0,90.0
2018-05-10,40.0,92.0
2018-05-11,36.0,82.0
2018-05-12,28.0,48.0
2018-05-13,25.0,50.0
2018-05-14,42.0,89.0
2018-05-15,42.0,87.0
2018-05-16,43.0,90.0
2018-05-17,38.0,88.0
2018-05-18,37.0,82.0
2018-05-19,27.0,46.0
2018-05-20,26.0,47.0
2018-05-21,40.0,84.0
2018-05-22,43.0,86.0
2018-05-23,43.0,85.0
2018-05-24,40.0,79.0
2018-05-25,39.0,72.0
2018-05-26,27.0,45.0
2018-05-27,26.0,43.0
2018-05-28,28.0,47.0
2018-05-29,41.0,79.0
2018-05-30,42.0,76.0
2018-05-31,40.0,71.0
2018-06-01,38.0,67.0
2018-06-02,30.0,45.0
2018-06-03,29.0,47.0
2018-06-04,43.0,74.0
2018-06-05,43.0,71.0
2018-06-06,46.0,69.0
2018-06-07,39.0,66.0
2018-06-08,39.0,61.0
2018-06-09,28.0,44.0
2018-06-10,28.0,45.0
2018-06-11,40.0,61.0
2018-06-12,42.0,62.0
2018-06-13,42.0,59.0
2018-06-14,40.0,60.0
2018-06-15,38.0,56.0
2018-06-16,30.0,44.0
2018-06-17,27.0,44.0
2018-06-18,42.0,54.0
2018-06-19,41.0,55.0
2018-06-20,41.0,53.0
2018-06-21,40.0,53.0
2018-06-22,39.0,52.0
2018-06-23,29.0,42.0
2018-06-24,29.0,43.0
2018-06-25,43.0,53.0
2018-06-26,43.0,52.0
2018-06-27,43.0,54.0
2018-06-28,42.0,55.0
2018-06-29,41.0,53.0
2018-06-30,31.0,43.0
2018-07-01,30.0,42.0
2018-07-02,43.0,50.0
2018-07-03,42.0,53.0
2018-07-04,34.0,43.0
2018-07-05,43.0,50.0
2018-07-06,40.0,49.0
2018-07-07,31.0,43.0
2018-07-08,30.0,42.0
2018-07-09,45.0,52.0
2018-07-10,42.0,52.0
2018-07-11,43.0,50.0
2018-07-12,42.0,53.0
2018-07-13,42.0,49.0
2018-07-14,32.0,41.0
2018-07-15,31.0,40.0
2018-07-16,44.0,51.0
2018-07-17,45.0,53.0
2018-07-18,44.0,53.0
2018-07-19,43.0,51.0
2018-07-20,42.0,49.0
2018-07-21,33.0,41.0
2018-07-22,32.0,39.0
2018-07-23,46.0,50.0
2018-07-24,45.0,54.0
2018-07-25,45.0,54.0
2018-07-26,43.0,57.0
2018-07-27,43.0,50.0
2018-07-28,36.0,43.0
2018-07-29,34.0,43.0
2018-07-30,48.0,53.0
2018-07-31,47.0,54.0
2018-08-01,46.0,55.0
2018-08-02,44.0,54.0
2018-08-03,47.0,51.0
2018-08-04,36.0,41.0
2018-08-05,33.0,41.0
2018-08-06,48.0,51.0
2018-08-07,49.0,55.0
2018-08-08,49.0,57.0
2018-08-09,45.0,56.0
2018-08-10,44.0,55.0
2018-08-11,33.0,41.0
2018-08-12,30.0,41.0
2018-08-13,46.0,57.0
2018-08-14,47.0,62.0
2018-08-15,46.0,63.0
2018-08-16,42.0,65.0
2018-08-17,41.0,61.0
2018-08-18,33.0,43.0
2018-08-19,31.0,44.0
2018-08-20,43.0,65.0
2018-08-21,43.0,75.0
2018-08-22,43.0,74.0
2018-08-23,42.0,77.0
2018-08-24,39.0,74.0
2018-08-25,31.0,46.0
2018-08-26,29.0,47.0
2018-08-27,42.0,82.0
2018-08-28,43.0,85.0
2018-08-29,44.0,87.0
2018-08-30,40.0,89.0
2018-08-31,39.0,79.0
2018-09-01,29.0,45.0
2018-09-02,29.0,42.0
2018-09-03,30.0,51.0
2018-09-04,43.0,88.0
2018-09-05,40.0,92.0
2018-09-06,39.0,90.0
2018-09-07,38.0,88.0
2018-09-08,29.0,45.0
2018-09-09,26.0,47.0
2018-09-10,43.0,90.0
2018-09-11,42.0,91.0
2018-09-12,42.0,100.0
2018-09-13,40.0,99.0
2018-09-14,39.0,91.0
2018-09-15,32.0,47.0
2018-09-16,31.0,49.0
2018-09-17,44.0,95.0
2018-09-18,40.0,96.0
2018-09-19,39.0,91.0
2018-09-20,40.0,99.0
2018-09-21,38.0,89.0
2018-09-22,31.0,48.0
2018-09-23,27.0,50.0
2018-09-24,40.0,95.0
2018-09-25,39.0,99.0
2018-09-26,40.0,99.0
2018-09-27,36.0,100.0
2018-09-28,37.0,93.0
2018-09-29,28.0,47.0
2018-09-30,25.0,49.0
2018-10-01,40.0,95.0
2018-10-02,38.0,97.0
2018-10-03,38.0,100.0
2018-10-04,38.0,93.0
2018-10-05,36.0,86.0
2018-10-06,29.0,43.0
2018-10-07,28.0,45.0
2018-10-08,41.0,78.0
2018-10-09,44.0,96.0
2018-10-10,44.0,89.0
2018-10-11,42.0,96.0
2018-10-12,38.0,88.0
2018-10-13,28.0,47.0
2018-10-14,26.0,48.0
2018-10-15,39.0,88.0
2018-10-16,38.0,91.0
2018-10-17,36.0,90.0
2018-10-18,35.0,90.0
2018-10-19,34.0,81.0
2018-10-20,27.0,42.0
2018-10-21,25.0,46.0
2018-10-22,39.0,92.0
2018-10-23,39.0,93.0
2018-10-24,37.0,88.0
2018-10-25,37.0,94.0
2018-10-26,37.0,84.0
2018-10-27,28.0,44.0
2018-10-28,24.0,45.0
2018-10-29,40.0,88.0
2018-10-30,39.0,97.0
2018-10-31,37.0,91.0
2018-11-01,38.0,100.0
2018-11-02,37.0,93.0
2018-11-03,31.0,46.0
2018-11-04,28.0,44.0
2018-11-05,45.0,83.0
2018-11-06,57.0,83.0
2018-11-07,78.0,82.0
2018-11-08,40.0,90.0
2018-11-09,42.0,87.0
2018-11-10,30.0,44.0
2018-11-11,27.0,45.0
2018-11-12,34.0,74.0
2018-11-13,37.0,93.0
2018-11-14,38.0,94.0
2018-11-15,41.0,90.0
2018-11-16,39.0,82.0
2018-11-17,27.0,46.0
2018-11-18,23.0,45.0
2018-11-19,34.0,73.0
2018-11-20,33.0,73.0
2018-11-21,30.0,55.0
2018-11-22,18.0,44.0
2018-11-23,22.0,45.0
2018-11-24,22.0,44.0
2018-11-25,23.0,47.0
2018-11-26,34.0,86.0
2018-11-27,34.0,95.0
2018-11-28,34.0,98.0
2018-11-29,34.0,96.0
2018-11-30,32.0,88.0
2018-12-01,24.0,45.0
2018-12-02,21.0,48.0
2018-12-03,34.0,90.0
2018-12-04,34.0,91.0
2018-12-05,33.0,92.0
2018-12-06,32.0,91.0
2018-12-07,32.0,85.0
2018-12-08,24.0,45.0
2018-12-09,24.0,45.0
2018-12-10,37.0,88.0
2018-12-11,36.0,90.0
2018-12-12,35.0,92.0
2018-12-13,33.0,94.0
2018-12-14,32.0,84.0
2018-12-15,24.0,46.0
2018-12-16,21.0,45.0
2018-12-17,33.0,77.0
2018-12-18,33.0,80.0
2018-12-19,32.0,78.0
2018-12-20,32.0,75.0
2018-12-21,30.0,58.0
2018-12-22,23.0,42.0
2018-12-23,21.0,40.0
2018-12-24,22.0,43.0
2018-12-25,17.0,45.0
2018-12-26,32.0,46.0
2018-12-27,34.0,46.0
2018-12-28,33.0,44.0
2018-12-29,25.0,42.0
2018-12-30,24.0,39.0
2018-12-31,31.0,41.0
2019-01-01,27.0,39.0
2019-01-02,40.0,56.0
2019-01-03,38.0,63.0
2019-01-04,36.0,62.0
2019-01-05,26.0,40.0
2019-01-06,25.0,42.0
2019-01-07,37.0,73.0
2019-01-08,35.0,84.0
2019-01-09,39.0,86.0
2019-01-10,36.0,87.0
2019-01-11,37.0,86.0
2019-01-12,27.0,43.0
2019-01-13,28.0,43.0
2019-01-14,40.0,84.0
2019-01-15,39.0,86.0
2019-01-16,37.0,85.0
2019-01-17,35.0,86.0
2019-01-18,38.0,82.0
2019-01-19,28.0,42.0
2019-01-20,28.0,40.0
2019-01-21,30.0,49.0
2019-01-22,38.0,84.0
2019-01-23,38.0,82.0
2019-01-24,37.0,83.0
2019-01-25,35.0,80.0
2019-01-26,27.0,42.0
2019-01-27,25.0,44.0
2019-01-28,40.0,80.0
2019-01-29,41.0,83.0
2019-01-30,42.0,75.0
2019-01-31,39.0,78.0
2019-02-01,38.0,80.0
2019-02-02,26.0,43.0
2019-02-03,24.0,42.0
2019-02-04,34.0,80.0
2019-02-05,36.0,86.0
2019-02-06,37.0,85.0
2019-02-07,35.0,86.0
2019-02-08,35.0,81.0
2019-02-09,28.0,43.0
2019-02-10,25.0,45.0
2019-02-11,39.0,78.0
2019-02-12,40.0,81.0
2019-02-13,37.0,87.0
2019-02-14,34.0,86.0
2019-02-15,36.0,75.0
2019-02-16,28.0,43.0
2019-02-17,26.0,41.0
2019-02-18,33.0,55.0
2019-02-19,39.0,80.0
2019-02-20,41.0,77.0
2019-02-21,37.0,81.0
2019-02-22,35.0,80.0
2019-02-23,26.0,41.0
2019-02-24,25.0,43.0
2019-02-25,37.0,78.0
2019-02-26,36.0,86.0
2019-02-27,36.0,83.0
2019-02-28,35.0,81.0
2019-03-01,35.0,78.0
2019-03-02,27.0,42.0
2019-03-03,26.0,42.0
2019-03-04,44.0,74.0
2019-03-05,38.0,80.0
2019-03-06,35.0,79.0
2019-03-07,36.0,84.0
2019-03-08,34.0,78.0
2019-03-09,26.0,42.0
2019-03-10,25.0,42.0
2019-03-11,37.0,79.0
2019-03-12,37.0,79.0
2019-03-13,35.0,77.0
2019-03-14,36.0,78.0
2019-03-15,35.0,71.0
2019-03-16,27.0,41.0
2019-03-17,25.0,43.0
2019-03-18,37.0,78.0
2019-03-19,39.0,82.0
2019-03-20,37.0,84.0
2019-03-21,35.0,83.0
2019-03-22,34.0,78.0
2019-03-23,26.0,42.0
2019-03-24,25.0,41.0
2019-03-25,37.0,77.0
2019-03-26,37.0,81.0
2019-03-27,37.0,79.0
2019-03-28,36.0,78.0
2019-03-29,34.0,71.0
2019-03-30,27.0,41.0
2019-03-31,26.0,41.0
2019-04-01,38.0,78.0
2019-04-02,36.0,78.0
2019-04-03,37.0,78.0
2019-04-04,35.0,77.0
2019-04-05,34.0,76.0
2019-04-06,27.0,41.0
2019-04-07,26.0,42.0
2019-04-08,38.0,79.0
2019-04-09,37.0,83.0
2019-04-10,36.0,83.0
2019-04-11,36.0,81.0
2019-04-12,34.5,78.0
2019-04-13,29.0,42.0
2019-04-14,27.0,42.0
2019-04-15,39.0,76.0
2019-04-16,38.0,78.0
2019-04-17,38.0,80.0
2019-04-18,37.0,75.0
2019-04-19,36.0,56.0
2019-04-20,27.0,43.0
2019-04-21,24.0,43.0
2019-04-22,39.0,77.0
2019-04-23,39.0,83.0
2019-04-24,38.0,83.0
2019-04-25,37.0,83.0
2019-04-26,35.0,75.0
2019-04-27,26.0,43.0
2019-04-28,25.0,45.0
2019-04-29,38.0,84.0
2019-04-30,38.0,86.0
2019-05-01,37.0,87.0
2019-05-02,37.0,85.0
2019-05-03,35.0,81.0
2019-05-04,28.0,43.0
2019-05-05,26.0,44.0
2019-05-06,39.0,84.0
2019-05-07,39.0,87.0
2019-05-08,38.0,86.0
2019-05-09,36.0,85.0
2019-05-10,35.0,82.0
2019-05-11,27.0,44.0
2019-05-12,23.0,45.0
2019-05-13,38.0,86.0
2019-05-14,39.0,89.0
2019-05-15,38.0,87.0
2019-05-16,37.0,87.0
2019-05-17,37.0,81.0
2019-05-18,28.0,44.0
2019-05-19,26.0,46.0
2019-05-20,40.0,83.0
2019-05-21,39.0,85.0
2019-05-22,40.0,82.0
2019-05-23,38.0,80.0
2019-05-24,37.0,71.0
2019-05-25,29.0,42.0
2019-05-26,26.0,41.0
2019-05-27,28.0,45.0
2019-05-28,42.0,74.0
2019-05-29,42.0,73.0
2019-05-30,40.0,72.0
2019-05-31,37.0,68.0
2019-06-01,29.0,43.0
2019-06-02,27.0,46.0
2019-06-03,40.0,67.0
2019-06-04,40.0,69.0
2019-06-05,40.0,69.0
2019-06-06,38.0,66.0
2019-06-07,36.0,63.0
2019-06-08,28.0,45.0
2019-06-09,28.0,44.0
2019-06-10,39.0,62.0
2019-06-11,39.0,62.0
2019-06-12,39.0,60.0
2019-06-13,38.0,58.0
2019-06-14,35.0,54.0
2019-06-15,29.0,42.0
2019-06-16,27.0,41.0
2019-06-17,40.0,57.0
2019-06-18,40.0,57.0
2019-06-19,39.0,53.0
2019-06-20,39.0,53.0
2019-06-21,36.0,49.0
2019-06-22,29.0,40.0
2019-06-23,28.0,41.0
2019-06-24,41.0,53.0
2019-06-25,39.0,53.0
2019-06-26,41.0,51.0
2019-06-27,39.0,51.0
2019-06-28,37.0,49.0
2019-06-29,29.0,42.0
2019-06-30,28.0,41.0
2019-07-01,41.0,51.0
2019-07-02,41.0,50.0
2019-07-03,38.0,51.0
2019-07-04,29.0,38.0
2019-07-05,37.0,45.0
2019-07-06,30.0,38.0
2019-07-07,27.0,38.0
2019-07-08,44.0,53.0
2019-07-09,44.0,55.0
2019-07-10,41.0,54.0
2019-07-11,41.0,52.0
2019-07-12,40.0,50.0
2019-07-13,30.0,42.0
2019-07-14,28.0,42.0
2019-07-15,43.0,53.0
2019-07-16,41.0,51.0
2019-07-17,42.0,51.0
2019-07-18,40.0,50.0
2019-07-19,39.0,49.0
2019-07-20,30.0,41.0
2019-07-21,29.0,39.0
2019-07-22,44.0,50.0
2019-07-23,43.0,52.0
2019-07-24,42.0,51.0
2019-07-25,42.0,52.0
2019-07-26,42.0,49.0
2019-07-27,33.0,41.0
2019-07-28,30.0,40.0
2019-07-29,44.0,51.0
2019-07-30,45.0,52.0
2019-07-31,43.0,52.0
2019-08-01,42.0,50.0
2019-08-02,41.0,51.0
2019-08-03,33.0,41.0
2019-08-04,30.0,38.0
2019-08-05,44.0,52.0
2019-08-06,44.0,53.0
2019-08-07,44.0,53.0
2019-08-08,43.0,56.0
2019-08-09,41.0,54.0
2019-08-10,32.0,41.0
2019-08-11,30.0,39.0
2019-08-12,46.0,58.0
2019-08-13,45.0,64.0
2019-08-14,42.0,62.0
2019-08-15,42.0,65.0
2019-08-16,40.0,64.0
2019-08-17,30.0,42.0
2019-08-18,30.0,43.0
2019-08-19,42.0,70.0
2019-08-20,43.0,72.0
2019-08-21,41.0,73.0
2019-08-22,40.0,76.0
2019-08-23,39.0,71.0
2019-08-24,30.0,45.0
2019-08-25,27.0,46.0
2019-08-26,40.0,78.0
2019-08-27,41.0,85.0
2019-08-28,40.0,84.0
2019-08-29,41.0,86.0
2019-08-30,39.0,76.0
2019-08-31,30.0,43.0
2019-09-01,31.0,40.0
2019-09-02,34.0,49.0
2019-09-03,44.0,84.0
2019-09-04,41.0,88.0
2019-09-05,40.0,90.0
2019-09-06,37.0,86.0
2019-09-07,27.0,43.0
2019-09-08,25.0,46.0
2019-09-09,39.0,94.0
2019-09-10,37.0,94.0
2019-09-11,37.0,94.0
2019-09-12,37.0,92.0
2019-09-13,36.0,87.0
2019-09-14,29.0,49.0
2019-09-15,26.0,51.0
2019-09-16,37.0,95.0
2019-09-17,37.0,96.0
2019-09-18,38.0,96.0
2019-09-19,38.0,97.0
2019-09-20,35.0,90.0
2019-09-21,27.0,47.0
2019-09-22,25.0,50.0
2019-09-23,36.0,94.0
2019-09-24,39.0,100.0
2019-09-25,37.0,98.0
2019-09-26,38.0,99.0
2019-09-27,35.0,96.0
2019-09-28,28.0,50.0
2019-09-29,26.0,49.0
2019-09-30,40.0,91.0
2019-10-01,37.0,98.0
2019-10-02,38.0,97.0
2019-10-03,36.0,100.0
2019-10-04,35.0,90.0
2019-10-05,27.0,45.0
2019-10-06,25.0,48.0
2019-10-07,37.0,91.0
2019-10-08,38.0,96.0
2019-10-09,38.0,90.0
2019-10-10,37.0,94.0
2019-10-11,34.0,81.0
2019-10-12,27.0,43.0
2019-10-13,25.0,46.0
2019-10-14,35.0,79.0
2019-10-15,36.0,95.0
2019-10-16,36.0,87.0
2019-10-17,35.0,91.0
2019-10-18,33.0,84.0
2019-10-19,26.0,44.0
2019-10-20,24.0,47.0
2019-10-21,36.0,89.0
2019-10-22,36.0,92.0
2019-10-23,36.0,95.0
2019-10-24,35.0,99.0
2019-10-25,36.0,83.0
2019-10-26,26.0,43.0
2019-10-27,28.0,47.0
2019-10-28,37.0,86.0
2019-10-29,38.0,94.0
2019-10-30,38.0,92.0
2019-10-31,34.0,85.0
2019-11-01,35.0,80.0
2019-11-02,26.0,45.0
2019-11-03,24.0,45.0
2019-11-04,37.0,90.0
2019-11-05,44.0,88.0
2019-11-06,52.0,93.0
2019-11-07,36.0,92.0
2019-11-08,35.0,87.0
2019-11-09,26.0,45.0
2019-11-10,23.0,46.0
2019-11-11,33.0,71.0
2019-11-12,38.0,91.0
2019-11-13,34.0,93.0
2019-11-14,32.0,89.0
2019-11-15,31.0,87.0
2019-11-16,25.0,47.0
2019-11-17,22.0,46.0
2019-11-18,34.0,92.0
2019-11-19,35.0,92.0
2019-11-20,34.0,94.0
2019-11-21,33.0,93.0
2019-11-22,32.0,87.0
2019-11-23,24.0,45.0
2019-11-24,21.0,45.0
2019-11-25,32.0,78.0
2019-11-26,33.0,72.0
2019-11-27,30.0,54.0
2019-11-28,18.0,42.0
2019-11-29,22.0,44.0
2019-11-30,22.0,43.0
2019-12-01,22.0,46.0
2019-12-02,33.0,84.0
2019-12-03,33.0,88.0
2019-12-04,33.0,90.0
2019-12-05,33.0,90.0
2019-12-06,30.0,83.0
2019-12-07,23.0,44.0
2019-12-08,20.0,45.0
2019-12-09,31.0,87.0
2019-12-10,34.0,90.0
2019-12-11,36.0,88.0
2019-12-12,33.0,88.0
2019-12-13,31.0,83.0
2019-12-14,23.0,47.0
2019-12-15,21.0,45.0
2019-12-16,35.0,79.0
2019-12-17,33.0,81.0
2019-12-18,32.0,82.0
2019-12-19,32.0,77.0
2019-12-20,30.0,60.0
2019-12-21,22.0,40.0
2019-12-22,21.0,41.0
2019-12-23,30.0,45.0
2019-12-24,23.0,42.0
2019-12-25,18.0,43.0
2019-12-26,31.0,46.0
2019-12-27,31.0,43.0
2019-12-28,24.0,40.0
2019-12-29,23.0,39.0
2019-12-30,35.0,44.0
2019-12-31,32.0,42.0
2020-01-01,26.0,39.0
2020-01-02,35.0,52.0
2020-01-03,34.0,53.0
2020-01-04,26.0,40.0
2020-01-05,24.0,40.0
2020-01-06,37.0,68.0
2020-01-07,38.0,77.0
2020-01-08,38.0,81.0
2020-01-09,35.0,82.0
2020-01-10,35.0,77.0
2020-01-11,28.0,43.0
2020-01-12,23.0,41.0
2020-01-13,36.0,75.0
2020-01-14,36.0,77.0
2020-01-15,35.0,81.0
2020-01-16,35.0,80.0
2020-01-17,34.0,78.0
2020-01-18,27.0,43.0
2020-01-19,23.0,40.0
2020-01-20,30.0,51.0
2020-01-21,37.0,82.0
2020-01-22,36.0,84.0
2020-01-23,35.0,82.0
2020-01-24,35.0,80.0
2020-01-25,27.0,45.0
2020-01-26,23.0,42.0
2020-01-27,35.0,79.0
2020-01-28,35.0,85.0
2020-01-29,37.0,87.0
2020-01-30,36.0,86.0
2020-01-31,36.0,81.0
2020-02-01,26.0,42.0
2020-02-02,22.0,44.0
2020-02-03,34.0,78.0
2020-02-04,37.0,85.0
2020-02-05,34.0,86.0
2020-02-06,38.0,83.0
2020-02-07,39.0,79.0
2020-02-08,26.0,44.0
2020-02-09,24.0,44.0
2020-02-10,36.0,80.0
2020-02-11,37.0,84.0
2020-02-12,37.0,85.0
2020-02-13,37.0,83.0
2020-02-14,33.0,72.0
2020-02-15,25.0,43.0
2020-02-16,25.0,41.0
2020-02-17,34.0,57.0
2020-02-18,37.0,80.0
2020-02-19,37.0,81.0
2020-02-20,39.0,81.0
2020-02-21,37.0,78.0
2020-02-22,27.0,45.0
2020-02-23,25.0,45.0
2020-02-24,37.0,83.0
2020-02-25,37.0,86.0
2020-02-26,38.0,85.0
2020-02-27,39.0,82.0
2020-02-28,36.0,81.0
2020-02-29,29.0,44.0
2020-03-01,26.0,45.0
2020-03-02,41.0,84.0
2020-03-03,46.0,81.0
2020-03-04,46.0,83.0
2020-03-05,45.0,82.0
2020-03-06,42.0,76.0
2020-03-07,34.0,44.0
2020-03-08,30.0,45.0
2020-03-09,46.0,78.0
2020-03-10,47.0,84.0
2020-03-11,48.0,81.0
2020-03-12,58.0,80.0
2020-03-13,63.0,76.0
2020-03-14,50.0,48.0
2020-03-15,51.0,48.0
2020-03-16,68.0,70.0
2020-03-17,65.0,76.0
2020-03-18,65.0,85.0
2020-03-19,62.0,82.0
2020-03-20,60.0,78.0
2020-03-21,47.0,53.0
2020-03-22,51.0,52.0
2020-03-23,65.0,89.0
2020-03-24,66.0,93.0
2020-03-25,59.0,87.0
2020-03-26,58.0,87.0
2020-03-27,56.0,82.0
2020-03-28,48.0,55.0
2020-03-29,45.0,56.0
2020-03-30,54.0,100.0
2020-03-31,50.0,99.0
2020-04-01,50.0,98.0
2020-04-02,49.0,92.0
2020-04-03,47.0,90.0
2020-04-04,40.0,55.0
2020-04-05,37.0,53.0
2020-04-06,37.5,78.0
2020-04-07,28.0,62.0
2020-04-08,29.0,58.0
2020-04-09,28.0,56.0
2020-04-10,26.0,47.0
2020-04-11,22.0,33.0
2020-04-12,19.0,31.0
2020-04-13,29.0,56.0
2020-04-14,27.0,61.0
2020-04-15,24.0,58.0
2020-04-16,24.0,58.0
2020-04-17,24.0,54.0
2020-04-18,21.0,36.0
2020-04-19,20.0,34.0
2020-04-20,25.0,64.0
2020-04-21,25.0,63.0
2020-04-22,25.0,62.0
2020-04-23,24.0,60.0
2020-04-24,23.0,55.0
2020-04-25,19.0,32.0
2020-04-26,20.0,34.0
2020-04-27,26.0,94.0
2020-04-28,26.0,99.0
2020-04-29,26.0,98.0
2020-04-30,25.0,97.0
2020-05-01,25.0,93.0
2020-05-02,21.0,43.0
2020-05-03,19.0,34.0
2020-05-04,26.0,59.0
2020-05-05,25.0,86.0
2020-05-06,25.0,95.0
2020-05-07,25.0,96.0
2020-05-08,25.0,90.0
2020-05-09,20.0,42.0
2020-05-10,18.0,32.0
2020-05-11,26.0,55.0
2020-05-12,27.0,55.0
2020-05-13,27.0,56.0
2020-05-14,26.0,54.0
2020-05-15,26.0,49.0
2020-05-16,22.0,32.0
2020-05-17,20.0,31.0
2020-05-18,27.0,49.0
2020-05-19,27.0,49.0
2020-05-20,27.0,51.0
2020-05-21,26.0,50.0
2020-05-22,24.0,45.0
2020-05-23,21.0,30.0
2020-05-24,20.0,28.0
2020-05-25,21.0,32.0
2020-05-26,29.0,47.0
2020-05-27,27.0,45.0
2020-05-28,28.0,44.0
2020-05-29,26.0,41.0
2020-05-30,20.0,28.0
2020-05-31,22.0,26.0
2020-06-01,32.0,40.0
2020-06-02,32.0,40.0
2020-06-03,30.0,40.0
2020-06-04,27.0,38.0
2020-06-05,26.0,36.0
2020-06-06,21.0,28.0
2020-06-07,20.0,26.0
2020-06-08,28.0,38.0
2020-06-09,28.0,38.0
2020-06-10,28.0,38.0
2020-06-11,26.0,36.0
2020-06-12,26.0,34.0
2020-06-13,20.0,27.0
2020-06-14,19.0,26.0
2020-06-15,28.0,37.0
2020-06-16,27.0,35.0
2020-06-17,27.0,34.0
2020-06-18,28.0,33.0
2020-06-19,27.0,31.0
2020-06-20,21.0,25.0
2020-06-21,18.0,25.0
2020-06-22,29.0,32.0
2020-06-23,30.0,31.0
2020-06-24,30.0,34.0
2020-06-25,30.0,32.0
2020-06-26,29.0,31.0
2020-06-27,23.0,25.0
2020-06-28,22.0,24.0
2020-06-29,31.0,30.0
2020-06-30,32.0,31.0
2020-07-01,31.0,31.0
2020-07-02,30.0,30.0
2020-07-03,25.0,26.0
2020-07-04,21.0,24.0
2020-07-05,23.0,24.0
2020-07-06,30.0,31.0
2020-07-07,31.0,32.0
2020-07-08,30.0,32.0
2020-07-09,29.0,30.0
2020-07-10,29.0,31.0
2020-07-11,22.0,25.0
2020-07-12,22.0,25.0
2020-07-13,32.0,31.0
2020-07-14,34.0,32.0
2020-07-15,33.0,31.0
2020-07-16,30.0,31.0
2020-07-17,30.0,30.0
2020-07-18,22.0,25.0
2020-07-19,22.0,26.0
2020-07-20,31.0,32.0
2020-07-21,31.0,32.0
2020-07-22,30.0,32.0
2020-07-23,29.0,31.0
2020-07-24,27.0,29.0
2020-07-25,20.0,24.0
2020-07-26,20.0,25.0
2020-07-27,29.0,30.0
2020-07-28,29.0,33.0
2020-07-29,28.0,32.0
2020-07-30,28.0,33.0
2020-07-31,27.0,31.0
2020-08-01,21.0,25.0
2020-08-02,20.0,25.0
2020-08-03,30.0,34.0
2020-08-04,30.0,35.0
2020-08-05,32.0,36.0
2020-08-06,27.0,35.0
2020-08-07,27.0,35.0
2020-08-08,20.0,26.0
2020-08-09,20.0,26.0
2020-08-10,28.0,39.0
2020-08-11,28.0,39.0
2020-08-12,27.0,43.0
2020-08-13,26.0,43.0
2020-08-14,26.0,41.0
2020-08-15,20.0,28.0
2020-08-16,19.0,28.0
2020-08-17,29.0,53.0
2020-08-18,29.0,54.0
2020-08-19,31.0,54.0
2020-08-20,28.0,56.0
2020-08-21,26.0,53.0
2020-08-22,21.0,28.0
2020-08-23,20.0,31.0
2020-08-24,27.0,61.0
2020-08-25,27.0,64.0
2020-08-26,26.0,63.0
2020-08-27,25.0,63.0
2020-08-28,25.0,61.0
2020-08-29,19.0,30.0
2020-08-30,18.0,31.0
2020-08-31,26.0,65.0
2020-09-01,26.0,70.0
2020-09-02,25.0,69.0
2020-09-03,24.0,66.0
2020-09-04,23.0,62.0
2020-09-05,19.0,29.0
2020-09-06,18.0,28.0
2020-09-07,19.0,36.0
2020-09-08,27.0,78.0
2020-09-09,29.0,73.0
2020-09-10,27.0,74.0
2020-09-11,25.0,70.0
2020-09-12,20.0,30.0
2020-09-13,18.0,32.0
2020-09-14,26.0,75.0
2020-09-15,25.0,75.0
2020-09-16,24.0,71.0
2020-09-17,24.0,74.0
2020-09-18,23.0,67.0
2020-09-19,18.0,31.0
2020-09-20,17.0,32.0
2020-09-21,25.0,72.0
2020-09-22,25.0,71.0
2020-09-23,24.0,100.0
2020-09-24,23.0,78.0
2020-09-25,24.0,58.0
2020-09-26,19.0,28.0
2020-09-27,17.0,55.0
2020-09-28,26.0,60.0
2020-09-29,26.0,60.0
2020-09-30,24.0,58.0
2020-10-01,25.0,59.0
2020-10-02,23.0,55.0
2020-10-03,25.5,39.5
2020-10-04,31.0,52.0
2020-10-05,47.0,99.0
2020-10-06,47.0,100.0
2020-10-07,46.0,98.0
2020-10-08,44.0,99.0
2020-10-09,46.0,66.0
2020-10-10,35.0,44.0
2020-10-11,33.0,44.0
2020-10-12,47.0,62.0
2020-10-13,51.0,69.0
2020-10-14,51.0,69.0
2020-10-15,50.0,68.0
2020-10-16,49.0,67.0
2020-10-17,38.0,45.0
2020-10-18,34.0,44.0
2020-10-19,54.0,69.0
2020-10-20,53.0,72.0
2020-10-21,50.0,69.0
2020-10-22,49.0,69.0
2020-10-23,48.0,65.0
2020-10-24,38.0,43.0
2020-10-25,35.0,44.0
2020-10-26,54.0,68.0
2020-10-27,55.0,71.0
2020-10-28,53.0,68.0
2020-10-29,54.0,70.0
2020-10-30,52.0,64.0
2020-10-31,38.0,44.0
2020-11-01,36.0,44.0
2020-11-02,56.0,67.0
2020-11-03,60.0,63.0
2020-11-04,65.0,53.0
2020-11-05,46.0,54.0
2020-11-06,44.0,55.0
2020-11-07,32.0,42.0
2020-11-08,30.0,42.0
2020-11-09,47.0,66.0
2020-11-10,46.0,67.0
2020-11-11,45.0,61.0
2020-11-12,45.0,66.0
2020-11-13,45.0,62.0
2020-11-14,35.0,44.0
2020-11-15,33.0,45.0
2020-11-16,49.0,68.0
2020-11-17,51.0,68.0
2020-11-18,52.0,67.0
2020-11-19,48.0,67.0
2020-11-20,46.0,66.0
2020-11-21,35.0,45.0
2020-11-22,29.0,44.0
2020-11-23,44.0,61.0
2020-11-24,41.0,61.0
2020-11-25,38.0,52.0
2020-11-26,25.0,41.0
2020-11-27,31.0,44.0
2020-11-28,31.0,43.0
2020-11-29,28.0,43.0
2020-11-30,42.0,67.0
2020-12-01,43.0,69.0
2020-12-02,41.0,66.0
2020-12-03,45.0,68.0
2020-12-04,43.0,64.0
2020-12-05,35.0,46.0
2020-12-06,32.0,45.0
2020-12-07,45.0,65.0
2020-12-08,42.0,64.0
2020-12-09,42.0,65.0
2020-12-10,42.0,64.0
2020-12-11,40.0,62.0
2020-12-12,31.0,44.0
2020-12-13,28.0,43.0
2020-12-14,41.0,73.0
2020-12-15,41.0,67.0
2020-12-16,42.0,66.0
2020-12-17,41.0,61.0
2020-12-18,39.0,60.0
2020-12-19,29.0,43.0
2020-12-20,26.0,41.0
2020-12-21,38.0,52.0
2020-12-22,39.0,51.0
2020-12-23,37.0,49.0
2020-12-24,27.0,41.0
2020-12-25,22.0,41.0
2020-12-26,26.0,40.0
2020-12-27,28.0,40.0
2020-12-28,41.0,45.0
2020-12-29,43.0,46.0
2020-12-30,42.0,45.0
2020-12-31,39.0,42.0
2021-01-01,32.0,38.0
2021-01-02,33.0,38.0
2021-01-03,33.0,41.0
2021-01-04,51.0,59.0
2021-01-05,51.0,63.0
2021-01-06,47.0,59.0
2021-01-07,43.0,61.0
2021-01-08,43.0,56.0
2021-01-09,33.0,42.0
2021-01-10,30.0,42.0
2021-01-11,49.0,61.0
2021-01-12,47.0,63.0
2021-01-13,51.0,62.0
2021-01-14,50.0,62.0
2021-01-15,47.0,60.0
2021-01-16,36.0,42.0
2021-01-17,31.0,39.0
2021-01-18,42.0,45.0
2021-01-19,51.0,64.0
2021-01-20,48.0,62.0
2021-01-21,47.0,62.0
2021-01-22,48.0,63.0
2021-01-23,35.0,43.0
2021-01-24,32.0,41.0
2021-01-25,50.0,63.0
2021-01-26,50.0,66.0
2021-01-27,48.0,66.0
2021-01-28,47.0,63.0
2021-01-29,45.0,59.0
2021-01-30,34.0,44.0
2021-01-31,32.0,44.0
2021-02-01,49.0,60.0
2021-02-02,49.0,62.0
2021-02-03,47.0,63.0
2021-02-04,46.0,64.0
2021-02-05,45.0,60.0
2021-02-06,33.0,44.0
2021-02-07,28.0,42.0
2021-02-08,44.0,58.0
2021-02-09,48.0,65.0
2021-02-10,46.0,62.0
2021-02-11,46.0,63.0
2021-02-12,41.0,56.0
2021-02-13,32.0,43.0
2021-02-14,29.0,40.0
2021-02-15,44.0,48.0
2021-02-16,53.0,59.0
2021-02-17,45.0,58.0
2021-02-18,45.0,60.0
2021-02-19,43.0,57.0
2021-02-20,32.0,44.0
2021-02-21,32.0,42.0
2021-02-22,47.0,63.0
2021-02-23,46.0,63.0
2021-02-24,45.0,61.0
2021-02-25,45.0,64.0
2021-02-26,43.0,61.0
2021-02-27,34.0,43.0
2021-02-28,31.0,43.0
2021-03-01,49.0,61.0
2021-03-02,49.0,64.0
2021-03-03,48.0,64.0
2021-03-04,46.0,62.0
2021-03-05,45.0,60.0
2021-03-06,33.0,44.0
2021-03-07,30.0,44.0
2021-03-08,46.0,62.0
2021-03-09,49.0,63.0
2021-03-10,47.0,61.0
2021-03-11,45.0,61.0
2021-03-12,46.0,58.0
2021-03-13,33.0,42.0
2021-03-14,30.0,40.0
2021-03-15,44.0,53.0
2021-03-16,46.0,56.0
2021-03-17,45.0,58.0
2021-03-18,47.0,59.0
2021-03-19,43.0,55.0
2021-03-20,32.0,42.0
2021-03-21,31.0,42.0
2021-03-22,47.0,58.0
2021-03-23,46.0,66.0
2021-03-24,44.0,59.0
2021-03-25,46.0,61.0
2021-03-26,44.0,58.0
2021-03-27,32.0,42.0
2021-03-28,30.0,42.0
2021-03-29,46.0,56.0
2021-03-30,46.0,57.0
2021-03-31,44.0,57.0
2021-04-01,45.0,55.0
