ticker,BIDU US Equity
field,DAY_TO_DAY_TOT_RETURN_GROSS_DVDS
date,
2005-08-05,353.8519
2005-08-08,-5.7451
2005-08-09,-16.7965
2005-08-10,-4.5265
2005-08-11,6.703
2005-08-12,-2.9622
2005-08-15,-2.1053
2005-08-16,-1.6021999999999998
2005-08-17,-6.2288
2005-08-18,-3.8807
2005-08-19,-3.5524
2005-08-22,-8.6235
2005-08-23,12.8078
2005-08-24,-5.122
2005-08-25,1.5424
2005-08-26,-0.1519
2005-08-29,-0.355
2005-08-30,3.0534
2005-08-31,0.0
2005-09-01,-2.5679
2005-09-02,-1.1404
2005-09-06,-0.282
2005-09-07,6.144
2005-09-08,1.1625
2005-09-09,15.2741
2005-09-12,16.5628
2005-09-13,1.1938
2005-09-14,-28.4092
2005-09-15,0.8362
2005-09-16,-4.4512
2005-09-19,1.5061
2005-09-20,1.2197
2005-09-21,-0.2484
2005-09-22,-1.3822999999999999
2005-09-23,-0.0505
2005-09-26,-2.3626
2005-09-27,-6.1853
2005-09-28,-9.3655
2005-09-29,-1.0805
2005-09-30,-1.5077
2005-10-03,3.2646
2005-10-04,6.4741
2005-10-05,-2.9692
2005-10-06,-0.0586
2005-10-07,-1.5529
2005-10-10,-2.6042
2005-10-11,-0.3056
2005-10-12,-2.5286999999999997
2005-10-13,-2.1698
2005-10-14,8.1164
2005-10-17,-0.996
2005-10-18,1.1562000000000001
2005-10-19,-2.3304
2005-10-20,0.304
2005-10-21,6.0606
2005-10-24,15.7
2005-10-25,-1.457
2005-10-26,1.5537
2005-10-27,-13.2017
2005-10-28,-3.2125
2005-10-31,1.9827
2005-11-01,-1.0657
2005-11-02,-0.2911
2005-11-03,-0.365
2005-11-04,0.0733
2005-11-07,6.2958
2005-11-08,-1.1157
2005-11-09,-2.5073
2005-11-10,0.6287
2005-11-11,-0.5381
2005-11-14,-0.0728
2005-11-15,-1.6857
2005-11-16,0.9881
2005-11-17,5.295
2005-11-18,-3.0883
2005-11-21,0.9587
2005-11-22,4.3577
2005-11-23,7.7222
2005-11-25,4.075
2005-11-28,-6.3388
2005-11-29,-2.6383
2005-11-30,2.0814
2005-12-01,2.2313
2005-12-02,-1.0286
2005-12-05,-1.142
2005-12-06,0.2321
2005-12-07,-0.6395
2005-12-08,-0.5922
2005-12-09,-1.7871000000000001
2005-12-12,0.0396
2005-12-13,-2.2275
2005-12-14,-6.4437999999999995
2005-12-15,-0.7925
2005-12-16,-4.5606
2005-12-19,1.2631000000000001
2005-12-20,-2.2242
2005-12-21,-0.8761
2005-12-22,0.3566
2005-12-23,3.1366
2005-12-27,-2.0225
2005-12-28,-0.9673
2005-12-29,-1.7252
2005-12-30,-1.1469
2006-01-03,0.9218
2006-01-04,4.4094
2006-01-05,-0.1508
2006-01-06,-0.5453
2006-01-09,0.4422
2006-01-10,0.8315
2006-01-11,-1.9946000000000002
2006-01-12,-1.0712
2006-01-13,1.3612
2006-01-17,-1.2056
2006-01-18,-3.4615
2006-01-19,-0.3184
2006-01-20,-2.3114
2006-01-23,-7.4926
2006-01-24,0.2131
2006-01-25,-6.9479
2006-01-26,-1.219
2006-01-27,-0.27
2006-01-30,1.5274999999999999
2006-01-31,3.8087999999999997
2006-02-01,-6.4208
2006-02-02,-3.8424
2006-02-03,-5.9735
2006-02-06,-1.0624
2006-02-07,-1.0519
2006-02-08,8.9922
2006-02-09,0.2235
2006-02-10,-1.6625999999999999
2006-02-13,1.3608
2006-02-14,-0.4679
2006-02-15,0.654
2006-02-16,-0.4873
2006-02-17,2.1424
2006-02-21,3.2561
2006-02-22,5.8812
2006-02-23,-4.44
2006-02-24,1.0707
2006-02-27,2.7241999999999997
2006-02-28,-5.3039
2006-03-01,-0.3501
2006-03-02,2.6542
2006-03-03,-0.7414
2006-03-06,2.9688
2006-03-07,-0.651
2006-03-08,-3.5948
2006-03-09,-6.1565
2006-03-10,1.6141999999999999
2006-03-13,1.1405
2006-03-14,-1.9331
2006-03-15,-0.4107
2006-03-16,-0.3732
2006-03-17,1.4508
2006-03-20,3.5904
2006-03-21,-2.7176
2006-03-22,3.2389
2006-03-23,-0.7843
2006-03-24,-0.7905
2006-03-27,3.8048
2006-03-28,-1.9382000000000001
2006-03-29,6.5753
2006-03-30,6.5001999999999995
2006-03-31,-3.3276
2006-04-03,-2.0867
2006-04-04,1.5118
2006-04-05,-0.4127
2006-04-06,3.1892
2006-04-07,0.227
2006-04-10,3.0314
2006-04-11,-6.0196
2006-04-12,2.195
2006-04-13,1.162
2006-04-17,-1.1486
2006-04-18,1.3204
2006-04-19,6.5682
2006-04-20,-1.1903
2006-04-21,-0.165
2006-04-24,-0.7438
2006-04-25,-1.5321
2006-04-26,-1.6658
2006-04-27,-1.4877
2006-04-28,1.1872
2006-05-01,2.2429
2006-05-02,-0.54
2006-05-03,1.7984
2006-05-04,5.5
2006-05-05,-0.6477
2006-05-08,1.2403
2006-05-09,-3.5967000000000002
2006-05-10,36.8133
2006-05-11,-2.9366
2006-05-12,-3.6805
2006-05-15,7.4385
2006-05-16,-1.9917
2006-05-17,1.6088
2006-05-18,-7.0952
2006-05-19,5.0743
2006-05-22,-3.8537
2006-05-23,4.5282
2006-05-24,1.9051
2006-05-25,-5.537
2006-05-26,0.1513
2006-05-30,-2.2551
2006-05-31,0.2082
2006-06-01,7.2089
2006-06-02,-0.7192
2006-06-05,0.5191
2006-06-06,7.915
2006-06-07,-2.4485
2006-06-08,-1.5744
2006-06-09,0.3825
2006-06-12,-2.7829
2006-06-13,-7.1149000000000004
2006-06-14,1.5345
2006-06-15,3.8791
2006-06-16,0.2667
2006-06-19,-4.7763
2006-06-20,0.5079
2006-06-21,6.633
2006-06-22,-4.9763
2006-06-23,0.9966
2006-06-26,1.0873
2006-06-27,0.0977
2006-06-28,-2.3304
2006-06-29,4.3972999999999995
2006-06-30,-1.2445
2006-07-03,4.0712
2006-07-05,-2.2121
2006-07-06,4.2267
2006-07-07,-0.4112
2006-07-10,-3.4756
2006-07-11,2.2935
2006-07-12,-1.2546
2006-07-13,-1.8706
2006-07-14,5.1433
2006-07-17,6.0889
2006-07-18,-0.4084
2006-07-19,-1.1224
2006-07-20,-3.1216
2006-07-21,-0.1239
2006-07-24,0.846
2006-07-25,0.4027
2006-07-26,2.4621
2006-07-27,-20.8655
2006-07-28,-0.2198
2006-07-31,-1.2669000000000001
2006-08-01,-1.3808
2006-08-02,-2.8426
2006-08-03,6.9869
2006-08-04,1.6871
2006-08-07,-0.9633
2006-08-08,-0.7295
2006-08-09,-4.4094
2006-08-10,1.0251
2006-08-11,1.4656
2006-08-14,-1.4583
2006-08-15,8.1043
2006-08-16,1.9296
2006-08-17,3.7222
2006-08-18,-1.0975
2006-08-21,-1.6209
2006-08-22,0.6465
2006-08-23,-3.2113
2006-08-24,-0.2862
2006-08-25,0.2088
2006-08-28,0.7813
2006-08-29,-0.7494
2006-08-30,1.2236
2006-08-31,-0.0643
2006-09-01,0.4633
2006-09-05,-0.351
2006-09-06,-0.6761
2006-09-07,1.333
2006-09-08,2.0945
2006-09-11,-0.0625
2006-09-12,0.5508
2006-09-13,4.357
2006-09-14,1.0617
2006-09-15,3.5765000000000002
2006-09-18,1.3902999999999999
2006-09-19,-4.3385
2006-09-20,1.6332
2006-09-21,0.7514
2006-09-22,-0.1951
2006-09-25,3.4951
2006-09-26,-1.1997
2006-09-27,-0.416
2006-09-28,0.3839
2006-09-29,-1.5409000000000002
2006-10-02,-1.5993
2006-10-03,-3.4247
2006-10-04,0.9136
2006-10-05,1.358
2006-10-06,-1.187
2006-10-09,1.0347
2006-10-10,1.8245
2006-10-11,0.7285
2006-10-12,-0.7575
2006-10-13,-2.3361
2006-10-16,0.2013
2006-10-17,-1.1463
2006-10-18,-0.3347
2006-10-19,3.1546
2006-10-20,0.686
2006-10-23,0.9008
2006-10-24,-3.5596
2006-10-25,0.7596
2006-10-26,0.0589
2006-10-27,4.7675
2006-10-30,7.8652
2006-10-31,-9.0833
2006-11-01,-2.83
2006-11-02,2.7119
2006-11-03,-0.2755
2006-11-06,2.049
2006-11-07,5.8995999999999995
2006-11-08,2.3647
2006-11-09,-0.0312
2006-11-10,0.2498
2006-11-13,7.2059
2006-11-14,-1.0169
2006-11-15,1.0372
2006-11-16,4.0093
2006-11-17,2.1974
2006-11-20,0.41
2006-11-21,5.3806
2006-11-22,-1.5154
2006-11-24,-0.341
2006-11-27,-6.2637
2006-11-28,1.6284999999999998
2006-11-29,3.1218
2006-11-30,3.3935
2006-12-01,-3.9558
2006-12-04,3.3094
2006-12-05,6.8245000000000005
2006-12-06,3.1372
2006-12-07,-6.8184000000000005
2006-12-08,2.5606
2006-12-11,0.7771
2006-12-12,0.0738
2006-12-13,-0.9181
2006-12-14,-0.6784
2006-12-15,-2.5406
2006-12-18,0.9145
2006-12-19,-0.8215
2006-12-20,0.4953
2006-12-21,-2.4473
2006-12-22,-0.8972
2006-12-26,-0.8702
2006-12-27,1.8088
2006-12-28,-0.7055
2006-12-29,-1.1578
2007-01-03,8.625399999999999
2007-01-04,2.9328
2007-01-05,-2.7778
2007-01-08,-0.449
2007-01-09,1.4514
2007-01-10,3.4675000000000002
2007-01-11,2.4764
2007-01-12,-4.9398
2007-01-16,2.1973
2007-01-17,-1.5301
2007-01-18,-3.2752
2007-01-19,0.0165
2007-01-22,0.8237
2007-01-23,1.7565
2007-01-24,0.281
2007-01-25,-0.9287
2007-01-26,-0.2748
2007-01-29,0.0
2007-01-30,0.5429
2007-01-31,0.7012
2007-02-01,-4.0019
2007-02-02,-0.2751
2007-02-05,-3.0265
2007-02-06,0.8277
2007-02-07,1.2398
2007-02-08,1.1655
2007-02-09,-1.9118
2007-02-12,-0.6298
2007-02-13,-2.955
2007-02-14,1.5004
2007-02-15,-7.6696
2007-02-16,-0.9701
2007-02-20,1.1127
2007-02-21,0.649
2007-02-22,0.3738
2007-02-23,2.7558
2007-02-26,1.2141
2007-02-27,-6.2215
2007-02-28,1.8519
2007-03-01,-0.4499
2007-03-02,-3.8599
2007-03-05,-2.3991
2007-03-06,4.6253
2007-03-07,-0.7768
2007-03-08,1.6623
2007-03-09,-2.6143
2007-03-12,0.0976
2007-03-13,-3.5401
2007-03-14,-1.557
2007-03-15,-1.1913
2007-03-16,-0.4781
2007-03-19,0.8564
2007-03-20,0.2382
2007-03-21,4.3079
2007-03-22,1.6143
2007-03-23,-0.0097
2007-03-26,-1.2964
2007-03-27,0.0
2007-03-28,-1.9849999999999999
2007-03-29,-2.1461
2007-03-30,-0.5869
2007-04-02,-3.1383
2007-04-03,1.8392
2007-04-04,-0.672
2007-04-05,-0.0211
2007-04-09,0.2326
2007-04-10,3.2173
2007-04-11,0.7767
2007-04-12,-0.8924
2007-04-13,-0.3684
2007-04-16,1.3865
2007-04-17,0.5673
2007-04-18,-0.2115
2007-04-19,-2.15
2007-04-20,2.7439999999999998
2007-04-23,-0.0402
2007-04-24,3.9574
2007-04-25,1.1400000000000001
2007-04-26,4.4804
2007-04-27,13.8978
2007-04-30,-2.4003
2007-05-01,-0.1892
2007-05-02,1.335
2007-05-03,1.911
2007-05-04,1.3086
2007-05-07,-0.8113
2007-05-08,-0.5479
2007-05-09,1.4692
2007-05-10,-1.7311999999999999
2007-05-11,2.5945
2007-05-14,3.0206
2007-05-15,-2.2426
2007-05-16,0.5581
2007-05-17,0.8786
2007-05-18,0.1222
2007-05-21,2.7547
2007-05-22,0.3565
2007-05-23,-3.2855
2007-05-24,-1.8363
2007-05-25,1.8784
2007-05-29,1.905
2007-05-30,1.8694
2007-05-31,3.5376
2007-06-01,-0.1282
2007-06-04,0.9978
2007-06-05,2.0675
2007-06-06,-2.1432
2007-06-07,-3.0309
2007-06-08,-0.1603
2007-06-11,0.0511
2007-06-12,-1.0649
2007-06-13,1.9167999999999998
2007-06-14,1.3817
2007-06-15,2.0835
2007-06-18,4.1798
2007-06-19,3.5223
2007-06-20,-1.2314
2007-06-21,1.0171
2007-06-22,1.6434
2007-06-25,-1.5465
2007-06-26,0.753
2007-06-27,1.237
2007-06-28,3.2137000000000002
2007-06-29,3.5699
2007-07-02,10.9715
2007-07-03,-2.9022
2007-07-05,2.2044
2007-07-06,6.8166
2007-07-09,-1.8725
2007-07-10,5.147
2007-07-11,0.7946
2007-07-12,0.3406
2007-07-13,3.2202
2007-07-16,-2.2693
2007-07-17,2.0577
2007-07-18,-5.8364
2007-07-19,-0.8554
2007-07-20,-4.3847
2007-07-23,-4.971
2007-07-24,-2.7987
2007-07-25,4.6789
2007-07-26,14.097
2007-07-27,-2.0424
2007-07-30,2.1778
2007-07-31,-3.4743
2007-08-01,-0.6436
2007-08-02,0.9916
2007-08-03,-2.0575
2007-08-06,-2.5693
2007-08-07,2.999
2007-08-08,2.259
2007-08-09,-4.2955
2007-08-10,-2.852
2007-08-13,1.8269
2007-08-14,-1.5659999999999998
2007-08-15,-5.2415
2007-08-16,-6.1096
2007-08-17,4.5118
2007-08-20,6.2546
2007-08-21,5.2839
2007-08-22,3.6919
2007-08-23,-0.7521
2007-08-24,0.0
2007-08-27,4.301
2007-08-28,-5.7844
2007-08-29,3.4253
2007-08-30,-0.4212
2007-08-31,1.2349999999999999
2007-09-04,4.2027
2007-09-05,1.2814
2007-09-06,0.1911
2007-09-07,-2.9571
2007-09-10,2.0876
2007-09-11,4.099
2007-09-12,1.3566
2007-09-13,1.0212
2007-09-14,1.0367
2007-09-17,7.6677
2007-09-18,6.2873
2007-09-19,2.6637
2007-09-20,0.0472
2007-09-21,3.086
2007-09-24,6.6093
2007-09-25,-1.147
2007-09-26,-4.0009
2007-09-27,1.4031
2007-09-28,-0.7946
2007-10-01,-1.671
2007-10-02,12.5593
2007-10-03,-1.9995
2007-10-04,0.2642
2007-10-05,2.0984
2007-10-08,2.4347
2007-10-09,-0.2033
2007-10-10,4.3799
2007-10-11,-10.0213
2007-10-12,4.5987
2007-10-15,-2.4862
2007-10-16,-2.3718
2007-10-17,2.836
2007-10-18,1.2018
2007-10-19,-1.2156
2007-10-22,0.0475
2007-10-23,10.636800000000001
2007-10-24,-3.9726
2007-10-25,-0.506
2007-10-26,5.7104
2007-10-29,3.4268
2007-10-30,1.5048
2007-10-31,3.097
2007-11-01,0.9046
2007-11-02,5.9723
2007-11-05,1.9266999999999999
2007-11-06,-2.2021
2007-11-07,-3.1151
2007-11-08,-9.4
2007-11-09,-4.1691
2007-11-12,-12.0863
2007-11-13,13.2504
2007-11-14,0.7468
2007-11-15,-4.7384
2007-11-16,-3.8785
2007-11-19,-2.3842
2007-11-20,1.9579
2007-11-21,-1.7799
2007-11-23,0.3053
2007-11-26,5.5948
2007-11-27,4.6606
2007-11-28,7.5907
2007-11-29,3.3302
2007-11-30,0.6535
2007-12-03,0.8613
2007-12-04,0.6411
2007-12-05,1.1477
2007-12-06,0.181
2007-12-07,-0.733
2007-12-10,1.8718
2007-12-11,-4.7621
2007-12-12,2.8067
2007-12-13,-0.5141
2007-12-14,1.5271
2007-12-17,-9.394
2007-12-18,4.7669
2007-12-19,0.5389
2007-12-20,1.3787
2007-12-21,0.0789
2007-12-24,0.0342
2007-12-26,5.016
2007-12-27,2.3845
2007-12-28,-2.5244
2007-12-31,-2.2739
2008-01-02,-2.0318
2008-01-03,-1.778
2008-01-04,-3.7564
2008-01-07,-4.6233
2008-01-08,0.2614
2008-01-09,-0.3215
2008-01-10,-1.3252
2008-01-11,-3.0306
2008-01-14,3.3865
2008-01-15,-6.5217
2008-01-16,-7.8253
2008-01-17,-9.6522
2008-01-18,3.0379
2008-01-22,0.0842
2008-01-23,-1.1234
2008-01-24,13.6936
2008-01-25,-2.5163
2008-01-28,-2.7215
2008-01-29,-7.0747
2008-01-30,-4.1816
2008-01-31,7.9263
2008-02-01,-3.7007
2008-02-04,0.9978
2008-02-05,-6.9001
2008-02-06,-9.2675
2008-02-07,1.0
2008-02-08,0.6931
2008-02-11,5.473
2008-02-12,-0.5196
2008-02-13,6.3806
2008-02-14,1.3061
2008-02-15,-2.0416
2008-02-19,-4.7665
2008-02-20,0.1824
2008-02-21,-1.8204
2008-02-22,0.6963
2008-02-25,-1.383
2008-02-26,-1.3319
2008-02-27,8.852
2008-02-28,-2.26
2008-02-29,-0.6601
2008-03-03,-4.3011
2008-03-04,2.3407999999999998
2008-03-05,-1.5966
2008-03-06,0.0825
2008-03-07,0.2104
2008-03-10,-0.671
2008-03-11,7.9113
2008-03-12,5.0886
2008-03-13,-2.0282
2008-03-14,-0.0149
2008-03-17,-7.8157
2008-03-18,-0.2291
2008-03-19,-10.6776
2008-03-20,-5.5902
2008-03-24,15.4401
2008-03-25,-1.8292000000000002
2008-03-26,2.4999000000000002
2008-03-27,-1.6356000000000002
2008-03-28,4.0665
2008-03-31,-3.0662
2008-04-01,14.0299
2008-04-02,3.0119
2008-04-03,1.8332000000000002
2008-04-04,2.5293
2008-04-07,2.079
2008-04-08,-1.35
2008-04-09,-2.4126
2008-04-10,1.1045
2008-04-11,-2.661
2008-04-14,1.7345000000000002
2008-04-15,-0.2697
2008-04-16,10.1845
2008-04-17,-2.5177
2008-04-18,10.0888
2008-04-21,4.8416
2008-04-22,-2.0727
2008-04-23,-0.1257
2008-04-24,-2.1907
2008-04-25,6.3421
2008-04-28,-0.9156
2008-04-29,3.7324
2008-04-30,-2.1963
2008-05-01,1.2035
2008-05-02,-2.2973
2008-05-05,3.4158
2008-05-06,-0.917
2008-05-07,-3.0479
2008-05-08,-1.1027
2008-05-09,-2.503
2008-05-12,5.9461
2008-05-13,0.417
2008-05-14,-1.9625
2008-05-15,0.8583
2008-05-16,0.0878
2008-05-19,1.7581
2008-05-20,0.3046
2008-05-21,-4.6059
2008-05-22,-5.6283
2008-05-23,-1.8805
2008-05-27,2.3699
2008-05-28,2.5082
2008-05-29,-0.0029
2008-05-30,0.0377
2008-06-02,-2.1185
2008-06-03,1.285
2008-06-04,0.7103
2008-06-05,5.0186
2008-06-06,-4.635
2008-06-09,-3.7793
2008-06-10,-1.7048
2008-06-11,-2.2553
2008-06-12,-1.1161
2008-06-13,3.6206
2008-06-16,2.7751
2008-06-17,-0.9735
2008-06-18,-0.0451
2008-06-19,0.6978
2008-06-20,-3.5602
2008-06-23,-1.2481
2008-06-24,-3.8073
2008-06-25,8.2714
2008-06-26,-5.2185
2008-06-27,-0.4829
2008-06-30,-0.0894
2008-07-01,1.5114
2008-07-02,-1.7785
2008-07-03,1.2691
2008-07-07,3.7627
2008-07-08,2.0342
2008-07-09,-0.5171
2008-07-10,-1.0576
2008-07-11,-7.3578
2008-07-14,-4.4841
2008-07-15,-3.2121
2008-07-16,5.9921
2008-07-17,1.3247
2008-07-18,-3.7504
2008-07-21,1.8728
2008-07-22,-1.5623
2008-07-23,-1.2519
2008-07-24,16.0651
2008-07-25,-0.7998
2008-07-28,0.5897
2008-07-29,4.1153
2008-07-30,0.609
2008-07-31,-0.8823
2008-08-01,-0.8584
2008-08-04,-4.059
2008-08-05,0.0273
2008-08-06,2.5765000000000002
2008-08-07,-3.2999
2008-08-08,-2.5517
2008-08-11,-4.6545
2008-08-12,2.3423
2008-08-13,1.2968
2008-08-14,2.9439
2008-08-15,-1.1851
2008-08-18,-4.2865
2008-08-19,0.5175
2008-08-20,4.0085
2008-08-21,0.6475
2008-08-22,0.2227
2008-08-25,-0.4938
2008-08-26,-3.8087
2008-08-27,1.8024
2008-08-28,0.2565
2008-08-29,-0.8909
2008-09-02,-1.6512
2008-09-03,-4.9556000000000004
2008-09-04,-7.5396
2008-09-05,-0.177
2008-09-08,1.3744
2008-09-09,-7.3803
2008-09-10,3.9232
2008-09-11,6.9746
2008-09-12,-0.1805
2008-09-15,-3.1878
2008-09-16,-2.3918
2008-09-17,-4.5142
2008-09-18,19.9599
2008-09-19,-5.0778
2008-09-22,-7.289
2008-09-23,-1.9097
2008-09-24,1.4307
2008-09-25,3.0793
2008-09-26,-5.3539
2008-09-29,-11.332699999999999
2008-09-30,7.3659
2008-10-01,-1.5067
2008-10-02,-4.4869
2008-10-03,-4.7748
2008-10-06,2.3879
2008-10-07,-5.8152
2008-10-08,-0.527
2008-10-09,-3.3426
2008-10-10,3.6715
2008-10-13,24.4678
2008-10-14,-5.9387
2008-10-15,-9.2108
2008-10-16,-0.3961
2008-10-17,5.8418
2008-10-20,6.2041
2008-10-21,-2.2447
2008-10-22,0.1689
2008-10-23,-14.6734
2008-10-24,-10.0311
2008-10-27,-6.3905
2008-10-28,16.7318
2008-10-29,1.4214
2008-10-30,0.7928
2008-10-31,-3.5581
2008-11-03,-0.6214
2008-11-04,14.6053
2008-11-05,-7.3864
2008-11-06,-3.5114
2008-11-07,3.9779
2008-11-10,-3.0826000000000002
2008-11-11,-9.6791
2008-11-12,-4.1084
2008-11-13,3.7598000000000003
2008-11-14,-5.7829
2008-11-17,-25.0433
2008-11-18,-3.9749
2008-11-19,-13.2184
2008-11-20,-1.244
2008-11-21,2.1205
2008-11-24,2.1652
2008-11-25,7.7304
2008-11-26,15.0931
2008-11-28,-4.8126
2008-12-01,-14.4024
2008-12-02,1.9431
2008-12-03,-4.1326
2008-12-04,0.7566
2008-12-05,-4.7411
2008-12-08,8.1118
2008-12-09,-7.2827
2008-12-10,-4.4075
2008-12-11,6.4664
2008-12-12,2.4259
2008-12-15,3.5877
2008-12-16,11.7792
2008-12-17,2.6515
2008-12-18,-3.5498
2008-12-19,0.2908
2008-12-22,-6.1036
2008-12-23,1.5682
2008-12-24,-1.024
2008-12-26,0.1374
2008-12-29,-1.6465999999999998
2008-12-30,4.1691
2008-12-31,2.8677
2009-01-02,3.7068
2009-01-05,1.7945
2009-01-06,-1.5308000000000002
2009-01-07,-6.1814
2009-01-08,-2.1125
2009-01-09,-3.217
2009-01-12,-5.4211
2009-01-13,1.227
2009-01-14,-4.9784
2009-01-15,-0.2825
2009-01-16,5.9028
2009-01-20,-5.3926
2009-01-21,1.1582
2009-01-22,1.4515
2009-01-23,-0.5154
2009-01-26,3.2336
2009-01-27,-0.2336
2009-01-28,10.286200000000001
2009-01-29,1.1639
2009-01-30,0.1011
2009-02-02,-2.5239000000000003
2009-02-03,-0.2788
2009-02-04,3.0598
2009-02-05,-2.876
2009-02-06,-0.5427
2009-02-09,12.808
2009-02-10,-6.9218
2009-02-11,2.3082
2009-02-12,-1.3895
2009-02-13,-2.8788
2009-02-17,-4.5632
2009-02-18,4.6915
2009-02-19,3.4975
2009-02-20,2.791
2009-02-23,-3.3096
2009-02-24,8.3485
2009-02-25,0.7005
2009-02-26,1.5164
2009-02-27,1.6308
2009-03-02,-7.4838000000000005
2009-03-03,5.3709
2009-03-04,8.8042
2009-03-05,2.6634
2009-03-06,-2.7800000000000002
2009-03-09,-1.2355
2009-03-10,7.422
2009-03-11,0.9544
2009-03-12,0.7254
2009-03-13,1.9243999999999999
2009-03-16,-6.5562000000000005
2009-03-17,8.7145
2009-03-18,-0.2281
2009-03-19,0.1086
2009-03-20,0.0057
2009-03-23,4.2237
2009-03-24,3.1216
2009-03-25,-2.3898
2009-03-26,1.3874
2009-03-27,-1.7172
2009-03-30,-5.5474
2009-03-31,2.0868
2009-04-01,-1.0362
2009-04-02,5.8076
2009-04-03,1.3952
2009-04-06,-0.5813
2009-04-07,-4.8227
2009-04-08,2.914
2009-04-09,4.2335
2009-04-13,4.8129
2009-04-14,-0.767
2009-04-15,-0.9699
2009-04-16,3.7851
2009-04-17,3.2637
2009-04-20,-4.8027
2009-04-21,2.2800000000000002
2009-04-22,1.843
2009-04-23,2.0016
2009-04-24,2.3718
2009-04-27,3.3649
2009-04-28,-1.6320999999999999
2009-04-29,2.7578
2009-04-30,2.4682
2009-05-01,1.1636
2009-05-04,5.3648
2009-05-05,0.6244
2009-05-06,2.3515
2009-05-07,-3.3926
2009-05-08,-0.4049
2009-05-11,-2.622
2009-05-12,0.6804
2009-05-13,-4.2209
2009-05-14,1.5584
2009-05-15,0.1748
2009-05-18,3.6509
2009-05-19,1.3876
2009-05-20,0.0283
2009-05-21,-2.6595
2009-05-22,-0.237
2009-05-26,3.1096
2009-05-27,1.5201
2009-05-28,2.8194
2009-05-29,2.1689
2009-06-01,8.4117
2009-06-02,-2.7938
2009-06-03,3.1871
2009-06-04,2.2799
2009-06-05,3.6367000000000003
2009-06-08,-0.0559
2009-06-09,1.7308
2009-06-10,-3.5127
2009-06-11,0.8012
2009-06-12,-3.8877
2009-06-15,1.1453
2009-06-16,-1.1324
2009-06-17,2.3945
2009-06-18,-0.6353
2009-06-19,1.2107
2009-06-22,-6.5793
2009-06-23,-1.8632
2009-06-24,3.8521
2009-06-25,3.4586
2009-06-26,2.7392
2009-06-29,-0.9961
2009-06-30,0.9759
2009-07-01,-1.9994
2009-07-02,-1.8877000000000002
2009-07-06,-1.2746
2009-07-07,-3.3799
2009-07-08,-0.4599
2009-07-09,2.4993
2009-07-10,0.8838
2009-07-13,2.2481
2009-07-14,2.8971999999999998
2009-07-15,5.6044
2009-07-16,2.1184
2009-07-17,-0.2791
2009-07-20,4.5522
2009-07-21,-1.2372
2009-07-22,-2.2645
2009-07-23,2.4895
2009-07-24,7.6539
2009-07-27,-0.358
2009-07-28,-1.5997
2009-07-29,-1.8798
2009-07-30,2.116
2009-07-31,-1.0404
2009-08-03,1.8125
2009-08-04,-0.8492
2009-08-05,-1.2634
2009-08-06,-1.6484
2009-08-07,1.6878
2009-08-10,1.3947
2009-08-11,-1.7193
2009-08-12,0.8096
2009-08-13,-0.4044
2009-08-14,-2.2003
2009-08-17,-5.3065999999999995
2009-08-18,1.8161
2009-08-19,1.0324
2009-08-20,2.5606
2009-08-21,1.6949
2009-08-24,0.0
2009-08-25,0.8174
2009-08-26,-1.1788
2009-08-27,-1.0532
2009-08-28,-0.1676
2009-08-31,-2.7891
2009-09-01,-3.4236
2009-09-02,1.9137
2009-09-03,1.4222000000000001
2009-09-04,4.1854
2009-09-08,4.0435
2009-09-09,1.8062
2009-09-10,2.4337
2009-09-11,-0.6712
2009-09-14,2.5814
2009-09-15,4.7499
2009-09-16,1.3544
2009-09-17,-0.9233
2009-09-18,0.1979
2009-09-21,0.0675
2009-09-22,-0.9894
2009-09-23,-0.3381
2009-09-24,-1.1951
2009-09-25,-0.6842
2009-09-28,2.1906
2009-09-29,-0.4116
2009-09-30,-0.8544
2009-10-01,-4.8664
2009-10-02,0.8575
2009-10-05,1.7803
2009-10-06,5.0041
2009-10-07,3.192
2009-10-08,-0.2731
2009-10-09,3.4895
2009-10-12,-3.1798
2009-10-13,-1.4485999999999999
2009-10-14,0.6577
2009-10-15,-2.5061999999999998
2009-10-16,-1.0278
2009-10-19,3.848
2009-10-20,-0.5596
2009-10-21,-0.6851
2009-10-22,2.3847
2009-10-23,4.7425
2009-10-26,-0.5375
2009-10-27,-11.3888
2009-10-28,3.4327
2009-10-29,-0.8643
2009-10-30,-3.9349
2009-11-02,-0.6533
2009-11-03,2.0213
2009-11-04,0.8694
2009-11-05,2.5519
2009-11-06,3.4097
2009-11-09,3.9366
2009-11-10,0.5283
2009-11-11,0.5583
2009-11-12,-0.7805
2009-11-13,1.2525
2009-11-16,1.3457
2009-11-17,0.7255
2009-11-18,-1.4451
2009-11-19,-1.634
2009-11-20,-0.0981
2009-11-23,2.6684
2009-11-24,-0.7882
2009-11-25,1.5245
2009-11-27,-0.5563
2009-11-30,-1.3599999999999999
2009-12-01,0.4173
2009-12-02,-0.1906
2009-12-03,-1.5711
2009-12-04,-0.6006
2009-12-07,-1.0157
2009-12-08,-0.5131
2009-12-09,1.8188
2009-12-10,-0.9703
2009-12-11,-0.9992
2009-12-14,1.5331000000000001
2009-12-15,-0.1201
2009-12-16,0.533
2009-12-17,-2.4445
2009-12-18,-0.3463
2009-12-21,-1.6931
2009-12-22,-2.1046
2009-12-23,3.859
2009-12-24,0.4322
2009-12-28,1.9952
2009-12-29,-1.0983
2009-12-30,-0.8102
2009-12-31,-1.2013
2010-01-04,-0.2918
2010-01-05,-1.0072
2010-01-06,1.626
2010-01-07,-1.9079000000000002
2010-01-08,-0.089
2010-01-11,-0.9152
2010-01-12,-3.515
2010-01-13,13.7106
2010-01-14,5.6317
2010-01-15,0.7432
2010-01-19,-5.739
2010-01-20,-0.2654
2010-01-21,0.0682
2010-01-22,-5.2435
2010-01-25,-0.4174
2010-01-26,1.0165
2010-01-27,1.1875
2010-01-28,-1.5341
2010-01-29,-1.4694
2010-02-01,3.3932
2010-02-02,0.1175
2010-02-03,5.5376
2010-02-04,-1.9832
2010-02-05,1.8010000000000002
2010-02-08,-1.2411
2010-02-09,-1.8546
2010-02-10,10.8319
2010-02-11,1.1055
2010-02-12,0.1108
2010-02-16,0.3012
2010-02-17,-0.3984
2010-02-18,2.0684
2010-02-19,0.5117
2010-02-22,1.3996
2010-02-23,-1.0746
2010-02-24,0.7514
2010-02-25,0.6726
2010-02-26,1.9278
2010-03-01,0.8155
2010-03-02,-0.7707
2010-03-03,-0.3585
2010-03-04,1.3075
2010-03-05,-0.5785
2010-03-08,2.6078
2010-03-09,0.8927
2010-03-10,1.8679000000000001
2010-03-11,0.8977
2010-03-12,-0.6966
2010-03-15,4.8343
2010-03-16,-0.638
2010-03-17,-1.0835
2010-03-18,-0.4039
2010-03-19,0.8837
2010-03-22,1.7678
2010-03-23,2.6151
2010-03-24,2.2895
2010-03-25,-2.7149
2010-03-26,0.7416
2010-03-29,1.1956
2010-03-30,-0.8782
2010-03-31,-0.2006
2010-04-01,0.5025
2010-04-05,0.2167
2010-04-06,3.0118
2010-04-07,-0.2696
2010-04-08,0.3416
2010-04-09,0.9067
2010-04-12,0.1103
2010-04-13,0.0799
2010-04-14,1.7553
2010-04-15,1.7721
2010-04-16,-2.5564
2010-04-19,-2.984
2010-04-20,3.6414
2010-04-21,-0.9232
2010-04-22,1.5985
2010-04-23,0.8937
2010-04-26,-0.7603
2010-04-27,-3.2363
2010-04-28,0.2048
2010-04-29,14.2409
2010-04-30,-2.9455999999999998
2010-05-03,2.9073
2010-05-04,-2.2553
2010-05-05,-0.5007
2010-05-06,-3.1195
2010-05-07,-4.2708
2010-05-10,8.646
2010-05-11,2.7908
2010-05-12,9.5061
2010-05-13,-3.2811
2010-05-14,-2.1946
2010-05-17,-1.0814
2010-05-18,-2.2001
2010-05-19,-2.012
2010-05-20,-3.6361
2010-05-21,4.8424
2010-05-24,0.2152
2010-05-25,-2.7111
2010-05-26,-2.1569
2010-05-27,8.7437
2010-05-28,-0.3944
2010-06-01,0.4781
2010-06-02,3.2898
2010-06-03,0.9002
2010-06-04,-4.5184
2010-06-07,-4.6311
2010-06-08,0.9741
2010-06-09,-4.3836
2010-06-10,7.7596
2010-06-11,0.3029
2010-06-14,0.1098
2010-06-15,3.3457
2010-06-16,-0.743
2010-06-17,-3.1266
2010-06-18,2.234
2010-06-21,3.0638
2010-06-22,-0.8905
2010-06-23,0.6739
2010-06-24,-3.1369
2010-06-25,3.1165
2010-06-28,-2.1813
2010-06-29,-9.2289
2010-06-30,0.7548
2010-07-01,0.6904
2010-07-02,-1.4588
2010-07-06,-0.148
2010-07-07,7.2943
2010-07-08,0.0829
2010-07-09,-1.6982
2010-07-12,-0.6601
2010-07-13,5.1605
2010-07-14,0.8739
2010-07-15,0.813
2010-07-16,-2.7895
2010-07-19,-0.8568
2010-07-20,1.5638
2010-07-21,-0.986
2010-07-22,1.5550000000000002
2010-07-23,4.8527000000000005
2010-07-26,2.9556
2010-07-27,0.871
2010-07-28,-2.0599
2010-07-29,-0.2519
2010-07-30,2.7904
2010-08-02,3.9184
2010-08-03,0.2246
2010-08-04,2.1347
2010-08-05,-1.1894
2010-08-06,1.1219
2010-08-09,1.1903
2010-08-10,0.354
2010-08-11,-4.1425
2010-08-12,-1.8758
2010-08-13,0.2178
2010-08-16,1.8351
2010-08-17,0.0948
2010-08-18,-1.7837
2010-08-19,-2.0911
2010-08-20,1.207
2010-08-23,-3.4076
2010-08-24,-2.5576
2010-08-25,1.2413
2010-08-26,-2.1711
2010-08-27,3.6162
2010-08-30,-2.6836
2010-08-31,1.5407
2010-09-01,4.3478
2010-09-02,0.9409
2010-09-03,2.0458
2010-09-07,-2.4081
2010-09-08,2.3338
2010-09-09,-0.4276
2010-09-10,0.5964
2010-09-13,2.2886
2010-09-14,0.0812
2010-09-15,-0.0348
2010-09-16,-0.2433
2010-09-17,-0.4182
2010-09-20,4.8279
2010-09-21,1.4699
2010-09-22,0.6799
2010-09-23,3.5072
2010-09-24,2.9464
2010-09-27,6.1229
2010-09-28,-1.7145000000000001
2010-09-29,1.6463999999999999
2010-09-30,-1.0605
2010-10-01,-3.7225
2010-10-04,-2.6113
2010-10-05,6.7346
2010-10-06,-4.187
2010-10-07,0.0915
2010-10-08,0.132
2010-10-11,1.1357
2010-10-12,-0.1203
2010-10-13,0.3313
2010-10-14,-1.7509000000000001
2010-10-15,0.4684
2010-10-18,4.8044
2010-10-19,-2.4952
2010-10-20,-0.8034
2010-10-21,2.4698
2010-10-22,4.6838
2010-10-25,2.3061
2010-10-26,2.6113
2010-10-27,0.222
2010-10-28,-0.6202
2010-10-29,-1.9256
2010-11-01,-2.5998
2010-11-02,2.2399
2010-11-03,1.0041
2010-11-04,-0.5332
2010-11-05,-1.1448
2010-11-08,1.4706000000000001
2010-11-09,-1.096
2010-11-10,2.2896
2010-11-11,2.1578
2010-11-12,-3.0324
2010-11-15,-1.6631
2010-11-16,-4.7794
2010-11-17,3.2046
2010-11-18,1.141
2010-11-19,0.4161
2010-11-22,0.2579
2010-11-23,-2.3514
2010-11-24,2.5303
2010-11-26,0.3394
2010-11-29,-1.8195000000000001
2010-11-30,-2.1699
2010-12-01,1.6754
2010-12-02,-0.4119
2010-12-03,2.6887
2010-12-06,0.9155
2010-12-07,-0.499
2010-12-08,-1.4679
2010-12-09,0.0
2010-12-10,-0.1989
2010-12-13,0.4219
2010-12-14,-1.5603
2010-12-15,-6.0214
2010-12-16,-1.8862
2010-12-17,0.4374
2010-12-20,0.0506
2010-12-21,2.4901
2010-12-22,-0.7407
2010-12-23,-0.3383
2010-12-27,-0.03
2010-12-28,-1.4182000000000001
2010-12-29,0.4052
2010-12-30,-0.9081
2010-12-31,-1.7106
2011-01-03,3.315
2011-01-04,1.2434
2011-01-05,3.6248
2011-01-06,0.5065
2011-01-07,1.7022
2011-01-10,-0.907
2011-01-11,0.2831
2011-01-12,-0.3293
2011-01-13,0.3021
2011-01-14,1.3929
2011-01-18,0.3899
2011-01-19,-0.7767
2011-01-20,-1.5375999999999999
2011-01-21,-0.53
2011-01-24,1.1989
2011-01-25,-0.4419
2011-01-26,1.9454
2011-01-27,1.019
2011-01-28,-2.3017
2011-01-31,1.9617
2011-02-01,9.2976
2011-02-02,-0.598
2011-02-03,0.4067
2011-02-04,-0.692
2011-02-07,1.0877
2011-02-08,0.7397
2011-02-09,2.6452
2011-02-10,2.26
2011-02-11,3.013
2011-02-14,-0.5942
2011-02-15,-0.5978
2011-02-16,0.5233
2011-02-17,-0.1321
2011-02-18,-1.3537
2011-02-22,-5.142
2011-02-23,-3.6414999999999997
2011-02-24,2.5108
2011-02-25,1.4982
2011-02-28,0.4727
2011-03-01,-2.7484
2011-03-02,1.4088
2011-03-03,1.9750999999999999
2011-03-04,0.4021
2011-03-07,-1.7656
2011-03-08,0.0
2011-03-09,-0.3578
2011-03-10,0.9353
2011-03-11,3.3838
2011-03-14,-0.7202
2011-03-15,-1.4751
2011-03-16,-1.3663
2011-03-17,0.8958
2011-03-18,-0.9372
2011-03-21,2.9046
2011-03-22,2.4919000000000002
2011-03-23,4.3198
2011-03-24,0.6751
2011-03-25,1.0826
2011-03-28,-0.9265
2011-03-29,1.7431
2011-03-30,0.2794
2011-03-31,1.0485
2011-04-01,0.7401
2011-04-04,3.0829
2011-04-05,-1.0202
2011-04-06,-3.1062
2011-04-07,1.3464
2011-04-08,2.0
2011-04-11,2.6783
2011-04-12,-3.4116
2011-04-13,3.5392
2011-04-14,0.906
2011-04-15,-0.136
2011-04-18,-0.6267
2011-04-19,2.7486
2011-04-20,-0.3936
2011-04-21,-0.442
2011-04-25,2.2267
2011-04-26,0.2698
2011-04-27,-0.8269
2011-04-28,-1.8927
2011-04-29,0.1821
2011-05-02,-0.707
2011-05-03,-5.1739
2011-05-04,-0.5935
2011-05-05,0.8489
2011-05-06,0.7632
2011-05-09,0.9628
2011-05-10,-0.2664
2011-05-11,-2.3481
2011-05-12,-0.504
2011-05-13,-5.0072
2011-05-16,-2.6737
2011-05-17,3.1619
2011-05-18,0.0228
2011-05-19,3.0643
2011-05-20,-0.8758
2011-05-23,-3.8756
2011-05-24,-0.1622
2011-05-25,0.2166
2011-05-26,0.3165
2011-05-27,3.0627
2011-05-31,1.3291
2011-06-01,-2.3874
2011-06-02,4.5443999999999996
2011-06-03,-3.8125
2011-06-06,-4.6843
2011-06-07,-1.6933
2011-06-08,-3.3247999999999998
2011-06-09,2.1048999999999998
2011-06-10,-1.2337
2011-06-13,-3.0076
2011-06-14,5.7528
2011-06-15,-4.7909
2011-06-16,-2.1878
2011-06-17,1.2388
2011-06-20,0.5099
2011-06-21,7.9726
2011-06-22,-2.2237999999999998
2011-06-23,3.4836
2011-06-24,-0.4179
2011-06-27,3.4893
2011-06-28,2.2528
2011-06-29,1.0355
2011-06-30,1.8535
2011-07-01,2.295
2011-07-05,1.7608000000000001
2011-07-06,-0.0206
2011-07-07,0.8022
2011-07-08,0.5238
2011-07-11,-3.6405
2011-07-12,-2.4298
2011-07-13,2.4111000000000002
2011-07-14,-1.0331
2011-07-15,4.3389
2011-07-18,0.8167
2011-07-19,2.9906
2011-07-20,1.5928
2011-07-21,-3.1099
2011-07-22,2.5504
2011-07-25,1.6494
2011-07-26,4.9955
2011-07-27,-1.8982999999999999
2011-07-28,-1.7986
2011-07-29,-0.8021
2011-08-01,1.1842
2011-08-02,-3.7815
2011-08-03,-0.3204
2011-08-04,-5.5829
2011-08-05,-2.0359
2011-08-08,-7.4757
2011-08-09,10.1112
2011-08-10,-1.9841
2011-08-11,5.2276
2011-08-12,1.35
2011-08-15,-3.6696999999999997
2011-08-16,-5.3374
2011-08-17,0.7596
2011-08-18,-6.6614
2011-08-19,-1.3901
2011-08-22,-0.2599
2011-08-23,7.6668
2011-08-24,-1.9654
2011-08-25,-0.4414
2011-08-26,4.9666
2011-08-29,2.577
2011-08-30,3.5241
2011-08-31,-1.7324000000000002
2011-09-01,-1.0221
2011-09-02,-2.6612999999999998
2011-09-06,1.9508999999999999
2011-09-07,1.9973
2011-09-08,0.6573
2011-09-09,-2.2992
2011-09-12,0.4177
2011-09-13,0.2427
2011-09-14,2.0058
2011-09-15,-0.2102
2011-09-16,-0.1495
2011-09-19,-0.8915
2011-09-20,-3.9172000000000002
2011-09-21,-1.147
2011-09-22,-10.9521
2011-09-23,0.1786
2011-09-26,-0.6807
2011-09-27,4.2102
2011-09-28,-4.9327
2011-09-29,-9.1665
2011-09-30,-3.0646
2011-10-03,-1.6369
2011-10-04,4.6881
2011-10-05,0.981
2011-10-06,8.7434
2011-10-07,-1.3897
2011-10-10,4.4711
2011-10-11,3.9586
2011-10-12,1.0504
2011-10-13,1.6357
2011-10-14,3.482
2011-10-17,-1.4462
2011-10-18,-2.3891999999999998
2011-10-19,-4.6385
2011-10-20,-1.8696000000000002
2011-10-21,-1.3805
2011-10-24,8.0714
2011-10-25,-3.0601
2011-10-26,2.2035
2011-10-27,5.8027999999999995
2011-10-28,4.5018
2011-10-31,-3.0701
2011-11-01,-3.6596
2011-11-02,4.0725999999999996
2011-11-03,2.0989
2011-11-04,-0.223
2011-11-07,-1.6762000000000001
2011-11-08,0.824
2011-11-09,-4.0651
2011-11-10,-0.3598
2011-11-11,1.533
2011-11-14,0.813
2011-11-15,1.3393
2011-11-16,-1.8758
2011-11-17,-5.0688
2011-11-18,-3.1808
2011-11-21,-2.1744
2011-11-22,0.0886
2011-11-23,-3.8059
2011-11-25,0.3028
2011-11-28,5.7526
2011-11-29,-1.4904
2011-11-30,4.8591
2011-12-01,2.9314999999999998
2011-12-02,-0.5488
2011-12-05,0.4027
2011-12-06,-2.5106
2011-12-07,-1.4628999999999999
2011-12-08,-2.0877
2011-12-09,3.0719
2011-12-12,-2.1989
2011-12-13,-4.2538
2011-12-14,-3.4773
2011-12-15,-3.0771
2011-12-16,0.1574
2011-12-19,-2.6808
2011-12-20,6.236
2011-12-21,-4.5861
2011-12-22,2.2926
2011-12-23,1.947
2011-12-27,-1.3242
2011-12-28,0.2151
2011-12-29,-1.5279
2011-12-30,1.5255
2012-01-03,6.7142
2012-01-04,-1.8505
2012-01-05,1.0493
2012-01-06,-1.7685
2012-01-09,-0.8052
2012-01-10,5.6321
2012-01-11,1.0325
2012-01-12,0.0858
2012-01-13,-0.6937
2012-01-17,1.1302
2012-01-18,-2.1575
2012-01-19,-1.9434
2012-01-20,-0.6633
2012-01-23,0.9202
2012-01-24,-1.7591
2012-01-25,2.694
2012-01-26,-0.9038
2012-01-27,6.021
2012-01-30,-0.4796
2012-01-31,-2.4554
2012-02-01,0.1647
2012-02-02,2.3957
2012-02-03,2.8595
2012-02-06,-2.3489
2012-02-07,-1.4311
2012-02-08,1.0812
2012-02-09,3.48
2012-02-10,0.8454
2012-02-13,2.4965
2012-02-14,0.6171
2012-02-15,-1.806
2012-02-16,2.5376
2012-02-17,-3.476
2012-02-21,-4.5727
2012-02-22,2.35
2012-02-23,-0.6432
2012-02-24,1.5356
2012-02-27,-0.2595
2012-02-28,2.7873
2012-02-29,-1.1498
2012-03-01,1.5874000000000001
2012-03-02,1.8435000000000001
2012-03-05,-3.3727
2012-03-06,-2.4806
2012-03-07,1.2530999999999999
2012-03-08,1.6674
2012-03-09,0.9767
2012-03-12,-0.527
2012-03-13,1.7271
2012-03-14,-2.6181
2012-03-15,-0.1245
2012-03-16,-0.1834
2012-03-19,1.3594
2012-03-20,-0.4277
2012-03-21,2.3735
2012-03-22,2.2118
2012-03-23,0.421
2012-03-26,4.4864
2012-03-27,-0.5172
2012-03-28,-1.2865
2012-03-29,-1.1344
2012-03-30,-0.4371
2012-04-02,0.638
2012-04-03,0.2454
2012-04-04,-1.6116000000000001
2012-04-05,2.4604
2012-04-09,0.371
2012-04-10,-2.9435000000000002
2012-04-11,1.2048
2012-04-12,3.5304
2012-04-13,0.0397
2012-04-16,-2.4574
2012-04-17,-0.1151
2012-04-18,0.2915
2012-04-19,-2.1498
2012-04-20,0.1175
2012-04-23,-3.6229
2012-04-24,-2.7424
2012-04-25,-0.7436
2012-04-26,-1.1942
2012-04-27,0.9234
2012-04-30,-1.2943
2012-05-01,0.5878
2012-05-02,0.4645
2012-05-03,-0.7383
2012-05-04,-2.3214
2012-05-07,-1.5744
2012-05-08,-0.5181
2012-05-09,-2.8356
2012-05-10,-0.0323
2012-05-11,-1.1564
2012-05-14,-0.3273
2012-05-15,1.6745
2012-05-16,-1.2997
2012-05-17,-3.9751
2012-05-18,-1.7290999999999999
2012-05-21,5.53
2012-05-22,-1.9795
2012-05-23,2.4718999999999998
2012-05-24,-3.2954
2012-05-25,-0.5665
2012-05-29,3.4016
2012-05-30,-2.8209999999999997
2012-05-31,-0.3301
2012-06-01,-3.7531
2012-06-04,2.0556
2012-06-05,1.3831
2012-06-06,1.5689
2012-06-07,2.8039
2012-06-08,-0.9391
2012-06-11,-0.4204
2012-06-12,-2.3675
2012-06-13,-1.0344
2012-06-14,0.7882
2012-06-15,1.4791
2012-06-18,1.6669
2012-06-19,0.2884
2012-06-20,-3.5656
2012-06-21,-3.6633
2012-06-22,1.353
2012-06-25,-3.1324
2012-06-26,-0.3873
2012-06-27,0.7324
2012-06-28,-2.4955
2012-06-29,5.8553
2012-07-02,-1.9917
2012-07-03,1.8014000000000001
2012-07-05,2.1705
2012-07-06,-1.1091
2012-07-09,-2.3639
2012-07-10,-3.4196
2012-07-11,-0.3477
2012-07-12,-0.6519
2012-07-13,1.3871
2012-07-16,-2.152
2012-07-17,-2.2077
2012-07-18,2.3557
2012-07-19,3.0544
2012-07-20,-0.456
2012-07-23,-2.8395
2012-07-24,7.3296
2012-07-25,-0.4698
2012-07-26,3.6797
2012-07-27,4.2826
2012-07-30,-1.9483000000000001
2012-07-31,-0.6348
2012-08-01,2.2569
2012-08-02,-0.9818
2012-08-03,2.3027
2012-08-06,3.2842000000000002
2012-08-07,1.0703
2012-08-08,0.729
2012-08-09,-0.2514
2012-08-10,0.0916
2012-08-13,-0.206
2012-08-14,-0.2523
2012-08-15,-0.2759
2012-08-16,2.7364
2012-08-17,0.2394
2012-08-20,-2.2914
2012-08-21,-5.7368
2012-08-22,-0.4862
2012-08-23,-6.2785
2012-08-24,0.5474
2012-08-27,1.0197
2012-08-28,3.1822
2012-08-29,-6.2353
2012-08-30,-0.9629
2012-08-31,-0.5089
2012-09-04,2.7548
2012-09-05,-2.2443
2012-09-06,0.7147
2012-09-07,-2.794
2012-09-10,-0.3905
2012-09-11,0.5936
2012-09-12,-2.477
2012-09-13,2.5585
2012-09-14,5.2719
2012-09-17,-1.9979
2012-09-18,-1.1649
2012-09-19,1.9162
2012-09-20,-2.5084
2012-09-21,-0.142
2012-09-24,1.8584
2012-09-25,-0.5876
2012-09-26,-0.2889
2012-09-27,2.1437
2012-09-28,2.0027
2012-10-01,-3.5247
2012-10-02,-0.3813
2012-10-03,-0.2403
2012-10-04,1.0083
2012-10-05,0.8834
2012-10-08,0.0788
2012-10-09,-6.8265
2012-10-10,1.542
2012-10-11,0.8416
2012-10-12,1.9992999999999999
2012-10-15,2.3377
2012-10-16,-0.3602
2012-10-17,1.2694
2012-10-18,-1.4537
2012-10-19,-0.7068
2012-10-22,1.1835
2012-10-23,1.1257
2012-10-24,-0.8696
2012-10-25,0.0175
2012-10-26,-0.1491
2012-10-31,-6.2456
2012-11-01,-0.0281
2012-11-02,-1.5084
2012-11-05,-1.228
2012-11-06,2.0654
2012-11-07,-1.3534
2012-11-08,-0.7741
2012-11-09,0.028
2012-11-12,0.8387
2012-11-13,-5.7353
2012-11-14,-5.1046
2012-11-15,0.2791
2012-11-16,-1.2244
2012-11-19,-0.2805
2012-11-20,1.7637
2012-11-21,-0.8612
2012-11-23,3.1961
2012-11-26,-0.8002
2012-11-27,-0.9743
2012-11-28,1.3648
2012-11-29,3.3295
2012-11-30,-2.7172
2012-12-03,-0.4227
2012-12-04,-5.9028
2012-12-05,-2.3559
2012-12-06,1.0283
2012-12-07,0.3797
2012-12-10,2.6746
2012-12-11,2.5613
2012-12-12,2.1148
2012-12-13,-0.8742
2012-12-14,2.2548
2012-12-17,-1.1681
2012-12-18,2.379
2012-12-19,2.0611
2012-12-20,-0.7369
2012-12-21,-1.1418
2012-12-24,-1.9554
2012-12-26,4.8314
2012-12-27,-1.9867
2012-12-28,-0.4325
2012-12-31,1.303
2013-01-02,3.8189
2013-01-03,0.826
2013-01-04,-0.318
2013-01-07,-2.2534
2013-01-08,-1.1713
2013-01-09,3.215
2013-01-10,5.9661
2013-01-11,2.1752
2013-01-14,-0.2921
2013-01-15,-0.87
2013-01-16,-1.5493000000000001
2013-01-17,-1.3645
2013-01-18,1.3004
2013-01-22,-0.8467
2013-01-23,-0.5601
2013-01-24,-0.3509
2013-01-25,0.0834
2013-01-28,3.1293
2013-01-29,-1.7416
2013-01-30,-0.4294
2013-01-31,-0.624
2013-02-01,0.2862
2013-02-04,-1.2982
2013-02-05,-10.1026
2013-02-06,2.0753
2013-02-07,-2.1348
2013-02-08,0.6129
2013-02-11,-0.5059
2013-02-12,-0.8716
2013-02-13,0.3978
2013-02-14,-0.7611
2013-02-15,-0.9036
2013-02-19,-2.2689
2013-02-20,-4.0464
2013-02-21,0.3618
2013-02-22,0.4619
2013-02-25,-1.312
2013-02-26,1.9543
2013-02-27,-0.4235
2013-02-28,1.5781
2013-03-01,1.9832999999999998
2013-03-04,-2.4849
2013-03-05,1.2298
2013-03-06,-1.576
2013-03-07,0.5449
2013-03-08,-1.3271
2013-03-11,0.2354
2013-03-12,-1.8786
2013-03-13,-0.114
2013-03-14,-1.506
2013-03-15,-1.4479
2013-03-18,0.1058
2013-03-19,-1.0919
2013-03-20,2.208
2013-03-21,-0.2091
2013-03-22,0.6634
2013-03-25,-1.3412
2013-03-26,0.8672
2013-03-27,2.3934
2013-03-28,-0.4879
2013-04-01,-0.7412
2013-04-02,1.2292
2013-04-03,-2.4467
2013-04-04,-0.9353
2013-04-05,-1.8436
2013-04-08,0.5742
2013-04-09,0.9516
2013-04-10,6.127
2013-04-11,-1.4544000000000001
2013-04-12,2.0955
2013-04-15,-2.2622
2013-04-16,1.942
2013-04-17,-1.8607
2013-04-18,-2.4151
2013-04-19,-0.0463
2013-04-22,-0.8909
2013-04-23,2.5566
2013-04-24,0.2732
2013-04-25,4.8246
2013-04-26,-7.9272
2013-04-29,0.5528
2013-04-30,0.4211
2013-05-01,-1.1532
2013-05-02,0.165
2013-05-03,-0.5765
2013-05-06,3.7155
2013-05-07,1.8824999999999998
2013-05-08,4.0426
2013-05-09,1.4423
2013-05-10,1.2732
2013-05-13,-2.4201
2013-05-14,-0.3221
2013-05-15,0.7648
2013-05-16,-0.9193
2013-05-17,2.1901
2013-05-20,6.0916
2013-05-21,-1.4529
2013-05-22,-3.9281
2013-05-23,-1.3139
2013-05-24,2.7266
2013-05-28,0.8605
2013-05-29,-0.7504
2013-05-30,1.2636
2013-05-31,-1.1558
2013-06-03,-0.3001
2013-06-04,-0.301
2013-06-05,-1.1555
2013-06-06,4.1496
2013-06-07,3.8224
2013-06-10,0.3117
2013-06-11,-3.4566
2013-06-12,-1.931
2013-06-13,2.2049
2013-06-14,-1.6657
2013-06-17,-1.2652999999999999
2013-06-18,-0.4754
2013-06-19,-1.8172000000000001
2013-06-20,-1.3961000000000001
2013-06-21,0.1952
2013-06-24,-3.7704
2013-06-25,1.335
2013-06-26,2.8872999999999998
2013-06-27,0.5015
2013-06-28,0.4374
2013-07-01,-2.2218999999999998
2013-07-02,-2.3676
2013-07-03,-1.207
2013-07-05,2.5779
2013-07-08,-1.1145
2013-07-09,2.4199
2013-07-10,0.7984
2013-07-11,3.9067
2013-07-12,-0.2369
2013-07-15,4.8942
2013-07-16,4.0358
2013-07-17,2.6871
2013-07-18,2.4601
2013-07-19,-0.1079
2013-07-22,-0.9633
2013-07-23,-0.1545
2013-07-24,3.2138
2013-07-25,11.0082
2013-07-26,1.3588
2013-07-29,1.3876
2013-07-30,1.8248
2013-07-31,0.4708
2013-08-01,1.9802
2013-08-02,3.5343999999999998
2013-08-05,-4.1582
2013-08-06,0.5004
2013-08-07,0.5722
2013-08-08,0.303
2013-08-09,1.8049
2013-08-12,-1.0565
2013-08-13,3.5106
2013-08-14,-2.1338
2013-08-15,-2.5919
2013-08-16,-0.2075
2013-08-19,0.2748
2013-08-20,-0.037
2013-08-21,0.7632
2013-08-22,2.6105
2013-08-23,-0.645
2013-08-26,0.2741
2013-08-27,-2.8039
2013-08-28,2.8552
2013-08-29,0.5612
2013-08-30,-3.0266
2013-09-03,0.4722
2013-09-04,-1.2338
2013-09-05,-1.1153
2013-09-06,2.0152
2013-09-09,0.6707
2013-09-10,2.9433
2013-09-11,4.7724
2013-09-12,-1.9075
2013-09-13,-1.2872
2013-09-16,-0.0351
2013-09-17,0.8521
2013-09-18,1.3178
2013-09-19,1.3727
2013-09-20,-0.9817
2013-09-23,2.0581
2013-09-24,0.5829
2013-09-25,0.3663
2013-09-26,2.3891999999999998
2013-09-27,-0.2852
2013-09-30,0.871
2013-10-01,2.2297
2013-10-02,0.8195
2013-10-03,-1.7882
2013-10-04,1.2223
2013-10-07,-0.9182
2013-10-08,-5.5795
2013-10-09,-1.4857
2013-10-10,4.5175
2013-10-11,1.1360999999999999
2013-10-14,-1.2524
2013-10-15,-0.9545
2013-10-16,-0.8581
2013-10-17,2.4168
2013-10-18,7.8528
2013-10-21,-2.8329
2013-10-22,-1.6376
2013-10-23,-2.2072
2013-10-24,4.0433
2013-10-25,-1.2272
2013-10-28,-3.2882
2013-10-29,3.4324
2013-10-30,3.4653
2013-10-31,-2.5071
2013-11-01,-0.4596
2013-11-04,-2.5241
2013-11-05,-1.6395
2013-11-06,-2.1973
2013-11-07,-1.8256000000000001
2013-11-08,2.5382
2013-11-11,0.3375
2013-11-12,-0.7718
2013-11-13,1.6951
2013-11-14,3.9286
2013-11-15,2.1008
2013-11-18,0.3327
2013-11-19,0.1535
2013-11-20,-2.6729000000000003
2013-11-21,-0.2242
2013-11-22,-0.1982
2013-11-25,-0.9045
2013-11-26,4.0661
2013-11-27,-0.0245
2013-11-29,2.1965
2013-12-02,1.2547
2013-12-03,-0.9546
2013-12-04,0.7243
2013-12-05,-0.5349
2013-12-06,0.8066
2013-12-09,1.8902
2013-12-10,4.6719
2013-12-11,-3.7180999999999997
2013-12-12,-1.0044
2013-12-13,-0.1516
2013-12-16,-1.3023
2013-12-17,-0.4023
2013-12-18,1.8773
2013-12-19,-0.6414
2013-12-20,1.7431
2013-12-23,-0.6114
2013-12-24,-2.1602
2013-12-26,-0.77
2013-12-27,3.8797
2013-12-30,0.1266
2013-12-31,2.2358000000000002
2014-01-02,1.1862
2014-01-03,-2.6168
2014-01-06,0.7702
2014-01-07,1.2399
2014-01-08,1.6609
2014-01-09,-3.449
2014-01-10,2.3587
2014-01-13,-4.8202
2014-01-14,1.0936
2014-01-15,-1.371
2014-01-16,1.4663
2014-01-17,-1.6532
2014-01-21,1.5046
2014-01-22,1.0017
2014-01-23,-6.2203
2014-01-24,-1.351
2014-01-27,-1.667
2014-01-28,3.5039
2014-01-29,-3.7384
2014-01-30,1.7141
2014-01-31,-2.6802
2014-02-03,-3.8211
2014-02-04,3.5211
2014-02-05,-2.3874
2014-02-06,1.9395
2014-02-07,3.9278
2014-02-10,1.9238
2014-02-11,1.2482
2014-02-12,0.457
2014-02-13,1.7899
2014-02-14,-1.5055
2014-02-18,3.7676
2014-02-19,-0.1151
2014-02-20,0.1786
2014-02-21,-0.7131
2014-02-24,-0.0753
2014-02-25,-1.3795
2014-02-26,1.6162
2014-02-27,3.4818
2014-02-28,-4.4657
2014-03-03,-0.6903
2014-03-04,1.5729
2014-03-05,1.2469999999999999
2014-03-06,5.7684999999999995
2014-03-07,-1.4081000000000001
2014-03-10,-1.3623
2014-03-11,-3.3749000000000002
2014-03-12,0.3919
2014-03-13,-4.6446
2014-03-14,-3.3115
2014-03-17,0.6663
2014-03-18,1.5032
2014-03-19,-2.1391
2014-03-20,-1.9304999999999999
2014-03-21,0.5271
2014-03-24,-0.5875
2014-03-25,-0.8451
2014-03-26,-2.5183999999999997
2014-03-27,-0.7363
2014-03-28,-0.2252
2014-03-31,1.0687
2014-04-01,4.538
2014-04-02,0.8104
2014-04-03,-1.8820000000000001
2014-04-04,-5.1445
2014-04-07,-3.9103
2014-04-08,5.1913
2014-04-09,4.4515
2014-04-10,-4.2555
2014-04-11,-0.8147
2014-04-14,2.6813000000000002
2014-04-15,1.1154
2014-04-16,1.1320999999999999
2014-04-17,-0.9095
2014-04-21,2.7664
2014-04-22,1.8113000000000001
2014-04-23,-2.2514
2014-04-24,0.251
2014-04-25,1.9845000000000002
2014-04-28,-7.3538
2014-04-29,2.7960000000000003
2014-04-30,-0.8379
2014-05-01,3.1459
2014-05-02,0.7688
2014-05-05,-0.1126
2014-05-06,-1.1895
2014-05-07,-4.1564
2014-05-08,-0.5884
2014-05-09,1.6425
2014-05-12,4.5993
2014-05-13,-2.358
2014-05-14,-0.0577
2014-05-15,-0.4038
2014-05-16,-0.399
2014-05-19,1.8608
2014-05-20,0.4884
2014-05-21,3.5033
2014-05-22,-0.2683
2014-05-23,2.5072
2014-05-27,1.0082
2014-05-28,-1.8604
2014-05-29,0.8004
2014-05-30,-1.0089
2014-06-02,0.8684
2014-06-03,-2.1399
2014-06-04,-0.1778
2014-06-05,1.8607
2014-06-06,3.5573
2014-06-09,-0.4352
2014-06-10,2.6517
2014-06-11,0.2101
2014-06-12,-0.3003
2014-06-13,1.1763
2014-06-16,-0.6571
2014-06-17,0.7576
2014-06-18,-0.8641
2014-06-19,-1.2961
2014-06-20,0.063
2014-06-23,1.7422
2014-06-24,2.0559
2014-06-25,1.8047
2014-06-26,-0.4066
2014-06-27,0.6804
2014-06-30,1.0002
2014-07-01,2.3928
2014-07-02,-0.6901
2014-07-03,0.6528
2014-07-07,-1.6736
2014-07-08,-3.0319
2014-07-09,1.4482
2014-07-10,-0.876
2014-07-11,1.5165
2014-07-14,1.3004
2014-07-15,0.7161
2014-07-16,-0.237
2014-07-17,-1.3251
2014-07-18,2.2792
2014-07-21,3.4263
2014-07-22,0.3591
2014-07-23,0.8517
2014-07-24,2.0738
2014-07-25,10.8827
2014-07-28,-0.3091
2014-07-29,-2.5686
2014-07-30,-0.3955
2014-07-31,-1.4056
2014-08-01,-1.6987
2014-08-04,3.07
2014-08-05,-1.5211999999999999
2014-08-06,-0.1995
2014-08-07,-0.7576
2014-08-08,0.74
2014-08-11,1.3436
2014-08-12,-0.8349
2014-08-13,1.1242
2014-08-14,0.4529
2014-08-15,-0.3325
2014-08-18,0.1782
2014-08-19,-0.4698
2014-08-20,0.3712
2014-08-21,-0.9953
2014-08-22,-1.2221
2014-08-25,1.2185
2014-08-26,-0.3321
2014-08-27,-0.2869
2014-08-28,-0.7658
2014-08-29,0.3321
2014-09-02,4.7921
2014-09-03,1.1788
2014-09-04,-1.4289
2014-09-05,1.1151
2014-09-08,-0.547
2014-09-09,-1.8761999999999999
2014-09-10,-0.2486
2014-09-11,-0.2991
2014-09-12,-0.9363
2014-09-15,-3.3171
2014-09-16,2.2968
2014-09-17,1.6282
2014-09-18,4.277
2014-09-19,-1.5408
2014-09-22,-4.4769
2014-09-23,-0.0326
2014-09-24,3.3428
2014-09-25,-1.9912999999999998
2014-09-26,0.6757
2014-09-29,0.662
2014-09-30,-1.016
2014-10-01,-2.841
2014-10-02,1.3064
2014-10-03,0.7682
2014-10-06,0.3465
2014-10-07,-0.7228
2014-10-08,0.8858
2014-10-09,-2.087
2014-10-10,-4.5305
2014-10-13,-1.8048
2014-10-14,-0.3055
2014-10-15,3.3456
2014-10-16,2.6685
2014-10-17,0.2415
2014-10-20,2.3095
2014-10-21,2.6452
2014-10-22,-1.3897
2014-10-23,-1.0171
2014-10-24,2.5434
2014-10-27,-1.1818
2014-10-28,4.1106
2014-10-29,-1.9261
2014-10-30,5.5489
2014-10-31,0.7426
2014-11-03,-0.934
2014-11-04,2.2914
2014-11-05,-1.7606000000000002
2014-11-06,-0.3366
2014-11-07,-0.152
2014-11-10,4.6673
2014-11-11,1.1148
2014-11-12,-0.2077
2014-11-13,-2.2937
2014-11-14,2.2983000000000002
2014-11-17,-2.2227
2014-11-18,-0.5734
2014-11-19,-0.9598
2014-11-20,-0.8444
2014-11-21,2.8986
2014-11-24,-0.5667
2014-11-25,0.1763
2014-11-26,0.6917
2014-11-28,-0.3739
2014-12-01,-3.4678
2014-12-02,-0.7903
2014-12-03,-1.4697
2014-12-04,-0.2075
2014-12-05,0.8275
2014-12-08,-2.17
2014-12-09,0.9795
2014-12-10,-2.0792
2014-12-11,1.8256999999999999
2014-12-12,0.0393
2014-12-15,-1.5306
2014-12-16,-2.5907
2014-12-17,1.7685
2014-12-18,3.5872
2014-12-19,1.0135
2014-12-22,0.158
2014-12-23,-0.6138
2014-12-24,-0.935
2014-12-26,1.6885
2014-12-29,-1.9882
2014-12-30,-0.0869
2014-12-31,-0.8869
2015-01-02,-2.145
2015-01-05,-1.4769999999999999
2015-01-06,0.1797
2015-01-07,1.8939
2015-01-08,2.1663
2015-01-09,-1.0078
2015-01-12,-2.6487
2015-01-13,-0.584
2015-01-14,-1.2659
2015-01-15,-0.392
2015-01-16,1.9563000000000001
2015-01-20,0.0749
2015-01-21,3.5941
2015-01-22,0.7009
2015-01-23,1.4986
2015-01-26,-1.6585999999999999
2015-01-27,-0.8389
2015-01-28,-3.1732
2015-01-29,0.0363
2015-01-30,-1.1207
2015-02-02,-0.1491
2015-02-03,-0.1999
2015-02-04,0.0368
2015-02-05,-0.2025
2015-02-06,-2.3155
2015-02-09,1.5346
2015-02-10,2.0509
2015-02-11,-2.1737
2015-02-12,-4.4953
2015-02-13,3.468
2015-02-17,-1.5651000000000002
2015-02-18,-0.795
2015-02-19,0.0434
2015-02-20,1.1533
2015-02-23,-1.5265
2015-02-24,0.7896
2015-02-25,-2.1773
2015-02-26,1.1546
2015-02-27,-1.0346
2015-03-02,0.6331
2015-03-03,0.634
2015-03-04,0.6543
2015-03-05,3.1489
2015-03-06,-0.4294
2015-03-09,-0.7946
2015-03-10,-0.5789
2015-03-11,-2.8566000000000003
2015-03-12,-0.4844
2015-03-13,0.5187
2015-03-16,0.4182
2015-03-17,-0.9912
2015-03-18,3.7808
2015-03-19,1.716
2015-03-20,-0.8762
2015-03-23,1.923
2015-03-24,-1.4668999999999999
2015-03-25,-2.7434
2015-03-26,-1.1072
2015-03-27,0.92
2015-03-30,1.5483
2015-03-31,-1.0164
2015-04-01,1.2812000000000001
2015-04-02,-1.2129
2015-04-06,-2.3548
2015-04-07,0.1302
2015-04-08,4.4024
2015-04-09,2.6475
2015-04-10,-1.6867
2015-04-13,0.284
2015-04-14,-0.6917
2015-04-15,-1.4679
2015-04-16,-1.8361
2015-04-17,0.4688
2015-04-20,1.9195
2015-04-21,0.4649
2015-04-22,0.2467
2015-04-23,-0.5108
2015-04-24,2.1764
2015-04-27,1.6413
2015-04-28,-0.5761
2015-04-29,-0.0867
2015-04-30,-8.5479
2015-05-01,1.0935
2015-05-04,0.6075
2015-05-05,-4.3986
2015-05-06,-2.4083
2015-05-07,1.8837000000000002
2015-05-08,-0.0465
2015-05-11,-1.3976
2015-05-12,-0.4533
2015-05-13,-0.4159
2015-05-14,0.5762
2015-05-15,1.4243000000000001
2015-05-18,-0.8602
2015-05-19,0.9513
2015-05-20,1.2271
2015-05-21,2.3631
2015-05-22,1.8338
2015-05-26,-1.7713
2015-05-27,0.6294
2015-05-28,-0.5858
2015-05-29,-1.4331
2015-06-01,2.1074
2015-06-02,0.893
2015-06-03,0.2557
2015-06-04,0.2183
2015-06-05,0.7659
2015-06-08,-1.3308
2015-06-09,-0.2904
2015-06-10,1.0219
2015-06-11,1.0458
2015-06-12,0.4014
2015-06-15,-0.9008
2015-06-16,-0.3548
2015-06-17,2.2
2015-06-18,0.568
2015-06-19,0.0807
2015-06-22,-0.5833
2015-06-23,1.1162
2015-06-24,-0.7831
2015-06-25,-1.317
2015-06-26,-2.0188
2015-06-29,-1.4064
2015-06-30,-0.7082
2015-07-01,-0.1859
2015-07-02,-0.8455
2015-07-06,-4.0603
2015-07-07,-0.7882
2015-07-08,-1.5783
2015-07-09,1.6199
2015-07-10,0.096
2015-07-13,2.9401
2015-07-14,-1.0296
2015-07-15,-2.4571
2015-07-16,1.8866
2015-07-17,4.3872
2015-07-20,0.5896
2015-07-21,1.3977
2015-07-22,1.6502
2015-07-23,0.9186
2015-07-24,-0.6646
2015-07-27,-4.1552
2015-07-28,-14.999
2015-07-29,1.1784
2015-07-30,2.6234
2015-07-31,-1.0374
2015-08-03,-2.0387
2015-08-04,0.6976
2015-08-05,1.4209
2015-08-06,0.9957
2015-08-07,0.9286
2015-08-10,0.4373
2015-08-11,-5.0382
2015-08-12,-4.2396
2015-08-13,0.0435
2015-08-14,2.0822
2015-08-17,1.9423
2015-08-18,-0.7884
2015-08-19,-1.9385
2015-08-20,-3.3704
2015-08-21,-2.8526
2015-08-24,-7.7366
2015-08-25,-2.8991
2015-08-26,3.9492000000000003
2015-08-27,6.7837
2015-08-28,0.046
2015-08-31,-3.2078
2015-09-01,-2.4992
2015-09-02,3.1901
2015-09-03,0.6277
2015-09-04,-2.066
2015-09-08,1.4932
2015-09-09,1.3025
2015-09-10,-2.2384
2015-09-11,-1.8535
2015-09-14,-1.9163000000000001
2015-09-15,0.092
2015-09-16,6.3296
2015-09-17,-2.1882
2015-09-18,-3.0532
2015-09-21,-1.2134
2015-09-22,-3.3513
2015-09-23,-2.7549
2015-09-24,0.1662
2015-09-25,1.3199
2015-09-28,-0.9528
2015-09-29,2.7206
2015-09-30,0.5341
2015-10-01,0.0873
2015-10-02,7.9837
2015-10-05,0.7474
2015-10-06,0.1203
2015-10-07,-3.3578
2015-10-08,-2.4245
2015-10-09,2.0954
2015-10-12,-0.104
2015-10-13,1.6867
2015-10-14,-1.0102
2015-10-15,3.5995
2015-10-16,0.5059
2015-10-19,2.4371
2015-10-20,-0.9503
2015-10-21,-2.3367
2015-10-22,2.5864000000000003
2015-10-23,2.6710000000000003
2015-10-26,5.4822
2015-10-27,4.5837
2015-10-28,-0.7592
2015-10-29,-2.0575
2015-10-30,10.9356
2015-11-02,4.118
2015-11-03,-1.3780999999999999
2015-11-04,2.8156
2015-11-05,0.5002
2015-11-06,0.6988
2015-11-09,-3.1403
2015-11-10,1.536
2015-11-11,1.2691
2015-11-12,-0.6767
2015-11-13,-2.1147
2015-11-16,2.4594
2015-11-17,-0.9511
2015-11-18,4.0136
2015-11-19,1.4995
2015-11-20,-0.5342
2015-11-23,0.3725
2015-11-24,-1.0267
2015-11-25,-1.7191999999999998
2015-11-27,1.8731
2015-11-30,6.0269
2015-12-01,-1.7709000000000001
2015-12-02,-1.2844
2015-12-03,-1.8357
2015-12-04,0.3952
2015-12-07,0.1152
2015-12-08,-1.6879
2015-12-09,-2.2242
2015-12-10,-0.2245
2015-12-11,-3.1648
2015-12-14,0.1084
2015-12-15,2.7026
2015-12-16,0.1055
2015-12-17,-1.204
2015-12-18,-2.549
2015-12-21,2.8762
2015-12-22,-0.2077
2015-12-23,-0.2538
2015-12-24,-1.323
2015-12-28,-0.5827
2015-12-29,0.9751
2015-12-30,-1.3098
2015-12-31,-1.6082999999999998
2016-01-04,-2.6502
2016-01-05,1.8149
2016-01-06,-0.9393
2016-01-07,-6.0557
2016-01-08,-1.7377
2016-01-11,-0.5661
2016-01-12,1.4909
2016-01-13,-3.9732
2016-01-14,3.7279999999999998
2016-01-15,-4.8248999999999995
2016-01-19,1.2872
2016-01-20,-0.6264
2016-01-21,2.7699
2016-01-22,0.9495
2016-01-25,-2.1207
2016-01-26,-0.2746
2016-01-27,-5.2729
2016-01-28,-0.8403
2016-01-29,4.0334
2016-02-01,-1.3291
2016-02-02,-3.8982
2016-02-03,-1.1239
2016-02-04,-0.3201
2016-02-05,-4.7513
2016-02-08,-0.1995
2016-02-09,-3.0128
2016-02-10,2.2036
2016-02-11,-1.7875
2016-02-12,8.1581
2016-02-16,3.1363
2016-02-17,3.8154
2016-02-18,-1.7306
2016-02-19,2.346
2016-02-22,2.5537
2016-02-23,-4.5355
2016-02-24,1.0744
2016-02-25,-2.7834
2016-02-26,9.847
2016-02-29,-0.2186
2016-03-01,3.9096
2016-03-02,-1.8091
2016-03-03,0.2035
2016-03-04,0.705
2016-03-07,-0.7561
2016-03-08,-2.4774
2016-03-09,2.1353
2016-03-10,-0.238
2016-03-11,3.9187
2016-03-14,-0.5246
2016-03-15,-0.9889
2016-03-16,1.5703
2016-03-17,0.2131
2016-03-18,2.4422
2016-03-21,-0.4257
2016-03-22,0.6841
2016-03-23,-2.4204
2016-03-24,0.5548
2016-03-28,0.1677
2016-03-29,2.5220000000000002
2016-03-30,0.0263
2016-03-31,0.5214
2016-04-01,-0.2881
2016-04-04,-0.7145
2016-04-05,-2.7359
2016-04-06,1.6431
2016-04-07,-2.2963
2016-04-08,0.7944
2016-04-11,0.5925
2016-04-12,1.259
2016-04-13,3.5112
2016-04-14,0.897
2016-04-15,-1.2772999999999999
2016-04-18,-0.1449
2016-04-19,0.8189
2016-04-20,-0.437
2016-04-21,-0.4802
2016-04-22,-1.0273
2016-04-25,-1.4259
2016-04-26,0.1117
2016-04-27,-0.1594
2016-04-28,-1.0269
2016-04-29,4.4511
2016-05-02,-7.9207
2016-05-03,-2.5432
2016-05-04,1.6747
2016-05-05,-1.162
2016-05-06,-0.7305
2016-05-09,-2.5584
2016-05-10,-1.9352
2016-05-11,-1.9012
2016-05-12,-1.0856
2016-05-13,-0.9487
2016-05-16,5.1393
2016-05-17,1.8338
2016-05-18,-0.9296
2016-05-19,-0.5547
2016-05-20,0.9139
2016-05-23,-0.1647
2016-05-24,3.6167
2016-05-25,0.4548
2016-05-26,0.5433
2016-05-27,4.1313
2016-05-31,-3.4971
2016-06-01,-1.1258
2016-06-02,-0.5042
2016-06-03,-1.0818
2016-06-06,0.5065
2016-06-07,-2.1532
2016-06-08,-1.2583
2016-06-09,0.166
2016-06-10,-2.7871
2016-06-13,-0.4444
2016-06-14,-1.657
2016-06-15,0.1181
2016-06-16,2.7883
2016-06-17,-1.7158
2016-06-20,2.3666
2016-06-21,-2.2398
2016-06-22,-0.3563
2016-06-23,1.048
2016-06-24,-2.9283
2016-06-27,-1.3826
2016-06-28,2.2241
2016-06-29,2.4936
2016-06-30,0.4501
2016-07-01,0.0242
2016-07-05,-2.0098
2016-07-06,-0.1915
2016-07-07,1.1513
2016-07-08,-2.2152
2016-07-11,4.5244
2016-07-12,-1.2273
2016-07-13,-0.497
2016-07-14,0.4203
2016-07-15,-1.28
2016-07-18,1.2597
2016-07-19,-2.1846
2016-07-20,-0.335
2016-07-21,0.4669
2016-07-22,-0.3222
2016-07-25,-0.3916
2016-07-26,2.3588
2016-07-27,0.8962
2016-07-28,0.0785
2016-07-29,-3.6406
2016-08-01,2.2744
2016-08-02,-1.5192999999999999
2016-08-03,0.9269
2016-08-04,0.1972
2016-08-05,2.9651
2016-08-08,-0.5556
2016-08-09,-0.5467
2016-08-10,0.0544
2016-08-11,1.2618
2016-08-12,0.155
2016-08-15,2.9587
2016-08-16,0.2024
2016-08-17,-0.3289
2016-08-18,1.5457999999999998
2016-08-19,1.2144
2016-08-22,-2.0729
2016-08-23,-0.2071
2016-08-24,-1.1528
2016-08-25,0.793
2016-08-26,0.3587
2016-08-29,0.1038
2016-08-30,1.0366
2016-08-31,-2.4964
2016-09-01,3.2034
2016-09-02,0.6967
2016-09-06,6.3449
2016-09-07,0.0476
2016-09-08,-0.8723
2016-09-09,-2.88
2016-09-12,1.1148
2016-09-13,-1.2111
2016-09-14,0.1539
2016-09-15,2.3713
2016-09-16,-0.7989
2016-09-19,-0.1459
2016-09-20,0.8823
2016-09-21,5.1832
2016-09-22,-0.2959
2016-09-23,-1.9083999999999999
2016-09-26,-1.4918
2016-09-27,1.0431
2016-09-28,-1.6192
2016-09-29,-2.9349
2016-09-30,-0.0878
2016-10-03,0.8074
2016-10-04,0.2942
2016-10-05,0.0163
2016-10-06,-1.4068
2016-10-07,-0.9476
2016-10-10,0.9399
2016-10-11,-2.4519
2016-10-12,-0.9207
2016-10-13,-0.4561
2016-10-14,0.5154
2016-10-17,-0.2051
2016-10-18,0.2855
2016-10-19,0.3131
2016-10-20,-0.5846
2016-10-21,0.9077
2016-10-24,2.3195
2016-10-25,-2.3112
2016-10-26,-2.1847
2016-10-27,1.3193
2016-10-28,2.5642
2016-10-31,-1.5201
2016-11-01,-1.9055
2016-11-02,-2.7149
2016-11-03,-0.1244
2016-11-04,-0.5161
2016-11-07,2.3017
2016-11-08,-0.373
2016-11-09,-1.3223
2016-11-10,-3.0772
2016-11-11,-0.3181
2016-11-14,-0.7487
2016-11-15,1.6756
2016-11-16,1.3987
2016-11-17,-0.3179
2016-11-18,-1.101
2016-11-21,0.7969
2016-11-22,-0.7363
2016-11-23,-0.5107
2016-11-25,0.495
2016-11-28,1.5568
2016-11-29,1.3054000000000001
2016-11-30,-1.3181
2016-12-01,-2.3181
2016-12-02,-0.8646
2016-12-05,1.6391
2016-12-06,0.5173
2016-12-07,2.5186
2016-12-08,-0.9331
2016-12-09,1.8300999999999998
2016-12-12,-1.3699
2016-12-13,1.7688000000000001
2016-12-14,-0.9507
2016-12-15,-2.3847
2016-12-16,-0.5127
2016-12-19,-0.7518
2016-12-20,0.9713
2016-12-21,-0.8228
2016-12-22,-0.6284
2016-12-23,0.4482
2016-12-27,0.7028
2016-12-28,0.4673
2016-12-29,0.5799
2016-12-30,-1.2553
2017-01-03,2.366
2017-01-04,2.1747
2017-01-05,3.2042
2017-01-06,-0.6142
2017-01-09,0.4422
2017-01-10,1.7781
2017-01-11,-0.5491
2017-01-12,-0.9759
2017-01-13,-0.6138
2017-01-17,0.272
2017-01-18,-0.2373
2017-01-19,-0.2549
2017-01-20,-1.5049000000000001
2017-01-23,1.4586999999999999
2017-01-24,0.0455
2017-01-25,0.3181
2017-01-26,-0.9399
2017-01-27,-0.4859
2017-01-30,0.3561
2017-01-31,0.2003
2017-02-01,-0.714
2017-02-02,-0.2416
2017-02-03,1.0208
2017-02-06,1.5070999999999999
2017-02-07,0.2025
2017-02-08,1.869
2017-02-09,0.0
2017-02-10,1.3719000000000001
2017-02-13,0.1739
2017-02-14,-0.8355
2017-02-15,0.4432
2017-02-16,0.7408
2017-02-17,0.1244
2017-02-21,0.243
2017-02-22,0.2101
2017-02-23,-0.7365
2017-02-24,-5.1289
2017-02-27,-1.2559
2017-02-28,0.6706
2017-03-01,0.6891
2017-03-02,-0.4848
2017-03-03,-0.3955
2017-03-06,-0.2819
2017-03-07,0.2539
2017-03-08,0.0748
2017-03-09,-0.3163
2017-03-10,-0.3346
2017-03-13,0.2952
2017-03-14,-0.2367
2017-03-15,-0.4629
2017-03-16,2.6330999999999998
2017-03-17,0.0283
2017-03-20,-0.2774
2017-03-21,-2.6855
2017-03-22,-1.0735
2017-03-23,0.0295
2017-03-24,-0.7959
2017-03-27,0.3982
2017-03-28,0.5091
2017-03-29,0.5124
2017-03-30,0.9961
2017-03-31,0.0928
2017-04-03,1.4375
2017-04-04,0.1143
2017-04-05,-1.3014000000000001
2017-04-06,0.266
2017-04-07,-0.5422
2017-04-10,1.0322
2017-04-11,-0.6945
2017-04-12,0.3468
2017-04-13,-0.576
2017-04-17,0.4055
2017-04-18,0.6693
2017-04-19,1.9144
2017-04-20,0.4668
2017-04-21,-0.3135
2017-04-24,1.095
2017-04-25,3.866
2017-04-26,-0.1711
2017-04-27,0.6375
2017-04-28,-4.0615
2017-05-01,-0.0943
2017-05-02,-0.7886
2017-05-03,-0.6941
2017-05-04,-0.389
2017-05-05,0.747
2017-05-08,-0.3146
2017-05-09,3.1048
2017-05-10,0.3224
2017-05-11,1.6505999999999998
2017-05-12,0.1233
2017-05-15,-0.3693
2017-05-16,2.4175
2017-05-17,-2.4077
2017-05-18,-1.9457
2017-05-19,3.4698
2017-05-22,1.5522
2017-05-23,0.0574
2017-05-24,-0.61
2017-05-25,0.6924
2017-05-26,-0.8127
2017-05-30,-0.2679
2017-05-31,-1.9907
2017-06-01,0.6233
2017-06-02,0.1816
2017-06-05,-0.1546
2017-06-06,-0.8328
2017-06-07,0.9583
2017-06-08,-0.9492
2017-06-09,-2.5195
2017-06-12,-0.5578
2017-06-13,-0.4832
2017-06-14,-0.5525
2017-06-15,-1.0493999999999999
2017-06-16,-1.3894
2017-06-19,1.7541
2017-06-20,0.52
2017-06-21,1.3045
2017-06-22,-0.4662
2017-06-23,-0.6636
2017-06-26,0.1796
2017-06-27,-1.6026
2017-06-28,1.3667
2017-06-29,0.9157
2017-06-30,-0.4287
2017-07-03,0.6206
2017-07-05,2.1448
2017-07-06,-1.1097
2017-07-07,-0.2145
2017-07-10,0.8434
2017-07-11,0.8091
2017-07-12,1.2743
2017-07-13,0.0857
2017-07-14,0.872
2017-07-17,-0.1697
2017-07-18,0.68
2017-07-19,0.7387
2017-07-20,0.2148
2017-07-21,0.9722
2017-07-24,2.8316
2017-07-25,-0.8054
2017-07-26,2.0908
2017-07-27,-0.0845
2017-07-28,9.4527
2017-07-31,2.8864
2017-08-01,-0.3313
2017-08-02,-1.6135000000000002
2017-08-03,2.4464
2017-08-04,-0.5893
2017-08-07,0.491
2017-08-08,1.0081
2017-08-09,0.3705
2017-08-10,-3.3565
2017-08-11,0.4134
2017-08-14,0.0895
2017-08-15,0.7332
2017-08-16,0.3595
2017-08-17,-2.2508
2017-08-18,-0.1629
2017-08-21,0.8111
2017-08-22,1.6316000000000002
2017-08-23,-0.4953
2017-08-24,-0.0578
2017-08-25,0.3069
2017-08-28,-2.4651
2017-08-29,0.3182
2017-08-30,1.4455
2017-08-31,1.8626
2017-09-01,2.0127
2017-09-05,-3.1551
2017-09-06,0.7412
2017-09-07,2.7359999999999998
2017-09-08,-1.694
2017-09-11,1.8628
2017-09-12,1.7559
2017-09-13,-0.5008
2017-09-14,0.3892
2017-09-15,-0.8933
2017-09-18,1.6411
2017-09-19,-0.5103
2017-09-20,0.0462
2017-09-21,0.4034
2017-09-22,0.6906
2017-09-25,-2.5273
2017-09-26,0.725
2017-09-27,1.5369000000000002
2017-09-28,0.6088
2017-09-29,2.6567
2017-10-02,0.3957
2017-10-03,-0.6716
2017-10-04,-1.2267000000000001
2017-10-05,0.5329
2017-10-06,0.9867
2017-10-09,1.8289
2017-10-10,4.0401
2017-10-11,-0.7965
2017-10-12,-0.3803
2017-10-13,1.2918
2017-10-16,3.8602
2017-10-17,-0.9164
2017-10-18,-0.4994
2017-10-19,-1.6545
2017-10-20,0.1437
2017-10-23,0.4643
2017-10-24,-0.8004
2017-10-25,-0.3636
2017-10-26,-0.92
2017-10-27,-8.1536
2017-10-30,-1.2324
2017-10-31,3.1808
2017-11-01,0.6108
2017-11-02,-1.3609
2017-11-03,-0.2272
2017-11-06,1.2379
2017-11-07,-0.4335
2017-11-08,-0.9406
2017-11-09,-0.4644
2017-11-10,-1.1081
2017-11-13,-0.0126
2017-11-14,-1.0321
2017-11-15,-0.3022
2017-11-16,2.1818
2017-11-17,-0.0209
2017-11-20,-0.3051
2017-11-21,2.4147
2017-11-22,2.1899
2017-11-24,-0.0921
2017-11-27,-0.9622
2017-11-28,-1.2104
2017-11-29,-3.4996
2017-11-30,1.3122
2017-12-01,-1.4712
2017-12-04,-2.3014
2017-12-05,0.91
2017-12-06,-0.2589
2017-12-07,0.8047
2017-12-08,0.6781
2017-12-11,-0.4476
2017-12-12,-0.3468
2017-12-13,0.2191
2017-12-14,-0.6088
2017-12-15,0.7161
2017-12-18,3.1909
2017-12-19,-2.204
2017-12-20,-0.9549
2017-12-21,2.6224
2017-12-22,-0.1837
2017-12-26,-0.5104
2017-12-27,-0.0505
2017-12-28,-1.2494
2017-12-29,-0.2258
2018-01-02,3.4969
2018-01-03,1.2995
2018-01-04,0.0733
2018-01-05,-0.2401
2018-01-08,2.317
2018-01-09,1.5589
2018-01-10,-2.2691
2018-01-11,0.5101
2018-01-12,1.127
2018-01-16,1.8732
2018-01-17,-0.8884
2018-01-18,-0.2074
2018-01-19,0.4001
2018-01-22,-0.6407
2018-01-23,1.1835
2018-01-24,0.237
2018-01-25,-1.4808
2018-01-26,2.4042
2018-01-29,-2.5053
2018-01-30,-3.8072
2018-01-31,1.1677
2018-02-01,-2.5879
2018-02-02,-3.0599
2018-02-05,-3.3666
2018-02-06,1.5312000000000001
2018-02-07,-2.7407
2018-02-08,-4.6876
2018-02-09,1.6976
2018-02-12,2.7681
2018-02-13,1.7867
2018-02-14,4.5612
2018-02-15,5.2185
2018-02-16,-1.4021
2018-02-20,0.2901
2018-02-21,0.6071
2018-02-22,0.9841
2018-02-23,0.5574
2018-02-26,2.1975
2018-02-27,-2.2595
2018-02-28,0.7506
2018-03-01,-1.0264
2018-03-02,0.3403
2018-03-05,1.7119
2018-03-06,1.5065
2018-03-07,-0.5682
2018-03-08,-0.0466
2018-03-09,2.4967
2018-03-12,0.8006
2018-03-13,-2.7553
2018-03-14,0.3871
2018-03-15,1.2955
2018-03-16,-0.1218
2018-03-19,-3.6433999999999997
2018-03-20,0.6447
2018-03-21,-1.7330999999999999
2018-03-22,-5.5748999999999995
2018-03-23,-2.5539
2018-03-26,2.5469
2018-03-27,-2.1107
2018-03-28,-3.4032
2018-03-29,0.0403
2018-04-02,-1.4024
2018-04-03,-0.0182
2018-04-04,1.9453
2018-04-05,0.5662
2018-04-06,-2.5491
2018-04-09,2.0517
2018-04-10,3.1962
2018-04-11,-0.7991
2018-04-12,0.7359
2018-04-13,-1.3703
2018-04-16,0.7582
2018-04-17,2.5098000000000003
2018-04-18,0.8826
2018-04-19,-0.2692
2018-04-20,-1.9442
2018-04-23,-0.4645
2018-04-24,-0.0043
2018-04-25,0.0
2018-04-26,3.1459
2018-04-27,5.5469
2018-04-30,-0.4088
2018-05-01,0.4902
2018-05-02,-0.9241
2018-05-03,1.0649
2018-05-04,-0.2892
2018-05-07,0.862
2018-05-08,3.6195
2018-05-09,-0.6842
2018-05-10,2.8283
2018-05-11,0.4578
2018-05-14,0.8707
2018-05-15,-0.1249
2018-05-16,4.4682
2018-05-17,-1.5453999999999999
2018-05-18,-9.5359
2018-05-21,-4.9405
2018-05-22,-0.2245
2018-05-23,0.175
2018-05-24,-0.0458
2018-05-25,1.465
2018-05-29,-0.7178
2018-05-30,-0.1735
2018-05-31,0.3849
2018-06-01,2.4324
2018-06-04,5.0068
2018-06-05,-0.3526
2018-06-06,1.5232
2018-06-07,0.3599
2018-06-08,-0.4908
2018-06-11,2.3483
2018-06-12,-0.8748
2018-06-13,0.9648
2018-06-14,0.237
2018-06-15,0.8609
2018-06-18,-1.4947
2018-06-19,-2.5215
2018-06-20,0.744
2018-06-21,-1.3482
2018-06-22,-0.5758
2018-06-25,-3.3166
2018-06-26,0.1438
2018-06-27,-3.0985
2018-06-28,-0.3251
2018-06-29,0.3262
2018-07-02,1.3374
2018-07-03,0.0731
2018-07-05,-0.9577
2018-07-06,3.1548
2018-07-09,4.0513
2018-07-10,-0.2748
2018-07-11,0.0
2018-07-12,3.9043
2018-07-13,-1.5693000000000001
2018-07-16,-0.0412
2018-07-17,1.1008
2018-07-18,-0.2222
2018-07-19,-2.5982
2018-07-20,-0.9298
2018-07-23,0.1539
2018-07-24,-1.4978
2018-07-25,2.507
2018-07-26,-0.9737
2018-07-27,-2.0204
2018-07-30,-1.4465
2018-07-31,-1.6785999999999999
2018-08-01,-7.7312
2018-08-02,1.0479
2018-08-03,2.252
2018-08-06,-1.1415
2018-08-07,-2.7
2018-08-08,-2.0603
2018-08-09,-0.9505
2018-08-10,0.0955
2018-08-13,-1.1495
2018-08-14,-0.6251
2018-08-15,-1.2673
2018-08-16,1.7942
2018-08-17,2.4712
2018-08-20,0.4671
2018-08-21,-0.2593
2018-08-22,-0.0448
2018-08-23,-1.6724
2018-08-24,2.3073
2018-08-27,1.8942999999999999
2018-08-28,-1.2642
2018-08-29,0.0665
2018-08-30,-0.7172
2018-08-31,0.9944
2018-09-04,-1.8986
2018-09-05,-2.6734999999999998
2018-09-06,-0.5503
2018-09-07,0.4604
2018-09-10,-1.134
2018-09-11,1.1751
2018-09-12,1.1985000000000001
2018-09-13,1.7056
2018-09-14,-1.0745
2018-09-17,-1.0771
2018-09-18,-0.3584
2018-09-19,4.3941
2018-09-20,1.8595000000000002
2018-09-21,-0.7675
2018-09-24,-0.9701
2018-09-25,-0.0132
2018-09-26,0.8032
2018-09-27,0.8975
2018-09-28,-0.7767
2018-10-01,-0.5597
2018-10-02,-3.7379
2018-10-03,-1.1649
2018-10-04,-2.9027
2018-10-05,-2.1183
2018-10-08,-0.7976
2018-10-09,-1.5345
2018-10-10,-3.2811
2018-10-11,1.9253
2018-10-12,3.2121
2018-10-15,-2.0748
2018-10-16,1.5441
2018-10-17,-1.2253
2018-10-18,-4.4041
2018-10-19,0.0208
2018-10-22,2.2249
2018-10-23,-1.4119
2018-10-24,-4.6272
2018-10-25,3.2309
2018-10-26,-1.0082
2018-10-29,-3.586
2018-10-30,0.8913
2018-10-31,3.6484
2018-11-01,6.0034
2018-11-02,-3.3653
2018-11-05,-2.1059
2018-11-06,0.9707
2018-11-07,1.5433
2018-11-08,-3.5106
2018-11-09,-2.5457
2018-11-12,-1.8068
2018-11-13,1.6128
2018-11-14,0.9381
2018-11-15,1.8102
2018-11-16,-0.7749
2018-11-19,-2.0647
2018-11-20,-3.0641
2018-11-21,3.6455
2018-11-23,-0.7285
2018-11-26,1.4128
2018-11-27,-1.296
2018-11-28,3.091
2018-11-29,-2.7701000000000002
2018-11-30,2.7617000000000003
2018-12-03,1.6199
2018-12-04,-4.5314
2018-12-06,-1.073
2018-12-07,-0.6309
2018-12-10,-0.2005
2018-12-11,-1.3114
2018-12-12,1.6398000000000001
2018-12-13,0.0834
2018-12-14,-1.3118
2018-12-17,-4.3258
2018-12-18,-1.3246
2018-12-19,-3.0607
2018-12-20,-1.3048
2018-12-21,-1.8334000000000001
2018-12-24,-0.1906
2018-12-26,3.7678000000000003
2018-12-27,-0.8955
2018-12-28,0.3651
2018-12-31,-2.2014
2019-01-02,2.3014
2019-01-03,-4.6471
2019-01-04,4.0334
2019-01-07,1.0252
2019-01-08,0.492
2019-01-09,1.9828999999999999
2019-01-10,1.0262
2019-01-11,-1.3306
2019-01-14,-1.8542
2019-01-15,3.0056
2019-01-16,1.0838
2019-01-17,-0.9661
2019-01-18,1.9333
2019-01-22,-6.4017
2019-01-23,1.7894
2019-01-24,-0.343
2019-01-25,2.7044
2019-01-28,0.2394
2019-01-29,-1.3313
2019-01-30,2.4626
2019-01-31,1.9428
2019-02-01,-0.7878
2019-02-04,1.5589
2019-02-05,1.3165
2019-02-06,-1.3505
2019-02-07,-1.3057
2019-02-08,-0.9791
2019-02-11,-1.083
2019-02-12,1.3031
2019-02-13,2.0969
2019-02-14,0.1496
2019-02-15,-2.3093
2019-02-19,1.4054
2019-02-20,-0.7364
2019-02-21,0.368
2019-02-22,-2.7007
2019-02-25,-1.2981
2019-02-26,-1.8303
2019-02-27,0.1173
2019-02-28,0.2282
2019-03-01,-0.2769
2019-03-04,-0.7218
2019-03-05,4.2381
2019-03-06,1.4904
2019-03-07,-2.6551
2019-03-08,-1.2490999999999999
2019-03-11,2.0226
2019-03-12,0.018
2019-03-13,0.7066
2019-03-14,-0.2557
2019-03-15,1.6335
2019-03-18,0.4047
2019-03-19,-0.2571
2019-03-20,-0.328
2019-03-21,0.9402
2019-03-22,-2.9342
2019-03-25,0.09
2019-03-26,0.1918
2019-03-27,-1.7404
2019-03-28,-0.1096
2019-03-29,0.4509
2019-04-01,3.3667
2019-04-02,0.3404
2019-04-03,2.2984999999999998
2019-04-04,2.4127
2019-04-05,1.351
2019-04-08,1.7736
2019-04-09,-2.0404
2019-04-10,-2.1878
2019-04-11,-3.2987
2019-04-12,1.104
2019-04-15,-2.5536
2019-04-16,0.9545
2019-04-17,0.0294
2019-04-18,0.4051
2019-04-22,-0.9648
2019-04-23,2.3145
2019-04-24,-2.3025
2019-04-25,-0.8092
2019-04-26,-1.0778
2019-04-29,-0.1625
2019-04-30,0.2291
2019-05-01,-0.4873
2019-05-02,0.4957
2019-05-03,0.4812
2019-05-06,-1.5206
2019-05-07,-1.4407
2019-05-08,-1.5728
2019-05-09,-0.5514
2019-05-10,-1.2287
2019-05-13,-3.3238
2019-05-14,0.5609
2019-05-15,0.0722
2019-05-16,0.7869
2019-05-17,-16.5192
2019-05-20,-8.3859
2019-05-21,2.5011
2019-05-22,-1.7346
2019-05-23,-4.1723
2019-05-24,0.8902
2019-05-28,-0.2883
2019-05-29,-1.0426
2019-05-30,-1.0004
2019-05-31,-1.6276000000000002
2019-06-03,-2.0182
2019-06-04,3.3865
2019-06-05,-2.0551
2019-06-06,-0.2291
2019-06-07,0.8449
2019-06-10,1.7758
2019-06-11,3.2301
2019-06-12,-1.9763
2019-06-13,0.8135
2019-06-14,-0.8157
2019-06-17,1.1054
2019-06-18,2.2916
2019-06-19,0.7268
2019-06-20,0.4244
2019-06-21,-1.175
2019-06-24,-0.1796
2019-06-25,-2.9477
2019-06-26,2.2161
2019-06-27,0.2332
2019-06-28,1.1375
2019-07-01,0.5539
2019-07-02,1.1355
2019-07-03,-0.6619
2019-07-05,-1.9146
2019-07-08,-2.6572
2019-07-09,1.4134
2019-07-10,-0.3484
2019-07-11,0.3059
2019-07-12,0.1307
2019-07-15,0.6353
2019-07-16,-1.2107999999999999
2019-07-17,-0.569
2019-07-18,-1.576
2019-07-19,0.4115
2019-07-22,-0.49
2019-07-23,3.0797
2019-07-24,1.0769
2019-07-25,-1.6412
2019-07-26,-0.2184
2019-07-29,-0.6741
2019-07-30,-0.617
2019-07-31,-0.9313
2019-08-01,-2.2292
2019-08-02,-1.3277
2019-08-05,-7.062
2019-08-06,-0.4693
2019-08-07,-0.4916
2019-08-08,0.7057
2019-08-09,-2.5328
2019-08-12,-2.3418
2019-08-13,2.419
2019-08-14,-2.5981
2019-08-15,-0.5271
2019-08-16,2.4907
2019-08-19,7.7766
2019-08-20,4.3178
2019-08-21,-0.7542
2019-08-22,-2.2706
2019-08-23,-3.4139
2019-08-26,1.9146
2019-08-27,0.0385
2019-08-28,-0.2408
2019-08-29,1.197
2019-08-30,-0.3434
2019-09-03,-1.8283
2019-09-04,-0.0195
2019-09-05,1.5409000000000002
2019-09-06,-1.4695
2019-09-09,2.4076
2019-09-10,5.0828
2019-09-11,1.2591
2019-09-12,-0.2594
2019-09-13,-0.861
2019-09-16,0.398
2019-09-17,-1.7481
2019-09-18,-0.5869
2019-09-19,-0.5812
2019-09-20,-2.4218
2019-09-23,-2.6531000000000002
2019-09-24,-4.6498
2019-09-25,5.3171
2019-09-26,2.2082
2019-09-27,-3.6737
2019-09-30,1.5314999999999999
2019-10-01,-0.7396
2019-10-02,0.6078
2019-10-03,1.6566
2019-10-04,0.1438
2019-10-07,-2.8716
2019-10-08,-1.9119000000000002
2019-10-09,0.3717
2019-10-10,3.9539999999999997
2019-10-11,0.78
2019-10-14,0.7644
2019-10-15,1.6499000000000001
2019-10-16,1.0075
2019-10-17,-0.5818
2019-10-18,-3.6321
2019-10-21,0.5976
2019-10-22,-0.6995
2019-10-23,0.5018
2019-10-24,-0.4417
2019-10-25,0.1736
2019-10-28,0.9531
2019-10-29,-1.8692
2019-10-30,0.0292
2019-10-31,-1.0493
2019-11-01,2.7393
2019-11-04,4.7592
2019-11-05,-1.4322
2019-11-06,-0.6386
2019-11-07,13.5153
2019-11-08,2.2073
2019-11-11,-2.9624
2019-11-12,0.7694
2019-11-13,-2.8818
2019-11-14,-0.0761
2019-11-15,-0.9729
2019-11-18,-0.4528
2019-11-19,-0.7123
2019-11-20,-0.7693
2019-11-21,0.7404
2019-11-22,2.0233
2019-11-25,1.9747
2019-11-26,-1.4295
2019-11-27,0.7673
2019-11-29,-0.82
2019-12-02,-0.9196
2019-12-03,-2.248
2019-12-04,-0.5139
2019-12-05,2.224
2019-12-06,-0.7709
2019-12-09,-0.6819
2019-12-10,-0.2434
2019-12-11,1.3853
2019-12-12,3.5834
2019-12-13,-1.1614
2019-12-16,3.3994
2019-12-17,0.5276
2019-12-18,2.3014
2019-12-19,1.0893
2019-12-20,-0.4529
2019-12-23,1.0511
2019-12-24,-0.2639
2019-12-26,-0.7082
2019-12-27,-0.8857
2019-12-30,-0.1265
2019-12-31,0.0871
2020-01-02,9.3513
2020-01-03,-3.1978
2020-01-06,1.5994000000000002
2020-01-07,0.5591
2020-01-08,0.8266
2020-01-09,2.1984
2020-01-10,2.5911999999999997
2020-01-13,-1.557
2020-01-14,-1.5605
2020-01-15,-0.457
2020-01-16,0.0646
2020-01-17,0.086
2020-01-21,-1.7979
2020-01-22,-1.6776
2020-01-23,-0.4451
2020-01-24,-3.1297
2020-01-27,-2.8615
2020-01-28,0.5147
2020-01-29,-0.3624
2020-01-30,-0.5772
2020-01-31,-1.7337
2020-02-03,5.6086
2020-02-04,0.6744
2020-02-05,-0.4719
2020-02-06,1.8432
2020-02-07,-1.6897
2020-02-10,0.1069
2020-02-11,2.2434
2020-02-12,2.6121
2020-02-13,-1.6801
2020-02-14,-0.4513
2020-02-18,-0.2898
2020-02-19,1.2147999999999999
2020-02-20,-2.4667
2020-02-21,-2.0082
2020-02-24,-3.0586
2020-02-25,-1.1126
2020-02-26,-0.7153
2020-02-27,-2.9383
2020-02-28,0.0584
2020-03-02,0.6584
2020-03-03,-2.3185000000000002
2020-03-04,2.916
2020-03-05,-2.6109999999999998
2020-03-06,-3.8058
2020-03-09,-6.2335
2020-03-10,4.932
2020-03-11,-3.2705
2020-03-12,-8.545
2020-03-13,1.303
2020-03-16,-10.5793
2020-03-17,1.6169
2020-03-18,-8.241
2020-03-19,7.1753
2020-03-20,-1.0712
2020-03-23,2.8874
2020-03-24,5.7115
2020-03-25,0.5081
2020-03-26,5.0557
2020-03-27,-4.1151
2020-03-30,1.3519999999999999
2020-03-31,1.8595000000000002
2020-04-01,-3.0856
2020-04-02,1.9554
2020-04-03,-2.3998
2020-04-06,5.9053
2020-04-07,-1.1172
2020-04-08,-4.3816
2020-04-09,1.7158
2020-04-13,-0.6364
2020-04-14,2.5923
2020-04-15,-0.0495
2020-04-16,1.9332
2020-04-17,2.1202
2020-04-20,-0.3048
2020-04-21,-3.1238
2020-04-22,0.3353
2020-04-23,-1.8673
2020-04-24,1.1017
2020-04-27,-0.3863
2020-04-28,-3.4109
2020-04-29,2.6151
2020-04-30,1.2642
2020-05-01,-4.8648
2020-05-04,-1.3122
2020-05-05,1.0659
2020-05-06,1.3679000000000001
2020-05-07,1.1331
2020-05-08,1.6195
2020-05-11,-0.2205
2020-05-12,-2.0894
2020-05-13,-2.0314
2020-05-14,0.555
2020-05-15,3.9992
2020-05-18,7.7408
2020-05-19,2.0076
2020-05-20,-1.1207
2020-05-21,1.3914
2020-05-22,-6.0983
2020-05-26,4.878
2020-05-27,-0.1292
2020-05-28,-1.7557
2020-05-29,0.2163
2020-06-01,0.5162
2020-06-02,0.1214
2020-06-03,4.868
2020-06-04,-3.0147
2020-06-05,4.8964
2020-06-08,2.299
2020-06-09,-1.0254
2020-06-10,0.8461
2020-06-11,-4.2633
2020-06-12,3.9703
2020-06-15,0.473
2020-06-16,5.1019
2020-06-17,-0.6108
2020-06-18,1.1718
2020-06-19,-0.3078
2020-06-22,0.0
2020-06-23,0.2031
2020-06-24,-1.5892
2020-06-25,1.9445000000000001
2020-06-26,-1.5598
2020-06-29,-0.4187
2020-06-30,-1.1543
2020-07-01,0.6172
2020-07-02,2.2134
2020-07-06,7.8102
2020-07-07,-3.8366
2020-07-08,2.1982
2020-07-09,1.4466999999999999
2020-07-10,-0.1509
2020-07-13,-3.393
2020-07-14,-1.8382
2020-07-15,-0.3506
2020-07-16,-1.2955
2020-07-17,-0.5347
2020-07-20,1.287
2020-07-21,0.6996
2020-07-22,-1.9725000000000001
2020-07-23,-1.3442
2020-07-24,-1.7176
2020-07-27,-2.6550000000000002
2020-07-28,-0.1467
2020-07-29,3.5699
2020-07-30,-1.5189
2020-07-31,1.1864
