ticker,KWBT US Equity
field,DAY_TO_DAY_TOT_RETURN_GROSS_DVDS
date,
2002-02-13,5.0
2002-02-15,0.0
2002-02-21,-4.7619
2002-04-10,0.0
2002-05-03,0.0
2002-06-04,10.0
2002-08-08,127.2727
2002-10-11,0.0
2002-12-09,60.0
2004-04-01,500.0
2004-04-02,21.6667
2004-04-05,-10.9589
2004-04-07,-3.0769
2004-04-08,0.0
2004-04-12,0.0
2004-04-13,19.0476
2004-04-15,-6.6667
2004-04-20,-14.2857
2004-04-21,-5.0
2004-04-22,1.7544
2004-04-23,-6.8966
2004-04-26,-3.7037
2004-04-27,25.0
2004-04-28,-16.9231
2004-04-29,-1.8519
2004-04-30,-24.5283
2004-05-03,-12.5
2004-05-04,45.7143
2004-05-05,0.0
2004-05-07,-11.7647
2004-05-11,-4.4444
2004-05-12,18.6047
2004-05-13,-7.8431
2004-05-14,0.0
2004-05-17,0.0
2004-05-18,8.5106
2004-05-20,0.0
2004-05-21,-1.9607999999999999
2004-05-24,-10.0
2004-05-25,-2.2222
2004-05-28,-11.3636
2004-06-01,0.0
2004-06-02,0.0
2004-06-03,2.5641
2004-06-04,0.0
2004-06-07,0.0
2004-06-08,-12.5
2004-06-09,5.7143
2004-06-10,-2.7027
2004-06-14,13.8889
2004-06-15,-7.3171
2004-06-16,5.2632
2004-06-17,-5.0
2004-06-18,-7.8947
2004-06-21,2.8571
2004-06-22,-5.5556
2004-06-23,8.8235
2004-06-24,-8.1081
2004-06-25,-2.9412000000000003
2004-06-28,-3.0303
2004-06-29,6.25
2004-06-30,0.0
2004-07-01,5.8824
2004-07-02,2.7778
2004-07-06,2.7027
2004-07-07,-10.526299999999999
2004-07-08,0.0
2004-07-09,5.8824
2004-07-12,-11.1111
2004-07-13,9.375
2004-07-14,0.0
2004-07-15,2.8571
2004-07-16,16.6667
2004-07-19,7.1429
2004-07-20,-6.6667
2004-07-21,-7.1429
2004-07-22,5.1282
2004-07-23,-12.1951
2004-07-26,-11.1111
2004-07-27,-3.125
2004-07-28,-3.2258
2004-07-29,-16.6667
2004-07-30,-20.0
2004-08-02,-15.0
2004-08-03,-17.647100000000002
2004-08-04,-7.1429
2004-08-05,-7.6923
2004-08-06,-25.0
2004-08-09,61.1111
2004-08-10,3.4483
2004-08-11,13.3333
2004-08-12,-11.7647
2004-08-13,6.6667
2004-08-17,0.0
2004-08-18,37.5
2004-08-19,0.0
2004-08-20,9.0909
2004-08-23,-33.3333
2004-08-24,-18.75
2004-08-25,-23.0769
2004-08-26,20.0
2004-08-27,16.6667
2004-08-30,7.1429
2004-08-31,-6.6667
2004-09-01,0.0
2004-09-02,14.2857
2004-09-03,31.25
2004-09-07,-38.0952
2004-09-08,7.6923
2004-09-09,7.1429
2004-09-10,6.6667
2004-09-14,-12.5
2004-09-15,-7.1429
2004-09-16,-7.6923
2004-09-17,0.0
2004-09-20,0.0
2004-09-21,-16.6667
2004-09-22,0.0
2004-09-23,10.0
2004-09-24,-9.0909
2004-09-27,10.0
2004-09-28,0.0
2004-09-29,0.0
2004-09-30,-9.0909
2004-10-01,0.0
2004-10-04,0.0
2004-10-05,-20.0
2004-10-06,-12.5
2004-10-07,14.2857
2004-10-08,10.0
2004-10-11,2.2727
2004-10-12,-11.1111
2004-10-13,1.25
2004-10-14,-1.2346
2004-10-15,-3.75
2004-10-18,7.7922
2004-10-19,-7.2289
2004-10-20,2.5974
2004-10-21,0.0
2004-10-22,0.0
2004-10-25,-11.3924
2004-10-26,0.0
2004-10-27,1.4285999999999999
2004-10-28,5.6338
2004-10-29,-13.3333
2004-11-01,0.0
2004-11-02,0.0
2004-11-04,-7.6923
2004-11-05,21.6667
2004-11-08,-1.3699
2004-11-09,4.1667
2004-11-10,4.0
2004-11-11,0.641
2004-11-12,-9.5541
2004-11-15,2.8169
2004-11-16,2.7397
2004-11-17,-5.3333
2004-11-18,11.2676
2004-11-19,1.2658
2004-11-22,0.0
2004-11-24,0.0
2004-11-29,-6.25
2004-11-30,10.6667
2004-12-01,2.4096
2004-12-02,0.0
2004-12-03,-5.8824
2004-12-06,-3.75
2004-12-07,3.8961
2004-12-08,3.75
2004-12-09,-4.8193
2004-12-10,-5.0633
2004-12-13,-6.6667
2004-12-14,0.0
2004-12-15,-12.857099999999999
2004-12-16,14.7541
2004-12-17,4.2857
2004-12-20,-16.4384
2004-12-21,1.6393
2004-12-22,0.0
2004-12-23,-3.2258
2004-12-27,-6.6667
2004-12-28,-1.7856999999999998
2004-12-29,9.0909
2004-12-30,0.0
2004-12-31,-5.0
2005-01-04,-1.7544
2005-01-06,1.7856999999999998
2005-01-07,3.5088
2005-01-10,-13.5593
2005-01-11,-11.7647
2005-01-12,0.0
2005-01-13,0.0
2005-01-14,-33.3333
2005-01-18,6.6667
2005-01-19,0.0
2005-01-20,-3.125
2005-01-21,0.0
2005-01-25,-3.2258
2005-01-26,-16.6667
2005-01-27,20.0
2005-01-28,0.0
2005-02-01,-13.3333
2005-02-02,15.3846
2005-02-03,-23.3333
2005-02-04,26.087
2005-02-07,-10.3448
2005-02-08,-3.8462
2005-02-09,0.0
2005-02-10,-12.0
2005-02-11,-9.0909
2005-02-14,10.0
2005-02-15,-9.0909
2005-02-16,35.0
2005-02-17,18.5185
2005-02-18,15.625
2005-02-22,-8.1081
2005-02-23,2.9412000000000003
2005-02-24,0.0
2005-02-25,-2.8571
2005-02-28,-11.7647
2005-03-01,-26.6667
2005-03-02,-4.5455
2005-03-03,0.0
2005-03-04,-9.5238
2005-03-07,-15.7895
2005-03-08,-18.75
2005-03-09,30.7692
2005-03-10,-5.8824
2005-03-11,12.5
2005-03-14,12.1528
2005-03-15,4.0248
2005-03-16,-4.7619
2005-03-18,15.0
2005-03-21,-26.087
2005-03-22,17.647100000000002
2005-03-23,0.0
2005-03-24,-15.0
2005-03-29,-11.7647
2005-03-30,-13.3333
2005-03-31,-6.25
2005-04-01,14.8718
2005-04-04,-28.5714
2005-04-05,-10.0
2005-04-06,-11.1111
2005-04-07,-12.5
2005-04-08,14.2857
2005-04-11,37.5
2005-04-12,109.0909
2005-04-13,52.1739
2005-04-14,40.0
2005-04-15,12.2449
2005-04-18,-9.0909
2005-04-19,0.0
2005-04-20,-3.75
2005-04-21,-16.8831
2005-04-22,0.0
2005-04-25,-12.5
2005-04-26,0.0
2005-04-27,-14.2857
2005-04-28,-1.6667
2005-04-29,-11.8644
2005-05-02,-23.0769
2005-05-03,0.0
2005-05-04,-15.0
2005-05-05,35.2941
2005-05-06,21.7391
2005-05-09,25.0
2005-05-10,-22.8571
2005-05-11,14.8148
2005-05-12,0.0
2005-05-13,-12.9032
2005-05-16,11.1111
2005-05-17,16.6667
2005-05-18,-11.4286
2005-05-19,-12.9032
2005-05-20,-11.1111
2005-05-23,4.1667
2005-05-24,-3.5
2005-05-25,7.772
2005-05-26,-7.2115
2005-05-27,-8.8083
2005-05-31,22.7273
2005-06-01,-18.5185
2005-06-02,0.0
2005-06-03,4.5455
2005-06-06,-8.6957
2005-06-07,0.0
2005-06-08,-9.5238
2005-06-09,-5.2632
2005-06-10,11.1111
2005-06-13,-7.5
2005-06-14,-2.7027
2005-06-16,5.5556
2005-06-17,-5.2632
2005-06-20,0.0
2005-06-21,-16.6667
2005-06-22,0.0
2005-06-23,-13.3333
2005-06-24,7.6923
2005-06-27,0.0
2005-06-30,14.2857
2005-07-01,6.25
2005-07-05,2.9412000000000003
2005-07-06,2.1429
2005-07-07,3.4965
2005-07-08,0.0
2005-07-11,-2.7027
2005-07-14,-27.7778
2005-07-15,0.0
2005-07-18,-7.6923
2005-07-19,6.7708
2005-07-20,-1.4634
2005-07-21,-8.9109
2005-07-22,-4.3478
2005-07-25,0.0
2005-07-26,-5.6818
2005-07-27,44.5783
2005-07-28,0.0
2005-07-29,-20.0
2005-08-01,20.8333
2005-08-02,-27.5862
2005-08-03,0.0
2005-08-04,-1.7856999999999998
2005-08-05,-1.2121
2005-08-09,6.135
2005-08-10,29.4798
2005-08-11,0.0
2005-08-12,0.0
2005-08-15,7.1429
2005-08-16,46.6667
2005-08-17,13.6364
2005-08-18,-28.0
2005-08-19,5.5556
2005-08-22,-5.2632
2005-08-23,11.1111
2005-08-24,25.0
2005-08-25,-12.0
2005-08-26,-9.0909
2005-08-29,-9.375
2005-08-30,4.8276
2005-08-31,-4.6053
2005-09-01,0.0
2005-09-02,-0.6897
2005-09-06,5.5556
2005-09-07,0.0
2005-09-08,15.7895
2005-09-09,-25.0
2005-09-12,-30.303
2005-09-13,64.1304
2005-09-14,-20.5298
2005-09-15,3.3333
2005-09-16,-16.129
2005-09-19,29.8077
2005-09-20,-5.1852
2005-09-21,0.0
2005-09-22,-18.75
2005-09-23,41.3462
2005-09-26,-31.9728
2005-09-27,28.0
2005-09-28,-18.75
2005-09-29,-11.538499999999999
2005-09-30,-3.2609
2005-10-03,-10.1124
2005-10-04,6.25
2005-10-05,22.352899999999998
2005-10-06,0.0
2005-10-07,-14.4231
2005-10-10,0.0
2005-10-11,-10.1124
2005-10-12,0.0
2005-10-13,25.0
2005-10-14,-12.0
2005-10-18,-17.0455
2005-10-19,9.589
2005-10-20,10.0
2005-10-21,0.0
2005-10-26,9.0909
2005-10-31,-16.6667
2005-11-01,10.0
2005-11-02,0.0
2005-11-03,1.7045
2005-11-04,0.0
2005-11-07,0.0
2005-11-08,0.0
2005-11-09,7.2626
2005-11-10,0.0
2005-11-11,-16.6667
2005-11-15,20.0
2005-11-16,-16.6667
2005-11-17,-5.0
2005-11-18,15.7895
2005-11-21,-10.2273
2005-11-23,0.0
2005-11-25,11.3924
2005-11-28,0.0
2005-11-29,9.0909
2005-11-30,16.6667
2005-12-01,-14.2857
2005-12-05,16.6667
2005-12-06,0.0
2005-12-07,0.0
2005-12-08,0.0
2005-12-09,-28.5714
2005-12-12,0.0
2005-12-13,40.0
2005-12-14,-28.5714
2005-12-15,40.0
2005-12-16,-28.5714
2005-12-22,0.0
2005-12-27,0.0
2005-12-28,-5.0
2005-12-29,5.2632
2005-12-30,-5.0
2006-01-04,5.2632
2006-01-05,-10.0
2006-01-06,-9.7222
2006-01-09,-10.0
2006-01-10,5.1282
2006-01-11,0.0
2006-01-12,-8.9431
2006-01-18,0.0
2006-01-19,0.0
2006-01-20,16.0714
2006-01-23,-10.0
2006-01-24,-15.3846
2006-01-25,31.3131
2006-01-26,-1.5385
2006-01-30,0.0
2006-02-02,-12.5
2006-02-06,0.0
2006-02-08,0.0
2006-02-09,12.5
2006-02-10,0.0
2006-02-13,1.5873
2006-02-14,0.0
2006-02-16,10.1562
2006-02-17,24.8227
2006-02-21,18.1818
2006-02-22,0.0
2006-02-23,-23.0769
2006-02-24,21.25
2006-02-27,31.9588
2006-02-28,12.5
2006-03-01,-16.6667
2006-03-02,0.0
2006-03-03,0.0
2006-03-06,0.0
2006-03-07,6.6667
2006-03-08,-6.25
2006-03-09,0.0
2006-03-10,6.6667
2006-03-13,6.25
2006-03-15,0.0
2006-03-16,-5.8824
2006-03-17,-6.25
2006-03-20,13.3333
2006-03-21,5.8824
2006-03-22,0.0
2006-03-23,33.3333
2006-03-24,45.8333
2006-03-27,100.0
2006-03-28,-28.5714
2006-03-29,0.0
2006-03-30,30.0
2006-03-31,30.7692
2006-04-03,63.5294
2006-04-04,-5.7554
2006-04-05,-16.0305
2006-04-06,50.0
2006-04-07,51.5152
2006-04-10,4.0
2006-04-11,-19.2308
2006-04-12,-11.9048
2006-04-13,-24.3919
2006-04-17,21.5371
2006-04-18,0.0
2006-04-19,-11.7647
2006-04-20,13.3333
2006-04-21,-5.8824
2006-04-24,-18.125
2006-04-25,6.8702
2006-04-26,0.0
2006-04-27,-6.4286
2006-04-28,-3.8167999999999997
2006-05-01,-1.5873
2006-05-02,19.3548
2006-05-03,-15.5405
2006-05-04,52.0
2006-05-05,7.8947
2006-05-08,17.0732
2006-05-09,-6.25
2006-05-10,20.0
2006-05-11,-11.1111
2006-05-12,-4.1667
2006-05-15,26.087
2006-05-16,-13.7931
2006-05-17,4.0
2006-05-18,-9.6154
2006-05-19,-2.1277
2006-05-22,-2.1739
2006-05-23,-11.1111
2006-05-24,10.0
2006-05-25,0.0
2006-05-26,-4.5455
2006-05-30,-11.9048
2006-05-31,18.9189
2006-06-01,0.0
2006-06-02,-9.0909
2006-06-05,5.0
2006-06-06,4.7619
2006-06-07,0.0
2006-06-08,0.0
2006-06-09,-12.7273
2006-06-12,-1.0417
2006-06-13,4.2105
2006-06-14,1.0101
2006-06-15,-15.0
2006-06-16,52.9412
2006-06-19,15.3846
2006-06-20,-3.3333
2006-06-21,-22.4138
2006-06-22,-2.2222
2006-06-23,6.8182
2006-06-26,0.0
2006-06-27,0.0
2006-06-28,14.8936
2006-06-29,11.1111
2006-06-30,-6.6667
2006-07-03,14.2857
2006-07-05,-6.25
2006-07-06,-6.6667
2006-07-07,0.0
2006-07-10,-3.5714
2006-07-11,-3.7037
2006-07-12,3.8462
2006-07-13,-7.4074
2006-07-14,4.0
2006-07-17,0.0
2006-07-18,-3.4615
2006-07-19,3.5857
2006-07-20,-3.8462
2006-07-21,0.0
2006-07-24,-8.0
2006-07-25,-21.7391
2006-07-26,44.4444
2006-07-27,-15.3846
2006-07-28,-9.0909
2006-07-31,-14.5
2006-08-01,2.3392
2006-08-02,54.2857
2006-08-03,-3.7037
2006-08-04,-3.8462
2006-08-07,-2.0
2006-08-08,0.0
2006-08-09,-0.8163
2006-08-10,0.4115
2006-08-11,-4.0984
2006-08-14,-10.2564
2006-08-15,0.0
2006-08-16,0.4762
2006-08-17,-5.2133
2006-08-18,5.0
2006-08-21,-4.7619
2006-08-22,10.0
2006-08-23,-9.0909
2006-08-24,15.0
2006-08-25,-13.0435
2006-08-28,0.0
2006-08-29,-2.5
2006-08-30,-2.5641
2006-08-31,5.2632
2006-09-01,10.0
2006-09-05,-13.6364
2006-09-06,0.5263
2006-09-07,4.712
2006-09-08,0.0
2006-09-12,0.0
2006-09-13,0.0
2006-09-14,0.0
2006-09-15,5.0
2006-09-18,4.7619
2006-09-19,13.1818
2006-09-20,0.0
2006-09-21,-1.6064
2006-09-22,0.0
2006-09-25,-4.0816
2006-09-26,5.9574
2006-09-27,0.0
2006-09-28,0.4016
2006-09-29,-2.0
2006-10-02,-2.0408
2006-10-03,2.0833
2006-10-04,-1.2245
2006-10-05,-0.4132
2006-10-06,7.8838
2006-10-09,-5.7692
2006-10-10,-2.0408
2006-10-11,-6.25
2006-10-12,-4.4444
2006-10-13,9.3023
2006-10-16,0.0
2006-10-17,-6.383
2006-10-18,0.0
2006-10-19,-4.5455
2006-10-20,0.0
2006-10-23,9.5238
2006-10-24,4.3478
2006-10-26,-2.0833
2006-10-27,0.0
2006-10-30,-2.1277
2006-10-31,-13.0435
2006-11-01,-5.0
2006-11-02,23.6842
2006-11-03,-14.8936
2006-11-06,10.0
2006-11-07,4.5455
2006-11-08,0.0
2006-11-09,-6.5217
2006-11-10,2.3256
2006-11-13,-4.5455
2006-11-14,-9.5238
2006-11-15,-2.6316
2006-11-16,-5.4054
2006-11-17,11.4286
2006-11-20,7.6923
2006-11-21,0.0
2006-11-22,0.0
2006-11-24,-11.9048
2006-11-27,0.0
2006-11-28,8.1081
2006-11-29,0.0
2006-11-30,-0.5
2006-12-01,-4.0201
2006-12-04,-3.6649000000000003
2006-12-05,-4.8913
2006-12-06,0.0
2006-12-07,-14.2857
2006-12-08,-3.3333
2006-12-11,0.0
2006-12-12,20.6897
2006-12-14,-2.8571
2006-12-15,-5.8824
2006-12-18,-6.25
2006-12-19,-13.3333
2006-12-20,2.3077
2006-12-21,11.2782
2006-12-22,28.3784
2006-12-26,5.2632
2006-12-27,-5.0
2006-12-28,15.7895
2006-12-29,0.0
2007-01-03,0.0
2007-01-04,6.8182
2007-01-05,-2.1277
2007-01-08,2.1739
2007-01-09,-4.2553
2007-01-10,4.4444
2007-01-11,2.1277
2007-01-12,0.0
2007-01-16,5.0
2007-01-17,-0.7937
2007-01-18,0.0
2007-01-19,2.0
2007-01-22,-1.5686
2007-01-23,1.5936
2007-01-24,-1.9607999999999999
2007-01-25,4.0
2007-01-26,0.0
2007-01-29,-3.8462
2007-01-30,0.0
2007-01-31,0.0
2007-02-01,-12.0
2007-02-02,9.0909
2007-02-05,0.0
2007-02-06,-6.25
2007-02-07,-2.2222
2007-02-08,-4.5455
2007-02-09,4.7619
2007-02-12,0.0
2007-02-14,0.0
2007-02-15,0.0
2007-02-16,9.0909
2007-02-20,-4.1667
2007-02-21,-4.3478
2007-02-22,9.0909
2007-02-23,0.0
2007-02-26,-4.1667
2007-02-27,-4.3478
2007-02-28,-9.0909
2007-03-01,-5.0
2007-03-02,15.7895
2007-03-05,-4.5455
2007-03-06,7.1429
2007-03-08,-2.2222
2007-03-09,0.0
2007-03-12,-3.1818
2007-03-14,7.5117
2007-03-15,-3.9301
2007-03-16,-4.5455
2007-03-19,14.2857
2007-03-20,-12.5
2007-03-21,-4.7619
2007-03-22,-5.0
2007-03-23,-10.526299999999999
2007-03-26,5.8824
2007-03-28,5.5556
2007-03-29,0.0
2007-03-30,5.2632
2007-04-02,-15.0
2007-04-03,-27.0588
2007-04-04,45.1613
2007-04-05,-2.7778
2007-04-09,1.7143000000000002
2007-04-11,-4.4944
2007-04-12,-11.7647
2007-04-13,6.6667
2007-04-16,0.0
2007-04-17,0.0
2007-04-18,12.5
2007-04-19,16.6667
2007-04-20,-9.5238
2007-04-23,-5.2632
2007-04-24,0.0
2007-04-25,0.0
2007-04-26,5.5556
2007-04-27,5.2632
2007-04-30,2.5
2007-05-01,-21.9512
2007-05-02,6.25
2007-05-03,5.8824
2007-05-04,0.0
2007-05-07,-11.1111
2007-05-09,0.0
2007-05-10,0.0
2007-05-11,-12.5
2007-05-14,0.0
2007-05-15,21.4286
2007-05-16,-16.4706
2007-05-17,19.7183
2007-05-18,5.8824
2007-05-21,-5.5556
2007-05-22,-5.8824
2007-05-23,-9.375
2007-05-24,3.4483
2007-05-25,6.6667
2007-05-29,0.0
2007-05-30,6.25
2007-05-31,-29.4118
2007-06-01,4.1667
2007-06-04,12.0
2007-06-05,-7.1429
2007-06-06,7.6923
2007-06-07,0.0
2007-06-08,-14.2857
2007-06-11,0.0
2007-06-12,0.0
2007-06-13,4.1667
2007-06-14,-24.0
2007-06-15,9.473700000000001
2007-06-18,0.9615
2007-06-19,-19.0476
2007-06-20,0.0
2007-06-22,11.7647
2007-06-25,26.3158
2007-06-26,0.0
2007-06-27,0.0
2007-06-28,-10.8333
2007-06-29,-1.4019
2007-07-02,-19.4313
2007-07-03,0.0
2007-07-06,5.8824
2007-07-09,-4.4444
2007-07-11,0.0
2007-07-12,4.6512
2007-07-13,0.0
2007-07-16,-5.5556
2007-07-17,-8.2353
2007-07-18,2.5641
2007-07-19,0.0
2007-07-20,12.5
2007-07-23,0.0
2007-07-26,0.0
2007-07-27,5.5556
2007-07-30,-9.473700000000001
2007-08-01,-6.9767
2007-08-02,10.0
2007-08-03,1.1364
2007-08-06,-4.4944
2007-08-07,0.0
2007-08-08,-2.3529
2007-08-09,-3.6145
2007-08-10,6.25
2007-08-14,-17.647100000000002
2007-08-15,-14.2857
2007-08-16,16.6667
2007-08-17,-14.2857
2007-08-21,26.6667
2007-08-22,-1.3158
2007-08-24,4.0
2007-08-28,-10.2564
2007-08-29,-5.7143
2007-08-30,0.0
2007-08-31,21.2121
2007-09-04,-15.0
2007-09-05,2.9412000000000003
2007-09-06,0.0
2007-09-10,-1.4285999999999999
2007-09-11,1.4493
2007-09-12,-14.2857
2007-09-13,25.0
2007-09-14,-6.6667
2007-09-17,-1.4285999999999999
2007-09-20,-1.4493
2007-09-24,-11.7647
2007-09-25,0.0
2007-09-26,16.6667
2007-09-27,35.7143
2007-09-28,-7.3684
2007-10-01,0.0
2007-10-02,0.0
2007-10-03,-5.6818
2007-10-04,19.2771
2007-10-05,61.6162
2007-10-08,-25.0
2007-10-09,8.3333
2007-10-10,46.1538
2007-10-11,-10.526299999999999
2007-10-12,0.0
2007-10-15,11.7647
2007-10-16,-10.526299999999999
2007-10-17,-5.8824
2007-10-18,0.0
2007-10-19,12.5
2007-10-23,-5.5556
2007-10-24,-11.7647
2007-10-25,6.6667
2007-10-26,-6.25
2007-10-29,-20.0
2007-10-30,-8.3333
2007-10-31,0.0
2007-11-01,9.0909
2007-11-02,8.3333
2007-11-05,-7.6923
2007-11-06,0.0
2007-11-07,4.1667
2007-11-08,28.0
2007-11-09,0.0
2007-11-12,0.0
2007-11-13,-9.375
2007-11-14,3.4483
2007-11-15,-13.3333
2007-11-16,-3.8462
2007-11-19,-12.0
2007-11-20,-9.0909
2007-11-21,40.0
2007-11-23,-0.7143
2007-11-26,-20.8633
2007-11-27,27.2727
2007-11-28,-7.1429
2007-11-29,0.0
2007-11-30,-7.6923
2007-12-03,-8.3333
2007-12-04,0.9091
2007-12-05,-0.7883
2007-12-06,18.0477
2007-12-07,-3.8462
2007-12-10,8.0
2007-12-11,-7.4074
2007-12-12,-12.0
2007-12-13,4.5455
2007-12-14,-4.3478
2007-12-17,4.5455
2007-12-18,0.0
2007-12-19,4.3478
2007-12-20,0.0
2007-12-21,16.6667
2007-12-24,0.0
2007-12-26,3.5714
2007-12-27,-3.4483
2007-12-28,0.0
2007-12-31,-14.2857
2008-01-02,0.0
2008-01-03,-8.3333
2008-01-04,22.7273
2008-01-07,11.1111
2008-01-08,0.0
2008-01-09,-20.0
2008-01-10,4.1667
2008-01-11,8.0
2008-01-14,55.5556
2008-01-15,-19.0476
2008-01-16,5.8824
2008-01-17,0.0
2008-01-18,5.5556
2008-01-22,-15.7895
2008-01-23,12.5
2008-01-24,-11.1111
2008-01-25,-12.5
2008-01-28,14.2857
2008-01-29,-12.5
2008-01-30,0.0
2008-01-31,-7.1429
2008-02-01,0.0
2008-02-04,0.0
2008-02-05,3.8462
2008-02-06,0.0
2008-02-07,11.1111
2008-02-08,-20.0
2008-02-11,15.8333
2008-02-12,0.7194
2008-02-13,-14.2857
2008-02-14,-7.5
2008-02-15,25.2252
2008-02-19,0.0
2008-02-20,0.7194
2008-02-21,0.0
2008-02-22,-7.1429
2008-02-25,-14.6154
2008-02-26,0.0
2008-02-27,26.1261
2008-02-28,-7.1429
2008-02-29,-3.0769
2008-03-03,-0.7937
2008-03-04,0.0
2008-03-05,-4.0
2008-03-06,8.3333
2008-03-07,0.0
2008-03-10,0.0
2008-03-11,-7.6923
2008-03-12,0.0
2008-03-13,-2.5
2008-03-14,-1.7094
2008-03-17,4.3478
2008-03-18,0.0
2008-03-19,0.0
2008-03-20,8.3333
2008-03-24,-7.6923
2008-03-25,-5.8333
2008-03-26,-7.0796
2008-03-27,-4.7619
2008-03-28,0.0
2008-03-31,0.0
2008-04-01,0.0
2008-04-02,10.0
2008-04-03,-9.0909
2008-04-04,10.0
2008-04-07,4.5455
2008-04-09,0.0
2008-04-10,-13.0435
2008-04-11,15.0
2008-04-14,-13.0435
2008-04-15,15.0
2008-04-16,-23.4783
2008-04-17,13.6364
2008-04-18,-10.0
2008-04-21,5.5556
2008-04-22,10.526299999999999
2008-04-23,-12.381
2008-04-24,-2.1739
2008-04-25,3.3333
2008-04-28,6.4516
2008-04-29,1.0101
2008-04-30,-10.0
2008-05-01,0.0
2008-05-02,-5.5556
2008-05-05,17.647100000000002
2008-05-06,-18.0
2008-05-07,-13.4146
2008-05-08,0.0
2008-05-09,-4.2254
2008-05-12,-14.7059
2008-05-13,24.1379
2008-05-14,-2.7778
2008-05-15,1.4285999999999999
2008-05-16,-1.4085
2008-05-19,-4.2857
2008-05-20,4.291
2008-05-21,-1.2522
2008-05-22,-10.1449
2008-05-23,4.8387
2008-05-27,21.5385
2008-05-28,1.2658
2008-05-29,-2.5
2008-05-30,14.1026
2008-06-02,11.236
2008-06-03,-19.1919
2008-06-04,-6.25
2008-06-05,6.6667
2008-06-06,3.75
2008-06-09,-18.0723
2008-06-10,2.9412000000000003
2008-06-11,-2.8571
2008-06-12,13.2353
2008-06-13,-21.9156
2008-06-16,29.7297
2008-06-17,-10.2564
2008-06-18,-1.4285999999999999
2008-06-19,-13.0435
2008-06-20,0.0
2008-06-23,15.0
2008-06-24,0.0
2008-06-25,15.942
2008-06-26,-1.25
2008-06-30,26.5823
2008-07-01,10.0
2008-07-02,-41.8182
2008-07-03,56.25
2008-07-07,-10.0
2008-07-08,11.1111
2008-07-09,0.0
2008-07-11,-28.1875
2008-07-14,37.859
2008-07-15,-34.3434
2008-07-16,4.6154
2008-07-17,-27.9412
2008-07-18,0.0
2008-07-21,-10.2041
2008-07-22,25.0
2008-07-23,-18.1818
2008-07-24,-13.3333
2008-07-25,25.641
2008-07-28,2.0408
2008-07-29,10.0
2008-07-30,9.0909
2008-07-31,0.0
2008-08-01,0.0
2008-08-04,-6.6667
2008-08-05,1.7856999999999998
2008-08-06,0.0
2008-08-07,0.0
2008-08-08,0.0
2008-08-11,-12.0614
2008-08-12,13.7157
2008-08-13,17.2149
2008-08-14,-14.6866
2008-08-15,0.0
2008-08-19,0.0
2008-08-20,-15.7895
2008-08-21,14.5833
2008-08-22,3.6364
2008-08-25,-12.2807
2008-08-26,10.0
2008-08-27,0.0
2008-08-29,-36.3636
2008-09-02,-14.2857
2008-09-03,-13.3333
2008-09-04,1.9231
2008-09-05,-5.6604
2008-09-08,4.0
2008-09-09,-3.8462
2008-09-10,-16.0
2008-09-11,-40.4762
2008-09-12,4.0
2008-09-15,0.0
2008-09-16,15.3846
2008-09-17,26.6667
2008-09-18,5.2632
2008-09-19,40.0
2008-09-22,0.0
2008-09-23,14.2857
2008-09-24,0.0
2008-09-25,-12.5
2008-09-26,-14.2857
2008-09-29,54.1667
2008-09-30,8.1081
2008-10-01,12.5
2008-10-02,0.0
2008-10-03,6.6667
2008-10-06,-37.5
2008-10-07,32.2917
2008-10-08,13.3858
2008-10-09,0.0
2008-10-10,-40.0
2008-10-13,-3.7037
2008-10-14,15.3846
2008-10-15,-30.0
2008-10-16,90.4762
2008-10-17,0.0
2008-10-20,0.0
2008-10-21,-25.0
2008-10-22,30.0
2008-10-23,-23.0769
2008-10-24,33.3333
2008-10-27,-25.0
2008-10-28,-3.3333
2008-10-29,-50.0
2008-10-30,43.9655
2008-10-31,-37.7246
2008-11-03,30.7692
2008-11-04,-29.4118
2008-11-05,8.3333
2008-11-06,6.7308
2008-11-07,-6.3063
2008-11-10,-3.8462
2008-11-11,-20.0
2008-11-12,-1.875
2008-11-13,-12.1019
2008-11-17,-42.029
2008-11-18,30.0
2008-11-19,20.1923
2008-11-20,-44.0
2008-11-21,-8.5714
2008-11-24,9.375
2008-11-25,-8.5714
2008-11-26,0.0
2008-11-28,-9.375
2008-12-01,10.3448
2008-12-02,-25.0
2008-12-03,27.0833
2008-12-04,0.0
2008-12-05,-21.3115
2008-12-08,-20.8333
2008-12-09,-21.0526
2008-12-10,0.0
2008-12-11,-20.0
2008-12-12,-25.0
2008-12-15,66.6667
2008-12-16,-20.0
2008-12-17,8.3333
2008-12-18,-7.6923
2008-12-19,-25.0
2008-12-22,22.2222
2008-12-23,-4.5455
2008-12-24,4.7619
2008-12-26,-36.3636
2008-12-29,14.2857
2008-12-30,18.75
2008-12-31,57.8947
2009-01-02,-40.0
2009-01-05,22.2222
2009-01-06,36.3636
2009-01-07,13.3333
2009-01-08,82.3529
2009-01-09,-6.4516
2009-01-12,10.3448
2009-01-13,-25.0
2009-01-14,-37.5
2009-01-15,33.3333
2009-01-16,-5.0
2009-01-20,5.2632
2009-01-21,-40.0
2009-01-22,12.5
2009-01-23,0.0
2009-01-26,37.037
2009-01-27,16.2162
2009-01-28,-13.9535
2009-01-29,-21.6216
2009-01-30,-6.8966
2009-02-02,29.6296
2009-02-03,-31.4286
2009-02-04,-20.8333
2009-02-05,36.8421
2009-02-06,-19.2308
2009-02-09,-9.5238
2009-02-10,15.7895
2009-02-11,-4.5455
2009-02-12,-14.2857
2009-02-13,-11.1111
2009-02-17,18.75
2009-02-18,10.526299999999999
2009-02-19,-33.3333
2009-02-20,35.7143
2009-02-23,-5.2632
2009-02-24,5.5556
2009-02-25,-15.7895
2009-02-26,-18.75
2009-02-27,0.0
2009-03-02,7.6923
2009-03-03,-21.4286
2009-03-04,18.1818
2009-03-05,-23.0769
2009-03-06,120.0
2009-03-09,72.7273
2009-03-10,-28.947400000000002
2009-03-11,0.0
2009-03-12,-22.2222
2009-03-13,-33.3333
2009-03-16,57.1429
2009-03-17,0.0
2009-03-18,-4.5455
2009-03-19,0.0
2009-03-20,-38.0952
2009-03-23,23.0769
2009-03-24,31.25
2009-03-25,-9.5238
2009-03-26,10.526299999999999
2009-03-27,-14.2857
2009-03-30,0.0
2009-03-31,-22.2222
2009-04-01,0.0
2009-04-02,28.5714
2009-04-03,16.6667
2009-04-06,14.2857
2009-04-07,-25.0
2009-04-08,16.6667
2009-04-09,0.0
2009-04-13,14.2857
2009-04-14,-33.3333
2009-04-15,0.0
2009-04-16,31.25
2009-04-17,-23.8095
2009-04-20,0.0
2009-04-21,0.0
2009-04-22,12.5
2009-04-23,-11.1111
2009-04-24,-18.75
2009-04-27,269.2308
2009-04-28,56.25
2009-04-29,-57.3333
2009-04-30,-6.25
2009-05-01,-20.0
2009-05-04,8.3333
2009-05-05,-7.6923
2009-05-06,-12.5
2009-05-07,4.7619
2009-05-08,0.0
2009-05-11,-4.5455
2009-05-12,-9.5238
2009-05-13,-5.2632
2009-05-14,16.6667
2009-05-15,-14.2857
2009-05-18,5.5556
2009-05-19,-15.7895
2009-05-20,0.0
2009-05-21,0.0
2009-05-22,0.0
2009-05-26,0.0
2009-05-27,37.5
2009-05-28,0.0
2009-05-29,0.0
2009-06-01,9.0909
2009-06-02,0.0
2009-06-03,0.0
2009-06-04,0.0
2009-06-05,20.8333
2009-06-08,17.2414
2009-06-09,-5.8824
2009-06-10,9.375
2009-06-11,5.7143
2009-06-12,-13.5135
2009-06-15,9.375
2009-06-16,-25.7143
2009-06-17,11.538499999999999
2009-06-18,-6.8966
2009-06-19,-3.7037
2009-06-22,-7.6923
2009-06-23,8.3333
2009-06-24,-15.3846
2009-06-25,18.1818
2009-06-26,-7.6923
2009-06-29,-8.3333
2009-06-30,0.0
2009-07-01,0.0
2009-07-06,22.7273
2009-07-07,-18.5185
2009-07-08,0.0
2009-07-09,0.0
2009-07-10,18.1818
2009-07-13,-15.3846
2009-07-14,22.7273
2009-07-15,-11.1111
2009-07-16,0.0
2009-07-17,0.0
2009-07-20,0.0
2009-07-21,25.0
2009-07-22,-20.0
2009-07-23,33.3333
2009-07-24,-6.25
2009-07-27,0.0
2009-07-28,0.0
2009-07-29,-13.3333
2009-07-30,23.0769
2009-07-31,-18.75
2009-08-03,0.0
2009-08-04,-26.9231
2009-08-05,52.6316
2009-08-06,0.0
2009-08-07,3.4483
2009-08-11,-13.3333
2009-08-12,-15.3846
2009-08-13,-13.6364
2009-08-14,10.526299999999999
2009-08-17,14.2857
2009-08-18,-8.3333
2009-08-19,45.4545
2009-08-20,18.75
2009-08-21,-2.6316
2009-08-24,-27.027
2009-08-25,40.7407
2009-08-26,0.0
2009-08-27,-15.7895
2009-08-28,9.375
2009-08-31,28.5714
2009-09-01,-15.5556
2009-09-02,10.526299999999999
2009-09-03,-4.7619
2009-09-04,-5.0
2009-09-08,-7.8947
2009-09-09,14.2857
2009-09-10,35.0
2009-09-11,-14.8148
2009-09-14,-8.6957
2009-09-15,-11.9048
2009-09-16,0.0
2009-09-17,24.3243
2009-09-18,-2.1739
2009-09-21,20.0
2009-09-22,7.4074
2009-09-23,-13.7931
2009-09-24,12.0
2009-09-25,28.5714
2009-09-28,18.0556
2009-09-29,-15.2941
2009-09-30,11.1111
2009-10-01,30.0
2009-10-02,-9.6154
2009-10-05,-4.2553
2009-10-06,30.0
2009-10-07,-12.8205
2009-10-08,-8.8235
2009-10-09,0.0
2009-10-12,-22.5806
2009-10-13,2.7778
2009-10-14,8.1081
2009-10-15,-3.75
2009-10-16,-6.4935
2009-10-19,6.9444
2009-10-20,-6.4935
2009-10-21,0.0
2009-10-22,-19.4444
2009-10-23,13.7931
2009-10-26,16.6667
2009-10-27,-27.2727
2009-10-28,0.0
2009-10-29,14.2857
2009-10-30,-12.5
2009-11-02,5.3571
2009-11-03,0.0
2009-11-04,3.3898
2009-11-05,1.6393
2009-11-06,3.2258
2009-11-09,0.0
2009-11-10,-9.375
2009-11-11,5.1724
2009-11-12,-16.3934
2009-11-13,0.0
2009-11-16,-5.8824
2009-11-17,6.25
2009-11-18,9.8039
2009-11-19,3.5714
2009-11-20,0.0
2009-11-23,5.1724
2009-11-24,4.918
2009-11-25,-9.375
2009-11-27,10.3448
2009-11-30,4.6875
2009-12-01,-7.4627
2009-12-02,-6.4516
2009-12-03,1.7241
2009-12-04,-5.0847
2009-12-07,-3.5714
2009-12-08,-5.5556
2009-12-09,0.0
2009-12-10,0.0
2009-12-11,9.8039
2009-12-14,-10.7143
2009-12-15,-10.0
2009-12-16,0.0
2009-12-17,0.0
2009-12-18,6.6667
2009-12-21,0.0
2009-12-22,-6.25
2009-12-23,6.6667
2009-12-24,-16.6667
2009-12-28,20.0
2009-12-29,12.5
2009-12-30,-1.8519
2009-12-31,-9.434
2010-01-04,10.4167
2010-01-05,-9.434
2010-01-06,0.0
2010-01-07,12.5
2010-01-11,18.5185
2010-01-12,-7.8125
2010-01-13,-5.0847
2010-01-14,-3.5714
2010-01-19,-11.1111
2010-01-20,-10.4167
2010-01-21,0.0
2010-01-22,0.0
2010-01-25,0.0
2010-01-26,30.2326
2010-01-27,0.0
2010-01-28,0.0
2010-02-01,-14.2857
2010-02-02,-12.5
2010-02-03,-4.7619
2010-02-04,0.0
2010-02-05,0.0
2010-02-08,20.0
2010-02-09,-20.8333
2010-02-10,-10.526299999999999
2010-02-12,26.4706
2010-02-16,11.6279
2010-02-19,-16.6667
2010-02-22,20.0
2010-02-23,-12.5
2010-02-24,0.0
2010-02-25,0.0
2010-03-02,-11.9048
2010-03-04,13.5135
2010-03-05,-11.9048
2010-03-09,29.7297
2010-03-10,0.0
2010-03-11,-4.1667
2010-03-12,0.0
2010-03-15,0.0
2010-03-17,-19.5652
2010-03-18,0.0
2010-03-19,29.7297
2010-03-24,0.0
2010-03-25,-4.1667
2010-03-30,-30.4348
2010-03-31,25.0
2010-04-01,-45.0
2010-04-05,-4.5455
2010-04-06,0.0
2010-04-07,4.7619
2010-04-08,0.0
2010-04-09,18.1818
2010-04-12,-7.6923
2010-04-13,25.0
2010-04-15,-10.0
2010-04-16,0.0
2010-04-20,-22.2222
2010-04-21,14.2857
2010-04-22,-25.0
2010-04-23,0.0
2010-04-26,16.6667
2010-04-27,0.0
2010-04-28,23.8095
2010-04-29,0.0
2010-04-30,-7.6923
2010-05-03,-25.0
2010-05-04,16.6667
2010-05-05,-9.5238
2010-05-06,-5.2632
2010-05-07,-11.1111
2010-05-10,18.75
2010-05-11,26.3158
2010-05-12,0.0
2010-05-13,54.1667
2010-05-14,-18.9189
2010-05-17,0.0
2010-05-18,-40.0
2010-05-19,66.6667
2010-05-20,23.3333
2010-05-21,0.0
2010-05-24,0.0
2010-05-25,-48.6486
2010-05-27,15.7895
2010-06-02,9.0909
2010-06-03,-8.3333
2010-06-04,0.0
2010-06-10,45.4545
2010-06-11,0.0
2010-06-14,-31.25
2010-06-25,-18.1818
2010-07-01,0.0
2010-07-06,50.0
2010-07-15,18.5185
2010-07-16,0.0
2010-07-19,9.375
2010-07-22,37.1429
2010-07-23,-33.3333
2010-07-27,-9.375
2010-07-29,65.5172
2010-07-30,16.6667
2010-08-02,5.3571
2010-08-03,0.0
2010-08-04,-1.6949
2010-08-05,1.7241
2010-08-06,3.3898
2010-08-09,8.1967
2010-08-10,-7.5758
2010-08-11,4.918
2010-08-12,0.0
2010-08-16,-3.125
2010-08-18,-45.1613
2010-08-19,17.647100000000002
2010-08-20,-27.5
2010-08-26,27.5862
2010-08-31,29.7297
2010-09-01,27.0833
2010-09-03,-8.1967
2010-09-07,0.0
2010-09-09,0.0
2010-09-15,14.2857
2010-09-16,-12.5
2010-09-20,14.2857
2010-09-21,0.0
2010-09-23,0.0
2010-09-24,0.0
2010-09-27,0.0
2010-09-29,0.0
2010-09-30,0.0
2010-10-01,3.125
2010-10-04,-3.0303
2010-10-05,0.0
2010-10-07,0.0
2010-10-08,-12.5
2010-10-12,19.6429
2010-10-15,-4.4776
2010-10-18,-12.5
2010-10-20,-14.2857
2010-10-21,33.3333
2010-10-22,0.0
2010-10-26,0.0
2010-10-27,0.0
2010-10-28,0.0
2010-10-29,-21.875
2010-11-02,0.0
2010-11-08,28.0
2010-11-09,-12.5
2010-11-10,28.5714
2010-11-11,-22.2222
2010-11-15,0.0
2010-11-16,0.0
2010-11-17,0.0
2010-11-18,0.0
2010-11-19,0.0
2010-11-22,-10.7143
2010-11-26,12.0
2010-11-29,0.0
2010-11-30,0.0
2010-12-02,0.0
2010-12-03,8.9286
2010-12-06,-8.1967
2010-12-07,-10.7143
2010-12-08,0.0
2010-12-09,22.0
2010-12-10,1.6393
2010-12-13,0.0
2010-12-15,3.2258
2010-12-16,-21.875
2010-12-17,0.0
2010-12-21,0.0
2010-12-22,-4.0
2010-12-23,-16.6667
2010-12-27,0.0
2010-12-28,0.0
2010-12-29,25.0
2010-12-30,0.0
2010-12-31,28.0
2011-01-03,0.0
2011-01-04,0.0
2011-01-05,-21.875
2011-01-10,0.0
2011-01-11,28.0
2011-01-12,0.0
2011-01-18,0.0
2011-01-19,0.0
2011-01-20,0.0
2011-01-24,0.0
2011-01-25,0.0
2011-01-27,0.0
2011-01-28,-21.875
2011-01-31,32.0
2011-02-02,-3.0303
2011-02-03,-12.5
2011-02-04,10.7143
2011-02-07,-19.3548
2011-02-08,0.0
2011-02-09,18.0
2011-02-11,22.0339
2011-02-14,-4.1667
2011-02-15,0.0
2011-02-23,-18.8406
2011-02-24,17.8571
2011-03-02,0.0
2011-03-04,-3.0303
2011-03-07,0.0
2011-03-08,0.0
2011-03-10,0.0
2011-03-11,0.0
2011-03-15,0.0
2011-03-16,0.0
2011-03-21,0.0
2011-03-22,-25.0
2011-03-24,33.3333
2011-03-25,-25.0
2011-03-29,33.3333
2011-03-30,0.0
2011-03-31,0.0
2011-04-04,0.0
2011-04-05,0.0
2011-04-06,0.0
2011-04-07,-25.0
2011-04-08,6.25
2011-04-13,25.4902
2011-04-15,0.0
2011-04-20,0.0
2011-04-21,-25.0
2011-04-25,0.0
2011-04-26,-4.1667
2011-04-27,0.0
2011-04-28,4.3478
2011-04-29,0.0
2011-05-03,27.0833
2011-05-05,-21.3115
2011-05-10,0.0
2011-05-11,0.0
2011-05-13,0.0
2011-05-19,-6.25
2011-05-23,0.0
2011-05-26,-11.1111
2011-05-31,-12.5
2011-06-06,0.0
2011-06-08,14.2857
2011-06-27,20.0
2011-06-29,33.3333
2011-07-07,0.0
2011-07-11,-25.0
2011-07-14,39.5833
2011-07-15,-4.4776
2011-07-20,-25.0
2011-07-25,0.0
2011-07-29,29.1667
2011-08-04,-43.5484
2011-08-08,0.0
2011-08-09,5.7143
2011-08-11,29.7297
2011-08-12,0.0
2011-08-18,0.0
2011-08-23,-20.8333
2011-08-26,-10.526299999999999
2011-08-30,41.1765
2011-08-31,0.0
2011-09-22,-4.1667
2011-09-23,-26.087
2011-09-26,-29.4118
2011-09-27,0.0
2011-09-28,0.0
2011-09-29,0.0
2011-10-05,0.0
2011-10-07,33.3333
2011-10-10,0.0
2011-10-11,-75.0
2011-10-12,100.0
2011-10-13,18.75
2011-10-21,10.526299999999999
2011-10-27,4.7619
2011-10-31,68.1818
2011-11-02,-70.2703
2011-11-04,290.9091
2011-11-07,-74.4186
2011-11-11,236.3636
2011-11-28,-70.2703
2011-12-13,0.0
2011-12-14,0.0
2011-12-15,0.0
2011-12-22,0.0
2011-12-28,-54.5455
2011-12-29,20.0
2011-12-30,-16.6667
2012-01-04,0.0
2012-01-05,0.0
2012-01-06,0.0
2012-01-13,500.0
2012-01-17,0.0
2012-02-03,-73.3333
2012-02-10,37.5
2012-02-13,100.0
2012-02-22,-50.0
2012-02-24,100.0
2012-02-29,-50.0
2012-03-02,0.0
2012-03-16,100.0
2012-04-10,-40.9091
2012-04-12,46.1538
2012-04-13,-31.5789
2012-04-16,0.0
2012-04-20,46.1538
2012-04-30,-26.3158
2012-05-01,14.2857
2012-05-02,-12.5
2012-05-08,0.0
2012-05-18,0.0
2012-05-21,0.0
2012-05-22,0.0
2012-05-24,0.0
2012-05-31,0.0
2012-06-01,0.0
2012-06-08,-28.5714
2012-06-11,30.0
2012-06-22,0.0
2012-06-26,-15.3846
2012-07-06,-9.0909
2012-07-13,0.0
2012-07-27,60.0
2012-07-31,-37.5
2012-08-14,-20.0
2012-08-20,25.0
2012-08-21,-20.0
2012-08-24,-25.0
2012-08-27,0.0
2012-08-29,0.0
2012-08-30,0.0
2012-09-05,383.3333
2012-09-07,-65.5172
2012-09-10,0.0
2012-09-11,-50.0
2012-09-12,60.0
2012-09-14,25.0
2012-09-18,60.0
2012-09-20,-12.5
2012-09-24,-42.8571
2012-09-26,37.5
2012-09-27,-27.2727
2012-10-02,0.0
2012-10-05,75.0
2012-10-09,57.1429
2012-10-10,9.0909
2012-10-16,-75.0
2012-10-22,0.0
2012-11-01,0.0
2012-11-13,0.0
2012-11-14,0.0
2012-11-20,0.0
2012-11-26,0.0
2012-11-30,916.6667
2012-12-03,-21.3115
2012-12-04,-39.5833
2012-12-05,110.3448
2012-12-06,-18.0328
2012-12-07,-20.0
2012-12-10,-15.0
2012-12-11,-14.7059
2012-12-12,-10.3448
2012-12-13,11.538499999999999
2012-12-14,-17.2414
2012-12-17,0.0
2012-12-18,100.0
2012-12-19,-12.5
2012-12-20,-4.7619
2012-12-21,7.5
2012-12-24,0.0
2012-12-26,-11.6279
2012-12-27,-2.6316
2012-12-28,-8.1081
2012-12-31,-20.5882
2013-01-02,25.9259
2013-01-03,-20.5882
2013-01-04,7.4074
2013-01-07,-10.3448
2013-01-08,-15.3846
2013-01-09,18.1818
2013-01-10,23.0769
2013-01-11,-15.625
2013-01-14,11.1111
2013-01-15,-3.3333
2013-01-16,0.0
2013-01-17,-17.2414
2013-01-18,12.5
2013-01-22,0.0
2013-01-23,-11.1111
2013-01-24,0.0
2013-01-25,8.3333
2013-01-28,-15.3846
2013-01-29,9.0909
2013-01-30,58.3333
2013-01-31,5.2632
2013-02-01,45.0
2013-02-04,15.5172
2013-02-05,-19.403
2013-02-06,-7.4074
2013-02-07,-4.0
2013-02-08,-22.9167
2013-02-11,2.7027
2013-02-12,5.2632
2013-02-13,-20.0
2013-02-14,0.0
2013-02-15,0.0
2013-02-19,31.25
2013-02-20,0.0
2013-02-21,-4.7619
2013-02-22,-12.5
2013-02-25,-14.2857
2013-02-26,16.6667
2013-02-27,-8.5714
2013-02-28,-9.375
2013-03-01,0.0
2013-03-04,10.3448
2013-03-05,-15.625
2013-03-06,11.1111
2013-03-07,0.0
2013-03-08,0.0
2013-03-11,0.0
2013-03-12,-10.0
2013-03-13,0.0
2013-03-14,0.0
2013-03-15,0.0
2013-03-18,0.0
2013-03-19,-11.1111
2013-03-20,8.3333
2013-03-21,0.0
2013-03-22,-7.6923
2013-03-25,0.0
2013-03-26,12.5
2013-03-27,-3.7037
2013-03-28,0.0
2013-04-02,-15.3846
2013-04-03,9.0909
2013-04-04,0.0
2013-04-05,0.0
2013-04-08,0.0
2013-04-09,0.0
2013-04-12,0.0
2013-04-15,-12.5
2013-04-16,-9.5238
2013-04-17,0.0
2013-04-18,0.0
2013-04-19,-5.2632
2013-04-22,-22.2222
2013-04-23,14.2857
2013-04-25,12.5
2013-04-26,5.5556
2013-04-29,0.0
2013-05-02,0.0
2013-05-03,-15.7895
2013-05-07,0.0
2013-05-08,0.0
2013-05-09,-12.5
2013-05-10,35.7143
2013-05-13,0.0
2013-05-14,10.526299999999999
2013-05-15,-9.5238
2013-05-16,-15.7895
2013-05-17,31.25
2013-05-20,-9.5238
2013-05-21,0.0
2013-05-22,10.526299999999999
2013-05-23,0.0
2013-05-28,-14.2857
2013-05-29,0.0
2013-05-30,-22.2222
2013-05-31,14.2857
2013-06-03,0.0
2013-06-04,0.0
2013-06-05,0.0
2013-06-06,0.0
2013-06-07,31.25
2013-06-10,-23.8095
2013-06-12,-12.5
2013-06-13,14.2857
2013-06-14,0.0
2013-06-17,18.75
2013-06-18,0.0
2013-06-19,-5.2632
2013-06-20,-11.1111
2013-06-21,0.0
2013-06-24,0.0
2013-06-25,0.0
2013-06-26,0.0
2013-07-01,-18.75
2013-07-02,23.0769
2013-07-05,0.0
2013-07-10,-18.75
2013-07-11,23.0769
2013-07-12,12.5
2013-07-15,-27.7778
2013-07-16,38.4615
2013-07-17,0.0
2013-07-18,0.0
2013-07-19,-11.1111
2013-07-24,12.5
2013-07-25,0.0
2013-07-29,-38.8889
2013-07-30,27.2727
2013-08-01,0.0
2013-08-02,0.0
2013-08-07,-21.4286
2013-08-08,0.0
2013-08-09,0.0
2013-08-12,27.2727
2013-08-13,14.2857
2013-08-15,0.0
2013-08-19,-12.5
2013-08-20,-7.1429
2013-08-21,23.0769
2013-08-26,-31.25
2013-08-27,27.2727
2013-08-28,-7.1429
2013-08-29,0.0
2013-08-30,0.0
2013-09-05,0.0
2013-09-10,0.0
2013-09-11,7.6923
2013-09-12,0.0
2013-09-17,-28.5714
2013-09-18,80.0
2013-09-19,16.6667
2013-09-20,0.0
2013-09-23,0.0
2013-09-24,-9.5238
2013-09-25,15.7895
2013-09-26,0.0
2013-09-27,31.8182
2013-09-30,0.0
2013-10-01,3.4483
2013-10-02,70.0
2013-10-03,0.0
2013-10-04,37.2549
2013-10-07,0.0
2013-10-08,0.0
2013-10-09,0.0
2013-10-10,5.7143
2013-10-11,-5.4054
2013-10-14,-27.1429
2013-10-15,0.0
2013-10-16,19.6078
2013-10-17,0.0
2013-10-18,0.0
2013-10-21,0.0
2013-10-23,0.0
2013-10-24,0.0
2013-10-25,0.0
2013-10-28,0.0
2013-10-29,0.0
2013-10-30,-3.2787
2013-11-01,22.0339
2013-11-04,-33.3333
2013-11-05,10.4167
2013-11-06,0.0
2013-11-08,-9.434
2013-11-15,-4.1667
2013-11-18,-2.1739
2013-11-20,-15.5556
2013-11-22,-15.7895
2013-11-25,25.0
2013-11-26,0.0
2013-11-27,-12.5
2013-11-29,14.2857
2013-12-02,-20.0
2013-12-03,0.0
2013-12-09,-6.25
2013-12-10,0.0
2013-12-13,-20.0
2013-12-16,12.5
2013-12-18,0.0
2013-12-19,0.0
2013-12-20,7.4074
2013-12-24,-37.931
2013-12-26,61.1111
2013-12-27,0.0
2013-12-30,0.0
2013-12-31,0.0
2014-01-02,0.0
2014-01-03,0.0
2014-01-06,0.0
2014-01-08,0.0
2014-01-10,0.0
2014-01-13,0.0
2014-01-15,-10.3448
2014-01-16,0.0
2014-01-17,34.6154
2014-01-21,0.0
2014-01-22,0.0
2014-01-24,0.0
2014-01-27,0.0
2014-01-28,0.0
2014-01-29,-40.0
2014-01-30,52.381
2014-01-31,-34.375
2014-02-03,52.381
2014-02-04,-34.375
2014-02-05,52.381
2014-02-07,-9.375
2014-02-10,0.0
2014-02-12,0.0
2014-02-14,0.0
2014-02-20,-34.4828
2014-02-21,52.6316
2014-02-24,-37.931
2014-02-25,50.0
2014-03-03,0.0
2014-03-04,0.0
2014-03-07,0.0
2014-03-10,0.0
2014-03-11,0.0
2014-03-14,7.4074
2014-03-17,10.3448
2014-03-18,25.0
2014-03-19,15.0
2014-03-24,-52.1739
2014-03-25,177.2727
2014-03-26,-8.1967
2014-03-27,3.5714
2014-03-28,-3.4483
2014-03-31,0.0
2014-04-01,0.0
2014-04-02,-8.9286
2014-04-03,-11.7647
2014-04-04,0.0
2014-04-07,0.0
2014-04-09,-15.5556
2014-04-11,18.4211
2014-04-14,0.0
2014-04-15,-4.4444
2014-04-16,4.6512
2014-04-17,-6.6667
2014-04-29,-4.7619
2014-05-06,0.0
2014-05-07,-25.0
2014-05-12,-3.3333
2014-05-13,0.0
2014-05-14,0.0
2014-05-15,-6.8966
2014-05-19,-11.1111
2014-05-21,-8.3333
2014-05-23,9.0909
2014-05-28,8.3333
2014-05-29,-7.6923
2014-05-30,25.0
2014-06-02,0.0
2014-06-03,0.0
2014-06-04,60.0
2014-06-05,-37.5
2014-06-06,-3.3333
2014-06-09,-17.2414
2014-06-10,12.5
2014-06-11,7.4074
2014-06-12,-6.8966
2014-06-13,-3.7037
2014-06-16,0.0
2014-06-17,0.0
2014-06-18,0.0
2014-06-19,0.0
2014-06-23,46.1538
2014-06-27,-7.8947
2014-06-30,-14.2857
2014-07-01,-3.3333
2014-07-07,-34.4828
2014-07-08,57.8947
2014-07-09,-3.3333
2014-07-10,0.0
2014-07-11,0.0
2014-07-14,-6.8966
2014-07-15,0.0
2014-07-22,7.4074
2014-07-28,-34.4828
2014-07-29,0.0
2014-07-30,52.6316
2014-07-31,0.0
2014-08-05,-37.931
2014-08-12,33.3333
2014-08-13,0.0
2014-08-14,0.0
2014-08-19,0.0
2014-08-20,-33.3333
2014-08-21,37.5
2014-08-28,9.0909
2014-09-03,0.0
2014-09-04,0.0
2014-09-08,-8.3333
2014-09-09,0.0
2014-09-10,-13.6364
2014-09-12,26.3158
2014-09-15,12.5
2014-09-17,-18.5185
2014-09-18,22.7273
2014-09-25,-18.5185
2014-09-26,0.0
2014-09-29,0.0
2014-09-30,0.0
2014-10-01,9.0909
2014-10-02,0.0
2014-10-07,0.0
2014-10-08,-20.8333
2014-10-09,15.7895
2014-10-10,0.0
2014-10-16,-36.3636
2014-10-20,-21.4286
2014-10-21,45.4545
2014-10-24,0.0
2014-10-29,0.0
2014-10-31,-18.75
2014-11-03,23.0769
2014-11-05,18.75
2014-11-13,0.0
2014-11-14,0.0
2014-11-18,0.0
2014-11-19,-5.2632
2014-11-21,-11.1111
2014-11-26,-31.25
2014-11-28,45.4545
2014-12-01,-37.5
2014-12-03,0.0
2014-12-04,0.0
2014-12-09,40.0
2014-12-15,-28.5714
2014-12-16,0.0
2014-12-18,0.0
2014-12-23,-20.0
2014-12-24,0.0
2014-12-26,37.5
2014-12-30,-27.2727
2014-12-31,37.5
2015-01-05,0.0
2015-01-06,0.0
2015-01-08,18.1818
2015-01-16,-15.3846
2015-01-21,0.0
2015-01-27,18.1818
2015-01-29,-15.3846
2015-01-30,18.1818
2015-02-02,-23.0769
2015-02-04,30.0
2015-02-05,7.6923
2015-02-06,107.1429
2015-02-10,0.0
2015-02-12,0.0
2015-02-17,-10.3448
2015-02-20,0.0
2015-02-25,0.0
2015-02-27,0.0
2015-03-04,-30.7692
2015-03-05,-11.1111
2015-03-06,-12.5
2015-03-10,42.8571
2015-03-11,-10.0
2015-03-12,38.8889
2015-03-13,92.0
2015-03-16,-22.9167
2015-03-17,21.6216
2015-03-18,-28.8889
2015-03-19,0.0
2015-03-20,0.0
2015-03-24,-12.5
2015-03-25,3.5714
2015-03-26,0.0
2015-03-27,-3.4483
2015-03-30,-25.0
2015-04-01,0.0
2015-04-02,0.0
2015-04-06,14.2857
2015-04-07,0.0
2015-04-09,25.0
2015-04-13,6.6667
2015-04-14,0.0
2015-04-15,9.375
2015-04-16,2.8571
2015-04-17,-2.7778
2015-04-21,-2.8571
2015-04-22,0.0
2015-04-23,-11.7647
2015-04-27,-26.6667
2015-04-30,22.7273
2015-05-01,7.4074
2015-05-06,-17.2414
2015-05-07,8.3333
2015-05-15,-7.6923
2015-05-18,8.3333
2015-05-22,-19.2308
2015-05-28,-23.8095
2015-05-29,31.25
2015-06-03,-9.5238
2015-06-05,-47.3684
2015-06-08,30.0
2015-06-09,-15.3846
2015-06-10,18.1818
2015-06-12,0.0
2015-06-16,0.0
2015-06-17,-15.3846
2015-06-19,0.0
2015-06-22,18.1818
2015-06-23,-23.0769
2015-06-25,-20.0
2015-06-26,25.0
2015-06-29,10.0
2015-06-30,18.1818
2015-07-01,0.0
2015-07-02,0.0
2015-07-06,-15.3846
2015-07-13,-9.0909
2015-07-17,10.0
2015-07-20,27.2727
2015-07-21,14.2857
2015-07-22,12.5
2015-07-23,0.0
2015-07-24,16.6667
2015-07-28,-9.5238
2015-07-30,0.0
2015-07-31,0.0
2015-08-04,-15.7895
2015-08-05,-12.5
2015-08-06,0.0
2015-08-13,-7.1429
2015-08-14,0.0
2015-08-17,7.6923
2015-08-18,0.0
2015-08-19,-21.4286
2015-08-21,0.0
2015-08-24,72.7273
2015-08-26,-5.2632
2015-08-27,5.5556
2015-08-28,-15.7895
2015-08-31,0.0
2015-09-01,-12.5
2015-09-02,0.0
2015-09-03,14.2857
2015-09-10,0.0
2015-09-14,0.0
2015-09-16,-18.75
2015-09-18,23.0769
2015-09-22,18.75
2015-09-23,26.3158
2015-09-24,-12.5
2015-09-25,-23.8095
2015-09-30,18.75
2015-10-01,15.7895
2015-10-02,9.0909
2015-10-06,-58.3333
2015-10-08,10.0
2015-10-09,27.2727
2015-10-16,14.2857
2015-10-20,0.0
2015-10-21,0.0
2015-10-23,31.25
2015-10-27,-23.8095
2015-10-28,-12.5
2015-10-29,28.5714
2015-10-30,0.0
2015-11-02,0.0
2015-11-03,5.5556
2015-11-04,-15.7895
2015-11-05,0.0
2015-11-09,18.75
2015-11-10,26.3158
2015-11-11,0.0
2015-11-12,-25.0
2015-11-13,22.2222
2015-11-16,-18.1818
2015-11-17,16.6667
2015-11-18,-9.5238
2015-11-19,-5.2632
2015-11-20,16.6667
2015-11-23,-9.5238
2015-11-24,-31.5789
2015-11-25,115.3846
2015-11-27,-7.1429
2015-11-30,30.7692
2015-12-01,-29.4118
2015-12-02,-12.5
2015-12-03,-14.2857
2015-12-04,5.5556
2015-12-07,-5.2632
2015-12-08,16.6667
2015-12-09,14.2857
2015-12-10,0.0
2015-12-14,-12.5
2015-12-15,-9.5238
2015-12-16,10.526299999999999
2015-12-17,-14.2857
2015-12-18,16.6667
2015-12-21,90.4762
2015-12-22,7.5
2015-12-23,0.0
2015-12-24,6.9767
2015-12-28,6.5217
2015-12-29,10.2041
2015-12-30,-20.3704
2015-12-31,4.6512
2016-01-04,2.2222
2016-01-05,17.3913
2016-01-06,-16.6667
2016-01-07,13.3333
2016-01-08,13.7255
2016-01-11,-3.4483
2016-01-12,25.0
2016-01-13,7.1429
2016-01-14,17.3333
2016-01-15,-21.5909
2016-01-20,-10.1449
2016-01-21,12.9032
2016-01-22,0.0
2016-01-25,-11.4286
2016-01-26,-6.4516
2016-01-27,-6.8966
2016-01-29,18.5185
2016-02-01,18.75
2016-02-02,-26.3158
2016-02-05,42.8571
2016-02-16,-10.0
2016-02-19,-77.7778
2016-02-22,350.0
2016-02-23,-37.7778
2016-02-24,0.0
2016-02-25,6.0714
2016-02-26,1.0101
2016-02-29,8.3333
2016-03-01,38.4615
2016-03-02,-2.2222
2016-03-03,13.6364
2016-03-04,16.0
2016-03-07,-22.4138
2016-03-08,18.8889
2016-03-09,-15.8879
2016-03-11,31.1111
2016-03-14,30.5085
2016-03-15,7.1429
2016-03-16,13.9394
2016-03-17,12.766
2016-03-18,-5.6604
2016-03-21,10.0
2016-03-22,-9.0909
2016-03-23,-2.5063
2016-03-24,0.0064
2016-03-29,-20.0
2016-03-30,40.3846
2016-03-31,2.2831
2016-04-01,-17.4107
2016-04-04,7.027
2016-04-05,-10.0947
2016-04-06,-6.7481
2016-04-07,-4.8193
2016-04-08,-6.962
2016-04-11,31.9643
2016-04-13,-32.9854
2016-04-14,37.6923
2016-04-15,-10.6145
2016-04-18,15.625
2016-04-19,-8.1081
2016-04-20,-1.1764999999999999
2016-04-21,1.1905000000000001
2016-04-22,-5.8824
2016-04-25,6.25
2016-04-26,0.0
2016-04-27,0.0
2016-04-28,0.0
2016-05-02,-11.7647
2016-05-03,6.6667
2016-05-04,6.25
2016-05-05,0.0
2016-05-06,0.0
2016-05-09,-5.8824
2016-05-10,6.25
2016-05-11,-5.8824
2016-05-12,0.0
2016-05-13,-6.25
2016-05-16,-0.6667
2016-05-17,12.0805
2016-05-18,-1.7964
2016-05-20,2.439
2016-05-23,-0.5952
2016-05-24,-11.975999999999999
2016-05-25,-1.3605
2016-05-26,14.4828
2016-05-27,-0.6024
2016-05-31,0.0
2016-06-06,0.0
2016-06-07,0.0
2016-06-08,0.0
2016-06-09,1.8182
2016-06-13,0.0
2016-06-15,-0.5952
2016-06-16,0.0
2016-06-17,0.5988
2016-06-21,0.0
2016-06-28,-1.7856999999999998
2016-07-12,-0.6061
2016-07-13,-8.5366
2016-07-14,-6.6667
2016-07-19,-1.4285999999999999
2016-07-20,-19.5652
2016-07-21,17.1171
2016-07-26,0.0
2016-07-27,0.0
2016-08-01,0.0
2016-08-02,0.0
2016-08-08,-19.2308
2016-08-09,0.0
2016-08-10,-4.7619
2016-08-16,0.0
2016-08-17,-20.0
2016-08-18,-22.375
2016-08-22,36.876
2016-08-30,16.4706
2016-09-09,-24.1414
2016-09-12,31.8242
2016-09-13,21.2121
2016-09-14,8.3333
2016-09-15,-21.5385
2016-09-16,15.6863
2016-09-19,10.1695
2016-09-20,19.0
2016-09-21,-1.7452999999999999
2016-09-22,5.2714
2016-09-23,-1.2577
2016-09-27,-20.8861
2016-09-30,14.4
2016-10-04,-2.0979
2016-10-11,-7.1429
2016-10-13,-3.8462
2016-10-17,0.0
2016-10-20,12.0
2016-10-21,-10.7143
2016-10-24,0.0
2016-10-26,-9.6
2016-10-27,0.0
2016-10-28,10.6195
2016-10-31,-12.0
2016-11-02,0.0
2016-11-07,0.0
2016-11-08,-9.0909
2016-11-14,0.0
2016-11-15,-20.0
2016-11-16,37.5
2016-11-18,0.0
2016-11-21,9.0909
2016-11-28,0.0
2016-11-29,0.0
2016-12-05,-0.8333
2016-12-07,0.0
2016-12-09,-15.9664
2016-12-12,0.0
2016-12-16,10.0
2016-12-19,-9.0909
2016-12-21,0.0
2016-12-23,-10.0
2016-12-28,0.0
2016-12-30,27.7778
2017-01-04,3.4783
2017-01-06,-18.4874
2017-01-09,3.0928
2017-01-10,16.0
2017-01-12,0.8621
2017-01-17,0.8547
2017-01-18,-6.7797
2017-01-19,7.2727
2017-01-26,-6.7797
2017-01-27,7.2727
2017-01-30,0.0
2017-01-31,1.6949
2017-02-01,-16.6667
2017-02-02,20.0
2017-02-03,1.6667
2017-02-07,-1.6393
2017-02-09,1.6667
2017-02-10,-11.4754
2017-02-13,0.0
2017-02-14,1.8519
2017-02-15,10.9091
2017-02-16,-0.8197
2017-02-17,9.0909
2017-02-21,0.0
2017-02-22,1.5152
2017-02-23,4.4776
2017-02-24,-0.7143
2017-02-27,7.9137
2017-03-02,0.0
2017-03-03,0.0
2017-03-07,20.0
2017-03-09,7.7778
2017-03-13,-0.5155
2017-03-14,0.0
2017-03-16,-1.5544
2017-03-17,5.2632
2017-03-20,12.5
2017-03-21,4.4444
2017-03-22,-4.2553
2017-03-23,-20.0
2017-03-24,11.1111
2017-03-27,2.5
2017-03-28,9.7561
2017-04-03,0.0
2017-04-04,-15.5556
2017-04-05,15.7895
2017-04-06,2.2727
2017-04-07,-6.6667
2017-04-13,-7.1429
2017-04-17,2.5641
2017-04-18,15.0
2017-04-19,-12.6087
2017-04-20,35.3234
2017-04-21,-0.7353
2017-04-24,-16.6667
2017-04-25,17.7778
2017-04-26,-20.7547
2017-04-27,7.1429
2017-05-01,-3.5556
2017-05-02,3.6866
2017-05-03,-8.0
2017-05-04,0.9662
2017-05-05,24.4019
2017-05-08,14.6154
2017-05-09,-9.396
2017-05-10,0.0
2017-05-12,-11.1111
2017-05-15,0.0
2017-05-19,2.0833
2017-05-22,6.1224
2017-05-23,5.0
2017-05-24,0.3663
2017-05-31,0.7299
2017-06-01,0.7246
2017-06-02,0.3597
2017-06-05,2.1505
2017-06-06,-1.7544
2017-06-09,5.7143
2017-06-12,-0.3378
2017-06-15,1.6949
2017-06-16,19.0
2017-06-20,-22.6891
2017-06-26,-0.7246
2017-06-27,0.0
2017-06-29,0.0
2017-07-07,27.0073
2017-07-10,-20.4023
2017-07-11,-12.2744
2017-07-12,0.4115
2017-07-13,27.0492
2017-07-14,11.2903
2017-07-17,-27.5362
2017-07-18,10.0
2017-07-19,25.8182
2017-07-25,-13.8728
2017-07-26,0.0
2017-07-28,0.0
2017-08-01,-37.9161
2017-08-02,26.4796
2017-08-03,-5.9829
2017-08-04,6.3636
2017-08-07,-11.9658
2017-08-08,0.0
2017-08-09,-6.3107
2017-08-10,19.171
2017-08-11,7.3913
2017-08-14,-2.4291
2017-08-15,0.8299
2017-08-16,-16.8724
2017-08-17,0.0
2017-08-18,-0.495
2017-08-21,-2.4876
2017-08-22,0.0
2017-08-23,2.0408
2017-08-25,0.005
2017-08-29,2.4949
2017-08-30,-3.4146
2017-09-01,0.5051
2017-09-05,0.0
2017-09-06,0.5025
2017-09-08,25.0
2017-09-11,-20.0
2017-09-12,20.0
2017-09-13,0.0
2017-09-14,-8.3333
2017-09-15,13.6364
2017-09-20,-9.6
2017-09-21,6.1947
2017-09-25,4.1667
2017-10-06,-20.0
2017-10-10,1.25
2017-10-17,6.1728
2017-10-19,4.6512
2017-10-23,-1.7778
2017-10-24,-0.4525
2017-10-25,-0.9091
2017-10-26,-5.5046
2017-10-27,-2.9126
2017-10-30,-5.0
2017-10-31,0.0
2017-11-01,-7.8947
2017-11-02,-2.8571
2017-11-03,2.9412000000000003
2017-11-06,-14.2857
2017-11-07,-8.6667
2017-11-08,-5.1095
2017-11-09,30.7692
2017-11-13,2.9412000000000003
2017-11-14,-17.1429
2017-11-15,24.1379
2017-11-16,-22.2222
2017-11-21,0.0
2017-11-22,-1.5
2017-11-24,1.5156
2017-11-27,0.0071
2017-11-28,0.0
2017-11-29,0.0
2017-11-30,0.0
2017-12-01,25.0
2017-12-05,2.8571
2017-12-06,0.0
2017-12-07,13.8889
2017-12-11,12.1951
2017-12-12,0.0
2017-12-13,0.0
2017-12-14,-13.0435
2017-12-15,0.0
2017-12-18,0.0
2017-12-19,-2.5
2017-12-20,2.5641
2017-12-21,0.0
2017-12-22,25.0
2017-12-26,-20.0
2017-12-27,0.0
2017-12-28,0.0
2017-12-29,0.0
2018-01-02,-5.0
2018-01-03,0.0
2018-01-04,-21.0526
2018-01-05,20.0
2018-01-08,11.1111
2018-01-09,0.0
2018-01-10,0.0
2018-01-17,-1.5
2018-01-22,-3.5533
2018-01-26,-2.6316
2018-01-29,0.0
2018-01-30,0.0
2018-02-01,-5.4054
2018-02-02,14.2857
2018-02-05,-5.0
2018-02-07,0.0
2018-02-08,0.0
2018-02-12,-13.1579
2018-02-13,-8.4848
2018-02-14,19.1987
2018-02-16,2.7835
2018-02-26,0.0
2018-02-28,-5.4054
2018-03-01,-2.8571
2018-03-05,-11.7647
2018-03-06,0.0
2018-03-07,0.0
2018-03-08,3.3333
2018-03-09,-3.2258
2018-03-12,0.0
2018-03-15,-1.3333
2018-03-16,0.6757
2018-03-19,0.0
2018-03-20,0.6711
2018-03-21,0.0
2018-03-22,0.0
2018-03-23,-8.5333
2018-03-26,9.3294
2018-03-28,-0.6667
2018-03-29,-9.396
2018-04-02,-0.7407
2018-04-03,0.0
2018-04-04,-6.7164
2018-04-05,4.0
2018-04-06,-7.6923
2018-04-09,-8.3333
2018-04-10,7.9091000000000005
2018-04-11,-15.754
2018-04-12,19.0
2018-04-13,17.647100000000002
2018-04-16,-13.5714
2018-04-17,-0.8264
2018-04-18,0.0
2018-04-19,0.0
2018-04-23,22.5
2018-04-24,-8.1633
2018-04-25,-3.7037
2018-04-30,-7.6923
2018-05-01,0.0
2018-05-02,-4.1667
2018-05-04,11.3043
2018-05-07,-6.25
2018-05-09,-1.6667
2018-05-10,1.6949
2018-05-14,15.0
2018-05-15,-5.7971
2018-05-23,-6.1538
2018-05-25,-0.8197
2018-05-29,0.8264
2018-05-30,-6.5574
2018-05-31,0.0
2018-06-01,5.2632
2018-06-04,-0.8333
2018-06-05,-15.1261
2018-06-06,15.8416
2018-06-07,-16.6667
2018-06-08,22.0513
2018-06-13,-11.7647
2018-06-14,-1.9048
2018-06-15,3.8834999999999997
2018-06-18,0.9346
2018-06-19,3.7037
2018-06-20,-6.25
2018-06-21,12.381
2018-06-22,0.8475
2018-06-25,5.042
2018-06-26,-4.0
2018-06-27,0.0
2018-06-28,-4.1667
2018-06-29,-0.8696
2018-07-02,5.2632
2018-07-05,4.1667
2018-07-06,-4.0
2018-07-09,4.1667
2018-07-10,-5.6
2018-07-11,-0.8475
2018-07-12,-5.9829
2018-07-13,7.2727
2018-07-17,0.0
2018-07-18,1.6949
2018-07-19,-2.5
2018-07-20,4.2735
2018-07-23,-3.2787
2018-07-24,-2.3305
2018-07-25,-0.2169
2018-07-26,-4.3478
2018-07-27,-8.1818
2018-07-30,14.8515
2018-08-02,-5.1724
2018-08-03,0.0
2018-08-07,-4.5455
2018-08-08,-0.9524
2018-08-09,-1.9231
2018-08-10,-0.9676
2018-08-13,0.9771
2018-08-15,-0.9804
2018-08-17,0.9901
2018-08-23,-0.9804
2018-08-28,3.9604
2018-08-29,-5.7143
2018-08-30,0.0
2018-09-04,-9.0909
2018-09-07,0.0
2018-09-11,-1.1111
2018-09-13,-14.382
2018-09-14,1.0499
2018-09-17,-9.0909
2018-09-19,1.4285999999999999
2018-09-20,1.4085
2018-09-21,-9.7222
2018-09-24,30.7692
2018-09-25,5.8824
2018-09-26,-16.6667
2018-09-27,0.0
2018-09-28,0.0
2018-10-02,-18.6667
2018-10-04,-1.6393
2018-10-05,-8.3333
2018-10-09,0.0
2018-10-10,-1.8182
2018-10-11,-25.5556
2018-10-16,19.403
2018-10-17,-16.6667
2018-10-18,-19.75
2018-10-19,23.9875
2018-10-22,-14.5729
2018-10-24,2.9412000000000003
2018-10-25,-2.8571
2018-10-26,-2.9412000000000003
2018-10-29,-9.0909
2018-10-31,10.0
2018-11-01,0.0
2018-11-02,6.0606
2018-11-05,28.5714
2018-11-06,33.3333
2018-11-07,-1.6667
2018-11-13,-23.7288
2018-11-15,26.6667
2018-11-16,3.5088
2018-11-20,-32.2034
2018-11-21,47.5
2018-11-23,0.0
2018-11-26,44.0678
2018-11-28,-8.2353
2018-11-29,5.1282
2018-11-30,3.6585
2018-12-03,0.0
2018-12-11,-7.0588
2018-12-13,-7.9114
2018-12-14,7.2165
2018-12-17,-25.641
2018-12-19,1.7241
2018-12-20,-8.4746
2018-12-21,1.8519
2018-12-27,1.8182
2018-12-28,-10.7143
2019-01-02,-6.0
2019-01-04,-4.2553
2019-01-07,-17.7778
2019-01-08,81.0811
2019-01-09,34.3284
2019-01-10,-1.1111
2019-01-14,-1.1236
2019-01-15,2.2727
2019-01-22,-1.1111
2019-01-24,1.1236
2019-01-28,5.5556
2019-02-01,-5.2632
2019-02-05,-5.5556
2019-02-14,24.7059
2019-02-15,32.0755
2019-02-19,-2.1429
2019-02-20,-52.5547
2019-02-21,52.3077
2019-02-22,-14.1414
2019-02-25,11.7647
2019-02-26,-26.3158
2019-02-27,14.2857
2019-02-28,17.5
2019-03-04,4.2553
2019-03-06,-26.5306
2019-03-07,4.1667
2019-03-08,21.3333
2019-03-11,0.0
2019-03-12,3.2967
2019-03-13,3.1915
2019-03-14,-1.5464
2019-03-15,-4.712
2019-03-18,6.5934
2019-03-19,3.0928
2019-03-21,-26.0
2019-03-22,0.7432
2019-03-25,18.0416
2019-03-26,5.6818
2019-03-27,5.3763
2019-03-28,12.2449
2019-03-29,-0.9091
2019-04-01,0.0
2019-04-02,-3.6696999999999997
2019-04-03,0.0
2019-04-04,-4.7619
2019-04-08,-1.65
2019-04-10,-12.5572
2019-04-11,12.8488
2019-04-12,3.0397
2019-04-15,-1.0
2019-04-16,-13.1313
2019-04-17,-4.8837
2019-04-22,21.0269
2019-04-23,-2.0202
2019-04-24,-22.6804
2019-04-26,26.6667
2019-05-01,-10.526299999999999
2019-05-03,0.0
2019-05-06,0.0
2019-05-07,11.7647
2019-05-08,-5.2632
2019-05-09,-16.6667
2019-05-14,-1.3333
2019-05-17,8.1081
2019-05-22,-7.5
2019-05-23,-2.7027
2019-06-04,11.1111
2019-06-12,-9.0
2019-06-13,9.8901
2019-06-17,0.0
2019-06-18,0.0
2019-06-25,-6.25
2019-06-26,-30.6267
2019-06-27,44.1476
2019-06-28,0.0
2019-07-01,-4.0
2019-07-02,-17.3472
2019-07-03,22.6685
2019-07-08,-6.8493
2019-07-09,-11.7647
2019-07-10,33.3333
2019-07-11,0.0
2019-07-12,0.0
2019-07-15,0.0
2019-07-17,-23.675
2019-07-18,31.0187
2019-07-24,0.0
2019-07-29,-12.5
2019-07-30,35.7143
2019-08-05,0.0
2019-08-06,3.1579
2019-08-09,-2.0408
2019-08-14,-32.2604
2019-08-15,53.7752
2019-08-19,-12.0
2019-08-20,0.0
2019-08-21,-12.5
2019-08-22,12.987
2019-08-23,1.1494
2019-08-27,-30.0
2019-08-28,29.8701
2019-09-03,5.0
2019-09-04,-20.2262
2019-09-05,-4.9545
2019-09-06,2.0568
2019-09-09,-6.1538
2019-09-10,6.2295
2019-09-11,-15.1235
2019-09-12,-3.6364
2019-09-16,11.3208
2019-09-17,-6.7797
2019-09-19,-1.8182
2019-09-20,-0.9259
2019-09-23,-6.5421
2019-09-24,20.0
2019-09-25,0.0
2019-09-26,-5.0
2019-09-27,38.5965
2019-09-30,-35.4304
2019-10-01,-25.5048
2019-10-02,-5.2632
2019-10-04,-16.6667
2019-10-07,-11.5833
2019-10-08,-22.0735
2019-10-09,6.4344
2019-10-10,-25.1818
2019-10-11,-8.87
2019-10-14,3.3333
2019-10-15,-19.3548
2019-10-16,53.52
2019-10-17,-10.8911
2019-10-18,-6.4327
2019-10-21,-6.25
2019-10-22,-5.3333
2019-10-23,-16.1972
2019-10-24,21.8487
2019-10-25,-6.2069
2019-10-28,-8.0882
2019-10-29,-4.0
2019-10-30,-16.6667
2019-10-31,2.0
2019-11-01,-18.6275
2019-11-04,-39.759
2019-11-05,-20.0
2019-11-06,17.5
2019-11-07,6.1702
2019-11-08,10.02
2019-11-11,-18.397100000000002
2019-11-12,-21.875
2019-11-13,22.8571
2019-11-14,39.5349
2019-11-15,-26.375
2019-11-18,-23.2598
2019-11-19,-26.2537
2019-11-20,20.0
2019-11-21,-17.0
2019-11-22,-11.6466
2019-11-25,-12.7273
2019-11-26,528.125
2019-11-27,-41.5008
2019-11-29,-2.9057
2019-12-02,-19.1241
2019-12-03,-15.343
2019-12-04,-23.0277
2019-12-05,8.5873
2019-12-06,-27.2959
2019-12-09,-19.2982
2019-12-10,-8.6957
2019-12-11,7.619
2019-12-12,50.4425
2019-12-13,-46.4706
2019-12-16,42.8571
2019-12-17,-10.0769
2019-12-18,19.7605
2019-12-19,-25.0
2019-12-20,30.9524
2019-12-23,-23.2727
2019-12-24,-7.5829
2019-12-26,21.5385
2019-12-27,-13.0802
2019-12-30,-2.9126
2019-12-31,0.0
2020-01-02,13.0
2020-01-03,-15.9292
2020-01-06,1.5789
2020-01-07,4.1451
2020-01-08,-7.9602
2020-01-09,32.4324
2020-01-10,6.1224
2020-01-13,11.538499999999999
2020-01-14,-18.9655
2020-01-15,31.0638
2020-01-16,7.1429
2020-01-17,-15.1515
2020-01-21,10.7143
2020-01-22,-4.8387
2020-01-23,47.7966
2020-01-24,-1.3761
2020-01-27,-0.4651
2020-01-28,5.1402
2020-01-29,-2.6667
2020-01-30,-0.4566
2020-01-31,-3.8991
2020-02-03,-21.0024
2020-02-04,-4.5317
2020-02-05,-21.8354
2020-02-06,13.3603
2020-02-07,-10.7143
2020-02-10,-10.4
2020-02-11,18.3036
2020-02-12,-0.7547
2020-02-13,-7.4144
2020-02-14,-9.2402
2020-02-18,-6.3347999999999995
2020-02-19,27.0531
2020-02-20,-4.1825
2020-02-21,-3.9683
2020-02-24,-17.7686
2020-02-25,-0.0503
2020-02-26,-0.9553
2020-02-27,4.0609
2020-02-28,-2.439
2020-03-02,-2.5
2020-03-03,-8.7179
2020-03-04,-4.4944
2020-03-05,-5.8824
2020-03-06,-10.625
2020-03-09,-2.0979
2020-03-10,-8.5714
2020-03-11,-21.875
2020-03-12,2.0
2020-03-13,17.647100000000002
2020-03-16,-16.6667
2020-03-17,-10.0
2020-03-18,-41.3889
2020-03-19,30.8057
2020-03-20,-8.6957
2020-03-23,0.0
2020-03-24,36.5079
2020-03-25,38.3721
2020-03-26,11.4286
2020-03-27,-20.0603
2020-03-30,32.0755
2020-03-31,-10.0
2020-04-01,-7.5397
2020-04-02,-9.8712
2020-04-03,20.9524
2020-04-06,2.3622
2020-04-07,-10.7692
2020-04-08,26.7241
2020-04-09,22.449
2020-04-13,5.5556
2020-04-14,-21.0526
2020-04-15,-4.6667
2020-04-16,-20.2797
2020-04-17,9.6491
2020-04-20,-4.0
2020-04-21,14.1667
2020-04-22,3.2847
2020-04-23,-1.0601
2020-04-24,16.4286
2020-04-27,4.908
2020-04-28,-2.3392
2020-04-29,1.7964
2020-04-30,-0.5882
2020-05-01,0.0
2020-05-04,-4.7337
2020-05-05,0.0
2020-05-06,0.9317
2020-05-07,4.0
2020-05-08,0.0
2020-05-11,16.568
2020-05-12,-3.5533
2020-05-13,3.1579
2020-05-14,-3.0612
2020-05-15,-5.7895
2020-05-18,-6.1453
2020-05-19,1.1905000000000001
2020-05-20,0.0
2020-05-21,2.3529
2020-05-22,-0.5747
2020-05-26,5.7803
2020-05-27,45.3552
2020-05-28,3.3835
2020-05-29,-23.6364
2020-06-01,-32.8571
2020-06-02,10.6383
2020-06-03,0.641
2020-06-04,9.5541
2020-06-05,-2.3256
2020-06-08,4.1667
2020-06-09,-10.2857
2020-06-10,-14.0127
2020-06-11,-14.8148
2020-06-12,0.0
2020-06-15,16.5217
2020-06-16,-26.1194
2020-06-17,-4.0404
2020-06-18,-16.8421
2020-06-19,8.8608
2020-06-22,6.9767
2020-06-23,-5.4348
2020-06-24,-0.5747
2020-06-25,4.0462
2020-06-26,-11.1111
2020-06-29,5.0
2020-06-30,1.1905000000000001
2020-07-01,-3.5294
2020-07-02,-9.7561
2020-07-06,4.0541
2020-07-07,10.3896
2020-07-08,10.5882
2020-07-09,19.1489
2020-07-10,8.0357
2020-07-13,14.0496
2020-07-14,-11.5942
2020-07-15,-13.9344
2020-07-16,-11.4286
2020-07-17,27.957
2020-07-20,-0.8403
2020-07-21,-9.322
2020-07-22,2.8037
2020-07-23,-5.9091000000000005
2020-07-24,-8.2126
2020-07-27,3.1579
2020-07-28,-4.0816
2020-07-29,-1.5957
2020-07-30,2.7027
2020-07-31,-1.0526
