ticker,SYBT US Equity
field,DAY_TO_DAY_TOT_RETURN_GROSS_DVDS
date,
2000-01-03,0.5714
2000-01-04,-3.9773
2000-01-05,-1.1834
2000-01-06,-0.5988
2000-01-07,1.2048
2000-01-10,1.1905000000000001
2000-01-11,2.3529
2000-01-12,0.5747
2000-01-13,0.5714
2000-01-14,0.0
2000-01-18,-0.2841
2000-01-19,-1.9943
2000-01-20,0.5814
2000-01-21,1.1561
2000-01-24,-0.5714
2000-01-26,1.1494
2000-01-27,-1.1364
2000-01-28,1.1494
2000-01-31,2.2727
2000-02-01,-1.1111
2000-02-02,-2.2472
2000-02-03,-1.1494
2000-02-04,-1.7442
2000-02-07,-0.5917
2000-02-08,-2.0833
2000-02-09,-0.304
2000-02-10,-1.2195
2000-02-11,1.2346
2000-02-14,0.6098
2000-02-15,-1.2121
2000-02-17,-1.227
2000-02-18,-1.2422
2000-02-22,1.2579
2000-02-23,0.0
2000-02-24,3.7267
2000-02-25,1.1976
2000-02-28,-1.7751000000000001
2000-02-29,0.6024
2000-03-02,-0.5988
2000-03-03,-1.506
2000-03-06,2.7523
2000-03-07,2.9762
2000-03-08,0.0
2000-03-09,-0.578
2000-03-10,0.0
2000-03-13,-1.7442
2000-03-14,0.0
2000-03-15,-0.1657
2000-03-16,-0.5952
2000-03-17,-0.5988
2000-03-20,0.6024
2000-03-21,-0.5988
2000-03-22,-3.012
2000-03-24,-0.9317
2000-03-27,-1.5674000000000001
2000-03-28,-3.8217
2000-03-29,0.6623
2000-03-30,-1.3158
2000-03-31,-0.6667
2000-04-03,0.6711
2000-04-04,1.3333
2000-04-05,2.6316
2000-04-06,1.2821
2000-04-07,1.2658
2000-04-10,0.0
2000-04-11,1.5625
2000-04-12,5.8462
2000-04-13,-0.5814
2000-04-14,-0.5848
2000-04-17,-3.5294
2000-04-18,1.8293
2000-04-19,5.3892
2000-04-20,-7.9545
2000-04-24,0.0
2000-04-27,-1.2346
2000-04-28,0.0
2000-05-01,1.25
2000-05-02,0.0
2000-05-03,0.0
2000-05-04,-0.9259
2000-05-05,-0.3115
2000-05-08,1.875
2000-05-09,1.227
2000-05-10,0.6061
2000-05-11,-0.6024
2000-05-12,7.2727
2000-05-15,-0.565
2000-05-17,0.0
2000-05-18,1.1364
2000-05-19,1.1236
2000-05-22,1.1111
2000-05-23,-2.7473
2000-05-24,0.0
2000-05-30,-0.8475
2000-06-01,-1.4245
2000-06-05,2.0231
2000-06-08,-2.5496
2000-06-09,1.4535
2000-06-12,0.2865
2000-06-13,-1.1429
2000-06-14,-3.0058
2000-06-15,3.5928
2000-06-16,1.1561
2000-06-19,0.0
2000-06-20,-1.1429
2000-06-21,-0.578
2000-06-22,-0.5814
2000-06-23,-2.0468
2000-06-28,-0.8955
2000-06-29,-1.2048
2000-06-30,0.6098
2000-07-03,-0.6061
2000-07-05,2.439
2000-07-06,0.5952
2000-07-07,-1.7751000000000001
2000-07-10,0.6024
2000-07-12,1.7964
2000-07-13,1.1764999999999999
2000-07-14,0.5814
2000-07-17,-1.1561
2000-07-18,0.5848
2000-07-19,0.5814
2000-07-20,0.578
2000-07-21,1.1494
2000-07-24,-1.1364
2000-07-27,-1.4368
2000-07-31,0.0
2000-08-01,0.2915
2000-08-03,1.1628
2000-08-04,-0.5747
2000-08-07,0.0
2000-08-08,0.578
2000-08-09,1.1494
2000-08-10,-1.7045
2000-08-11,-2.3121
2000-08-14,2.3669000000000002
2000-08-15,0.578
2000-08-16,-0.2874
2000-08-17,-1.1527
2000-08-18,0.2915
2000-08-21,0.5814
2000-08-22,0.289
2000-08-23,0.8646
2000-08-24,-1.7143000000000002
2000-08-25,-0.5814
2000-08-28,0.0
2000-08-29,-0.5848
2000-08-31,-0.5882
2000-09-01,-0.5917
2000-09-05,0.5952
2000-09-06,-0.5917
2000-09-07,0.0
2000-09-12,-4.5833
2000-09-13,-2.8213
2000-09-14,1.2903
2000-09-15,-1.2739
2000-09-18,-0.6452
2000-09-19,0.0
2000-09-20,-1.2987
2000-09-21,1.9737
2000-09-22,-1.9355
2000-09-25,0.0
2000-09-26,0.0
2000-09-27,1.9737
2000-09-28,4.5161
2000-09-29,-1.8519
2000-10-02,-0.6289
2000-10-03,-1.2658
2000-10-04,-1.2821
2000-10-05,-1.2987
2000-10-06,-0.6579
2000-10-09,0.0
2000-10-10,0.9934
2000-10-11,2.9508
2000-10-12,2.5478
2000-10-13,0.6211
2000-10-16,0.3086
2000-10-17,-0.3077
2000-10-19,-0.9259
2000-10-20,0.9346
2000-10-23,-0.6173
2000-10-24,0.6211
2000-10-26,0.6173
2000-10-30,0.9202
2000-11-01,1.5198
2000-11-02,0.5988
2000-11-03,-1.1905000000000001
2000-11-06,1.2048
2000-11-07,0.0
2000-11-08,2.3810000000000002
2000-11-09,-1.1628
2000-11-10,-1.1764999999999999
2000-11-13,0.0
2000-11-14,-1.1905000000000001
2000-11-15,0.0
2000-11-16,-0.6024
2000-11-17,0.6061
2000-11-20,0.0
2000-11-21,-0.3012
2000-11-24,0.6042
2000-11-27,-0.9009
2000-11-28,-0.6061
2000-11-29,0.6098
2000-12-01,0.303
2000-12-04,-0.9063
2000-12-05,0.6098
2000-12-06,-0.6061
2000-12-08,-0.3049
2000-12-11,-0.3058
2000-12-12,0.3067
2000-12-13,0.7951
2000-12-15,0.6098
2000-12-18,0.0
2000-12-19,-0.303
2000-12-20,0.9119
2000-12-21,0.0
2000-12-22,0.0
2000-12-26,-0.6024
2000-12-27,-1.2121
2000-12-28,-1.8405
2000-12-29,1.25
2001-01-02,1.2346
2001-01-03,0.6098
2001-01-04,1.5152
2001-01-05,0.2985
2001-01-08,2.3810000000000002
2001-01-09,0.5814
2001-01-10,-1.7341
2001-01-11,-2.9412000000000003
2001-01-12,0.0
2001-01-16,-1.8182
2001-01-17,1.8519
2001-01-18,0.0
2001-01-19,0.6061
2001-01-22,1.8072
2001-01-23,0.5917
2001-01-24,0.2941
2001-01-25,-1.4663
2001-01-26,0.0
2001-01-29,2.3810000000000002
2001-01-30,2.3256
2001-01-31,1.7273
2001-02-01,0.983
2001-02-02,1.7699
2001-02-05,1.5217
2001-02-06,2.7837
2001-02-07,2.0833
2001-02-08,-2.6531000000000002
2001-02-09,0.4193
2001-02-12,1.6701000000000001
2001-02-13,-1.8479999999999999
2001-02-14,-1.046
2001-02-15,-0.4228
2001-02-16,0.2123
2001-02-20,3.3898
2001-02-21,-0.8197
2001-02-22,0.0
2001-02-23,-2.4793
2001-02-26,-0.4237
2001-02-27,0.4255
2001-02-28,0.6356
2001-03-02,-0.8421
2001-03-05,-0.2123
2001-03-07,1.0638
2001-03-08,0.0
2001-03-09,-1.2631999999999999
2001-03-12,0.2559
2001-03-13,-0.2552
2001-03-14,-1.0235
2001-03-15,0.4329
2001-03-16,0.0
2001-03-19,-1.2931
2001-03-20,-0.4367
2001-03-21,-0.2193
2001-03-22,-1.0989
2001-03-23,-2.8
2001-03-26,-0.7773
2001-03-27,0.9217
2001-03-28,9.589
2001-03-29,0.4167
2001-03-30,16.1826
2001-04-02,-5.1786
2001-04-03,-0.1883
2001-04-04,0.0
2001-04-05,-0.3774
2001-04-06,-0.1894
2001-04-09,-1.7078
2001-04-10,-0.5792
2001-04-11,0.9709
2001-04-12,-0.3846
2001-04-16,-2.3166
2001-04-17,2.3715
2001-04-18,0.3861
2001-04-19,1.5385
2001-04-20,0.3788
2001-04-23,0.1887
2001-04-24,-1.5066000000000002
2001-04-25,-0.3824
2001-04-26,-0.1919
2001-04-27,0.1923
2001-04-30,0.7678
2001-05-01,-0.4952
2001-05-02,-0.6508
2001-05-03,0.3854
2001-05-04,-0.1536
2001-05-07,-0.0384
2001-05-08,2.5
2001-05-09,3.4522
2001-05-10,4.6427
2001-05-11,2.2184
2001-05-14,5.9681
2001-05-15,4.0
2001-05-16,1.5385
2001-05-17,-1.5152
2001-05-18,-0.4615
2001-05-21,-2.6275
2001-05-22,-2.3810000000000002
2001-05-23,2.439
2001-05-24,4.4444
2001-05-25,0.304
2001-05-29,0.0
2001-05-30,0.0
2001-05-31,0.9697
2001-06-01,5.7623
2001-06-04,1.0216
2001-06-05,-1.6854
2001-06-06,0.0
2001-06-07,-0.5714
2001-06-08,0.0287
2001-06-11,-0.0575
2001-06-12,-1.9546000000000001
2001-06-13,-0.8795
2001-06-14,-0.4451
2001-06-15,0.0298
2001-06-18,-0.4768
2001-06-19,-0.0299
2001-06-20,-0.4193
2001-06-21,-0.6015
2001-06-22,-0.8775
2001-06-25,-0.1832
2001-06-26,-0.6116
2001-06-27,-1.9385
2001-06-28,-1.9454
2001-06-29,8.8
2001-07-02,-1.0294
2001-07-03,0.2675
2001-07-05,0.326
2001-07-06,-1.5657
2001-07-09,3.3914
2001-07-10,-0.9289
2001-07-11,-0.5274
2001-07-12,0.1178
2001-07-13,-0.0294
2001-07-16,0.0589
2001-07-17,0.7353
2001-07-18,-0.146
2001-07-19,0.5848
2001-07-20,-0.2907
2001-07-23,-0.8455
2001-07-24,-3.4402
2001-07-25,-0.2741
2001-07-26,-0.7634
2001-07-27,-0.6154
2001-07-30,-0.3096
2001-07-31,0.1553
2001-08-01,1.0853
2001-08-02,-0.4294
2001-08-03,-0.4929
2001-08-06,0.3096
2001-08-07,-0.3086
2001-08-08,-0.1238
2001-08-09,0.434
2001-08-10,0.463
2001-08-13,-0.1536
2001-08-14,1.8462
2001-08-15,1.2085
2001-08-16,-0.5672
2001-08-17,-0.1801
2001-08-20,0.6015
2001-08-21,0.7474
2001-08-22,0.8902
2001-08-23,-1.0294
2001-08-24,0.7429
2001-08-27,-1.0914
2001-08-28,0.2088
2001-08-29,0.5952
2001-08-30,-0.8876
2001-08-31,0.2985
2001-09-04,0.0595
2001-09-05,0.3867
2001-09-06,-1.0963
2001-09-07,-2.3367
2001-09-10,-0.2761
2001-09-17,-1.8827
2001-09-18,-5.2532
2001-09-19,0.2656
2001-09-20,-1.6556
2001-09-21,-1.5152
2001-09-24,3.4188
2001-09-25,-0.8264
2001-09-26,-2.8333
2001-09-27,1.2006999999999999
2001-09-28,8.4746
2001-10-01,1.2187999999999999
2001-10-02,-0.8953
2001-10-03,0.1558
2001-10-04,2.6128
2001-10-05,-0.6062
2001-10-08,0.3355
2001-10-09,2.5836
2001-10-10,-0.7407
2001-10-11,0.7463
2001-10-12,-0.1481
2001-10-15,-0.5935
2001-10-16,-1.4925
2001-10-17,0.7576
2001-10-18,0.9624
2001-10-19,0.3873
2001-10-22,-1.3353
2001-10-23,0.0
2001-10-24,-0.1805
2001-10-25,0.934
2001-10-26,0.8955
2001-10-29,-0.8876
2001-10-30,-0.7463
2001-10-31,-0.7519
2001-11-01,-0.6061
2001-11-02,-1.9817
2001-11-05,-1.7418
2001-11-06,-0.4432
2001-11-07,-0.4769
2001-11-08,0.0
2001-11-09,0.4792
2001-11-12,-1.4308
2001-11-13,0.3871
2001-11-14,1.2211
2001-11-15,-1.5873
2001-11-16,0.1613
2001-11-19,1.4493
2001-11-20,-0.3175
2001-11-21,0.3185
2001-11-23,-0.2222
2001-11-26,0.3818
2001-11-27,-1.4263
2001-11-28,0.6431
2001-11-29,2.0767
2001-11-30,-0.939
2001-12-03,0.0
2001-12-04,1.1058
2001-12-05,0.0
2001-12-06,0.4688
2001-12-07,-0.0933
2001-12-10,-0.6227
2001-12-11,0.5639
2001-12-12,0.3738
2001-12-13,-0.4673
2001-12-14,0.313
2001-12-17,-0.3432
2001-12-18,0.1879
2001-12-19,-0.625
2001-12-20,-0.3145
2001-12-21,2.2082
2001-12-24,1.0802
2001-12-26,2.5954
2001-12-27,0.0595
2001-12-28,0.5354
2001-12-31,-1.4793
2002-01-02,-0.1502
2002-01-03,-1.4737
2002-01-04,-1.0989
2002-01-07,0.1543
2002-01-08,0.9245
2002-01-09,-0.458
2002-01-10,-0.1227
2002-01-11,-1.7199
2002-01-14,0.0
2002-01-15,0.0
2002-01-16,-1.0937999999999999
2002-01-17,0.6951
2002-01-18,-0.6903
2002-01-22,-0.4739
2002-01-23,-0.3175
2002-01-24,0.7962
2002-01-25,-0.7267
2002-01-28,0.6365
2002-01-29,0.253
2002-01-30,0.9464
2002-01-31,1.875
2002-02-01,-1.0735999999999999
2002-02-04,0.155
2002-02-05,0.6192
2002-02-06,2.6154
2002-02-07,0.1499
2002-02-08,1.1976
2002-02-11,5.0296
2002-02-12,0.5634
2002-02-13,1.1764999999999999
2002-02-14,0.0
2002-02-15,3.5437
2002-02-19,-2.7273
2002-02-20,1.017
2002-02-21,-1.2245
2002-02-22,1.9284
2002-02-25,-0.3514
2002-02-26,-0.7323
2002-02-27,-1.0929
2002-02-28,0.8287
2002-03-01,0.0
2002-03-04,0.4932
2002-03-05,-0.2181
2002-03-06,-0.8197
2002-03-07,-0.8264
2002-03-08,-1.9444
2002-03-11,1.8414000000000001
2002-03-12,-1.1961
2002-03-13,0.8446
2002-03-14,0.1681
2002-03-15,0.5313
2002-03-18,-2.0862
2002-03-19,-0.5966
2002-03-20,0.4573
2002-03-21,-1.4224999999999999
2002-03-22,-0.1443
2002-03-25,-1.2717
2002-03-26,1.5808
2002-03-27,1.4409
2002-03-28,3.4091
2002-04-01,1.6484
2002-04-02,-1.2162
2002-04-03,0.684
2002-04-04,1.2227999999999999
2002-04-05,-0.1342
2002-04-08,-0.457
2002-04-09,1.3503
2002-04-10,0.0533
2002-04-11,0.1332
2002-04-12,1.5957
2002-04-15,0.5759
2002-04-16,7.366
2002-04-17,-2.7879
2002-04-18,-1.4963
2002-04-19,-1.6456
2002-04-22,-1.1583
2002-04-24,0.8073
2002-04-25,0.1292
2002-04-26,-0.6708
2002-04-29,0.9091
2002-04-30,0.3861
2002-05-01,4.1026
2002-05-02,0.2463
2002-05-03,1.9656
2002-05-06,-1.0843
2002-05-07,-0.0974
2002-05-08,0.2195
2002-05-09,-1.9465
2002-05-10,-21.34
2002-05-13,26.4353
2002-05-14,1.5469
2002-05-15,-0.2457
2002-05-16,-0.9852
2002-05-17,-1.6667
2002-05-20,-0.6071
2002-05-22,-1.8834
2002-05-23,0.2594
2002-05-24,-31.9534
2002-05-28,49.0494
2002-05-29,0.1276
2002-05-30,1.1465
2002-05-31,0.2519
2002-06-03,0.1508
2002-06-04,0.1004
2002-06-05,0.0
2002-06-06,-0.3759
2002-06-07,-0.1258
2002-06-10,-0.4282
2002-06-11,-0.0759
2002-06-12,3.6203
2002-06-13,0.7598
2002-06-14,-0.1459
2002-06-17,0.7308
2002-06-18,-0.8222
2002-06-19,-6.6081
2002-06-20,3.9164
2002-06-21,-5.0
2002-06-24,0.3703
2002-06-25,1.7128
2002-06-26,0.5181
2002-06-27,0.5155
2002-06-28,5.0
2002-07-01,0.0488
2002-07-02,-0.2929
2002-07-03,0.3672
2002-07-05,0.3659
2002-07-08,2.6731
2002-07-09,3.6686
2002-07-10,0.4566
2002-07-11,-2.2727
2002-07-12,-1.4651
2002-07-15,-1.7701
2002-07-16,-1.4897
2002-07-17,0.2439
2002-07-18,1.3869
2002-07-19,-1.7279
2002-07-22,-0.3663
2002-07-23,-5.6373
2002-07-24,-1.2987
2002-07-25,-1.1842
2002-07-26,-0.4794
2002-07-29,0.0
2002-07-30,-0.9901
2002-07-31,-3.5135
2002-08-01,-0.9804
2002-08-02,-1.2730000000000001
2002-08-05,-1.0029
2002-08-06,1.4472
2002-08-07,1.9971
2002-08-08,1.2587
2002-08-09,0.4144
2002-08-12,-1.1004
2002-08-13,-3.6161
2002-08-14,2.4531
2002-08-15,0.0
2002-08-16,2.0
2002-08-19,2.4579
2002-08-20,0.5391
2002-08-21,0.5362
2002-08-22,0.0
2002-08-23,-0.8
2002-08-26,1.6129
2002-08-27,-0.5291
2002-08-28,-2.3936
2002-08-29,0.545
2002-08-30,0.0
2002-09-03,-2.168
2002-09-04,0.277
2002-09-05,-0.8287
2002-09-06,0.2507
2002-09-09,0.0278
2002-09-10,2.5
2002-09-11,-2.4932
2002-09-12,0.3905
2002-09-13,0.5835
2002-09-16,-0.8011
2002-09-17,-1.5038
2002-09-18,-0.1979
2002-09-19,-0.7365
2002-09-20,-0.8276
2002-09-23,0.2878
2002-09-24,0.8608
2002-09-25,0.8535
2002-09-26,0.141
2002-09-27,-1.2676
2002-09-30,-0.913
2002-10-01,1.7852000000000001
2002-10-02,-0.9901
2002-10-03,0.8286
2002-10-04,-0.255
2002-10-07,-1.6761
2002-10-08,0.8379
2002-10-09,-0.5158
2002-10-10,0.8065
2002-10-11,-0.0286
2002-10-14,-0.8288
2002-10-15,2.0173
2002-10-16,0.1412
2002-10-17,1.9746000000000001
2002-10-18,1.6598000000000002
2002-10-21,0.9524
2002-10-22,0.4043
2002-10-23,-0.4027
2002-10-24,-0.5391
2002-10-25,2.981
2002-10-28,1.5789
2002-10-29,0.3368
2002-10-30,0.4389
2002-10-31,-0.617
2002-11-01,1.6296
2002-11-04,1.5526
2002-11-05,2.5564
2002-11-06,0.1955
2002-11-07,-1.2927
2002-11-08,-3.6323
2002-11-11,-2.8205
2002-11-12,3.9577999999999998
2002-11-13,-2.7919
2002-11-14,-0.9138
2002-11-15,1.3175
2002-11-18,-2.2107
2002-11-19,-3.8564
2002-11-20,4.5643
2002-11-21,2.6455
2002-11-22,2.0619
2002-11-25,-4.5455
2002-11-26,-1.8254000000000001
2002-11-27,8.7308
2002-11-29,1.8587
2002-12-02,-5.3528
2002-12-03,2.1851
2002-12-04,1.6352
2002-12-05,-4.2079
2002-12-06,2.093
2002-12-09,-1.9236
2002-12-10,1.5484
2002-12-11,-0.0254
2002-12-12,-0.2551
2002-12-13,-1.7903
2002-12-16,1.8229
2002-12-17,-1.023
2002-12-18,-2.3256
2002-12-19,2.1164
2002-12-20,-1.5544
2002-12-23,1.3158
2002-12-24,0.2597
2002-12-26,-0.5181
2002-12-27,-0.7813
2002-12-30,-1.5486
2002-12-31,-1.093
2003-01-02,2.6954000000000002
2003-01-03,1.0499
2003-01-06,0.5195
2003-01-07,-2.3256
2003-01-08,-1.9841
2003-01-09,1.4845
2003-01-10,0.0266
2003-01-13,0.7977
2003-01-14,0.1055
2003-01-15,-1.581
2003-01-16,-0.6693
2003-01-17,0.7278
2003-01-21,0.3479
2003-01-22,0.2667
2003-01-23,0.6649
2003-01-24,-4.7556
2003-01-27,-4.1609
2003-01-28,5.7887
2003-01-29,0.684
2003-01-30,0.0
2003-01-31,1.2227999999999999
2003-02-03,1.2081
2003-02-04,-2.9177999999999997
2003-02-05,-0.6284
2003-02-06,0.0825
2003-02-07,-0.522
2003-02-10,-1.4085
2003-02-11,3.4454000000000002
2003-02-12,-1.5705
2003-02-13,-1.6505999999999998
2003-02-14,0.5594
2003-02-18,0.9736
2003-02-19,-0.0551
2003-02-20,0.882
2003-02-21,1.776
2003-02-24,0.9933
2003-02-25,-1.1164
2003-02-26,0.2688
2003-02-27,-0.5362
2003-02-28,-0.6739
2003-03-03,-0.7327
2003-03-04,0.4647
2003-03-05,-0.4082
2003-03-06,-1.3660999999999999
2003-03-07,1.2465
2003-03-10,0.9576
2003-03-11,0.542
2003-03-12,0.6469
2003-03-13,-1.3441
2003-03-14,-0.5177
2003-03-17,1.616
2003-03-18,0.3235
2003-03-19,0.806
2003-03-20,0.4531
2003-03-21,1.1409
2003-03-24,-1.8888
2003-03-25,0.2674
2003-03-26,-2.9333
2003-03-27,-0.8516
2003-03-28,1.6902
2003-03-31,-1.9074
2003-04-01,1.3333
2003-04-02,-0.7675
2003-04-03,-0.0829
2003-04-04,-0.1659
2003-04-07,0.5262
2003-04-08,0.6887
2003-04-09,0.8208
2003-04-10,0.3528
2003-04-11,-0.9465
2003-04-14,0.8736
2003-04-15,-0.1353
2003-04-16,-0.4065
2003-04-17,0.6803
2003-04-21,0.0
2003-04-22,0.6757
2003-04-23,1.745
2003-04-24,-2.1108
2003-04-25,-0.4043
2003-04-28,1.4885
2003-04-29,-0.5333
2003-04-30,0.2681
2003-05-01,0.0
2003-05-02,0.4011
2003-05-05,-1.4115
2003-05-06,-0.108
2003-05-07,-1.0276
2003-05-08,0.6831
2003-05-09,-0.0814
2003-05-12,-0.3259
2003-05-13,0.545
2003-05-14,-0.542
2003-05-15,0.6812
2003-05-16,-0.8119
2003-05-19,-0.1364
2003-05-20,-0.2732
2003-05-21,0.137
2003-05-22,-0.1915
2003-05-23,-0.2193
2003-05-27,1.3736
2003-05-28,1.355
2003-05-29,1.8717000000000001
2003-05-30,2.231
2003-06-02,2.285
2003-06-03,-1.9828999999999999
2003-06-04,2.4328
2003-06-05,-0.075
2003-06-06,0.3503
2003-06-09,-0.5236
2003-06-10,0.2506
2003-06-11,-0.5
2003-06-12,0.3783
2003-06-13,0.2513
2003-06-16,-1.7544
2003-06-17,-3.8265000000000002
2003-06-18,-0.1061
2003-06-19,-2.1508
2003-06-20,0.4071
2003-06-23,-2.027
2003-06-24,-2.8966
2003-06-25,-1.7045
2003-06-26,5.0
2003-06-27,-0.9083
2003-06-30,-1.75
2003-07-01,1.2157
2003-07-02,1.9274
2003-07-03,0.3837
2003-07-07,2.1567
2003-07-08,6.8947
2003-07-09,-4.5
2003-07-10,-0.7853
2003-07-11,1.9788999999999999
2003-07-14,-1.9405000000000001
2003-07-15,1.5831
2003-07-16,-3.8961
2003-07-17,-2.0811
2003-07-18,1.9872999999999998
2003-07-21,1.2179
2003-07-22,-1.738
2003-07-23,-0.2721
2003-07-24,1.1733
2003-07-25,-0.0809
2003-07-28,-0.135
2003-07-29,-1.8919000000000001
2003-07-30,0.0
2003-07-31,2.4793
2003-08-01,-3.4677
2003-08-04,0.1114
2003-08-05,-0.4172
2003-08-06,-0.0838
2003-08-07,0.3075
2003-08-08,0.641
2003-08-11,0.0
2003-08-12,1.2185
2003-08-13,-0.1368
2003-08-14,-0.274
2003-08-15,-0.6868
2003-08-18,0.6916
2003-08-19,0.0
2003-08-20,0.8242
2003-08-21,3.1063
2003-08-22,1.6385
2003-08-25,3.6141
2003-08-26,-0.1255
2003-08-27,1.005
2003-08-28,-0.7463
2003-08-29,0.2506
2003-09-02,-0.25
2003-09-03,-0.7519
2003-09-04,0.4798
2003-09-05,-0.955
2003-09-08,-1.0403
2003-09-09,-1.2564
2003-09-10,0.3635
2003-09-11,0.1552
2003-09-12,0.0517
2003-09-15,-0.6971
2003-09-16,-0.182
2003-09-17,-0.1302
2003-09-18,1.1476
2003-09-19,0.2326
2003-09-22,0.3351
2003-09-23,1.1819
2003-09-24,-0.1524
2003-09-25,-4.3744
2003-09-26,-0.0532
2003-09-29,1.9159000000000002
2003-09-30,-2.0888
2003-10-01,4.0
2003-10-02,1.0256
2003-10-03,1.9797
2003-10-06,-0.2489
2003-10-07,2.2455
2003-10-08,-1.3665
2003-10-09,-0.2969
2003-10-10,-0.2481
2003-10-13,1.7412999999999998
2003-10-14,0.1956
2003-10-15,-2.3914
2003-10-16,-0.85
2003-10-17,-4.6899
2003-10-20,-0.2646
2003-10-21,0.4244
2003-10-22,-0.9509
2003-10-23,1.1733
2003-10-24,-0.2636
2003-10-27,-2.0085
2003-10-28,5.4477
2003-10-29,2.711
2003-10-30,1.1952
2003-10-31,-1.624
2003-11-03,1.0505
2003-11-04,-0.396
2003-11-05,0.6461
2003-11-06,4.1975
2003-11-07,1.4692
2003-11-10,2.5221999999999998
2003-11-11,0.7289
2003-11-12,1.7187000000000001
2003-11-13,0.9337
2003-11-14,-1.7621
2003-11-17,-4.3946
2003-11-18,-0.3283
2003-11-19,2.5882
2003-11-20,0.4587
2003-11-21,0.3653
2003-11-24,1.0009
2003-11-25,1.4414
2003-11-26,0.7993
2003-11-28,-1.4537
2003-12-01,0.8494
2003-12-02,-0.4433
2003-12-03,0.6233
2003-12-04,-1.3717
2003-12-05,-0.6729
2003-12-08,-0.5872
2003-12-09,-1.4085
2003-12-10,1.0599
2003-12-11,1.8307
2003-12-12,2.9213
2003-12-15,-4.2795
2003-12-16,-3.3759
2003-12-17,0.5666
2003-12-18,-0.2347
2003-12-19,-2.5412
2003-12-22,0.5794
2003-12-23,0.096
2003-12-24,-0.4317
2003-12-26,0.1927
2003-12-29,1.8269
2003-12-30,0.3305
2003-12-31,-3.2471
2004-01-02,1.7023000000000001
2004-01-05,0.813
2004-01-06,-0.3795
2004-01-07,-0.3333
2004-01-08,2.9623
2004-01-09,-0.1856
2004-01-12,-0.6509
2004-01-13,-0.5147
2004-01-14,1.8344
2004-01-15,0.3695
2004-01-16,0.2301
2004-01-20,-0.7805
2004-01-21,0.1851
2004-01-22,-2.0323
2004-01-23,1.603
2004-01-26,1.7168999999999999
2004-01-27,-0.1825
2004-01-28,-3.1079
2004-01-29,0.6604
2004-01-30,-0.0937
2004-02-02,0.1876
2004-02-03,-0.7491
2004-02-04,-3.2547
2004-02-05,2.3891
2004-02-06,1.0476
2004-02-09,-0.5655
2004-02-10,0.4739
2004-02-11,0.2358
2004-02-12,1.1764999999999999
2004-02-13,-0.8372
2004-02-17,-1.2195
2004-02-18,0.4274
2004-02-19,0.2837
2004-02-20,0.3772
2004-02-23,2.1606
2004-02-24,2.2529
2004-02-25,2.9676
2004-02-26,-1.7031
2004-02-27,0.8441
2004-03-01,0.4846
2004-03-02,0.833
2004-03-03,0.0
2004-03-04,0.6522
2004-03-05,2.7214
2004-03-08,-2.8595
2004-03-09,-1.645
2004-03-10,-0.5282
2004-03-11,-0.4425
2004-03-12,2.5778
2004-03-15,-2.6087
2004-03-16,-1.2946
2004-03-17,2.9398
2004-03-18,-0.4833
2004-03-19,-3.532
2004-03-22,-2.746
2004-03-23,-0.1412
2004-03-24,1.9792999999999998
2004-03-25,2.8189
2004-03-26,-0.2697
2004-03-29,1.397
2004-03-30,-0.4889
2004-03-31,0.0447
2004-04-01,-0.1339
2004-04-02,2.5928
2004-04-05,2.6144
2004-04-06,-0.552
2004-04-07,0.5124
2004-04-08,-2.294
2004-04-12,-0.2174
2004-04-13,-2.5272
2004-04-14,-3.6656
2004-04-15,-0.6961
2004-04-16,1.7757
2004-04-19,0.551
2004-04-20,-2.9224
2004-04-21,1.5992
2004-04-22,1.9907
2004-04-23,0.3177
2004-04-26,0.4525
2004-04-27,2.2523
2004-04-28,-1.4537
2004-04-29,-0.1788
2004-04-30,-0.7165
2004-05-03,-0.0902
2004-05-04,0.6321
2004-05-05,0.0449
2004-05-06,-1.5695000000000001
2004-05-07,-3.9636
2004-05-10,-1.8027
2004-05-11,1.4493
2004-05-12,-0.2857
2004-05-13,-1.6237
2004-05-14,-1.2136
2004-05-17,-0.688
2004-05-18,-0.5443
2004-05-19,-1.7412999999999998
2004-05-20,-1.5190000000000001
2004-05-21,1.7481
2004-05-24,2.6276
2004-05-25,2.6588000000000003
2004-05-26,0.1918
2004-05-27,-0.4308
2004-05-28,-1.4423
2004-06-01,0.0
2004-06-02,0.9756
2004-06-03,-1.4493
2004-06-04,0.5882
2004-06-07,1.6082
2004-06-08,-0.2398
2004-06-09,-0.7212
2004-06-10,0.2906
2004-06-14,-0.1456
2004-06-15,2.8183
2004-06-16,0.0945
2004-06-17,1.5109
2004-06-18,0.9302
2004-06-21,1.2903
2004-06-22,0.4095
2004-06-23,1.9483000000000001
2004-06-24,0.6222
2004-06-25,2.6502
2004-06-28,-0.2151
2004-06-29,0.2156
2004-06-30,0.7315
2004-07-01,-1.7513999999999998
2004-07-02,1.087
2004-07-06,-0.043
2004-07-07,-0.8176
2004-07-08,-3.3839
2004-07-09,1.4818
2004-07-12,1.7699
2004-07-13,-0.913
2004-07-14,-2.1062
2004-07-15,0.1793
2004-07-16,-4.0268
2004-07-19,-1.3519999999999999
2004-07-20,3.0246
2004-07-21,-0.8716
2004-07-22,0.4627
2004-07-23,0.0461
2004-07-26,0.1381
2004-07-27,0.9195
2004-07-28,0.1822
2004-07-29,-0.5912
2004-07-30,0.183
2004-08-02,0.2283
2004-08-03,-0.41
2004-08-04,0.9607
2004-08-05,-1.6312
2004-08-06,-0.8291
2004-08-09,-1.3005
2004-08-10,3.5294
2004-08-11,0.5455
2004-08-12,-1.0398
2004-08-13,0.0914
2004-08-16,1.7344
2004-08-17,-0.8075
2004-08-18,1.99
2004-08-19,-0.6208
2004-08-20,3.0344
2004-08-23,0.8662
2004-08-24,0.6441
2004-08-25,1.1092
2004-08-26,0.5063
2004-08-27,0.3359
2004-08-30,0.0
2004-08-31,-1.2551999999999999
2004-09-01,-0.8898
2004-09-02,2.0522
2004-09-03,-0.7122
2004-09-07,-0.8439
2004-09-08,-1.4468
2004-09-09,3.1088
2004-09-10,-0.3769
2004-09-13,-0.4624
2004-09-14,-1.7314
2004-09-15,0.8595
2004-09-16,1.1981
2004-09-17,-0.8457
2004-09-20,0.2985
2004-09-21,0.8929
2004-09-22,-3.2027
2004-09-23,0.0
2004-09-24,-0.3918
2004-09-27,-1.8794
2004-09-28,0.9354
2004-09-29,-0.3972
2004-09-30,0.0
2004-10-01,1.6837
2004-10-04,-1.2636
2004-10-05,1.0591
2004-10-06,2.0524
2004-10-07,-3.3804
2004-10-08,0.0443
2004-10-11,-0.0443
2004-10-12,0.0886
2004-10-13,-0.885
2004-10-14,-2.3214
2004-10-15,1.9196
2004-10-18,1.1211
2004-10-19,-1.286
2004-10-20,0.6739
2004-10-21,0.5801
2004-10-22,-1.5084
2004-10-25,-0.5405
2004-10-26,2.5815
2004-10-27,2.8698
2004-10-28,0.0
2004-10-29,-2.5751
2004-11-01,-0.2643
2004-11-02,-2.076
2004-11-03,1.714
2004-11-04,2.439
2004-11-05,-1.1255
2004-11-08,-0.4378
2004-11-09,-0.7476
2004-11-10,3.0128
2004-11-11,0.4301
2004-11-12,-0.7281
2004-11-15,0.3883
2004-11-16,-3.0941
2004-11-17,1.9956
2004-11-18,-1.7391
2004-11-19,0.1327
2004-11-22,-0.1768
2004-11-23,0.4427
2004-11-24,1.3222
2004-11-26,-1.0439
2004-11-29,2.3297
2004-11-30,-1.6322999999999999
2004-12-01,5.0655
2004-12-02,0.4572
2004-12-03,-0.662
2004-12-06,-3.8734
2004-12-07,-2.8596
2004-12-08,1.1151
2004-12-09,1.6762000000000001
2004-12-10,2.1692
2004-12-13,1.6985000000000001
2004-12-14,0.0
2004-12-15,0.7098
2004-12-16,-3.2486
2004-12-17,0.9471
2004-12-20,1.0661
2004-12-21,1.2658
2004-12-22,-0.0417
2004-12-23,1.0004
2004-12-27,-0.6603
2004-12-28,2.6174
2004-12-29,-1.498
2004-12-30,-1.2741
2004-12-31,0.3331
2005-01-03,-4.0664
2005-01-04,0.6488
2005-01-05,3.1801
2005-01-06,0.2082
2005-01-07,-0.665
2005-01-10,0.4603
2005-01-11,-0.0416
2005-01-12,0.625
2005-01-13,-0.4969
2005-01-14,0.6658
2005-01-18,0.4547
2005-01-19,-1.1934
2005-01-20,-0.0416
2005-01-21,0.0
2005-01-24,0.0
2005-01-25,0.4167
2005-01-26,0.8299
2005-01-27,-1.1934
2005-01-28,0.9996
2005-01-31,0.2062
2005-02-01,-0.823
2005-02-02,0.2075
2005-02-03,-0.207
2005-02-04,0.8714
2005-02-07,-1.1107
2005-02-08,0.0416
2005-02-09,-0.2079
2005-02-10,0.0417
2005-02-11,0.2082
2005-02-14,0.0831
2005-02-15,0.1246
2005-02-16,0.3733
2005-02-17,-1.2397
2005-02-18,0.0
2005-02-22,0.2092
2005-02-23,0.2505
2005-02-24,1.2078
2005-02-25,2.8807
2005-02-28,0.12
2005-03-01,0.0
2005-03-02,-1.8378
2005-03-03,1.8315000000000001
2005-03-04,1.1191
2005-03-07,-0.9091
2005-03-08,-3.2708
2005-03-09,-0.866
2005-03-10,-0.7488
2005-03-11,1.0478
2005-03-14,-0.5833
2005-03-15,-1.2154
2005-03-16,-2.885
2005-03-17,0.699
2005-03-18,0.2603
2005-03-21,-0.8222
2005-03-22,-1.0035
2005-03-23,-3.4817
2005-03-24,0.2283
2005-03-28,-0.1822
2005-03-29,-0.1369
2005-03-30,-0.2742
2005-03-31,0.8249
2005-04-01,-1.1818
2005-04-04,8.0497
2005-04-05,-1.6602999999999999
2005-04-06,-1.8615
2005-04-07,-1.2351
2005-04-08,-1.5185
2005-04-11,0.1361
2005-04-12,1.4493
2005-04-13,-1.3393
2005-04-14,-1.5836999999999999
2005-04-15,-2.3908
2005-04-18,0.0942
2005-04-19,2.4
2005-04-20,-3.6305
2005-04-21,4.9118
2005-04-22,-0.7273
2005-04-25,2.2894
2005-04-26,-2.4172000000000002
2005-04-27,0.6881
2005-04-28,-3.6446
2005-04-29,2.1277
2005-05-02,0.0
2005-05-03,0.5093
2005-05-04,3.6389
2005-05-05,-1.1111
2005-05-06,0.2247
2005-05-09,0.8969
2005-05-10,-1.2
2005-05-11,0.7197
2005-05-12,-2.0992
2005-05-13,5.6113
2005-05-16,0.5184
2005-05-17,-1.3752
2005-05-18,1.0893
2005-05-19,-0.3879
2005-05-20,-1.7741
2005-05-23,-3.9648
2005-05-24,0.8716
2005-05-25,-1.3188
2005-05-26,0.9217
2005-05-27,-0.274
2005-05-31,1.6484
2005-06-01,1.4865
2005-06-02,2.3524
2005-06-03,-1.4744
2005-06-06,-1.2324
2005-06-07,1.1586
2005-06-08,-0.8811
2005-06-09,0.0
2005-06-10,-1.0667
2005-06-13,0.3594
2005-06-14,-0.2238
2005-06-15,0.7627
2005-06-16,-0.4922
2005-06-17,0.0899
2005-06-20,-0.4942
2005-06-21,-0.6772
2005-06-22,1.0909
2005-06-23,-1.259
2005-06-24,0.8197
2005-06-27,0.9485
2005-06-28,2.3714
2005-06-29,0.4371
2005-06-30,-0.5657
2005-07-01,-0.3939
2005-07-05,4.0861
2005-07-06,-1.7729
2005-07-07,-0.8595
2005-07-08,2.6875
2005-07-11,3.6302
2005-07-12,-1.6293
2005-07-13,-1.7391
2005-07-14,-0.8007
2005-07-15,0.3823
2005-07-18,-1.862
2005-07-19,0.9487
2005-07-20,2.9475
2005-07-21,-2.3651
2005-07-22,5.3974
2005-07-25,-3.2258
2005-07-26,0.1667
2005-07-27,0.4576
2005-07-28,2.1118
2005-07-29,-2.8792
2005-08-01,0.6263
2005-08-02,0.8299
2005-08-03,-0.2058
2005-08-04,-0.5773
2005-08-05,-1.9079000000000002
2005-08-08,2.7484
2005-08-09,-0.2469
2005-08-10,-0.5776
2005-08-11,0.4149
2005-08-12,-1.405
2005-08-15,-0.5029
2005-08-16,-1.0531
2005-08-17,0.1703
2005-08-18,-1.7850000000000001
2005-08-19,0.5193
2005-08-22,-0.5596
2005-08-23,0.6926
2005-08-24,1.2468
2005-08-25,1.7282
2005-08-26,-0.3632
2005-08-29,-1.2149
2005-08-30,-0.6785
2005-08-31,2.4338
2005-09-01,0.8337
2005-09-02,-3.5552
2005-09-06,2.8718
2005-09-07,0.0
2005-09-08,-0.625
2005-09-09,0.4193
2005-09-12,0.2505
2005-09-13,-3.3736
2005-09-14,-1.3362
2005-09-15,-3.1181
2005-09-16,5.621
2005-09-19,-2.1459
2005-09-20,-0.2193
2005-09-21,-2.6813000000000002
2005-09-22,0.4968
2005-09-23,0.3596
2005-09-26,3.6722
2005-09-27,-0.1728
2005-09-28,-0.1731
2005-09-29,1.9072
2005-09-30,1.1484
2005-10-03,-0.4205
2005-10-04,0.0422
2005-10-05,-3.9257
2005-10-06,-0.4394
2005-10-07,0.1324
2005-10-10,1.0137
2005-10-11,-0.7853
2005-10-12,1.1434
2005-10-13,-0.7391
2005-10-14,-0.0438
2005-10-17,-1.1832
2005-10-18,0.2661
2005-10-19,1.7691
2005-10-20,-1.3038
2005-10-21,1.2770000000000001
2005-10-24,2.1739
2005-10-25,-1.4894
2005-10-26,0.3024
2005-10-27,-0.3876
2005-10-28,1.8157999999999999
2005-10-31,0.8068
2005-11-01,-1.3901
2005-11-02,2.7339
2005-11-03,0.0
2005-11-04,0.0
2005-11-07,-0.1663
2005-11-08,-0.8746
2005-11-09,0.8403
2005-11-10,2.25
2005-11-11,-0.5705
2005-11-14,-3.6885
2005-11-15,-0.5957
2005-11-16,0.0
2005-11-17,1.6695
2005-11-18,2.1474
2005-11-21,2.5556
2005-11-22,-0.4823
2005-11-23,0.9693
2005-11-25,-3.64
2005-11-28,-2.8227
2005-11-29,1.1961
2005-11-30,0.7598
2005-12-01,2.2204
2005-12-02,-0.2459
2005-12-05,0.0
2005-12-06,1.2736
2005-12-07,-1.0953
2005-12-08,1.8868
2005-12-09,0.4026
2005-12-12,0.2406
2005-12-13,1.3599999999999999
2005-12-14,0.9471
2005-12-15,-0.4322
2005-12-16,0.6314
2005-12-19,-3.5294
2005-12-20,-0.7317
2005-12-21,0.2867
2005-12-22,0.98
2005-12-23,-0.93
2005-12-27,-0.9796
2005-12-28,1.8136999999999999
2005-12-29,2.6316
2005-12-30,-1.3018
2006-01-03,1.4388
2006-01-04,-1.5366
2006-01-05,-1.6806999999999999
2006-01-06,-0.2035
2006-01-09,0.938
2006-01-10,1.4141
2006-01-11,1.5139
2006-01-12,-1.0597
2006-01-13,2.9353
2006-01-17,-2.6204
2006-01-18,0.9102
2006-01-19,0.9804
2006-01-20,-2.2913
2006-01-23,1.3514
2006-01-24,1.3725
2006-01-25,-1.0445
2006-01-26,0.3518
2006-01-27,0.9739
2006-01-30,-3.4722
2006-01-31,-0.2798
2006-02-01,0.6012
2006-02-02,-3.1076
2006-02-03,2.6316
2006-02-06,0.3606
2006-02-07,-2.3154
2006-02-08,-0.0817
2006-02-09,-0.5317
2006-02-10,0.2467
2006-02-13,-0.3692
2006-02-14,2.923
2006-02-15,-0.64
2006-02-16,0.3623
2006-02-17,-0.1604
2006-02-21,-1.5669
2006-02-22,1.0204
2006-02-23,-1.8182
2006-02-24,2.9218
2006-02-27,0.0
2006-02-28,-0.9196
2006-03-01,0.9282
2006-03-02,0.1599
2006-03-03,-0.3593
2006-03-06,-1.6026
2006-03-07,2.158
2006-03-08,-0.5978
2006-03-09,-0.2807
2006-03-10,0.5227
2006-03-13,0.6
2006-03-14,0.9543
2006-03-15,-0.2363
2006-03-16,0.4367
2006-03-17,0.751
2006-03-20,0.8239
2006-03-21,-1.9455
2006-03-22,1.3094999999999999
2006-03-23,-0.47
2006-03-24,0.9839
2006-03-27,0.0779
2006-03-28,0.662
2006-03-29,1.2766
2006-03-30,-0.8021
2006-03-31,1.7328000000000001
2006-04-03,-0.5678
2006-04-04,-1.2181
2006-04-05,0.3854
2006-04-06,-1.1132
2006-04-07,-1.2422
2006-04-10,3.3412
2006-04-11,-3.1951
2006-04-12,1.5716999999999999
2006-04-13,2.4758
2006-04-17,0.0
2006-04-18,8.5315
2006-04-19,3.2696
2006-04-20,-2.0546
2006-04-21,-3.7483
2006-04-24,-7.8242
2006-04-25,-1.7054
2006-04-26,1.1435
2006-04-27,1.1696
2006-04-28,1.1175
2006-05-01,2.439
2006-05-02,2.4182
2006-05-03,-0.287
2006-05-04,1.1621
2006-05-05,1.0803
2006-05-08,-1.3216999999999999
2006-05-09,0.3412
2006-05-10,-1.6245
2006-05-11,-2.6498
2006-05-12,-1.3412
2006-05-15,-0.4798
2006-05-16,4.1382
2006-05-17,-1.1188
2006-05-18,0.4682
2006-05-19,-0.8155
2006-05-22,1.3704
2006-05-23,1.6995
2006-05-24,-3.5701
2006-05-25,5.1595
2006-05-26,0.9363
2006-05-30,-2.9314
2006-05-31,-1.2232
2006-06-01,4.3344
2006-06-02,0.4451
2006-06-05,-7.9025
2006-06-06,-0.842
2006-06-07,2.5879
2006-06-08,2.2073
2006-06-09,-0.3471
2006-06-12,-2.0124
2006-06-13,0.5924
2006-06-14,0.3534
2006-06-15,8.6153
2006-06-16,-3.7305
2006-06-19,-4.0256
2006-06-20,0.9016
2006-06-21,0.6993
2006-06-22,-0.8873
2006-06-23,-0.8174
2006-06-26,0.6672
2006-06-27,-1.9493
2006-06-28,1.1531
2006-06-29,3.7736
2006-06-30,4.0909
2006-07-03,-1.7831000000000001
2006-07-05,-0.9263
2006-07-06,0.7853
2006-07-07,-2.5974
2006-07-10,1.8826
2006-07-11,1.8538999999999999
2006-07-12,-3.7812
2006-07-13,-0.8775
2006-07-14,-0.3079
2006-07-17,-1.3514
2006-07-18,2.1918
2006-07-19,7.7748
2006-07-20,-2.7719
2006-07-21,-2.193
2006-07-24,4.9327
2006-07-25,2.7422
2006-07-26,0.9705
2006-07-27,-2.3344
2006-07-28,2.8120000000000003
2006-07-31,0.9231
2006-08-01,-2.4729
2006-08-02,-2.7439999999999998
2006-08-03,2.1429
2006-08-04,-1.6783000000000001
2006-08-07,-0.7112
2006-08-08,-2.9370000000000003
2006-08-09,-0.5166
2006-08-10,-0.4822
2006-08-11,-0.2982
2006-08-14,1.9064999999999999
2006-08-15,1.9442
2006-08-16,0.4318
2006-08-17,1.6840000000000002
2006-08-18,2.1494
2006-08-21,-2.3456
2006-08-22,-0.8124
2006-08-23,-2.0299
2006-08-24,-0.0364
2006-08-25,-0.4727
2006-08-28,2.521
2006-08-29,1.0335
2006-08-30,0.5291
2006-08-31,-1.193
2006-09-01,-0.4616
2006-09-05,-0.107
2006-09-06,-0.8929
2006-09-07,-1.0811
2006-09-08,0.6193
2006-09-11,-0.8327
2006-09-12,3.6875
2006-09-13,2.4648
2006-09-14,-0.2073
2006-09-15,-0.1385
2006-09-18,0.2426
2006-09-19,-2.6279
2006-09-20,2.8054
2006-09-21,0.0691
2006-09-22,-2.6234
2006-09-25,4.3956
2006-09-26,-0.747
2006-09-27,1.5737
2006-09-28,1.1452
2006-09-29,-1.1988
2006-10-02,-2.2582
2006-10-03,-0.9655
2006-10-04,0.4526
2006-10-05,0.1733
2006-10-06,0.173
2006-10-09,-0.7945
2006-10-10,-0.296
2006-10-11,-1.5191
2006-10-12,2.695
2006-10-13,1.4503
2006-10-16,0.4765
2006-10-17,-1.1856
2006-10-18,-0.7199
2006-10-19,1.6229
2006-10-20,0.1699
2006-10-23,-2.4763
2006-10-24,-0.5217
2006-10-25,-0.9091
2006-10-26,2.8933999999999997
2006-10-27,-1.8860999999999999
2006-10-30,3.2506
2006-10-31,-0.3047
2006-11-01,-3.6672000000000002
2006-11-02,0.2115
2006-11-03,-0.809
2006-11-06,2.5532
2006-11-07,-1.4523
2006-11-08,3.4386
2006-11-09,-2.4423
2006-11-10,0.452
2006-11-13,-0.0346
2006-11-14,0.2424
2006-11-15,-0.1036
2006-11-16,-0.0692
2006-11-17,0.2076
2006-11-20,-0.2072
2006-11-21,0.0692
2006-11-22,-0.2075
2006-11-24,0.2079
2006-11-27,-4.7372
2006-11-28,1.3067
2006-11-29,0.6808
2006-11-30,-0.7829
2006-12-01,-0.7174
2006-12-04,2.4205
2006-12-05,-0.2116
2006-12-06,-1.5907
2006-12-07,0.2155
2006-12-08,-0.1792
2006-12-11,0.3232
2006-12-12,-0.0358
2006-12-13,0.8593
2006-12-14,-0.5358
2006-12-15,0.4669
2006-12-18,-1.25
2006-12-19,0.217
2006-12-20,1.0105
2006-12-21,-0.4645
2006-12-22,-0.1256
2006-12-26,1.6712
2006-12-27,1.6966999999999999
2006-12-28,-1.2165
2006-12-29,-1.4778
2007-01-03,1.3214000000000001
2007-01-04,0.4582
2007-01-05,-2.4561
2007-01-08,0.3237
2007-01-09,0.251
2007-01-10,-1.4306
2007-01-11,0.9434
2007-01-12,0.2876
2007-01-16,-1.5412
2007-01-17,-1.2377
2007-01-18,-0.8846
2007-01-19,1.3388
2007-01-22,-2.5321
2007-01-23,1.8449
2007-01-24,0.5545
2007-01-25,-3.2353
2007-01-26,2.0517
2007-01-29,0.2978
2007-01-30,2.0045
2007-01-31,-0.2183
2007-02-01,1.2035
2007-02-02,-0.1802
2007-02-05,-0.2888
2007-02-06,1.231
2007-02-07,1.7883
2007-02-08,-0.246
2007-02-09,-2.4657
2007-02-12,-0.1445
2007-02-13,0.9765
2007-02-14,-0.2149
2007-02-15,-1.9024
2007-02-16,-1.3172
2007-02-20,-0.5191
2007-02-21,-0.1491
2007-02-22,-0.9705
2007-02-23,-0.8669
2007-02-26,-0.6844
2007-02-27,-2.2588
2007-02-28,1.1359
2007-03-01,0.3098
2007-03-02,-3.7066
2007-03-05,-1.1227
2007-03-06,1.7843
2007-03-07,-1.1554
2007-03-08,-1.8540999999999999
2007-03-09,1.4784
2007-03-12,0.8094
2007-03-13,-3.2919
2007-03-14,1.6604
2007-03-15,2.2186
2007-03-16,-2.1704
2007-03-19,0.4108
2007-03-20,0.4092
2007-03-21,1.7115
2007-03-22,0.5609
2007-03-23,-0.4781
2007-03-26,0.0801
2007-03-27,0.04
2007-03-28,-0.8397
2007-03-29,-1.7742
2007-03-30,2.0525
2007-04-02,0.5229
2007-04-03,0.04
2007-04-04,-0.56
2007-04-05,-0.362
2007-04-09,-0.9689
2007-04-10,0.6115
2007-04-11,1.0535
2007-04-12,-0.9222
2007-04-13,1.1736
2007-04-16,2.8
2007-04-17,-0.3113
2007-04-18,-2.7713
2007-04-19,-0.6022
2007-04-20,1.4136
2007-04-23,-1.4735
2007-04-24,0.2829
2007-04-25,-0.3225
2007-04-26,-1.6175000000000002
2007-04-27,0.6987
2007-04-30,-3.8367
2007-05-01,0.3396
2007-05-02,4.2724
2007-05-03,0.8925
2007-05-04,0.4825
2007-05-07,0.3201
2007-05-08,-2.6326
2007-05-09,0.041
2007-05-10,-2.1294
2007-05-11,2.3013
2007-05-14,-0.0818
2007-05-15,-1.6783000000000001
2007-05-16,1.249
2007-05-17,-0.9046
2007-05-18,0.7054
2007-05-21,1.8540999999999999
2007-05-22,1.254
2007-05-23,0.0
2007-05-24,-1.1985999999999999
2007-05-25,1.6983000000000001
2007-05-29,0.1988
2007-05-30,-0.4365
2007-05-31,-0.4384
2007-06-01,0.1601
2007-06-04,-1.2389999999999999
2007-06-05,-1.7807
2007-06-06,-0.3708
2007-06-07,-0.7858
2007-06-08,2.6677999999999997
2007-06-11,-0.8932
2007-06-12,-1.0651
2007-06-13,1.2422
2007-06-14,-0.5352
2007-06-15,1.0348
2007-06-18,-1.9664000000000001
2007-06-19,2.9252000000000002
2007-06-20,-2.5173
2007-06-21,1.9575
2007-06-22,-1.8791
2007-06-25,-0.0833
2007-06-26,-0.3542
2007-06-27,3.6588000000000003
2007-06-28,-2.0573
2007-06-29,-2.1417
2007-07-02,2.0202
2007-07-03,0.165
2007-07-05,-0.6178
2007-07-06,1.1604
2007-07-09,-1.5977000000000001
2007-07-10,-3.622
2007-07-11,-0.9935
2007-07-12,3.1414
2007-07-13,-0.3807
2007-07-16,-0.3397
2007-07-17,2.6417
2007-07-18,0.6227
2007-07-19,2.104
2007-07-20,-4.9697
2007-07-23,0.2126
2007-07-24,-1.6971
2007-07-25,4.1864
2007-07-26,-1.9884
2007-07-27,-1.2257
2007-07-30,1.1553
2007-07-31,-0.9729
2007-08-01,2.9475
2007-08-02,3.3195
2007-08-03,-3.1325
2007-08-06,6.3018
2007-08-07,-1.248
2007-08-08,4.1864
2007-08-09,-0.6444
2007-08-10,0.0
2007-08-13,-3.5101
2007-08-14,-2.6493
2007-08-15,0.3249
2007-08-16,6.5182
2007-08-17,0.6461
2007-08-20,0.0
2007-08-21,-1.284
2007-08-22,1.8745
2007-08-23,-2.0278
2007-08-24,-0.3066
2007-08-27,-0.0769
2007-08-28,-3.1551
2007-08-29,7.1116
2007-08-30,-3.1899
2007-08-31,1.5709
2007-09-04,1.2825
2007-09-05,-0.8566
2007-09-06,0.2254
2007-09-07,-3.8981
2007-09-10,-1.092
2007-09-11,2.4448
2007-09-12,1.3472
2007-09-13,-0.4203
2007-09-14,2.3791
2007-09-17,-1.4618
2007-09-18,8.178
2007-09-19,3.0591
2007-09-20,-5.7318
2007-09-21,-1.3391
2007-09-24,-1.2472
2007-09-25,0.6686
2007-09-26,2.1402
2007-09-27,-0.2529
2007-09-28,-2.0645
2007-10-01,3.4024
2007-10-02,1.216
2007-10-03,-4.6643
2007-10-04,1.4826
2007-10-05,3.1775
2007-10-08,-1.4513
2007-10-09,2.1911
2007-10-10,-0.1757
2007-10-11,-3.1338
2007-10-12,1.1996
2007-10-15,-2.227
2007-10-16,-1.2490999999999999
2007-10-17,-1.7485
2007-10-18,-2.3476
2007-10-19,-6.1652000000000005
2007-10-22,3.5124
2007-10-23,0.1597
2007-10-24,-3.9458
2007-10-25,0.8299
2007-10-26,2.1811
2007-10-29,-0.0403
2007-10-30,0.3626
2007-10-31,1.4051
2007-11-01,-6.4133
2007-11-02,-2.7073
2007-11-05,-0.8696
2007-11-06,5.307
2007-11-07,-6.9554
2007-11-08,1.6115
2007-11-09,1.0573
2007-11-12,2.6591
2007-11-13,3.7792
2007-11-14,-1.1457
2007-11-15,-1.2003
2007-11-16,-3.1839
2007-11-19,-3.3752
2007-11-20,-0.2687
2007-11-21,0.0449
2007-11-23,4.3537
2007-11-26,-6.7527
2007-11-27,3.9207
2007-11-28,5.5038
2007-11-29,-1.4724
2007-11-30,1.0248
2007-12-03,-3.3811999999999998
2007-12-04,-0.0437
2007-12-05,2.6258
2007-12-06,5.5011
2007-12-07,-0.8488
2007-12-10,0.4077
2007-12-11,-5.5623000000000005
2007-12-12,2.7085
2007-12-13,0.5478
2007-12-14,-1.2572999999999999
2007-12-17,-3.3956
2007-12-18,1.0105
2007-12-19,2.6968
2007-12-20,0.5083
2007-12-21,6.7425
2007-12-24,0.8685
2007-12-26,0.5479
2007-12-27,-5.0993
2007-12-28,-0.7793
2007-12-31,-1.0335
2008-01-02,-1.2949
2008-01-03,-3.5971
2008-01-04,-2.4144
2008-01-07,4.5434
2008-01-08,-3.5714
2008-01-09,3.5698
2008-01-10,0.9048
2008-01-11,-3.2451
2008-01-14,1.3239
2008-01-15,-0.3049
2008-01-16,-2.8397
2008-01-17,-1.6187
2008-01-18,-2.8792999999999997
2008-01-22,6.1176
2008-01-23,1.1086
2008-01-24,-3.8158
2008-01-25,-3.3288
2008-01-28,1.7925
2008-01-29,-0.3707
2008-01-30,1.3953
2008-01-31,19.0826
2008-02-01,-1.9646
2008-02-04,-1.7288999999999999
2008-02-05,-3.9584
2008-02-06,-0.0416
2008-02-07,2.6656
2008-02-08,-2.3124000000000002
2008-02-11,-1.2043
2008-02-12,1.4712
2008-02-13,0.6214
2008-02-14,-3.4582
2008-02-15,0.2985
2008-02-19,-0.6378
2008-02-20,0.0428
2008-02-21,-2.9085
2008-02-22,1.4097
2008-02-25,1.7811
2008-02-26,-1.067
2008-02-27,1.1217
2008-02-28,-2.5171
2008-02-29,-3.8512
2008-03-03,-1.411
2008-03-04,-0.5078
2008-03-05,0.0464
2008-03-06,-3.2931
2008-03-07,0.8633
2008-03-10,0.7133
2008-03-11,8.3569
2008-03-12,-3.4858000000000002
2008-03-13,4.1084
2008-03-14,-4.8493
2008-03-17,-0.8724
2008-03-18,7.2256
2008-03-19,-1.3822999999999999
2008-03-20,1.7521
2008-03-24,2.4537
2008-03-25,0.042
2008-03-26,0.042
2008-03-27,-1.2175
2008-03-28,-0.255
2008-03-31,-0.98
2008-04-01,3.2702
2008-04-02,-0.1667
2008-04-03,-2.7546
2008-04-04,0.0
2008-04-07,0.3863
2008-04-08,-0.6413
2008-04-09,0.0861
2008-04-10,1.7627000000000002
2008-04-11,-2.4081
2008-04-14,-0.303
2008-04-15,3.8645
2008-04-16,5.2258
2008-04-17,-1.1522000000000001
2008-04-18,2.6929
2008-04-21,-1.409
2008-04-22,-2.4215999999999998
2008-04-23,-3.8649
2008-04-24,6.3902
2008-04-25,-1.9889000000000001
2008-04-28,0.4464
2008-04-29,-0.6061
2008-04-30,0.122
2008-05-01,2.9638999999999998
2008-05-02,-2.2476
2008-05-05,-2.259
2008-05-06,2.9303
2008-05-07,-3.769
2008-05-08,0.3333
2008-05-09,-0.0831
2008-05-12,1.3716
2008-05-13,2.173
2008-05-14,-1.2039
2008-05-15,1.2591
2008-05-16,-3.0485
2008-05-19,-1.7377
2008-05-20,0.2947
2008-05-21,-0.4198
2008-05-22,3.1197
2008-05-23,-4.211
2008-05-27,2.9876
2008-05-28,2.2379
2008-05-29,0.8918
2008-05-30,1.366
2008-06-02,-2.1403
2008-06-03,-3.2402
2008-06-04,1.8836
2008-06-05,6.0805
2008-06-06,-7.0488
2008-06-09,-0.75
2008-06-10,-0.084
2008-06-11,-1.3866
2008-06-12,1.7043
2008-06-13,-0.6751
2008-06-16,5.7349
2008-06-17,-5.7453
2008-06-18,-1.0656
2008-06-19,-0.9048
2008-06-20,-4.7826
2008-06-23,-4.0639
2008-06-24,0.0952
2008-06-25,3.0433
2008-06-26,-3.9225
2008-06-27,3.074
2008-06-30,-0.466
2008-07-01,-0.0468
2008-07-02,-3.0445
2008-07-03,-2.2222
2008-07-07,-1.4822
2008-07-08,6.2187
2008-07-09,-4.1549
2008-07-10,0.2463
2008-07-11,7.3219
2008-07-14,-5.4945
2008-07-15,-0.2907
2008-07-16,15.2575
2008-07-17,4.258
2008-07-18,-4.0437
2008-07-21,0.7164
2008-07-22,2.5105
2008-07-23,0.6122
2008-07-24,-1.7039
2008-07-25,3.1366
2008-07-28,-1.8007
2008-07-29,5.7865
2008-07-30,1.0401
2008-07-31,-1.6393
2008-08-01,2.2093
2008-08-04,-2.7304
2008-08-05,1.3255
2008-08-06,1.2697
2008-08-07,-3.1535
2008-08-08,4.59
2008-08-11,5.3263
2008-08-12,0.0712
2008-08-13,-0.5694
2008-08-14,0.179
2008-08-15,-1.6077
2008-08-18,-1.4524
2008-08-19,-0.4422
2008-08-20,-0.4071
2008-08-21,2.8614
2008-08-22,2.0231
2008-08-25,-3.6827
2008-08-26,1.1764999999999999
2008-08-27,1.8169
2008-08-28,3.4261
2008-08-29,-2.5535
2008-09-02,2.5496
2008-09-03,-0.0345
2008-09-04,-5.7686
2008-09-05,-0.11
2008-09-08,4.9541
2008-09-09,-2.972
2008-09-10,1.6577
2008-09-11,2.1978
2008-09-12,1.3608
2008-09-15,-2.6506
2008-09-16,4.0665
2008-09-17,-3.0581
2008-09-18,10.4101
2008-09-19,7.9365
2008-09-22,-12.6765
2008-09-23,-3.6039
2008-09-24,3.7736
2008-09-25,3.569
2008-09-26,-1.7229999999999999
2008-09-29,-8.8654
2008-09-30,11.1434
2008-10-01,1.2084
2008-10-02,-0.9358
2008-10-03,-1.3681
2008-10-06,4.4584
2008-10-07,-7.9987
2008-10-08,-10.3093
2008-10-09,-16.2069
2008-10-10,17.8784
2008-10-13,13.9255
2008-10-14,-3.8134
2008-10-15,-8.2124
2008-10-16,7.983
2008-10-17,-1.5714000000000001
2008-10-20,4.3904
2008-10-21,-6.4651
2008-10-22,-2.1182
2008-10-23,-0.9112
2008-10-24,-2.9502
2008-10-27,-6.514
2008-10-28,3.3784
2008-10-29,0.0817
2008-10-30,4.5306
2008-10-31,7.5361
2008-11-03,-0.6899
2008-11-04,2.5594
2008-11-05,-8.9127
2008-11-06,-0.5479
2008-11-07,3.2664
2008-11-10,-4.3445
2008-11-11,3.4263
2008-11-12,-4.7766
2008-11-13,7.2006
2008-11-14,-7.1698
2008-11-17,3.7398
2008-11-18,3.7618
2008-11-19,-9.139
2008-11-20,-13.6326
2008-11-21,11.6939
2008-11-24,14.8212
2008-11-25,0.1501
2008-11-26,-0.7119
2008-11-28,-0.0377
2008-12-01,-4.4545
2008-12-02,5.729
2008-12-03,3.5874
2008-12-04,-5.5195
2008-12-05,9.1256
2008-12-08,1.5394999999999999
2008-12-09,-4.3418
2008-12-10,-0.9366
2008-12-11,-9.4182
2008-12-12,8.1649
2008-12-15,-5.4185
2008-12-16,6.6772
2008-12-17,0.1852
2008-12-18,-0.2588
2008-12-19,-1.2973
2008-12-22,0.6008
2008-12-23,2.3890000000000002
2008-12-24,0.0
2008-12-26,0.2187
2008-12-29,-0.1455
2008-12-30,0.1821
2008-12-31,0.0
2009-01-02,-1.1273
2009-01-05,1.1401
2009-01-06,-0.0364
2009-01-07,-4.6926
2009-01-08,3.0534
2009-01-09,-7.8889
2009-01-12,-0.0804
2009-01-13,1.0865
2009-01-14,-5.4538
2009-01-15,3.2842000000000002
2009-01-16,1.8753
2009-01-20,-8.9236
2009-01-21,0.4833
2009-01-22,-4.0665
2009-01-23,-1.0483
2009-01-26,3.4086
2009-01-27,3.4298
2009-01-28,6.503
2009-01-29,-4.9333
2009-01-30,-3.1051
2009-02-02,9.7454
2009-02-03,-4.16
2009-02-04,-1.7529
2009-02-05,2.6763
2009-02-06,5.6268
2009-02-09,-0.5875
2009-02-10,-5.4374
2009-02-11,2.0417
2009-02-12,-4.1241
2009-02-13,-0.8944
2009-02-17,-4.856
2009-02-18,-0.813
2009-02-19,-1.7304
2009-02-20,1.0658
2009-02-23,-3.3471
2009-02-24,11.3852
2009-02-25,1.9165
2009-02-26,0.0418
2009-02-27,-1.3784
2009-03-02,-5.1249
2009-03-03,-5.8482
2009-03-04,-0.9009
2009-03-05,-9.0909
2009-03-06,5.8947
2009-03-09,-7.3062000000000005
2009-03-10,11.3673
2009-03-11,-3.9961
2009-03-12,5.1153
2009-03-13,-2.5974
2009-03-16,0.3951
2009-03-17,8.1161
2009-03-18,7.2793
2009-03-19,-2.6718
2009-03-20,3.7473
2009-03-23,8.0638
2009-03-24,-8.5503
2009-03-25,1.275
2009-03-26,8.5606
2009-03-27,-8.852
2009-03-30,0.7209
2009-03-31,2.3158
2009-04-01,1.893
2009-04-02,3.1099
2009-04-03,2.781
2009-04-06,-1.1433
2009-04-07,-3.7394
2009-04-08,2.2427
2009-04-09,5.0529
2009-04-13,1.0813
2009-04-14,-9.3323
2009-04-15,6.0212
2009-04-16,4.4896
2009-04-17,0.5876
2009-04-20,-8.2877
2009-04-21,7.8822
2009-04-22,-2.583
2009-04-23,-3.0303
2009-04-24,2.4219
2009-04-27,-5.3013
2009-04-28,-0.3625
2009-04-29,4.2036999999999995
2009-04-30,-2.1722
2009-05-01,-2.3791
2009-05-04,7.1893
2009-05-05,-0.9852
2009-05-06,2.9851
2009-05-07,-2.6013
2009-05-08,4.3495
2009-05-11,-6.1426
2009-05-12,-1.0518
2009-05-13,-5.0
2009-05-14,2.0721
2009-05-15,-1.3804
2009-05-18,6.8341
2009-05-19,-2.7359999999999998
2009-05-20,-3.645
2009-05-21,-0.6579
2009-05-22,-1.3245
2009-05-26,6.7114
2009-05-27,-5.3852
2009-05-28,1.0386
2009-05-29,1.8914
2009-06-01,3.1881
2009-06-02,1.5643
2009-06-03,-0.0385
2009-06-04,-0.3082
2009-06-05,-2.8594
2009-06-08,0.6762
2009-06-09,-1.857
2009-06-10,-1.087
2009-06-11,0.8954
2009-06-12,1.4216
2009-06-15,-2.7633
2009-06-16,-2.5947
2009-06-17,0.9725
2009-06-18,2.9313000000000002
2009-06-19,0.2034
2009-06-22,-1.9082
2009-06-23,-0.1242
2009-06-24,-1.0361
2009-06-25,2.7218999999999998
2009-06-26,-0.4484
2009-06-29,0.9828
2009-06-30,-1.987
2009-07-01,-0.9516
2009-07-02,-0.7937
2009-07-06,-1.3053
2009-07-07,-1.6212
2009-07-08,-0.3469
2009-07-09,-0.3481
2009-07-10,-0.2183
2009-07-13,3.5449
2009-07-14,-0.9298
2009-07-15,0.4693
2009-07-16,1.104
2009-07-17,-2.352
2009-07-20,0.2151
2009-07-21,-3.176
2009-07-22,1.9504000000000001
2009-07-23,2.6957
2009-07-24,0.4234
2009-07-27,2.0236
2009-07-28,0.9504
2009-07-29,0.2865
2009-07-30,0.9388
2009-07-31,-0.6066
2009-08-03,1.7086999999999999
2009-08-04,0.28
2009-08-05,-1.9944
2009-08-06,-0.7733
2009-08-07,1.2715
2009-08-10,-0.243
2009-08-11,-1.8676
2009-08-12,1.9032
2009-08-13,-0.406
2009-08-14,-2.6498
2009-08-17,-2.0101
2009-08-18,-0.4274
2009-08-19,0.1717
2009-08-20,2.8706
2009-08-21,0.7913
2009-08-24,-3.6364
2009-08-25,0.0
2009-08-26,1.9726
2009-08-27,-1.7241
2009-08-28,-1.3693
2009-08-31,-3.5575
2009-09-01,-1.1246
2009-09-02,-1.9108
2009-09-03,2.8757
2009-09-04,0.9468
2009-09-08,2.0545
2009-09-09,1.1379
2009-09-10,1.601
2009-09-11,-2.7885
2009-09-14,1.4563
2009-09-15,0.6525
2009-09-16,0.8211
2009-09-17,-0.3
2009-09-18,0.7739
2009-09-21,-0.384
2009-09-22,-0.4711
2009-09-23,-0.6024
2009-09-24,-0.0433
2009-09-25,0.5197
2009-09-28,1.5941
2009-09-29,-0.8906
2009-09-30,-1.1981
2009-10-01,-0.5197
2009-10-02,-1.3496000000000001
2009-10-05,2.4272
2009-10-06,1.034
2009-10-07,-0.4264
2009-10-08,-0.3426
2009-10-09,1.5899999999999999
2009-10-12,-0.7191
2009-10-13,-0.0852
2009-10-14,1.8336999999999999
2009-10-15,-2.3451
2009-10-16,-2.2298
2009-10-19,-0.307
2009-10-20,-2.4197
2009-10-21,-1.4426999999999999
2009-10-22,3.4309
2009-10-23,-2.3441
2009-10-26,1.6303999999999998
2009-10-27,-0.4902
2009-10-28,-0.8061
2009-10-29,0.5869
2009-10-30,0.3142
2009-11-02,0.4922
2009-11-03,-0.3562
2009-11-04,-3.0384
2009-11-05,3.7788
2009-11-06,-3.1083
2009-11-09,2.7039
2009-11-10,-2.6328
2009-11-11,1.7873999999999999
2009-11-12,-3.4219
2009-11-13,2.0979
2009-11-16,2.6027
2009-11-17,0.8456
2009-11-18,2.5596
2009-11-19,-4.389
2009-11-20,-0.18
2009-11-23,1.2173
2009-11-24,-1.1581
2009-11-25,-1.2618
2009-11-27,-3.3775
2009-11-30,3.0704
2009-12-01,-2.2456
2009-12-02,-0.0469
2009-12-03,1.0788
2009-12-04,1.2993000000000001
2009-12-07,0.5039
2009-12-08,0.1367
2009-12-09,-0.6372
2009-12-10,-0.962
2009-12-11,-0.2331
2009-12-14,1.8692
2009-12-15,-0.2294
2009-12-16,0.3678
2009-12-17,-1.9698
2009-12-18,0.7009
2009-12-21,0.7889
2009-12-22,1.3812
2009-12-23,-0.7266
2009-12-24,0.1372
2009-12-28,-1.6446
2009-12-29,0.5574
2009-12-30,-0.6928
2009-12-31,-0.6977
2010-01-04,2.1077
2010-01-05,-2.1101
2010-01-06,-1.0778
2010-01-07,4.1686
2010-01-08,-0.5457
2010-01-11,-1.8747
2010-01-12,-0.4194
2010-01-13,-0.0468
2010-01-14,0.8895
2010-01-15,-2.3202
2010-01-19,0.7601
2010-01-20,-0.4715
2010-01-21,-0.9474
2010-01-22,-0.1913
2010-01-25,0.3354
2010-01-26,-1.0029
2010-01-27,3.9074
2010-01-28,-1.2071
2010-01-29,-0.4229
2010-02-01,-1.3686
2010-02-02,-0.4785
2010-02-03,-1.25
2010-02-04,-1.1685
2010-02-05,1.7734
2010-02-08,-3.1946
2010-02-09,1.0
2010-02-10,-0.8416
2010-02-11,2.5961
2010-02-12,0.0487
2010-02-16,2.286
2010-02-17,0.7133
2010-02-18,1.4163999999999999
2010-02-19,-0.0466
2010-02-22,0.7918
2010-02-23,0.9242
2010-02-24,0.4579
2010-02-25,-0.3191
2010-02-26,0.3658
2010-03-01,0.3645
2010-03-02,2.2696
2010-03-03,1.2872
2010-03-04,0.7011
2010-03-05,0.2611
2010-03-08,0.3472
2010-03-09,-0.3893
2010-03-10,-0.3908
2010-03-11,1.7873
2010-03-12,0.0431
2010-03-15,-0.345
2010-03-16,-0.5625
2010-03-17,-0.2611
2010-03-18,-0.1309
2010-03-19,1.9659
2010-03-22,-0.2142
2010-03-23,-2.1898
2010-03-24,-2.2827
2010-03-25,0.2246
2010-03-26,1.524
2010-03-29,0.3974
2010-03-30,0.2639
2010-03-31,-0.2193
2010-04-01,0.5714
2010-04-05,0.6556
2010-04-06,1.2591999999999999
2010-04-07,-0.5146
2010-04-08,0.6897
2010-04-09,-0.8562
2010-04-12,-0.6477
2010-04-13,0.2173
2010-04-14,1.6912
2010-04-15,1.1514
2010-04-16,0.0422
2010-04-19,-0.5057
2010-04-20,1.4401
2010-04-21,0.2088
2010-04-22,-0.4167
2010-04-23,1.0042
2010-04-26,-0.1243
2010-04-27,-2.9448
2010-04-28,0.8974
2010-04-29,5.1249
2010-04-30,-4.3513
2010-05-03,2.3168
2010-05-04,-2.2231
2010-05-05,-2.0211
2010-05-06,-0.6016
2010-05-07,-0.6485
2010-05-10,4.7868
2010-05-11,-1.3704
2010-05-12,5.1789
2010-05-13,-0.6805
2010-05-14,-1.048
2010-05-17,1.1405
2010-05-18,-1.9331
2010-05-19,-0.4517
2010-05-20,-4.4967
2010-05-21,0.5616
2010-05-24,-1.7182
2010-05-25,0.8304
2010-05-26,-0.0867
2010-05-27,4.0781
2010-05-28,-2.2926
2010-06-01,-1.9198
2010-06-02,2.8708
2010-06-03,0.0846
2010-06-04,-2.7038
2010-06-07,0.1303
2010-06-08,0.2602
2010-06-09,-0.9083
2010-06-10,3.0336
2010-06-11,0.7467
2010-06-14,-0.2118
2010-06-15,1.4431
2010-06-16,0.1674
2010-06-17,0.2924
2010-06-18,0.0416
2010-06-21,-2.2898
2010-06-22,-0.98
2010-06-23,0.3873
2010-06-24,-0.3429
2010-06-25,0.7312
2010-06-28,-0.2135
2010-06-29,-1.7116
2010-06-30,0.0435
2010-07-01,0.5222
2010-07-02,-0.4762
2010-07-06,0.3045
2010-07-07,3.8161
2010-07-08,0.0
2010-07-09,0.7937
2010-07-12,-2.5694
2010-07-13,4.0834
2010-07-14,-2.3702
2010-07-15,-1.5069
2010-07-16,-2.2524
2010-07-19,0.0435
2010-07-20,0.7388
2010-07-21,-0.3451
2010-07-22,3.5065
2010-07-23,3.2622
2010-07-26,3.0377
2010-07-27,-0.3538
2010-07-28,-2.0118
2010-07-29,0.3623
2010-07-30,0.0
2010-08-02,0.9627
2010-08-03,-1.2316
2010-08-04,1.3677000000000001
2010-08-05,-2.1429
2010-08-06,-1.0949
2010-08-09,2.8289999999999997
2010-08-10,-1.8340999999999998
2010-08-11,-2.7214
2010-08-12,-0.2923
2010-08-13,-1.2144
2010-08-16,0.5087
2010-08-17,0.4639
2010-08-18,0.042
2010-08-19,-1.6785999999999999
2010-08-20,1.195
2010-08-23,-1.1809
2010-08-24,-1.1524
2010-08-25,3.0656
2010-08-26,-1.2568
2010-08-27,2.3759
2010-08-30,-1.4919
2010-08-31,-0.2524
2010-09-01,4.4285
2010-09-02,-0.1616
2010-09-03,0.3641
2010-09-07,-2.4587
2010-09-08,0.6612
2010-09-09,0.4516
2010-09-10,-0.6584
2010-09-13,3.3969
2010-09-14,-2.8045
2010-09-15,0.1649
2010-09-16,-1.6872
2010-09-17,1.172
2010-09-20,2.7720000000000002
2010-09-21,-1.8115999999999999
2010-09-22,-1.3940000000000001
2010-09-23,-0.8316
2010-09-24,3.0189
2010-09-27,0.2035
2010-09-28,1.7059
2010-09-29,-0.3994
2010-09-30,-0.4812
2010-10-01,-0.2417
2010-10-04,-0.9289
2010-10-05,1.1007
2010-10-06,-0.8468
2010-10-07,-1.6673
2010-10-08,1.5302
2010-10-11,0.1629
2010-10-12,-0.366
2010-10-13,0.1633
2010-10-14,0.2852
2010-10-15,-1.4628
2010-10-18,1.0309
2010-10-19,-0.898
2010-10-20,1.3591
2010-10-21,-1.0565
2010-10-22,1.7248
2010-10-25,0.2422
2010-10-26,-0.6444
2010-10-27,-0.8107
2010-10-28,-0.1226
2010-10-29,0.2455
2010-11-01,-1.0612
2010-11-02,2.3927
2010-11-03,0.7252
2010-11-04,0.8
2010-11-05,-0.7937
2010-11-08,-1.72
2010-11-09,-1.6280000000000001
2010-11-10,1.4894
2010-11-11,-1.4676
2010-11-12,-1.0343
2010-11-15,0.3344
2010-11-16,-0.3333
2010-11-17,0.0418
2010-11-18,0.3343
2010-11-19,-0.1249
2010-11-22,0.0834
2010-11-23,-0.375
2010-11-24,1.1711
2010-11-26,-0.8681
2010-11-29,-0.5004
2010-11-30,0.2515
2010-12-01,0.5435
2010-12-02,0.5821
2010-12-03,0.8268
2010-12-06,-0.041
2010-12-07,0.9844
2010-12-08,-0.6093
2010-12-09,1.1851
2010-12-10,2.0749
2010-12-13,-0.3587
2010-12-14,-0.08
2010-12-15,-0.5204
2010-12-16,0.6036
2010-12-17,-1.3599999999999999
2010-12-20,-0.2028
2010-12-21,0.8127
2010-12-22,0.7658
2010-12-23,-0.26
2010-12-27,0.2206
2010-12-28,-0.2401
2010-12-29,-0.4412
2010-12-30,0.0
2010-12-31,-1.0878
2011-01-03,1.7515
2011-01-04,-2.482
2011-01-05,2.1757
2011-01-06,-1.2857
2011-01-07,-0.1221
2011-01-10,-0.0815
2011-01-11,0.8972
2011-01-12,0.3638
2011-01-13,-0.6444
2011-01-14,1.2566
2011-01-18,-0.4404
2011-01-19,-3.4981999999999998
2011-01-20,-0.6667
2011-01-21,0.4195
2011-01-24,0.7101
2011-01-25,-0.1659
2011-01-26,1.6202999999999999
2011-01-27,-0.9812
2011-01-28,-2.1057
2011-01-31,2.8891
2011-02-01,0.8403
2011-02-02,-1.3415
2011-02-03,0.206
2011-02-04,-1.5625
2011-02-07,1.8797000000000001
2011-02-08,-0.779
2011-02-09,-0.0826
2011-02-10,1.3234
2011-02-11,2.0408
2011-02-14,0.12
2011-02-15,-0.0799
2011-02-16,-0.1999
2011-02-17,-0.4407
2011-02-18,0.7646
2011-02-22,-1.9569
2011-02-23,-0.0815
2011-02-24,-0.0408
2011-02-25,0.8972
2011-02-28,0.2425
2011-03-01,-2.5403000000000002
2011-03-02,-0.2896
2011-03-03,0.8299
2011-03-04,-1.1522999999999999
2011-03-07,-0.2082
2011-03-08,3.6713
2011-03-09,0.2817
2011-03-10,-3.1701
2011-03-11,-0.0835
2011-03-14,0.0836
2011-03-15,-0.7933
2011-03-16,0.0
2011-03-17,0.7997
2011-03-18,1.8372000000000002
2011-03-21,1.476
2011-03-22,-1.5354
2011-03-23,1.3541
2011-03-24,-1.2146
2011-03-25,0.9016
2011-03-28,-1.0561
2011-03-29,1.601
2011-03-30,0.9293
2011-03-31,0.7206
2011-04-01,0.5564
2011-04-04,0.5138
2011-04-05,0.2359
2011-04-06,1.0592
2011-04-07,-2.0575
2011-04-08,-0.9909
2011-04-11,0.2402
2011-04-12,-2.6358
2011-04-13,-0.4922
2011-04-14,0.742
2011-04-15,0.4501
2011-04-18,-0.9776
2011-04-19,-0.1234
2011-04-20,0.3707
2011-04-21,-0.6976
2011-04-25,0.2066
2011-04-26,0.8247
2011-04-27,0.2863
2011-04-28,1.3051
2011-04-29,0.5233
2011-05-02,-3.2839
2011-05-03,0.4555
2011-05-04,-0.0412
2011-05-05,-0.8247
2011-05-06,-0.1663
2011-05-09,0.5414
2011-05-10,0.6628
2011-05-11,-1.2346
2011-05-12,1.5833
2011-05-13,-1.3536000000000001
2011-05-16,-0.3742
2011-05-17,0.1252
2011-05-18,1.5423
2011-05-19,-0.6158
2011-05-20,-1.0739
2011-05-23,0.0418
2011-05-24,-0.0835
2011-05-25,1.3784
2011-05-26,-0.0824
2011-05-27,-0.0412
2011-05-31,1.3201
2011-06-01,-3.9901999999999997
2011-06-02,0.5513
2011-06-03,-0.0422
2011-06-06,0.211
2011-06-07,0.8
2011-06-08,0.0418
2011-06-09,1.0856
2011-06-10,-2.9130000000000003
2011-06-13,-0.1715
2011-06-14,0.0
2011-06-15,-2.6621
2011-06-16,3.3524
2011-06-17,-2.006
2011-06-20,0.6969
2011-06-21,1.6002999999999998
2011-06-22,-2.6394
2011-06-23,0.7871
2011-06-24,-2.3861
2011-06-27,2.1333
2011-06-28,0.3481
2011-06-29,-1.9081000000000001
2011-06-30,2.7851
2011-07-01,0.6022
2011-07-05,0.0428
2011-07-06,0.3846
2011-07-07,1.5326
2011-07-08,-1.0901
2011-07-11,-1.2717
2011-07-12,0.0859
2011-07-13,2.2737
2011-07-14,-2.0554
2011-07-15,1.5417999999999998
2011-07-18,-1.7292
2011-07-19,2.8754999999999997
2011-07-20,-1.7522
2011-07-21,1.4862
2011-07-22,-2.3013
2011-07-25,-1.1135
2011-07-26,-1.256
2011-07-27,-1.3158
2011-07-28,1.3333
2011-07-29,-0.3947
2011-08-01,0.5724
2011-08-02,-3.6778
2011-08-03,1.8182
2011-08-04,-3.1696
2011-08-05,-1.0143
2011-08-08,-7.6851
2011-08-09,8.8799
2011-08-10,-8.2947
2011-08-11,4.5983
2011-08-12,-2.3188
2011-08-15,1.9287999999999998
2011-08-16,-1.1645
2011-08-17,1.7182
2011-08-18,-4.6332
2011-08-19,-2.3279
2011-08-22,0.1554
2011-08-23,6.6736
2011-08-24,1.7459
2011-08-25,-6.4824
2011-08-26,0.9174
2011-08-29,3.3333
2011-08-30,-0.5865
2011-08-31,-1.6716
2011-09-01,-3.55
2011-09-02,-1.7626
2011-09-06,0.1583
2011-09-07,4.373
2011-09-08,-1.1106
2011-09-09,-2.7821
2011-09-12,1.3249
2011-09-13,0.4184
2011-09-14,-0.2083
2011-09-15,0.8873
2011-09-16,0.3621
2011-09-19,-1.9072
2011-09-20,-2.7325
2011-09-21,-2.3771
2011-09-22,-0.0553
2011-09-23,2.0487
2011-09-26,3.0385
2011-09-27,2.1064
2011-09-28,-5.6215
2011-09-29,4.4809
2011-09-30,-2.6151
2011-10-03,-1.9870999999999999
2011-10-04,8.1096
2011-10-05,0.2534
2011-10-06,1.0617
2011-10-07,-2.4012000000000002
2011-10-10,3.6391999999999998
2011-10-11,0.6429
2011-10-12,3.5872
2011-10-13,-0.9488
2011-10-14,0.4789
2011-10-17,-4.7188
2011-10-18,4.7524
2011-10-19,-6.1605
2011-10-20,-1.2723
2011-10-21,0.9794
2011-10-24,3.2159
2011-10-25,-4.2532
2011-10-26,5.3719
2011-10-27,3.4314
2011-10-28,-2.0379
2011-10-31,-0.4354
2011-11-01,-5.0049
2011-11-02,4.6547
2011-11-03,2.9326
2011-11-04,-2.5166
2011-11-07,1.9484
2011-11-08,1.0033
2011-11-09,-4.7777
2011-11-10,0.9935
2011-11-11,2.7054
2011-11-14,-3.0172
2011-11-15,2.3704
2011-11-16,-2.7496
2011-11-17,0.4464
2011-11-18,1.3827
2011-11-21,-1.3639000000000001
2011-11-22,-0.3457
2011-11-23,-1.1893
2011-11-25,-2.1565
2011-11-28,3.0241
2011-11-29,-1.4925
2011-11-30,7.2727
2011-12-01,-2.4953
2011-12-02,1.3037
2011-12-05,0.572
2011-12-06,-0.3318
2011-12-07,0.3329
2011-12-08,-3.1754
2011-12-09,2.2716
2011-12-12,-2.3177
2011-12-13,-2.0761
2011-12-14,2.7259
2011-12-15,0.8354
2011-12-16,-0.8772
2011-12-19,-0.9341
2011-12-20,3.4243
2011-12-21,-0.1919
2011-12-22,0.7692
2011-12-23,-0.8588
2011-12-27,0.0962
2011-12-28,-1.6827
2011-12-29,1.7115
2011-12-30,-1.2981
2012-01-03,2.6790000000000003
2012-01-04,0.4269
2012-01-05,0.0472
2012-01-06,-0.9443
2012-01-09,-0.143
2012-01-10,0.5728
2012-01-11,-1.3764
2012-01-12,0.8181
2012-01-13,-1.1933
2012-01-17,-0.4831
2012-01-18,1.5049000000000001
2012-01-19,0.3348
2012-01-20,2.0019
2012-01-23,-0.7944
2012-01-24,-0.471
2012-01-25,0.1893
2012-01-26,2.6925
2012-01-27,0.69
2012-01-30,-0.7309
2012-01-31,0.9204
2012-02-01,0.5928
2012-02-02,1.0426
2012-02-03,1.3908
2012-02-06,-0.5752
2012-02-07,-0.6676
2012-02-08,1.6129
2012-02-09,-2.0723
2012-02-10,-2.0261
2012-02-13,1.011
2012-02-14,-1.0464
2012-02-15,-0.5517
2012-02-16,3.976
2012-02-17,1.6452
2012-02-21,-1.3998
2012-02-22,-1.0648
2012-02-23,1.704
2012-02-24,-1.5873
2012-02-27,0.3136
2012-02-28,-1.2952
2012-02-29,-1.5836999999999999
2012-03-01,0.5517
2012-03-02,-1.2803
2012-03-05,3.1033
2012-03-06,-1.8418999999999999
2012-03-07,0.778
2012-03-08,1.0445
2012-03-09,2.9012000000000002
2012-03-12,-0.5286
2012-03-13,3.5872
2012-03-14,-3.1637
2012-03-15,1.1038000000000001
2012-03-16,0.0873
2012-03-19,-0.4363
2012-03-20,0.2629
2012-03-21,0.3497
2012-03-22,-1.8293
2012-03-23,3.0612
2012-03-26,1.7650000000000001
2012-03-27,-0.9306
2012-03-28,0.9821
2012-03-29,-0.2114
2012-03-30,-1.6949
2012-04-02,1.5516999999999999
2012-04-03,0.4244
2012-04-04,-1.9865
2012-04-05,0.5175
2012-04-09,-2.2308
2012-04-10,-1.5796000000000001
2012-04-11,0.9808
2012-04-12,0.8389
2012-04-13,-3.2837
2012-04-16,2.2182
2012-04-17,1.9043
2012-04-18,-2.8683
2012-04-19,-0.0895
2012-04-20,1.3883
2012-04-23,-1.5459
2012-04-24,1.8394
2012-04-25,2.5551
2012-04-26,-0.4296
2012-04-27,1.4236
2012-04-30,-1.3186
2012-05-01,-1.1207
2012-05-02,0.6539
2012-05-03,-0.7362
2012-05-04,-2.007
2012-05-07,0.3562
2012-05-08,1.7746
2012-05-09,-1.7873
2012-05-10,1.9529999999999998
2012-05-11,-1.1754
2012-05-14,0.0
2012-05-15,0.2203
2012-05-16,-1.011
2012-05-17,0.3108
2012-05-18,-0.4427
2012-05-21,2.9791
2012-05-22,-2.3316
2012-05-23,0.4863
2012-05-24,0.8359
2012-05-25,-0.8726
2012-05-29,0.6162
2012-05-30,-1.5748
2012-05-31,0.1778
2012-06-01,-2.2626
2012-06-04,-0.3177
2012-06-05,1.776
2012-06-06,2.9083
2012-06-07,-0.8261
2012-06-08,1.6357
2012-06-11,-4.0017
2012-06-12,2.8092
2012-06-13,-1.19
2012-06-14,2.5423999999999998
2012-06-15,-0.2175
2012-06-18,-1.4821
2012-06-19,2.3451
2012-06-20,0.0432
2012-06-21,-2.8522
2012-06-22,3.6032
2012-06-25,-1.2452
2012-06-26,0.8696
2012-06-27,2.1983
2012-06-28,0.3796
2012-06-29,0.6303
2012-07-02,0.9186
2012-07-03,0.9102
2012-07-05,0.246
2012-07-06,-1.0225
2012-07-09,0.0413
2012-07-10,-0.0413
2012-07-11,0.2066
2012-07-12,0.3711
2012-07-13,2.0131
2012-07-16,-0.9263
2012-07-17,1.5447
2012-07-18,-2.1617
2012-07-19,-2.4959
2012-07-20,-0.7554
2012-07-23,-1.6068
2012-07-24,-1.2892000000000001
2012-07-25,-0.5224
2012-07-26,0.6127
2012-07-27,3.6538
2012-07-30,-1.3848
2012-07-31,-0.5532
2012-08-01,-2.4818
2012-08-02,-1.4919
2012-08-03,2.2717
2012-08-06,0.0871
2012-08-07,1.0009
2012-08-08,-0.4308
2012-08-09,0.8222
2012-08-10,-1.073
2012-08-13,-0.2603
2012-08-14,-1.3919000000000001
2012-08-15,0.8381
2012-08-16,1.706
2012-08-17,1.6343999999999999
2012-08-20,0.7617
2012-08-21,-0.966
2012-08-22,-0.9754
2012-08-23,-0.6424
2012-08-24,1.1207
2012-08-27,0.1705
2012-08-28,0.6383
2012-08-29,0.5074
2012-08-30,-0.9676
2012-08-31,-0.6372
2012-09-04,1.1971
2012-09-05,0.1267
2012-09-06,0.8017
2012-09-07,0.0422
2012-09-10,-0.8857
2012-09-11,0.0
2012-09-12,1.1915
2012-09-13,0.8831
2012-09-14,0.8337
2012-09-17,-1.3642
2012-09-18,2.0117
2012-09-19,-0.9039
2012-09-20,0.0829
2012-09-21,1.4499
2012-09-24,-0.5717
2012-09-25,-0.9446
2012-09-26,0.2073
2012-09-27,-0.2069
2012-09-28,-1.9071
2012-10-01,1.8174000000000001
2012-10-02,0.083
2012-10-03,-0.4562
2012-10-04,-0.0417
2012-10-05,0.5419
2012-10-08,-1.6169
2012-10-09,-0.5478
2012-10-10,1.0593
2012-10-11,0.2516
2012-10-12,-0.8365
2012-10-15,0.9701
2012-10-16,-1.3784
2012-10-17,0.9742
2012-10-18,-2.1393
2012-10-19,-0.6858
2012-10-22,-0.0432
2012-10-23,1.209
2012-10-24,-0.3413
2012-10-25,1.6695
2012-10-26,-1.8526
2012-10-31,1.1583
2012-11-01,0.8482
2012-11-02,-1.7241
2012-11-05,0.6846
2012-11-06,0.17
2012-11-07,-3.479
2012-11-08,-1.6703000000000001
2012-11-09,0.0894
2012-11-12,-0.2233
2012-11-13,-3.1334
2012-11-14,-2.5878
2012-11-15,0.8065
2012-11-16,0.7529
2012-11-19,-0.2802
2012-11-20,1.452
2012-11-21,0.831
2012-11-23,0.7326
2012-11-26,-1.0
2012-11-27,0.3214
2012-11-28,-0.1831
2012-11-29,1.3755
2012-11-30,0.0905
2012-12-03,0.4519
2012-12-04,-1.2146
2012-12-05,-0.3188
2012-12-06,0.6852
2012-12-07,0.0
2012-12-10,-0.1832
2012-12-11,0.2294
2012-12-12,0.2746
2012-12-13,0.0
2012-12-14,-0.0456
2012-12-17,0.2283
2012-12-18,0.2278
2012-12-19,0.6818
2012-12-20,2.2122
2012-12-21,-1.6784
2012-12-24,-0.8985
2012-12-26,0.0
2012-12-27,-0.3173
2012-12-28,-0.4093
2012-12-31,2.3744
2013-01-02,3.8805
2013-01-03,-0.7729
2013-01-04,0.2596
2013-01-07,-2.0285
2013-01-08,0.1322
2013-01-09,-0.6159
2013-01-10,0.7525
2013-01-11,0.3076
2013-01-14,0.1752
2013-01-15,0.6996
2013-01-16,-1.954
2013-01-17,-0.5757
2013-01-18,-0.5791
2013-01-22,0.4032
2013-01-23,-0.8925
2013-01-24,-0.1801
2013-01-25,-0.2706
2013-01-28,0.3166
2013-01-29,1.4878
2013-01-30,-1.0218
2013-01-31,1.4811
2013-02-01,0.0
2013-02-04,-0.973
2013-02-05,0.9826
2013-02-06,-0.3538
2013-02-07,-0.7989
2013-02-08,-0.0447
2013-02-11,0.6714
2013-02-12,0.8893
2013-02-13,0.0
2013-02-14,0.5729
2013-02-15,-0.3067
2013-02-19,0.6154
2013-02-20,-0.8301
2013-02-21,-0.6608
2013-02-22,0.3548
2013-02-25,-2.342
2013-02-26,1.4027
2013-02-27,0.4909
2013-02-28,0.5773
2013-03-01,-0.2649
2013-03-04,-0.0885
2013-03-05,0.7975
2013-03-06,0.0879
2013-03-07,1.5152
2013-03-08,0.5455
2013-03-11,-1.2587
2013-03-12,-0.4835
2013-03-13,0.4859
2013-03-14,-0.4835
2013-03-15,0.4859
2013-03-18,-0.4396
2013-03-19,-0.1766
2013-03-20,0.575
2013-03-21,-0.7916
2013-03-22,0.5319
2013-03-25,0.2205
2013-03-26,-0.4399
2013-03-27,-0.2651
2013-03-28,-0.3101
2013-04-01,-0.4
2013-04-02,-0.6693
2013-04-03,-0.4942
2013-04-04,1.1287
2013-04-05,-0.5804
2013-04-08,-0.0449
2013-04-09,-0.6739
2013-04-10,1.4925
2013-04-11,-0.7576
2013-04-12,-0.449
2013-04-15,-2.977
2013-04-16,1.6272
2013-04-17,-1.6011
2013-04-18,0.186
2013-04-19,1.0209
2013-04-22,-0.2297
2013-04-23,1.1971
2013-04-24,1.5013999999999998
2013-04-25,-0.1793
2013-04-26,-1.0328
2013-04-29,2.7677
2013-04-30,1.3687
2013-05-01,-3.6585
2013-05-02,3.0741
2013-05-03,0.5702
2013-05-06,0.6542
2013-05-07,0.5633
2013-05-08,0.4308
2013-05-09,-0.1716
2013-05-10,0.1289
2013-05-13,0.3863
2013-05-14,1.0261
2013-05-15,1.1426
2013-05-16,0.2929
2013-05-17,0.7092
2013-05-20,0.4971
2013-05-21,-0.1649
2013-05-22,-1.2386
2013-05-23,0.7525
2013-05-24,0.7469
2013-05-28,0.9061
2013-05-29,-1.102
2013-05-30,1.5270000000000001
2013-05-31,-2.0325
2013-06-03,3.6929
2013-06-04,-1.6407
2013-06-05,-2.5631
2013-06-06,1.0856
2013-06-07,0.5414
2013-06-10,1.0771
2013-06-11,-1.8852
2013-06-12,-0.7101
2013-06-13,1.2621
2013-06-14,-1.6202999999999999
2013-06-17,2.4071
2013-06-18,0.9897
2013-06-19,-2.8175
2013-06-20,-1.5966
2013-06-21,2.1776
2013-06-24,-0.2507
2013-06-25,3.4353
2013-06-26,-1.5391
2013-06-27,1.522
2013-06-28,-0.6078
2013-07-01,1.8753
2013-07-02,0.3601
2013-07-03,1.3158
2013-07-05,3.1484
2013-07-08,0.1145
2013-07-09,0.4954
2013-07-10,0.0
2013-07-11,-0.493
2013-07-12,0.1524
2013-07-15,0.2664
2013-07-16,1.4801
2013-07-17,-0.2244
2013-07-18,1.1619
2013-07-19,-0.0371
2013-07-22,1.9274
2013-07-23,-0.6909
2013-07-24,0.0366
2013-07-25,4.1728
2013-07-26,-2.0379
2013-07-29,-0.7891
2013-07-30,-0.0723
2013-07-31,-0.0362
2013-08-01,1.2305
2013-08-02,-0.5005
2013-08-05,0.0719
2013-08-06,0.6104
2013-08-07,-0.9279
2013-08-08,-0.2522
2013-08-09,-1.2279
2013-08-12,0.7678
2013-08-13,-0.2903
2013-08-14,0.8006
2013-08-15,-0.9747
2013-08-16,-0.4375
2013-08-19,-0.6957
2013-08-20,1.5487
2013-08-21,-0.9804
2013-08-22,1.7602
2013-08-23,0.1802
2013-08-26,-0.7914
2013-08-27,-3.0819
2013-08-28,-0.3741
2013-08-29,0.7135
2013-08-30,-1.0067
2013-09-03,0.0377
2013-09-04,-0.1506
2013-09-05,0.264
2013-09-06,-0.2653
2013-09-09,0.038
2013-09-10,1.0634
2013-09-11,-0.1127
2013-09-12,-0.8277
2013-09-13,0.4552
2013-09-16,0.7175
2013-09-17,0.075
2013-09-18,4.3837
2013-09-19,-1.3639999999999999
2013-09-20,0.9825
2013-09-23,0.6847
2013-09-24,-0.2863
2013-09-25,0.9332
2013-09-26,0.9246
2013-09-27,-0.1762
2013-09-30,0.0
2013-10-01,2.9827
2013-10-02,-4.0274
2013-10-03,-0.4286
2013-10-04,-0.7174
2013-10-07,-1.1922
2013-10-08,0.1463
2013-10-09,-0.5842
2013-10-10,2.8278
2013-10-11,2.7143
2013-10-14,1.5994000000000002
2013-10-15,-0.9582
2013-10-16,0.7602
2013-10-17,0.9259
2013-10-18,1.2572
2013-10-21,-0.5369
2013-10-22,0.3374
2013-10-23,0.1345
2013-10-24,1.7126000000000001
2013-10-25,1.8157999999999999
2013-10-28,0.1946
2013-10-29,-1.1974
2013-10-30,-0.2948
2013-10-31,-1.4126
2013-11-01,-0.0333
2013-11-04,1.2
2013-11-05,-0.8235
2013-11-06,-0.4318
2013-11-07,-1.6678
2013-11-08,3.6974
2013-11-11,-0.9159
2013-11-12,-0.5282
2013-11-13,0.6306
2013-11-14,-0.3298
2013-11-15,-0.1985
2013-11-18,0.3316
2013-11-19,-0.6279
2013-11-20,0.3658
2013-11-21,1.9881
2013-11-22,1.3645
2013-11-25,0.5449
2013-11-26,2.8052
2013-11-27,1.8605
2013-11-29,2.8006
2013-12-02,-3.2573
2013-12-03,-1.6529
2013-12-04,-0.249
2013-12-05,0.2184
2013-12-06,0.5327
2013-12-09,-0.3117
2013-12-10,-1.5947
2013-12-11,-1.3028
2013-12-12,0.4507
2013-12-13,-0.2244
2013-12-16,3.5978
2013-12-17,-0.062
2013-12-18,2.6063
2013-12-19,-1.8446
2013-12-20,-0.1848
2013-12-23,0.3086
2013-12-24,0.0
2013-12-26,-0.0308
2013-12-27,-0.0308
2013-12-30,-2.0936
2013-12-31,0.3774
2014-01-02,-4.2607
2014-01-03,-0.589
2014-01-06,-1.3825
2014-01-07,0.4339
2014-01-08,-0.4985
2014-01-09,-0.2338
2014-01-10,0.7365
2014-01-13,-0.3323
2014-01-14,0.2001
2014-01-15,-0.8652
2014-01-16,-0.3021
2014-01-17,0.0337
2014-01-21,2.3225
2014-01-22,2.3355
2014-01-23,-2.3465
2014-01-24,-1.8104
2014-01-27,-1.6091
2014-01-28,0.8518
2014-01-29,-0.2027
2014-01-30,1.6926
2014-01-31,-1.498
2014-02-03,-3.7175000000000002
2014-02-04,-0.4563
2014-02-05,-1.1989
2014-02-06,0.0
2014-02-07,0.8922
2014-02-10,-1.2381
2014-02-11,1.2178
2014-02-12,0.6369
2014-02-13,0.9845
2014-02-14,0.1393
2014-02-18,1.0083
2014-02-19,-2.9948
2014-02-20,1.5614
2014-02-21,0.559
2014-02-24,1.7026
2014-02-25,-0.8883
2014-02-26,1.241
2014-02-27,0.8512
2014-02-28,0.7427
2014-03-03,-0.4021
2014-03-04,5.2826
2014-03-05,-0.9907
2014-03-06,0.0646
2014-03-07,0.5196
2014-03-10,0.42
2014-03-11,-1.6088
2014-03-12,1.1772
2014-03-13,-0.6464
2014-03-14,0.5205
2014-03-17,0.8738
2014-03-18,1.5079
2014-03-19,-0.1264
2014-03-20,1.5506
2014-03-21,0.1558
2014-03-24,-0.2178
2014-03-25,0.0312
2014-03-26,-1.995
2014-03-27,-0.6043
2014-03-28,-0.768
2014-03-31,2.0316
2014-04-01,0.8534
2014-04-02,0.4074
2014-04-03,-0.9675
2014-04-04,-2.6473
2014-04-07,-1.5863
2014-04-08,0.1316
2014-04-09,0.2628
2014-04-10,-2.8834
2014-04-11,-1.9231
2014-04-14,-0.3784
2014-04-15,1.2086000000000001
2014-04-16,1.2624
2014-04-17,1.2129
2014-04-21,-1.3316
2014-04-22,0.9109
2014-04-23,1.6717
2014-04-24,-2.5978
2014-04-25,-1.2154
2014-04-28,-0.1025
2014-04-29,-1.0606
2014-04-30,1.9364
2014-05-01,-0.8141
2014-05-02,-0.6156
2014-05-05,-1.5141
2014-05-06,-1.4675
2014-05-07,0.9929
2014-05-08,-0.9831
2014-05-09,2.1631
2014-05-12,0.833
2014-05-13,-1.6867
2014-05-14,-2.591
2014-05-15,-1.0065
2014-05-16,0.8715
2014-05-19,1.9798
2014-05-20,-1.9414
2014-05-21,-1.2239
2014-05-22,1.6035
2014-05-23,2.9412000000000003
2014-05-27,1.8815
2014-05-28,-0.9576
2014-05-29,-0.4834
2014-05-30,-0.9022
2014-06-02,0.5252
2014-06-03,-1.1494
2014-06-04,-0.4581
2014-06-05,2.9735
2014-06-06,1.3509
2014-06-09,1.7088
2014-06-10,-1.2433
2014-06-11,-0.9867
2014-06-12,-0.8591
2014-06-13,0.3813
2014-06-16,0.1036
2014-06-17,0.7589
2014-06-18,0.582
2014-06-19,-0.8509
2014-06-20,0.4119
2014-06-23,0.3419
2014-06-24,-0.6474
2014-06-25,0.9945
2014-06-26,1.0187
2014-06-27,0.1345
2014-06-30,0.3693
2014-07-01,2.4415
2014-07-02,-0.9141
2014-07-03,1.285
2014-07-07,-1.4964
2014-07-08,0.3633
2014-07-09,-0.362
2014-07-10,-1.4861
2014-07-11,0.0
2014-07-14,-0.4023
2014-07-15,-0.4712
2014-07-16,-1.2851
2014-07-17,-1.9527
2014-07-18,1.3277
2014-07-21,-0.5172
2014-07-22,0.4159
2014-07-23,1.001
2014-07-24,0.8202
2014-07-25,0.7797
2014-07-28,-0.5382
2014-07-29,0.372
2014-07-30,-0.2358
2014-07-31,-1.1482999999999999
2014-08-01,-0.205
2014-08-04,-0.0685
2014-08-05,0.0
2014-08-06,0.9592
2014-08-07,-1.2555
2014-08-08,1.0309
2014-08-11,1.1905000000000001
2014-08-12,-1.7814999999999999
2014-08-13,0.7187
2014-08-14,0.6456
2014-08-15,-0.2026
2014-08-18,1.8268
2014-08-19,-0.3987
2014-08-20,-1.4676
2014-08-21,1.7265000000000001
2014-08-22,-0.0666
2014-08-25,-0.3663
2014-08-26,0.1003
2014-08-27,0.5676
2014-08-28,-0.6308
2014-08-29,0.6682
2014-09-02,1.4603
2014-09-03,-1.2429999999999999
2014-09-04,-0.5962
2014-09-05,0.1
2014-09-08,0.8988
2014-09-09,-1.4847000000000001
2014-09-10,0.9712
2014-09-11,0.8624
2014-09-12,-0.4637
2014-09-15,-0.8985
2014-09-16,0.4365
2014-09-17,-0.4012
2014-09-18,2.3498
2014-09-19,0.8527
2014-09-22,-1.4634
2014-09-23,-0.495
2014-09-24,0.3317
2014-09-25,-0.3636
2014-09-26,0.8958
2014-09-29,0.3946
2014-09-30,-1.4085
2014-10-01,0.3654
2014-10-02,1.6219999999999999
2014-10-03,0.1954
2014-10-06,0.2601
2014-10-07,-1.8807
2014-10-08,2.4124
2014-10-09,-2.5492
2014-10-10,-0.1325
2014-10-13,1.9893999999999998
2014-10-14,2.9259
2014-10-15,-5.0221
2014-10-16,3.126
2014-10-17,-2.4508
2014-10-20,1.8843
2014-10-21,-1.1356
2014-10-22,-0.8533
2014-10-23,3.9391
2014-10-24,1.3057
2014-10-27,-1.006
2014-10-28,4.9857
2014-10-29,-0.484
2014-10-30,0.4559
2014-10-31,0.6959
2014-11-03,-0.1803
2014-11-04,0.3311
2014-11-05,-0.5701
2014-11-06,0.1509
2014-11-07,-2.6212999999999997
2014-11-10,2.3515
2014-11-11,-0.1814
2014-11-12,0.848
2014-11-13,-0.5706
2014-11-14,-1.4195
2014-11-17,-2.2059
2014-11-18,1.0965
2014-11-19,-2.4481
2014-11-20,0.4765
2014-11-21,-0.8852
2014-11-24,2.8388999999999998
2014-11-25,-0.5893
2014-11-26,0.156
2014-11-28,-2.5234
2014-12-01,-2.333
2014-12-02,3.9594
2014-12-03,0.063
2014-12-04,-0.2831
2014-12-05,2.5552
2014-12-08,-1.3841999999999999
2014-12-09,3.2127
2014-12-10,-2.9918
2014-12-11,0.81
2014-12-12,-1.5562
2014-12-15,-0.1265
2014-12-16,0.1899
2014-12-17,4.139
2014-12-18,0.8495
2014-12-19,-0.2106
2014-12-22,-0.5125
2014-12-23,0.7879
2014-12-24,-0.0301
2014-12-26,0.9925
2014-12-29,1.7271999999999998
2014-12-30,-0.6148
2014-12-31,-1.7968
2015-01-02,-1.4397
2015-01-05,-1.9477
2015-01-06,-2.2346
2015-01-07,1.4285999999999999
2015-01-08,1.9718
2015-01-09,-2.7931
2015-01-12,-1.6104
2015-01-13,2.5032
2015-01-14,-0.6575
2015-01-15,-2.1431
2015-01-16,2.1256
2015-01-20,-1.4191
2015-01-21,-1.8874
2015-01-22,5.2168
2015-01-23,-1.1466
2015-01-26,1.4107
2015-01-27,-2.8439
2015-01-28,-3.0544
2015-01-29,3.5117000000000003
2015-01-30,-2.3462
2015-02-02,1.526
2015-02-03,1.5030000000000001
2015-02-04,-0.7876
2015-02-05,2.1593999999999998
2015-02-06,2.1449
2015-02-09,-2.5259
2015-02-10,0.281
2015-02-11,-0.2958
2015-02-12,1.4832
2015-02-13,0.6462
2015-02-17,-0.642
2015-02-18,-0.1846
2015-02-19,0.6782
2015-02-20,-0.1531
2015-02-23,-1.012
2015-02-24,1.487
2015-02-25,-1.0073
2015-02-26,1.4184
2015-02-27,0.9425
2015-03-02,0.512
2015-03-03,-0.5394
2015-03-04,0.4218
2015-03-05,0.42
2015-03-06,-0.1793
2015-03-09,1.5265
2015-03-10,-1.3561
2015-03-11,0.4483
2015-03-12,4.2547
2015-03-13,-0.8331
2015-03-16,0.7242
2015-03-17,-0.9779
2015-03-18,-0.7552
2015-03-19,-1.1414
2015-03-20,2.4571
2015-03-23,0.549
2015-03-24,-1.0632
2015-03-25,-2.3526
2015-03-26,0.9518
2015-03-27,0.2357
2015-03-30,1.3228
2015-03-31,-0.116
2015-04-01,1.5684
2015-04-02,0.4575
2015-04-06,-0.9963
2015-04-07,-0.4025
2015-04-08,-0.4042
2015-04-09,-0.8116
2015-04-10,0.1753
2015-04-13,0.2917
2015-04-14,-0.3781
2015-04-15,1.2847
2015-04-16,0.3171
2015-04-17,-3.0172
2015-04-20,3.4667
2015-04-21,-1.1455
2015-04-22,2.4913
2015-04-23,1.1588
2015-04-24,1.2015
2015-04-27,-1.2424
2015-04-28,0.3355
2015-04-29,-0.613
2015-04-30,-2.439
2015-05-01,-0.6034
2015-05-04,0.1156
2015-05-05,-0.3176
2015-05-06,2.4623
2015-05-07,-1.4702
2015-05-08,0.2009
2015-05-11,0.1145
2015-05-12,0.0572
2015-05-13,0.3431
2015-05-14,0.3989
2015-05-15,-1.2202
2015-05-18,1.58
2015-05-19,0.707
2015-05-20,0.0
2015-05-21,-0.5055
2015-05-22,-0.5927
2015-05-26,-0.653
2015-05-27,1.8577
2015-05-28,-0.7015
2015-05-29,-1.3281
2015-06-01,0.0859
2015-06-02,0.8584
2015-06-03,2.0709
2015-06-04,-1.9733
2015-06-05,1.9847000000000001
2015-06-08,-0.6394
2015-06-09,0.6715
2015-06-10,1.7788
2015-06-11,0.2731
2015-06-12,-0.3564
2015-06-15,-0.055
2015-06-16,1.1561
2015-06-17,-0.5714
2015-06-18,1.7789000000000001
2015-06-19,0.968
2015-06-22,1.0919
2015-06-23,0.0
2015-06-24,-0.4478
2015-06-25,0.0529
2015-06-26,0.767
2015-06-29,-2.126
2015-06-30,1.3408
2015-07-01,0.5557
2015-07-02,-2.2105
2015-07-06,0.7266
2015-07-07,-0.0801
2015-07-08,-0.9091
2015-07-09,0.9984
2015-07-10,1.9503
2015-07-13,0.3669
2015-07-14,0.2089
2015-07-15,-0.2345
2015-07-16,0.3656
2015-07-17,-0.2082
2015-07-20,0.1825
2015-07-21,-1.0932
2015-07-22,0.2632
2015-07-23,-2.3622
2015-07-24,-1.1559
2015-07-27,-0.6255
2015-07-28,0.4652
2015-07-29,0.4631
2015-07-30,0.461
2015-07-31,-0.5128
2015-08-03,0.0271
2015-08-04,0.1899
2015-08-05,0.1354
2015-08-06,-0.3785
2015-08-07,-0.3799
2015-08-10,0.5993
2015-08-11,-0.352
2015-08-12,-2.0652
2015-08-13,0.9989
2015-08-14,1.7856999999999998
2015-08-17,0.5668
2015-08-18,-1.1541
2015-08-19,-0.6245
2015-08-20,-1.9125999999999999
2015-08-21,-0.4457
2015-08-24,-4.113
2015-08-25,-0.3502
2015-08-26,2.6353999999999997
2015-08-27,-0.3709
2015-08-28,0.4868
2015-08-31,0.4275
2015-09-01,-3.6606
2015-09-02,1.7968
2015-09-03,-0.7234
2015-09-04,-0.1749
2015-09-08,2.073
2015-09-09,-0.6007
2015-09-10,1.4964
2015-09-11,0.3997
2015-09-14,0.2275
2015-09-15,1.8155999999999999
2015-09-16,-0.7244
2015-09-17,0.7578
2015-09-18,-1.1421000000000001
2015-09-21,1.3525
2015-09-22,-0.834
2015-09-23,0.7009
2015-09-24,0.9744
2015-09-25,-0.5514
2015-09-28,-0.1663
2015-09-29,-0.1389
2015-09-30,1.0845
2015-10-01,-0.6327
2015-10-02,-1.0244
2015-10-05,1.3706
2015-10-06,-1.3245
2015-10-07,3.0201
2015-10-08,1.5744
2015-10-09,-0.4543
2015-10-12,0.5638
2015-10-13,-1.0945
2015-10-14,-2.5371
2015-10-15,2.9078
2015-10-16,0.4575
2015-10-19,-0.9108
2015-10-20,1.4058
2015-10-21,-1.5996000000000001
2015-10-22,1.6526999999999998
2015-10-23,1.6791
2015-10-26,0.8912
2015-10-27,-0.3897
2015-10-28,4.1471
2015-10-29,-0.551
2015-10-30,-5.1121
2015-11-02,1.4066
2015-11-03,0.6805
2015-11-04,0.4939
2015-11-05,1.7072
2015-11-06,3.001
2015-11-09,-2.2222
2015-11-10,1.5909
2015-11-11,-1.4914
2015-11-12,-1.8168
2015-11-13,-0.1799
2015-11-16,1.2358
2015-11-17,0.1272
2015-11-18,2.0574
2015-11-19,-0.4978
2015-11-20,0.8004
2015-11-23,0.0496
2015-11-24,-0.9425
2015-11-25,0.676
2015-11-27,1.0943
2015-11-30,-0.9348
2015-12-01,0.745
2015-12-02,-0.8874
2015-12-03,-1.4673
2015-12-04,2.4987
2015-12-07,-1.8715000000000002
2015-12-08,-1.3551
2015-12-09,-2.2386
2015-12-10,-0.1301
2015-12-11,-3.0947
2015-12-14,1.0014
2015-12-15,2.6795
2015-12-16,1.096
2015-12-17,-1.8069
2015-12-18,-1.7349999999999999
2015-12-21,0.4548
2015-12-22,1.1718
2015-12-23,-0.1053
2015-12-24,0.448
2015-12-28,0.5509
2015-12-29,1.4088
2015-12-30,-1.5693000000000001
2015-12-31,-1.2284
2016-01-04,-2.6727
2016-01-05,0.8428
2016-01-06,0.728
2016-01-07,-1.7130999999999998
2016-01-08,-1.4706000000000001
2016-01-11,1.3543
2016-01-12,0.1091
2016-01-13,-3.732
2016-01-14,0.283
2016-01-15,-1.4955
2016-01-19,1.4036
2016-01-20,1.8643999999999998
2016-01-21,-0.8042
2016-01-22,1.5655999999999999
2016-01-25,-1.7341
2016-01-26,0.9524
2016-01-27,1.2764
2016-01-28,3.2055
2016-01-29,3.743
2016-02-01,0.1279
2016-02-02,-3.0156
2016-02-03,-1.5283
2016-02-04,-0.8295
2016-02-05,-0.7016
2016-02-08,0.9239
2016-02-09,-0.377
2016-02-10,-0.0811
2016-02-11,-0.6762
2016-02-12,1.6068
2016-02-16,1.5276999999999998
2016-02-17,-1.452
2016-02-18,-0.8036
2016-02-19,0.8102
2016-02-22,-1.1519
2016-02-23,-0.2439
2016-02-24,1.4942
2016-02-25,0.6156
2016-02-26,1.3567
2016-02-29,-1.9685000000000001
2016-03-01,3.4538
2016-03-02,0.7246
2016-03-03,0.0771
2016-03-04,0.2567
2016-03-07,-0.4097
2016-03-08,-1.7485
2016-03-09,0.0262
2016-03-10,0.4448
2016-03-11,1.1012
2016-03-14,-0.1815
2016-03-15,0.3637
2016-03-16,-0.9578
2016-03-17,1.0455
2016-03-18,1.0605
2016-03-21,-0.7167
2016-03-22,-0.2836
2016-03-23,-0.7497
2016-03-24,0.0781
2016-03-28,-0.6507
2016-03-29,1.8077
2016-03-30,-0.4375
2016-03-31,-0.4135
2016-04-01,0.7008
2016-04-04,-0.4381
2016-04-05,-2.278
2016-04-06,1.2185
2016-04-07,-3.6116
2016-04-08,0.5159
2016-04-11,0.8644
2016-04-12,2.1425
2016-04-13,1.5994000000000002
2016-04-14,0.2839
2016-04-15,0.4632
2016-04-18,-0.0256
2016-04-19,0.8967
2016-04-20,1.6252
2016-04-21,-2.3487999999999998
2016-04-22,1.8424
2016-04-25,-1.3568
2016-04-26,1.6556
2016-04-27,-0.5262
2016-04-28,1.8892
2016-04-29,-0.0247
2016-05-02,2.3244
2016-05-03,-3.6491
2016-05-04,-0.4515
2016-05-05,-0.2268
2016-05-06,0.4545
2016-05-09,0.3771
2016-05-10,1.1771
2016-05-11,-0.4703
2016-05-12,-0.0249
2016-05-13,-1.6418
2016-05-16,2.0991
2016-05-17,-1.833
2016-05-18,5.3495
2016-05-19,-1.4371
2016-05-20,0.9721
2016-05-23,-0.0481
2016-05-24,2.5765000000000002
2016-05-25,0.2113
2016-05-26,0.0
2016-05-27,1.3118
2016-05-31,0.6821
2016-06-01,-0.8956
2016-06-02,0.1043
2016-06-03,-0.7986
2016-06-06,0.525
2016-06-07,-0.9053
2016-06-08,0.773
2016-06-09,-1.7782
2016-06-10,-1.0361
2016-06-13,1.1552
2016-06-14,0.4996
2016-06-15,-0.7102
2016-06-16,-0.4649
2016-06-17,-1.1498
2016-06-20,2.181
2016-06-21,0.249
2016-06-22,0.0
2016-06-23,1.9163000000000001
2016-06-24,-2.1588
2016-06-27,-3.3452
2016-06-28,0.6259
2016-06-29,1.3538000000000001
2016-06-30,1.9134
2016-07-01,-1.0273
2016-07-05,-1.5032
2016-07-06,0.109
2016-07-07,0.0726
2016-07-08,1.6322
2016-07-11,1.3919000000000001
2016-07-12,2.0415
2016-07-13,0.4484
2016-07-14,0.7898
2016-07-15,1.7036
2016-07-18,-1.3065
2016-07-19,-0.3394
2016-07-20,0.4087
2016-07-21,-2.2388
2016-07-22,0.9368
2016-07-25,-1.5469
2016-07-26,0.1047
2016-07-27,3.1043
2016-07-28,0.6428
2016-07-29,-0.7059
2016-08-01,0.3724
2016-08-02,-1.113
2016-08-03,0.1023
2016-08-04,-0.9881
2016-08-05,3.3035
2016-08-08,-0.8994
2016-08-09,0.3361
2016-08-10,-0.1675
2016-08-11,0.2349
2016-08-12,-0.9374
2016-08-15,0.9463
2016-08-16,-0.3348
2016-08-17,0.1344
2016-08-18,0.2348
2016-08-19,0.0335
2016-08-22,0.9033
2016-08-23,0.7958
2016-08-24,0.2632
2016-08-25,0.5249
2016-08-26,0.8159
2016-08-29,0.9712
2016-08-30,1.1542
2016-08-31,1.141
2016-09-01,0.094
2016-09-02,0.0939
2016-09-06,-0.6256
2016-09-07,0.724
2016-09-08,1.25
2016-09-09,-1.2104
2016-09-12,0.8797
2016-09-13,-1.308
2016-09-14,-1.5462
2016-09-15,2.6282
2016-09-16,0.4685
2016-09-19,0.746
2016-09-20,0.432
2016-09-21,0.6759
2016-09-22,1.4647999999999999
2016-09-23,-0.9023
2016-09-26,-2.2458
2016-09-27,0.7141
2016-09-28,0.894
2016-09-29,-0.9777
2016-09-30,1.697
2016-10-03,-0.091
2016-10-04,0.7592
2016-10-05,1.4768
2016-10-06,0.297
2016-10-07,0.2665
2016-10-10,0.7383
2016-10-11,-0.0293
2016-10-12,-0.7331
2016-10-13,-2.6292
2016-10-14,0.7282
2016-10-17,-0.1807
2016-10-18,-0.1811
2016-10-19,1.6324
2016-10-20,0.0
2016-10-21,-0.7139
2016-10-24,3.2654
2016-10-25,-0.5222
2016-10-26,0.4374
2016-10-27,-0.0871
2016-10-28,-1.1334
2016-10-31,0.2352
2016-11-01,-0.4399
2016-11-02,-1.4727999999999999
2016-11-03,0.1495
2016-11-04,0.597
2016-11-07,3.1157
2016-11-08,-0.2878
2016-11-09,5.9163
2016-11-10,4.9728
2016-11-11,2.1415
2016-11-14,1.6518000000000002
2016-11-15,1.375
2016-11-16,2.3428
2016-11-17,1.0843
2016-11-18,1.7877999999999998
2016-11-21,-1.0539
2016-11-22,3.9053
2016-11-23,0.1139
2016-11-25,-0.4551
2016-11-28,-4.0
2016-11-29,-0.4762
2016-11-30,-1.4354
2016-12-01,1.6989999999999998
2016-12-02,-0.8353
2016-12-05,2.0457
2016-12-06,1.8868
2016-12-07,1.0417
2016-12-08,3.5281000000000002
2016-12-09,1.5556
2016-12-12,-2.6258
2016-12-13,0.0
2016-12-14,-0.2247
2016-12-15,0.9009
2016-12-16,-0.4464
2016-12-19,1.1211
2016-12-20,2.2173
2016-12-21,-0.2169
2016-12-22,0.1087
2016-12-23,0.4343
2016-12-27,0.4324
2016-12-28,1.0764
2016-12-29,0.0
2016-12-30,0.0
2017-01-03,0.426
2017-01-04,0.7423
2017-01-05,-1.4737
2017-01-06,0.5342
2017-01-09,-1.5939999999999999
2017-01-10,1.9438
2017-01-11,0.4237
2017-01-12,-2.7426
2017-01-13,1.0846
2017-01-17,-3.7554
2017-01-18,0.6689
2017-01-19,-1.8826
2017-01-20,0.9029
2017-01-23,-0.5593
2017-01-24,1.4623
2017-01-25,1.7738
2017-01-26,0.4357
2017-01-27,-1.5184
2017-01-30,-2.6432
2017-01-31,1.3575
2017-02-01,-0.4464
2017-02-02,-1.7936999999999999
2017-02-03,2.6256
2017-02-06,-1.5573000000000001
2017-02-07,-0.339
2017-02-08,-2.3810000000000002
2017-02-09,2.6713
2017-02-10,0.905
2017-02-13,0.5605
2017-02-14,1.1148
2017-02-15,0.441
2017-02-16,-0.4391
2017-02-17,-0.3308
2017-02-21,0.5531
2017-02-22,1.2101
2017-02-23,-0.7609
2017-02-24,-1.0953
2017-02-27,0.0
2017-02-28,-2.1041
2017-03-01,2.7149
2017-03-02,-2.533
2017-03-03,0.452
2017-03-06,-1.2373
2017-03-07,-1.2528000000000001
2017-03-08,-0.9227
2017-03-09,0.326
2017-03-10,-0.2331
2017-03-13,0.1168
2017-03-14,-0.3501
2017-03-15,0.0
2017-03-16,1.2881
2017-03-17,1.0405
2017-03-20,-2.4027
2017-03-21,-6.2134
2017-03-22,-1.625
2017-03-23,1.2706
2017-03-24,0.1255
2017-03-27,-1.6291
2017-03-28,1.4013
2017-03-29,-0.2513
2017-03-30,3.6524
2017-03-31,-1.2151
2017-04-03,-0.369
2017-04-04,-0.3704
2017-04-05,-2.4783
2017-04-06,1.7789000000000001
2017-04-07,-0.2497
2017-04-10,-1.3767
2017-04-11,0.2538
2017-04-12,-0.8861
2017-04-13,-1.2771
2017-04-17,2.3286
2017-04-18,0.0
2017-04-19,0.2528
2017-04-20,1.7654
2017-04-21,0.7435
2017-04-24,1.968
2017-04-25,2.0507
2017-04-26,3.4279
2017-04-27,-3.3143000000000002
2017-04-28,-3.0733
2017-05-01,0.3659
2017-05-02,-0.9721
2017-05-03,0.2454
2017-05-04,0.2448
2017-05-05,-1.3431
2017-05-08,-0.6188
2017-05-09,-0.8717
2017-05-10,0.0
2017-05-11,-1.5074999999999998
2017-05-12,-1.148
2017-05-15,0.129
2017-05-16,0.3222
2017-05-17,-4.5601
2017-05-18,0.1346
2017-05-19,-0.672
2017-05-22,-0.2706
2017-05-23,1.7639
2017-05-24,-1.3333
2017-05-25,0.9459
2017-05-26,-0.8032
2017-05-30,-1.8893
2017-05-31,-0.4127
2017-06-01,2.7624
2017-06-02,0.0
2017-06-05,-1.0753
2017-06-06,-0.6793
2017-06-07,0.8208
2017-06-08,1.2212
2017-06-09,6.0647
2017-06-12,-2.033
2017-06-13,0.5188
2017-06-14,0.129
2017-06-15,-0.9021
2017-06-16,-1.4304000000000001
2017-06-19,-0.3958
2017-06-20,-1.0596
2017-06-21,-1.8742
2017-06-22,-0.8186
2017-06-23,1.5817999999999999
2017-06-26,1.4218
2017-06-27,1.6021
2017-06-28,1.0512
2017-06-29,1.6905000000000001
2017-06-30,-0.5115
2017-07-03,2.8278
2017-07-05,-1.125
2017-07-06,-1.2642
2017-07-07,-0.2561
2017-07-10,-1.027
2017-07-11,-1.0376
2017-07-12,0.1311
2017-07-13,-1.0471
2017-07-14,-0.7937
2017-07-17,0.1333
2017-07-18,-0.5326
2017-07-19,0.1339
2017-07-20,-0.1337
2017-07-21,-1.6064
2017-07-24,0.1361
2017-07-25,0.8152
2017-07-26,-3.7736
2017-07-27,1.6806999999999999
2017-07-28,-2.3416
2017-07-31,1.1283
2017-08-01,1.2551999999999999
2017-08-02,-0.2755
2017-08-03,-1.5192999999999999
2017-08-04,0.0
2017-08-07,0.0
2017-08-08,0.2805
2017-08-09,-1.2587
2017-08-10,-0.7082
2017-08-11,-1.5692
2017-08-14,2.8986
2017-08-15,-0.7042
2017-08-16,-0.4255
2017-08-17,-1.2821
2017-08-18,0.4329
2017-08-21,-0.2874
2017-08-22,0.7205
2017-08-23,-0.8584
2017-08-24,0.0
2017-08-25,0.7215
2017-08-28,-0.1433
2017-08-29,0.4304
2017-08-30,-0.2857
2017-08-31,-0.2865
2017-09-01,0.1437
2017-09-05,-3.4433
2017-09-06,-0.7429
2017-09-07,-3.4431
2017-09-08,1.8605
2017-09-11,2.2971
2017-09-12,3.1437
2017-09-13,0.5806
2017-09-14,-0.1443
2017-09-15,0.7225
2017-09-18,1.0043
2017-09-19,0.142
2017-09-20,1.5603
2017-09-21,0.9777
2017-09-22,1.3831
2017-09-25,-0.955
2017-09-26,-0.1377
2017-09-27,3.7241
2017-09-28,-0.133
2017-09-29,1.1984
2017-10-02,0.9211
2017-10-03,-0.2608
2017-10-04,-1.3072
2017-10-05,1.3245
2017-10-06,0.2614
2017-10-09,-1.5645
2017-10-10,2.1192
2017-10-11,0.2594
2017-10-12,-1.5524
2017-10-13,-0.2628
2017-10-16,0.2635
2017-10-17,-0.7884
2017-10-18,1.3245
2017-10-19,0.1307
2017-10-20,1.436
2017-10-23,-0.7722
2017-10-24,-0.6485
2017-10-25,1.5666
2017-10-26,1.7995
2017-10-27,-0.1263
2017-10-30,-4.9305
2017-10-31,0.3989
2017-11-01,0.1325
2017-11-02,2.7778
2017-11-03,-0.7722
2017-11-06,-0.6485
2017-11-07,-3.1332
2017-11-08,-0.8086
2017-11-09,-0.6793
2017-11-10,-0.1368
2017-11-13,1.9178
2017-11-14,0.0
2017-11-15,0.0
2017-11-16,2.2849
2017-11-17,0.0
2017-11-20,0.9198
2017-11-21,0.2604
2017-11-22,-0.6494
2017-11-24,-0.5229
2017-11-27,1.8397000000000001
2017-11-28,2.4516
2017-11-29,4.7859
2017-11-30,-4.3269
2017-12-01,-1.8843999999999999
2017-12-04,1.4085
2017-12-05,-2.0202
2017-12-06,-0.5155
2017-12-07,1.8135
2017-12-08,-2.0102
2017-12-11,-1.6971
2017-12-12,1.4607999999999999
2017-12-13,-0.5236
2017-12-14,-0.3947
2017-12-15,3.963
2017-12-18,0.8895
2017-12-19,-1.5112999999999999
2017-12-20,-0.8951
2017-12-21,0.6452
2017-12-22,-1.0256
2017-12-26,-1.1658
2017-12-27,0.6553
2017-12-28,0.2604
2017-12-29,-2.0779
2018-01-02,0.5305
2018-01-03,-1.3193
2018-01-04,-0.1337
2018-01-05,1.2048
2018-01-08,-0.9259
2018-01-09,0.0
2018-01-10,0.8011
2018-01-11,2.7815
2018-01-12,-0.6443
2018-01-16,-0.6485
2018-01-17,0.3916
2018-01-18,-1.6905000000000001
2018-01-19,0.9259
2018-01-22,-0.5242
2018-01-23,0.3953
2018-01-24,-2.7559
2018-01-25,-2.834
2018-01-26,2.2222
2018-01-29,0.4076
2018-01-30,-1.2179
2018-01-31,-1.5068000000000001
2018-02-01,1.5299
2018-02-02,-1.3699
2018-02-05,-2.0833
2018-02-06,1.2766
2018-02-07,0.1401
2018-02-08,-0.8392
2018-02-09,1.5514999999999999
2018-02-12,-0.8333
2018-02-13,-0.4202
2018-02-14,0.9845
2018-02-15,0.1393
2018-02-16,0.6954
2018-02-20,-0.8287
2018-02-21,2.6462
2018-02-22,-1.8996
2018-02-23,1.1065
2018-02-26,0.8208
2018-02-27,-1.4925
2018-02-28,-3.3058
2018-03-01,-0.1425
2018-03-02,2.5678
2018-03-05,0.8345
2018-03-06,0.2759
2018-03-07,1.1004
2018-03-08,-1.3605
2018-03-09,1.7931
2018-03-12,0.4065
2018-03-13,-1.0796000000000001
2018-03-14,-2.4557
2018-03-15,0.5594
2018-03-16,0.3616
2018-03-19,0.1395
2018-03-20,-0.5571
2018-03-21,0.8403
2018-03-22,-3.0556
2018-03-23,-2.5788
2018-03-26,4.7059
2018-03-27,-1.5449000000000002
2018-03-28,0.8559
2018-03-29,-0.7072
2018-04-02,-0.2849
2018-04-03,1.2857
2018-04-04,1.8336000000000001
2018-04-05,0.277
2018-04-06,-1.7955999999999999
2018-04-09,-0.4219
2018-04-10,1.2711999999999999
2018-04-11,-0.6974
2018-04-12,1.4045
2018-04-13,-1.108
2018-04-16,-0.2801
2018-04-17,-0.4213
2018-04-18,0.2821
2018-04-19,1.5471
2018-04-20,-0.1385
2018-04-23,0.6935
2018-04-24,2.7548
2018-04-25,1.2064
2018-04-26,1.9868000000000001
2018-04-27,-0.2597
2018-04-30,-2.474
2018-05-01,1.2016
2018-05-02,-0.2639
2018-05-03,-0.9259
2018-05-04,1.0681
2018-05-07,0.2642
2018-05-08,1.1858
2018-05-09,1.0417
2018-05-10,-0.2577
2018-05-11,0.7752
2018-05-14,-1.1538
2018-05-15,0.9079
2018-05-16,0.3856
2018-05-17,1.2804
2018-05-18,0.2528
2018-05-21,0.6305
2018-05-22,-0.6266
2018-05-23,0.1261
2018-05-24,-0.5038
2018-05-25,0.2532
2018-05-29,-1.1364
2018-05-30,1.6602999999999999
2018-05-31,-0.2513
2018-06-01,0.7557
2018-06-04,0.75
2018-06-05,-0.3722
2018-06-06,1.3699
2018-06-07,-0.2457
2018-06-08,0.0
2018-06-11,-1.1084
2018-06-12,-0.9963
2018-06-13,0.2516
2018-06-14,0.3764
2018-06-15,-0.425
2018-06-18,0.2525
2018-06-19,0.3778
2018-06-20,1.0038
2018-06-21,-0.8696
2018-06-22,0.1253
2018-06-25,-1.1264
2018-06-26,-0.2532
2018-06-27,-2.1574
2018-06-28,0.1297
2018-06-29,-1.1658
2018-07-02,2.097
2018-07-03,-0.6418
2018-07-05,0.5168
2018-07-06,0.2571
2018-07-09,0.8974
2018-07-10,-1.7789000000000001
2018-07-11,0.3881
2018-07-12,-0.7732
2018-07-13,-0.6494
2018-07-16,0.7843
2018-07-17,-0.5188
2018-07-18,-0.2608
2018-07-19,0.5229
2018-07-20,0.3901
2018-07-23,0.7772
2018-07-24,-1.0283
2018-07-25,-1.4285999999999999
2018-07-26,2.7668
2018-07-27,-1.6667
2018-07-30,-1.1734
2018-07-31,0.6596
2018-08-01,1.3106
2018-08-02,0.2587
2018-08-03,-2.1935000000000002
2018-08-06,0.0
2018-08-07,-0.2639
2018-08-08,1.455
2018-08-09,-0.6519
2018-08-10,-0.5249
2018-08-13,-0.7916
2018-08-14,2.2606
2018-08-15,-1.6905000000000001
2018-08-16,0.9259
2018-08-17,-0.2621
2018-08-20,0.5256
2018-08-21,1.4379
2018-08-22,0.3866
2018-08-23,-0.7702
2018-08-24,0.1294
2018-08-27,-0.1292
2018-08-28,0.5175
2018-08-29,-0.3861
2018-08-30,0.1292
2018-08-31,-0.129
2018-09-04,-0.1292
2018-09-05,0.6468
2018-09-06,-0.7712
2018-09-07,0.5181
2018-09-10,-0.2577
2018-09-11,-0.2584
2018-09-12,-1.2953000000000001
2018-09-13,-1.8373
2018-09-14,1.0695000000000001
2018-09-17,-1.3316
2018-09-18,-0.8097
2018-09-19,-0.1361
2018-09-20,1.3624
2018-09-21,-0.1344
2018-09-24,-2.1534
2018-09-25,-0.8253
2018-09-26,-0.5548
2018-09-27,0.2789
2018-09-28,0.9736
2018-10-01,-1.5427
2018-10-02,-1.5669
2018-10-03,1.7908
2018-10-04,0.1955
2018-10-05,-0.6689
2018-10-08,0.6453
2018-10-09,0.0
2018-10-10,-1.5612
2018-10-11,-0.7363
2018-10-12,-3.9943
2018-10-15,1.7532999999999999
2018-10-16,0.3213
2018-10-17,-0.1164
2018-10-18,-1.4573
2018-10-19,-2.4549
2018-10-22,-1.8496000000000001
2018-10-23,-1.4211
2018-10-24,-5.6722
2018-10-25,2.6578
2018-10-26,-3.4628
2018-10-29,2.112
2018-10-30,2.2653
2018-10-31,1.7978
2018-11-01,0.4415
2018-11-02,0.4396
2018-11-05,-0.2501
2018-11-06,-0.6894
2018-11-07,0.9782
2018-11-08,0.3438
2018-11-09,-0.9031
2018-11-12,-0.6914
2018-11-13,0.3797
2018-11-14,-2.0177
2018-11-15,1.9949
2018-11-16,0.5678
2018-11-19,-0.0627
2018-11-20,-1.3183
2018-11-21,1.1768
2018-11-23,-1.006
2018-11-26,-0.6351
2018-11-27,-0.8309
2018-11-28,1.8692
2018-11-29,-1.8032
2018-11-30,0.9987
2018-12-03,-0.8612
2018-12-04,-6.242
2018-12-06,-0.1373
2018-12-07,-0.7904
2018-12-10,-0.7967
2018-12-11,-1.0824
2018-12-12,3.7416
2018-12-13,-1.1228
2018-12-14,2.2712
2018-12-17,1.2555
2018-12-18,-0.3016
2018-12-19,0.5714
2018-12-20,0.7019
2018-12-21,1.2612
2018-12-24,-0.6883
2018-12-26,5.1485
2018-12-27,-0.7847
2018-12-28,3.2585
2018-12-31,0.4902
2019-01-02,2.1951
2019-01-03,-1.2232
2019-01-04,2.99
2019-01-07,1.9355
2019-01-08,-0.8631
2019-01-09,-0.6965
2019-01-10,-1.1397
2019-01-11,0.1182
2019-01-14,-1.181
2019-01-15,1.3146
2019-01-16,1.563
2019-01-17,-0.7259
2019-01-18,0.117
2019-01-22,-0.7596
2019-01-23,0.3827
2019-01-24,1.7889
2019-01-25,1.4981
2019-01-28,-0.9651
2019-01-29,-0.7452
2019-01-30,0.8085
2019-01-31,-0.9739
2019-02-01,0.8967
2019-02-04,1.8635000000000002
2019-02-05,-0.7036
2019-02-06,0.3685
2019-02-07,0.1977
2019-02-08,-0.0564
2019-02-11,0.2538
2019-02-12,0.3938
2019-02-13,-0.028
2019-02-14,-0.6166
2019-02-15,2.6227
2019-02-19,0.7145
2019-02-20,0.5184
2019-02-21,0.2986
2019-02-22,-0.3518
2019-02-25,-1.195
2019-02-26,-1.7591999999999999
2019-02-27,0.1399
2019-02-28,-0.475
2019-03-01,1.6282999999999999
2019-03-04,-1.1878
2019-03-05,1.3418999999999999
2019-03-06,-3.3931
2019-03-07,-0.8281
2019-03-08,0.835
2019-03-11,1.8846
2019-03-12,-0.8408
2019-03-13,0.1979
2019-03-14,0.0282
2019-03-15,1.8895
2019-03-18,0.0557
2019-03-19,-2.7298
2019-03-20,-2.291
2019-03-21,-0.2345
2019-03-22,-5.6404
2019-03-25,3.9539
2019-03-26,2.4858000000000002
2019-03-27,-0.7013
2019-03-28,0.206
2019-03-29,-0.7048
2019-04-01,3.4013999999999998
2019-04-02,-1.6018
2019-04-03,-0.3198
2019-04-04,0.6707
2019-04-05,1.0429
2019-04-08,-0.7741
2019-04-09,-1.6469
2019-04-10,1.7332999999999998
2019-04-11,0.7508
2019-04-12,-0.5446
2019-04-15,-0.3746
2019-04-16,1.1571
2019-04-17,-0.8579
2019-04-18,-0.4038
2019-04-22,-2.3168
2019-04-23,2.8461
2019-04-24,-0.173
2019-04-25,-2.1369
2019-04-26,0.7967
2019-04-29,2.2834
2019-04-30,-1.6886
2019-05-01,1.048
2019-05-02,0.605
2019-05-03,1.6609
2019-05-06,0.3944
2019-05-07,-2.5814
2019-05-08,-0.1728
2019-05-09,0.1731
2019-05-10,0.0576
2019-05-13,-2.5331
2019-05-14,1.3585
2019-05-15,0.0291
2019-05-16,1.1943
2019-05-17,-0.6333
2019-05-20,0.9849
2019-05-21,0.0
2019-05-22,-0.1721
2019-05-23,-0.1724
2019-05-24,0.0288
2019-05-28,-1.6115
2019-05-29,0.2047
2019-05-30,-0.613
2019-05-31,-2.1145
2019-06-03,0.12
2019-06-04,2.9368
2019-06-05,-0.4076
2019-06-06,0.3508
2019-06-07,-0.4661
2019-06-10,0.9658
2019-06-11,-0.2609
2019-06-12,0.4359
2019-06-13,0.3183
2019-06-14,1.0672
2019-06-17,-0.46
2019-06-18,1.2709
2019-06-19,-1.0839
2019-06-20,-0.692
2019-06-21,0.3775
2019-06-24,-0.6364
2019-06-25,1.4847000000000001
2019-06-26,1.7499
2019-06-27,1.3533
2019-06-28,0.5563
2019-07-01,0.3043
2019-07-02,-1.8202
2019-07-03,0.1404
2019-07-05,0.7574
2019-07-08,-1.7539
2019-07-09,1.2751000000000001
2019-07-10,-1.0912
2019-07-11,0.5092
2019-07-12,0.394
2019-07-15,-1.9905
2019-07-16,-0.0572
2019-07-17,0.0286
2019-07-18,0.1717
2019-07-19,-0.1714
2019-07-22,-0.6867
2019-07-23,1.1524
2019-07-24,3.1615
2019-07-25,1.6842000000000001
2019-07-26,1.9005999999999998
2019-07-29,-0.0799
2019-07-30,1.2
2019-07-31,0.7905
2019-08-01,-2.6144
2019-08-02,0.4027
2019-08-05,-2.2193
2019-08-06,0.2734
2019-08-07,-0.5454
2019-08-08,1.4258
2019-08-09,-0.757
2019-08-12,-0.5993
2019-08-13,0.0274
2019-08-14,-1.3425
2019-08-15,-0.6943
2019-08-16,2.377
2019-08-19,-0.2185
2019-08-20,-0.9581
2019-08-21,-0.1382
2019-08-22,0.2214
2019-08-23,-3.0378
2019-08-26,2.4779
2019-08-27,-1.5008
2019-08-28,1.5800999999999998
2019-08-29,1.1667
2019-08-30,-0.3295
2019-09-03,-0.7713
2019-09-04,-1.4159
2019-09-05,1.8305
2019-09-06,-0.3595
2019-09-09,2.6644
2019-09-10,1.0543
2019-09-11,1.6319
2019-09-12,0.7107
2019-09-13,0.4966
2019-09-16,-0.3666
2019-09-17,-0.0526
2019-09-18,0.0263
2019-09-19,-1.1567
2019-09-20,0.4255
2019-09-23,-0.5561
2019-09-24,-1.9707
2019-09-25,1.3312
2019-09-26,-1.5817999999999999
2019-09-27,0.6265
2019-09-30,-0.6768
2019-10-01,-2.4257
2019-10-02,-0.3352
2019-10-03,-0.2522
2019-10-04,1.0677
2019-10-07,0.0556
2019-10-08,-1.9172
2019-10-09,0.4249
2019-10-10,-0.141
2019-10-11,1.0734
2019-10-14,0.0559
2019-10-15,0.9777
2019-10-16,0.4703
2019-10-17,1.2115
2019-10-18,0.1088
2019-10-21,2.1739
2019-10-22,-0.3989
2019-10-23,2.4566
2019-10-24,1.7462
2019-10-25,1.0502
2019-10-28,1.0393
2019-10-29,0.0753
2019-10-30,0.7771
2019-10-31,-0.6468
2019-11-01,0.9765
2019-11-04,0.9422
2019-11-05,0.6878
2019-11-06,-0.3415
2019-11-07,0.9302
2019-11-08,-1.3096999999999999
2019-11-11,0.2703
2019-11-12,0.5637
2019-11-13,-1.0236
2019-11-14,-0.1724
2019-11-15,0.148
2019-11-18,-0.665
2019-11-19,0.7935
2019-11-20,-0.0246
2019-11-21,0.0246
2019-11-22,0.5166
2019-11-25,1.1747
2019-11-26,-0.9918
2019-11-27,0.8551
2019-11-29,0.2665
2019-12-02,-1.1597
2019-12-03,-0.7578
2019-12-04,0.4433
2019-12-05,0.8337
2019-12-06,0.1216
2019-12-09,-0.2672
2019-12-10,0.9255
2019-12-11,0.0724
2019-12-12,1.1333
2019-12-13,0.0954
2019-12-16,1.3666
2019-12-17,0.2129
2019-12-18,-0.4248
2019-12-19,-0.3081
2019-12-20,-2.1636
2019-12-23,0.8019
2019-12-24,0.1205
2019-12-26,-0.6742
2019-12-27,-0.9455
2019-12-30,0.6853
2019-12-31,-0.1945
2020-01-02,-0.0244
2020-01-03,-0.7308
2020-01-06,-0.0736
2020-01-07,-0.6876
2020-01-08,0.7295
2020-01-09,0.0368
2020-01-10,-0.908
2020-01-13,0.842
2020-01-14,-0.5403
2020-01-15,-0.5432
2020-01-16,1.5144
2020-01-17,-0.4647
2020-01-21,-1.7445
2020-01-22,-0.025
2020-01-23,-0.1501
2020-01-24,-0.7265
2020-01-27,0.0
2020-01-28,0.1009
2020-01-29,1.2604
2020-01-30,0.0498
2020-01-31,-3.6079
2020-02-03,1.5488
2020-02-04,0.4575
2020-02-05,1.5688
2020-02-06,-0.8719
2020-02-07,-1.2315
2020-02-10,0.8906
2020-02-11,0.5044
2020-02-12,-0.0753
2020-02-13,0.6027
2020-02-14,-1.1732
2020-02-18,-0.4294
2020-02-19,0.0761
2020-02-20,0.6844
2020-02-21,-0.7301
2020-02-24,-3.297
2020-02-25,-2.1768
2020-02-26,0.563
2020-02-27,-3.8923
2020-02-28,-3.0791
2020-03-02,4.8941
2020-03-03,-4.5293
2020-03-04,3.0009
2020-03-05,-4.5228
2020-03-06,-2.4702
2020-03-09,-11.4124
2020-03-10,3.8009
2020-03-11,-4.9579
2020-03-12,-8.1146
2020-03-13,8.6582
2020-03-16,-9.2446
2020-03-17,12.8088
2020-03-18,-10.4784
2020-03-19,6.0971
2020-03-20,-10.3228
2020-03-23,-2.057
2020-03-24,13.4491
2020-03-25,-3.5956
2020-03-26,7.3117
2020-03-27,-6.1597
2020-03-30,5.0605
2020-03-31,0.9773
2020-04-01,-4.3899
2020-04-02,1.5184
2020-04-03,-5.4843
2020-04-06,7.3097
2020-04-07,-0.7725
2020-04-08,1.6277
2020-04-09,11.2465
2020-04-13,-6.385
2020-04-14,-3.009
2020-04-15,-5.7222
2020-04-16,-2.0475
2020-04-17,8.436
2020-04-20,-2.2031
2020-04-21,-0.9504
2020-04-22,4.1222
2020-04-23,4.4369
2020-04-24,-2.6144
2020-04-27,8.9597
2020-04-28,1.3859
2020-04-29,5.407
2020-04-30,-4.7839
2020-05-01,-2.3305
2020-05-04,-0.8057
2020-05-05,-2.6242
2020-05-06,-2.6949
2020-05-07,-0.1978
2020-05-08,4.4599
2020-05-11,-3.6369
2020-05-12,-5.2511
2020-05-13,-3.5677
2020-05-14,0.0718
2020-05-15,0.323
2020-05-18,9.4097
2020-05-19,-4.2184
2020-05-20,5.6333
2020-05-21,0.8727
2020-05-22,-0.1282
2020-05-26,6.5127
2020-05-27,6.1446
2020-05-28,-2.8093
2020-05-29,-0.6423
2020-06-01,0.2645
2020-06-02,0.381
2020-06-03,3.7372
2020-06-04,0.3377
2020-06-05,7.1248
2020-06-08,0.5237
2020-06-09,-0.5991
2020-06-10,-4.6646
2020-06-11,-7.5316
2020-06-12,3.5077
2020-06-15,2.2576
2020-06-16,3.0286
2020-06-17,-2.8297
2020-06-18,2.8838
2020-06-19,3.3526
2020-06-22,1.6751
2020-06-23,-0.3661
2020-06-24,-2.9920999999999998
2020-06-25,4.789
2020-06-26,1.7557
2020-06-29,1.0403
2020-06-30,0.9543
2020-07-01,-4.9254
2020-07-02,-1.5699
2020-07-06,-0.824
2020-07-07,-2.8411
2020-07-08,-1.6552
2020-07-09,-2.7209
2020-07-10,4.3541
2020-07-13,2.9013999999999998
2020-07-14,-0.8861
2020-07-15,5.6082
2020-07-16,0.0
2020-07-17,-0.744
2020-07-20,-0.6462
2020-07-21,6.7378
2020-07-22,0.7555
2020-07-23,-1.7658
2020-07-24,-0.1724
2020-07-27,-0.74
2020-07-28,0.4722
2020-07-29,1.7067
2020-07-30,-2.5292
2020-07-31,-2.4701
