feature,feature_score
short_sell_6,0.0016707692882333108
president_6,0.0015565883093196565
invest_5,0.0013029090218199448
william_16,0.0012974157305714713
business_17,0.0012483586570079912
short_selling_13,0.0011664140280548774
world_17,0.001117901423555358
short_selling_7,0.0011079980651700957
security_9,0.0010746952782946966
crash_14,0.0010736907935808128
car_9,0.0010441815244296672
judge_4,0.0010374224211066158
freedom_16,0.0010329677285276764
profit_19,0.0010306374477993515
revenue_12,0.0010299793117898026
case_18,0.0009788234299796157
risk_17,0.0009597826976573925
county_3,0.0009232204706574482
council_15,0.0009096521276906024
georgia_14,0.0008883416004731393
default_14,0.0008707087333946221
credit_14,0.0008665599098348348
short_selling_16,0.0008312674727140491
oil_6,0.0008118824136827074
banking_13,0.0008018541432996369
votes_6,0.0007987381607514196
security_20,0.0007979826813190205
project_2,0.000797363633068316
market_8,0.0007891374534804702
tourism_4,0.0007890131252661645
holiday_12,0.000783716778447595
markets_8,0.000781896542741988
DOW_JONES_5,0.0007700187647643077
home_4,0.0007634719214109911
bonds_5,0.0007572624599535
ceo_5,0.0007544521881352451
management_10,0.0007543700194561117
labor_3,0.0007537666697103111
service_8,0.0007490222662007327
tourism_17,0.0007485120279128191
votes_17,0.0007432320936065607
finance_19,0.0007427040529035607
food_14,0.0007420044953992822
financial_17,0.000741290939629646
car_12,0.0007410714325990183
freedom_5,0.0007384827336910508
crash_6,0.0007345483948236072
political_19,0.0007326882622891305
senate_20,0.0007296883718029836
william_18,0.0007257198192264643
holiday_19,0.0007242155337150094
invest_1,0.0007226395330590608
virginia_10,0.0007177834770260173
carolina_18,0.0007173570934863058
DOW_JONES_15,0.0007159172133554745
management_6,0.0007141498757259415
members_16,0.0007108920431362684
business_3,0.0007090917536021278
office_3,0.0007082819873264465
products_9,0.0007055522352903505
missouri_18,0.0007026727262007196
oil_5,0.0007012258287308117
global_20,0.0006942849085075593
travel_7,0.0006942164231035902
marriage_16,0.0006935095575610204
ring_7,0.0006867526510317131
act_13,0.0006860938156859828
ohio_13,0.0006841793053728362
dow_jones_5,0.0006811166365601603
gold_13,0.0006798314976299413
invest_16,0.0006793621945342602
industry_10,0.0006757453984846528
happy_17,0.0006727566261586472
office_13,0.0006715770632754135
restaurant_8,0.0006688881000555647
union_10,0.0006682631090780821
social_14,0.0006621733071292111
opportunity_7,0.0006620993112833402
marketing_19,0.0006619526684997488
elections_4,0.0006595253323677168
crash_5,0.0006589006308992452
legal_18,0.0006572718987049581
happy_13,0.0006533282348988546
finance_14,0.000653150805063895
financial_1,0.0006529181804941938
invest_2,0.0006514364323232561
stocks_10,0.0006503564464672086
minister_1,0.0006496363817799827
home_9,0.0006490586516615761
global_17,0.0006482304450275753
car_16,0.0006470437869182406
credit_13,0.000646943081777464
money_12,0.000646546927661605
government_1,0.0006463230363312019
college_3,0.0006406293986585008
federal_20,0.0006395460197888644
development_5,0.0006382004784049407
buy_17,0.0006372675245204732
ohio_5,0.0006342177655598938
marriage_20,0.0006319901924123269
war_7,0.0006309809828695406
ohio_4,0.0006302658179714093
marketing_1,0.0006297691640313923
secretary_8,0.0006293978318291937
health_18,0.0006279793189586285
consume_7,0.0006271918070238005
massachusetts_9,0.0006270518852819183
hedge_20,0.0006265361545287304
crash_11,0.00062627076641851
finance_1,0.0006224824884982443
service_1,0.0006215190460987753
georgia_7,0.0006204954496981297
dow_jones_3,0.0006201326428259666
ring_18,0.0006197208930461946
county_15,0.0006176477214875907
arts_17,0.0006167858827102657
gold_15,0.0006165853168662213
movie_6,0.0006150536501873888
revenue_8,0.0006117981600770372
texas_10,0.0006110723608400637
consumption_18,0.0006065826794302174
kentucky_8,0.0006055072714694887
housing_4,0.0006041952015028773
debt_8,0.0006023669281922652
finance_10,0.0005996240737132116
returns_14,0.0005971970135514126
corporation_9,0.0005971361246334642
environment_4,0.0005964504507473144
world_16,0.0005960460114793965
short_selling_1,0.0005955413465440419
products_10,0.0005953958284856892
money_5,0.0005946387877661732
health_1,0.000591029020197621
ohio_10,0.0005884760920913798
union_20,0.0005881708679887865
texas_8,0.0005879968264077782
house_7,0.0005868153200626371
inc_3,0.0005857825948502197
financial_19,0.0005848337525308923
texas_16,0.0005843187797682171
georgia_2,0.0005842931629407135
county_16,0.0005816022831978832
movie_5,0.0005803964166132841
carolina_6,0.0005786713475619014
opportunity_6,0.0005781888152938579
holiday_20,0.0005772180244475308
missouri_11,0.0005768524520896751
finance_15,0.0005754644355118357
earnings_14,0.0005747596789733714
technology_20,0.0005746771607702988
culture_10,0.0005744263557831338
bonds_13,0.0005742968537133302
credit_10,0.0005742625608923447
federal_1,0.0005723515529455402
risk_5,0.0005720823462456785
business_8,0.0005720496628878514
dow_jones_10,0.0005701269027612488
security_13,0.0005700270283423153
world_13,0.0005697007135853818
market_3,0.0005691802978113808
world_3,0.0005671339707000639
tourism_3,0.000563075212716342
transaction_3,0.0005630589427797387
color_7,0.0005617587277074865
house_17,0.0005599688064546773
housing_20,0.000558937127734184
market_19,0.000558221784514601
garden_17,0.0005565728102712866
short_sell_14,0.0005560613030606168
DOW_JONES_1,0.0005556058181358714
health_5,0.0005548240582383932
movie_18,0.0005547648509101307
market_6,0.0005546181517163365
stocks_1,0.0005541298997798023
community_7,0.0005536339065786615
dividend_4,0.0005533909385558033
washington_11,0.0005532158334757354
finance_4,0.0005530961784219785
transaction_5,0.0005522553118145044
fun_18,0.0005514390773393997
car_17,0.0005510115075571488
service_5,0.0005507900116122115
tourism_10,0.0005504259812048289
president_8,0.0005490935020869034
water_11,0.0005488142155574304
project_7,0.0005480861138327169
earnings_8,0.000548002481223271
police_20,0.0005466082198792903
society_13,0.0005463571238283795
buy_6,0.0005456803539086689
virginia_15,0.0005454619795862934
party_9,0.0005449491207077309
voters_7,0.0005429795381724354
companies_12,0.0005427076067141931
rare_earths_18,0.0005423460560660606
york_20,0.0005414500954368077
college_10,0.0005413760942748768
market_20,0.0005412752971425038
revenue_5,0.000541032103838293
companies_13,0.0005404786973351167
illinois_4,0.0005402474126130728
district_2,0.0005397132435713127
housing_6,0.0005396165843606526
economy_6,0.000538014841986689
global_8,0.0005376227485322601
justice_13,0.0005367849316459903
college_8,0.0005367430082239192
movement_13,0.0005352309849121041
ohio_16,0.0005336353956399878
texas_11,0.0005333696131073431
buy_9,0.0005333078464224036
law_10,0.0005329884116929693
transaction_19,0.0005327186086513981
finance_7,0.000532058624378104
technology_4,0.0005318675227162688
college_14,0.000531828644177137
senate_19,0.0005309703254353793
train_11,0.0005303649565841842
house_16,0.0005298485062581966
earnings_19,0.0005295613943055384
sell_20,0.0005294659455018819
law_13,0.0005293195106963392
federal_13,0.0005278635804615295
debt_16,0.0005274356344305867
cash_8,0.0005272864595234361
companies_1,0.000527023692196278
justice_12,0.0005259362918655404
financial_9,0.0005257060619045666
massachusetts_14,0.0005256269563268804
party_19,0.0005249534044185843
law_8,0.0005229935620058825
industry_20,0.0005207462450498156
travel_20,0.0005203541819921735
social_16,0.0005201737328632621
founded_20,0.000520077113299326
members_15,0.0005185191935768376
votes_14,0.0005178856134254871
ohio_18,0.0005175786129470992
movie_11,0.0005172460653137613
federal_15,0.0005165160547221812
blacklist_8,0.0005162604864125433
government_11,0.0005151722618459981
dow_jones_1,0.0005148646812411203
war_14,0.000514356314133299
kentucky_16,0.0005139990817852405
conflict_10,0.0005136001358280476
texas_7,0.0005130861660786874
debt_7,0.0005130706516838808
movie_2,0.0005118971168240999
missouri_9,0.0005113290611136038
services_10,0.0005108708551977844
home_5,0.0005098814376611057
loss_12,0.0005092620409145885
products_7,0.0005087707744641295
metals_19,0.0005081907872310494
court_4,0.0005074604046635149
service_10,0.0005066177132794068
world_4,0.000506582812418346
financial_5,0.0005062990084443814
seats_4,0.0005062288091577962
return_3,0.0005060241429230962
stock_market_14,0.0005058553861648616
security_12,0.0005058292763385751
minister_18,0.0005051139594111501
return_17,0.0005049027624182722
district_4,0.0005043180529903662
rich_12,0.000503970957519232
energy_10,0.0005038593824191088
color_1,0.0005037001510310011
food_2,0.0005030976450228716
york_2,0.0005022416405426704
federal_5,0.0005000242318782506
nyse_4,0.0004987305602898371
vermont_11,0.0004980701501268493
virginia_16,0.0004980190407650488
crisis_1,0.0004979297024666712
inflation_15,0.0004969429185240239
community_13,0.0004960898677982158
pennsylvania_4,0.0004959679982902169
vermont_9,0.0004957660541336504
union_14,0.0004956439667318993
war_9,0.0004946571963494102
society_18,0.0004942471246878338
water_4,0.0004933851778267219
companies_8,0.0004932046056110597
technology_12,0.0004926950689637097
buy_1,0.0004925501059653937
global_3,0.000491872066506631
texas_15,0.0004913629929026655
unemployment_2,0.0004912260886309369
DOW_JONES_16,0.0004911101229387176
arts_20,0.0004900231030666469
bonds_11,0.0004900080691938391
products_5,0.0004895807441519173
products_11,0.0004893614877268185
investment_4,0.0004872659577595403
finance_17,0.00048712112369821923
republican_6,0.00048693292855604686
financial_4,0.00048685908973354695
business_2,0.0004867743433202173
politics_2,0.0004867018241665504
house_8,0.00048558111222318974
success_18,0.0004850044426960954
office_16,0.000484409884861982
minister_20,0.00048436370560245296
tennessee_2,0.0004837527293915642
debt_1,0.00048244974344113323
technology_10,0.0004822389087931855
illinois_7,0.0004813111345759581
business_20,0.0004805941208927802
college_19,0.0004805414963915767
ohio_9,0.00048046124455735213
tourism_8,0.0004795175598029218
york_8,0.0004785546022318839
secretary_10,0.00047846841510894864
products_4,0.000478428426795079
car_15,0.0004779857872096802
movie_17,0.00047699441226253233
cancer_8,0.00047680435302634833
politics_19,0.0004766547091559756
forex_16,0.00047656477177441116
consumption_17,0.00047654994483633406
holiday_6,0.0004764135898481872
business_10,0.0004755241063520295
bank_16,0.0004748602122295534
war_12,0.00047398191075090373
court_2,0.0004735836035546949
house_4,0.000473066528555635
economic_6,0.0004730328106088877
service_3,0.00047258548408488077
restaurant_18,0.0004724954263447507
short_selling_4,0.0004724179904383943
fed_4,0.00047191799950327206
buy_14,0.00047186612891525937
global_7,0.00047172542005936445
wisconsin_3,0.00047145172593617864
housing_3,0.0004714516214653372
DOW_JONES_10,0.0004709469243848048
secretary_15,0.00047063228371699805
pennsylvania_17,0.00046976915327308594
virginia_14,0.000469539541891758
gold_6,0.0004682175182242939
products_12,0.00046795687951553213
home_15,0.0004676104059283375
lifestyle_8,0.00046741050895558094
services_5,0.0004669362967448745
opportunity_19,0.0004662811787069751
president_9,0.0004656795825033337
district_14,0.00046550295262354376
county_5,0.00046503631193303387
pennsylvania_8,0.0004640755742170134
cancer_18,0.00046347917914332624
service_2,0.00046337757878609854
council_8,0.0004632059737890163
office_8,0.00046237394792878167
political_7,0.00046169486580609805
office_2,0.0004614599350243003
portfolio_18,0.00046133037490827687
members_6,0.000460796977763825
rights_9,0.000460768944588962
companies_9,0.0004601616465477973
revenue_3,0.000459739474778892
car_20,0.0004595597051549749
health_16,0.0004593600120662573
gold_2,0.000458645510227338
returns_6,0.0004584301164421495
loss_13,0.0004582215908763208
water_19,0.00045787678930902365
office_5,0.0004575987611194419
health_4,0.0004573107454298458
tourism_7,0.0004570702206625641
cancer_13,0.000456262627693564
party_17,0.00045608528430768455
votes_13,0.00045538651615506347
political_17,0.00045482735095506887
returns_11,0.00045453265145161065
project_1,0.0004544658200150792
service_20,0.00045319718803623563
conflict_8,0.00045270405860218935
rights_18,0.0004523837875664307
finance_6,0.0004519751633916797
york_18,0.00045164247133758114
market_16,0.00045162052107038494
governor_18,0.0004512125625924794
illinois_5,0.0004508457903601872
unemployment_11,0.000450117083872633
global_13,0.00044995351117886015
water_7,0.0004495543341222757
votes_5,0.00044918321798416037
unemployment_1,0.00044894535995864386
loss_20,0.00044826272186628495
office_12,0.00044820478996869864
washington_2,0.00044787319951415633
vermont_20,0.00044714964610672686
office_14,0.000447077965192546
representatives_11,0.00044707433553035
social_11,0.0004469674036351797
water_5,0.00044629781762248096
bubble_7,0.00044628027276894417
cancer_3,0.000446133909261629
act_12,0.00044574739247884914
project_20,0.0004454163064931137
project_13,0.00044537960253899865
wisconsin_19,0.0004453500505415276
business_13,0.0004443483173099603
society_4,0.00044423025972984846
buy_4,0.000444175232910241
police_3,0.0004439716093246014
industry_4,0.0004431510403227847
credit_3,0.0004427972328844769
money_16,0.00044270445126167216
movie_10,0.000442345279832133
security_18,0.0004421824422086637
york_15,0.000441739986702659
housing_8,0.0004416142783768778
holiday_10,0.0004413540083386962
bonds_18,0.0004407686228144093
minister_8,0.0004402530816496377
home_19,0.00043997958887586984
credit_9,0.0004395211063708308
health_7,0.00043937241964791586
world_15,0.0004392857808462918
industry_8,0.0004382754369246175
labor_18,0.00043798994389138417
cancer_1,0.0004379365760335061
energy_18,0.0004376756698578778
short_selling_11,0.00043704491877297983
freedom_14,0.000436924007577193
economy_18,0.00043676908195189264
college_9,0.00043594674452047163
georgia_17,0.00043592482097726016
case_20,0.00043588641704560575
minister_15,0.0004358117701973372
business_15,0.0004350874675457315
york_7,0.000434498254265577
garden_14,0.0004342304598508866
services_11,0.0004330766908426151
market_4,0.000433025525095264
governor_4,0.0004328614835219925
party_6,0.0004325968375906306
unemployment_4,0.00043250668252529034
industry_3,0.00043236014336823673
metals_9,0.0004323164701425871
economics_20,0.00043208358730653814
financial_20,0.0004317423469840638
fond_20,0.0004317141869676263
office_15,0.00043156888360546913
sell_4,0.00043137957789268365
economic_2,0.0004310358043889293
district_6,0.00043091058682754126
industry_13,0.00043083625057771936
business_19,0.00043079231198417465
virginia_5,0.00043053896427349184
elections_15,0.0004302900308087486
gain_2,0.00042936633388218615
growth_7,0.00042927119308752443
success_16,0.00042885797439532185
secretary_20,0.00042877105523032784
risk_3,0.00042876555035197017
forex_9,0.0004285867000656767
train_15,0.0004276830127070632
cash_14,0.00042719501549899066
movement_20,0.0004266750165806128
transaction_7,0.0004265426093571137
industry_2,0.0004261979762819115
police_14,0.0004259751384443651
police_13,0.00042588557262341546
minister_11,0.0004256833990977536
pennsylvania_14,0.000425476458165674
republican_17,0.00042470321221654036
stock_market_6,0.0004244286595415441
food_19,0.0004236455613340085
environment_15,0.0004232687668086348
case_10,0.000423190775565236
inc_4,0.0004229731323137967
washington_9,0.000422596003278234
cash_20,0.00042225922327013136
economy_8,0.0004219424567878984
social_15,0.000421805753894494
william_20,0.00042176440286000684
oil_12,0.00042154285659080985
district_5,0.00042142338094627185
marketing_6,0.0004210375004328419
stats_16,0.00042036255156126565
car_6,0.00042015102884425577
ohio_6,0.0004196846333069239
default_4,0.0004192823581736679
nyse_5,0.00041913560153730505
fun_3,0.0004191334756951869
district_10,0.00041783078320424826
services_13,0.00041778078607365054
minister_17,0.00041738637884439103
rights_16,0.00041709111790962376
tourism_20,0.000416907574635836
gold_12,0.0004168630319215858
banking_19,0.0004160714353659026
money_11,0.0004160577750912892
transaction_11,0.0004159796954531487
kitchen_6,0.00041573578957976965
politics_16,0.00041512149015443886
dow_jones_2,0.0004149320750172485
pennsylvania_6,0.00041475576234440516
texas_5,0.00041458920324515837
blacklist_15,0.00041452381778740813
corporation_5,0.0004144554770375265
health_19,0.0004142124239893418
party_18,0.00041266245210453534
finance_16,0.00041262784342201945
council_2,0.0004119392314798046
earnings_3,0.0004116039940646395
companies_20,0.00041157280033175564
college_18,0.00041151232387160564
DOW_JONES_17,0.0004112697707490585
elections_17,0.0004107214580879604
world_9,0.0004105991107381047
kitchen_18,0.0004105708640648181
cancer_15,0.0004105584336091721
DOW_JONES_2,0.0004101092034603802
federal_6,0.00040884054628201067
project_18,0.00040881367043154573
health_14,0.00040880249873131514
consumption_15,0.0004086813159099272
marriage_9,0.00040785866891886933
consumption_11,0.00040778295280336765
chance_16,0.00040766805086190987
services_15,0.0004075862919821148
fun_13,0.0004073451460467973
marketing_5,0.0004072895456170283
finance_2,0.0004068806659362945
president_20,0.00040612659437230185
consumption_1,0.0004056354410280734
trader_18,0.0004054827741832617
missouri_10,0.00040544997406673537
bank_11,0.0004048668863459077
economics_10,0.0004048066132290482
travel_18,0.0004047527761943347
federal_10,0.0004046248449490772
stocks_16,0.0004046049460556496
president_7,0.0004045102683700065
cash_4,0.00040429984695371154
housing_12,0.00040237312913305134
technology_11,0.00040230862802604207
legal_2,0.0004022566526305888
economic_8,0.00040215588115988287
party_2,0.0004019730894100402
council_19,0.0004018898199043905
health_8,0.0004016970551189488
ring_2,0.0004014029842826768
served_2,0.00040139055568938703
bank_13,0.0004013826290742985
community_19,0.0004010302461272532
crash_2,0.0004009309554974103
corporation_16,0.0004008756854497756
gain_11,0.0004007965127858764
william_2,0.0004002711467154621
washington_8,0.0003999894666979609
movement_18,0.0003997706992808349
oil_9,0.0003997498811944364
bank_12,0.00039974788267793367
banking_17,0.000399141653186866
ceo_7,0.0003986764736439996
secretary_6,0.0003986556733643453
massachusetts_11,0.00039847163875076654
short_selling_18,0.0003982992113212353
union_13,0.00039704689435538285
food_11,0.00039683660336282847
inc_18,0.00039674111190247
consumption_8,0.00039656842594151966
pennsylvania_16,0.0003963585377020536
money_15,0.0003959548706373537
law_9,0.0003957187051893578
government_16,0.0003955028373100209
companies_7,0.0003947186291969775
environment_9,0.00039465838572277527
georgia_13,0.00039455595338135937
act_8,0.0003944727998332377
wisconsin_6,0.00039432751392145263
bank_4,0.00039429774683282366
companies_3,0.0003939601644133769
founded_4,0.0003937169794704359
happy_5,0.0003936457820882085
credit_20,0.00039323725450582587
senate_16,0.0003932288620821008
holiday_17,0.00039322089843031263
carolina_17,0.0003929209624983165
illinois_9,0.000392782145929147
market_11,0.0003925416683668897
sell_5,0.0003925140101662922
services_3,0.00039247934069311575
missouri_1,0.00039219957025710215
senate_1,0.00039172925125931127
unemployment_20,0.00039134035800688185
georgia_6,0.0003912731908019493
service_11,0.00039104785638177127
train_17,0.00039079931719271117
market_9,0.0003904917197496488
dividend_15,0.0003900748266436416
services_20,0.00038926989965056864
society_2,0.0003889739388624249
tennessee_8,0.0003882104992885955
services_1,0.0003881993667494015
technology_8,0.00038797812558001403
fine_17,0.00038783638330198186
kentucky_18,0.00038724993266412783
lifestyle_16,0.0003871019705845763
color_15,0.00038707492030561
council_13,0.00038688273816544876
court_8,0.0003868032524394493
hedge_2,0.00038590326795866784
companies_6,0.0003857815430929148
travel_8,0.0003854774550491565
companies_10,0.0003852387635434773
returns_16,0.0003852259219369526
credit_17,0.00038509368128547593
political_20,0.0003849101002121816
buy_3,0.00038488339065173685
carolina_10,0.00038482021073781887
war_13,0.00038450161135913073
government_9,0.0003839096709316315
unemployment_17,0.0003837419813322056
banking_16,0.000383680694130867
BUY_AND_HOLD_14,0.000383593802761228
pennsylvania_20,0.00038357119083261314
oil_2,0.0003835470459958956
housing_17,0.0003834765966400183
revenue_4,0.0003834493489195758
markets_19,0.0003827228152433707
ohio_7,0.0003823708070185475
travel_4,0.000382263132966358
returns_9,0.00038213106131961406
fine_10,0.0003820828383550469
community_11,0.0003820408697693408
oil_15,0.0003818541121053292
council_7,0.00038170617471199877
bank_7,0.0003816942190265641
party_13,0.00038157153140517375
served_6,0.00038148130857797814
holiday_15,0.0003811591235970791
leverage_11,0.00038100290559509964
house_19,0.0003809420362789291
dow_jones_18,0.00038035834583880553
food_4,0.00038019149595312963
development_7,0.0003799305362737869
arts_5,0.0003798897834140946
war_6,0.0003798109331880223
train_12,0.00037978300461915165
washington_18,0.0003797236854613902
community_10,0.00037915938224838367
home_16,0.0003785145428121089
nyse_3,0.00037843883528529095
election_9,0.0003778017775115893
service_6,0.00037760928836818057
virginia_12,0.00037754134000617036
service_13,0.000377171934038449
holiday_3,0.0003770455496367779
restaurant_4,0.0003769941409262493
illinois_8,0.0003769483904159094
restaurant_20,0.0003767724827772173
ore_7,0.0003766869435956266
earnings_13,0.00037644608832140136
law_14,0.00037567205056717807
blacklist_18,0.00037560595593645813
inflation_18,0.0003752105126951673
stock_market_8,0.0003747500993004713
train_9,0.0003745795318696776
college_13,0.0003745394291142596
kentucky_4,0.0003745305195482607
social_6,0.00037450453298279283
washington_10,0.00037430783819589647
elections_18,0.00037412239522972314
management_11,0.0003741071459047165
elected_13,0.0003740548375809277
hedge_4,0.00037398796570077406
products_17,0.0003739599230625303
college_15,0.0003738377256727565
revenue_2,0.00037361968681867485
elections_6,0.00037359668501050765
marketing_18,0.00037318112195004716
democratic_3,0.0003731062670901833
community_6,0.0003729169552336917
democratic_16,0.00037275851616188987
kentucky_14,0.00037264679873232884
police_6,0.00037259008132937537
court_6,0.00037253065449387044
federal_11,0.00037226658521887813
garden_2,0.0003721267606543402
DOW_JONES_18,0.00037168879129131514
loss_8,0.00037167701659807816
bonds_8,0.0003711762647901697
business_1,0.00037111810751246056
members_7,0.000371030634657659
senate_8,0.00037092322034931063
gold_10,0.0003709175314767287
government_4,0.0003708759377411633
tennessee_16,0.0003706012604328623
travel_6,0.0003705349701264436
tennessee_15,0.0003705293445250233
chance_20,0.000370498299654649
rare_earths_3,0.000370359241850565
illinois_17,0.00036989040557541163
washington_6,0.0003698237377707712
vermont_13,0.00036935124435775335
fond_2,0.00036924877776091814
technology_7,0.0003686921058761668
politics_11,0.0003683033388143604
food_3,0.0003682650339425451
served_12,0.000367919986911636
council_20,0.00036789816820475077
kitchen_4,0.0003675632284341914
banking_15,0.0003674842707110708
financial_6,0.000367431177784151
economic_17,0.0003673501517124687
wisconsin_15,0.00036711706239966657
world_2,0.00036672575069168377
fine_3,0.0003667017127816908
labor_10,0.0003661033743776111
cancer_14,0.0003660254989207021
gold_3,0.00036574213925602117
governor_5,0.00036550615365733407
restaurant_12,0.0003653232183247852
travel_16,0.00036514943310021465
industry_1,0.00036510894608488
forex_10,0.00036500022781122896
food_9,0.00036492002617443883
technology_16,0.0003647950339797707
committee_5,0.00036454164750228087
management_7,0.0003644971946219787
marketing_15,0.00036423335004807613
government_15,0.00036398604232252836
district_9,0.00036328311709829737
william_10,0.00036291603668853136
money_8,0.00036286357424111267
project_4,0.0003628360334603788
legal_20,0.00036252040663002405
york_16,0.00036244099880946017
water_6,0.0003622795623931306
president_10,0.0003617944962147282
democratic_15,0.000361711449410457
police_18,0.000361439198249828
union_19,0.0003614252440391119
earnings_9,0.0003613022812762939
war_16,0.0003612392904319818
train_18,0.00036117275010678863
success_2,0.00036109331765116806
texas_12,0.0003610025210859549
movement_12,0.00036099733974874417
religion_19,0.0003609397198826477
environment_1,0.000360778651903096
train_16,0.0003607196888856484
earnings_16,0.00036068787976992943
world_18,0.00036047079522049335
BUY_AND_HOLD_1,0.00036041465625772566
restaurant_9,0.0003603438842436873
debt_17,0.00036033301597639263
voters_4,0.00036032432604960027
opportunity_1,0.0003602801466001118
money_14,0.00035974039761326316
inc_19,0.0003596961784343912
happy_9,0.0003594330161478449
georgia_8,0.0003593013334798907
development_20,0.00035924777427930147
energy_9,0.00035897654043890164
ring_11,0.00035889186983834677
social_7,0.0003585415528208341
money_2,0.0003583671270342302
lifestyle_14,0.00035834769017577224
bank_19,0.000358143006007753
election_19,0.00035803163177092266
ltd_8,0.000357931617418951
credit_6,0.0003575986114904792
economics_4,0.0003574089257180442
georgia_15,0.00035733586684685923
management_5,0.0003570627928977734
inflation_14,0.0003570164213763541
business_16,0.00035660966701507834
metals_5,0.0003561490971376668
act_7,0.00035605310773677783
government_7,0.00035599832505971136
DOW_JONES_6,0.00035573295595361557
cancer_16,0.0003555303076974328
government_13,0.0003553795876327772
police_11,0.00035498540297669963
economic_12,0.00035479855741164134
kentucky_20,0.00035411785761234294
forex_17,0.0003539904661354366
war_1,0.00035377493532669647
case_9,0.00035374838003855523
fond_17,0.0003535441493411318
money_10,0.00035342363271496767
oil_13,0.0003533719164718889
judge_10,0.00035318844608327383
marriage_10,0.00035306543086349447
nyse_16,0.0003527936676758158
office_6,0.00035260830973915953
invest_10,0.00035241802679431987
rights_3,0.0003522969061069835
votes_1,0.00035196039329043284
case_15,0.00035158887723775727
stocks_5,0.0003515085420453143
world_6,0.0003506728187265193
trader_6,0.00035063131503608686
georgia_12,0.00035058000561312717
energy_20,0.0003504593722035766
holiday_1,0.0003502773043122056
cash_18,0.00035024244262360434
served_1,0.0003502023546707313
act_2,0.00035012287929549055
restaurant_19,0.00035006296653725843
services_18,0.0003500474172515696
ohio_3,0.00035004378776979864
freedom_9,0.00034983340747491413
health_13,0.00034973380231322667
massachusetts_17,0.0003496738638495056
fed_6,0.0003495166324689873
services_6,0.0003494120034053501
wisconsin_1,0.00034927217164410786
media_1,0.00034905374084740403
crash_10,0.00034877154811146
security_19,0.0003484870001763301
governor_12,0.0003480958475943172
train_19,0.0003478953773226254
county_20,0.00034786386684856977
union_15,0.00034754198660152773
governor_17,0.0003473030856413364
gold_17,0.00034727696557368865
president_11,0.0003471594136933234
founded_10,0.0003465956383317757
pennsylvania_9,0.0003464289716669847
business_6,0.0003458862133963433
community_12,0.0003456870716470886
markets_13,0.0003455634754536534
pennsylvania_18,0.00034524984170940194
fine_14,0.0003451210658551936
district_12,0.0003449086592255458
companies_16,0.0003444735886396463
york_4,0.0003441807889441904
market_2,0.00034395764694656786
lifestyle_9,0.0003439331845962372
financial_2,0.00034373939727984425
industry_18,0.00034354106536918337
vermont_7,0.0003435259385550314
fun_17,0.00034343496889164003
district_8,0.00034308722597624125
community_8,0.0003430262225450716
success_11,0.0003430093035008919
profit_20,0.00034291871697598265
loss_18,0.00034284663621903536
marriage_4,0.0003427842749663297
holiday_7,0.0003426436595589507
global_5,0.0003424793500393955
crash_16,0.00034223608256539256
arts_2,0.0003421615385164731
trader_16,0.00034195486400274186
carolina_14,0.0003418612552258732
democratic_10,0.00034171530633521694
religion_1,0.00034158263081286293
stats_17,0.00034139236151493256
housing_10,0.0003413365845162577
founded_11,0.0003412806414240616
elected_6,0.0003412120074046724
served_17,0.000341100030099202
bonds_3,0.00034109417783214225
president_13,0.00034089914183476136
short_selling_3,0.0003408208958049044
pennsylvania_11,0.00034075309580666524
returns_7,0.00034071472689807265
office_10,0.0003405099435966045
security_2,0.0003405027275401753
ministry_18,0.00034029844801279245
ceo_2,0.000340186364621227
illinois_16,0.00034002806350466266
world_11,0.0003397421190443013
union_4,0.000339730365787339
missouri_7,0.00033969788907299336
fed_2,0.00033962440268258786
office_9,0.000339126231894178
missouri_5,0.00033904392672733265
society_20,0.00033901015739480584
car_3,0.00033893102691708797
food_18,0.00033892540487292627
college_4,0.0003387737844564755
members_3,0.0003387629241142983
fun_14,0.00033860791161203086
wisconsin_14,0.000338522622917314
health_17,0.00033841075191129054
government_2,0.00033825950297749986
world_5,0.00033823170616778216
dow_jones_4,0.00033820614875861
sell_18,0.00033814385024980953
garden_9,0.0003380096899068192
marketing_3,0.00033773651304841066
kitchen_15,0.00033771196318419194
society_11,0.00033762752275412364
act_5,0.00033761556645014887
police_16,0.0003375905399625485
arts_9,0.00033741609550066423
secretary_18,0.00033737994350683365
train_6,0.00033721745496014915
technology_3,0.00033683741561817837
growth_1,0.0003363419892893331
garden_16,0.00033614473913149887
water_13,0.0003360575253684756
housing_5,0.0003360282143271021
war_18,0.00033601218909421436
freedom_15,0.00033586856443136186
color_8,0.0003354780412102528
voters_6,0.0003354050850697359
market_1,0.00033529941190976704
money_6,0.0003352516359195459
ceo_16,0.00033518897549818444
happy_18,0.00033518677949561813
color_3,0.00033515550842204314
stocks_14,0.00033505373641775526
economic_10,0.00033484692863380286
ceo_19,0.00033479252315385486
default_16,0.00033468763938372003
stats_20,0.0003345002911479444
garden_1,0.0003344787888392672
legal_19,0.0003344014545202639
office_11,0.00033428603385409503
headlines_9,0.00033423928589838836
representatives_4,0.0003342314124098617
nasdaq_14,0.00033422634371608264
security_8,0.00033399565926677547
world_14,0.00033380096542502143
health_20,0.00033374882670793706
community_9,0.0003336731877478708
inc_10,0.00033353665112315404
tennessee_9,0.00033351733224524404
project_11,0.00033339689911383836
party_20,0.00033330865847642306
stock_market_12,0.00033286982274221584
ltd_7,0.0003328157047756752
rights_10,0.0003327725564865939
william_15,0.0003327276442826599
derivatives_13,0.00033261741066197887
crash_8,0.00033252817471115517
votes_20,0.00033240803101374866
credit_2,0.00033229342110458816
global_6,0.00033225116347895286
chance_4,0.00033222209123044694
federal_8,0.00033209429502213667
union_2,0.00033201436837859867
police_2,0.00033183657985505526
consumption_10,0.000331673131078945
members_12,0.0003315496744929319
happy_7,0.00033114360069751386
missouri_4,0.00033114083055041035
restaurant_1,0.00033093612673696065
bonds_17,0.00033087759816753616
illinois_6,0.00033068694636916826
bubble_9,0.00033054383999254165
companies_19,0.00033035364233255024
headlines_2,0.0003303109257587723
economic_3,0.00033025349044646764
tennessee_18,0.00033019702850771947
wisconsin_4,0.00033019434982150723
bank_1,0.00033016393675348665
opportunity_17,0.00033007207121125433
inflation_13,0.0003300361411329068
buy_18,0.0003298135198944459
media_19,0.0003296334805868297
society_9,0.00032957425897710594
district_11,0.00032948661439340094
court_13,0.0003293566862847697
judge_6,0.00032919557528336734
society_19,0.0003289541979356325
security_6,0.0003286799121068706
washington_4,0.0003286426511369448
financial_10,0.0003286187078134987
justice_9,0.00032833642635061056
oil_4,0.00032831163334427765
greed_18,0.00032812355200784995
firm_10,0.00032786391543436917
police_9,0.000327802020097976
committee_14,0.00032741781593591295
movie_13,0.0003273478209055948
car_10,0.00032734631181188415
judge_16,0.00032732852341220485
restaurant_16,0.0003272615151389143
services_16,0.00032720020670847004
economics_3,0.0003271615035176427
union_18,0.00032671229580182227
law_5,0.00032664492200728965
religion_18,0.00032663427023015115
crisis_15,0.0003266161775265232
secretary_1,0.00032646549242249125
firm_13,0.0003264229162316272
justice_6,0.000326208771117082
service_16,0.0003258804891570581
senate_4,0.00032587959242373176
economy_2,0.0003255575569970244
office_7,0.00032507691150591777
sell_9,0.0003250747960065902
government_8,0.00032491226061980764
world_20,0.0003248186981811764
carolina_19,0.0003248144620692372
risk_19,0.000324404773856313
firm_3,0.0003243051845670373
color_19,0.00032409132839175296
derivatives_20,0.00032406294619978965
crisis_17,0.00032402924306189145
market_7,0.0003240093546404792
case_6,0.0003239004592899672
college_20,0.00032386281635505464
ltd_13,0.0003236857908762244
labor_16,0.0003236087065807642
religion_15,0.00032355243335916784
food_13,0.00032327345040868534
garden_12,0.00032327303821218825
county_9,0.00032319447155423415
fun_20,0.00032273214560138923
college_16,0.00032253497686064844
social_18,0.00032251431434621717
food_8,0.00032211034212920243
social_13,0.000321996449552056
train_5,0.0003218978171900551
labor_8,0.00032185694786495154
ministry_2,0.00032180421043009346
happy_20,0.00032178732340223286
council_11,0.00032170819855969953
ohio_2,0.0003216310504687399
energy_14,0.00032162116869152366
missouri_15,0.00032149969218423185
illinois_14,0.00032144036291985897
justice_15,0.0003213331415976183
tennessee_5,0.00032133218386762704
kitchen_3,0.000321138998811979
cancer_9,0.00032090609451231023
loss_1,0.0003208944764472842
police_7,0.00032086180210094586
management_4,0.0003207713400008127
project_16,0.0003207479502014957
political_2,0.00032049216759182195
opportunity_5,0.00032045837389328864
rights_20,0.00032041894332595315
crash_18,0.0003203873837351814
political_15,0.0003203623246143733
return_18,0.0003201075965492549
BUY_AND_HOLD_20,0.0003200811295029652
development_13,0.0003200629081328499
judge_17,0.0003198257792467864
community_15,0.00031955334870387115
illinois_11,0.00031949361102349337
arts_3,0.0003193660095943652
trader_19,0.0003193503475525419
investment_12,0.0003193095800851037
economic_15,0.00031929600771874584
corporation_4,0.000319279738794134
travel_11,0.00031901959355195973
washington_16,0.00031895784316595267
car_19,0.00031861746104916563
energy_7,0.00031860049729158014
cash_12,0.0003183194559973318
nasdaq_12,0.00031814511142757635
inc_5,0.000317945678542005
trader_9,0.0003177822180095167
car_11,0.00031757789612680144
gold_18,0.0003175221072862084
train_2,0.0003174972014607265
rights_7,0.00031737733360239065
kitchen_5,0.0003173587333515649
media_15,0.00031733137865924937
georgia_3,0.0003168345307199849
judge_8,0.0003167650556838379
banking_5,0.0003164486082518172
portfolio_9,0.00031634891167306103
color_6,0.00031634002106000587
water_3,0.0003163350858626011
cash_9,0.000316208622164044
georgia_11,0.00031611189382540426
food_1,0.00031609156901959615
york_5,0.00031592314247015413
social_9,0.00031566436373240916
stock_market_20,0.00031545681433075364
present_4,0.0003152828302669998
security_16,0.00031526628714135217
legal_14,0.00031524646935866227
labor_7,0.0003151463870554054
chance_17,0.0003151426029856986
union_12,0.00031508112617496185
religion_6,0.00031501122581935765
hedge_14,0.00031489670598076273
sell_15,0.00031474905904334293
house_18,0.00031462642395936266
world_8,0.000314389282805557
fond_6,0.00031422179712128857
committee_6,0.00031420592999138036
william_4,0.00031417867728531044
development_1,0.00031414880558409036
society_5,0.00031413928710200315
environment_14,0.00031379512497537235
pennsylvania_2,0.00031377404411852774
case_19,0.0003136658675905699
ore_10,0.0003134454023730777
conflict_12,0.0003133739623596696
opportunity_8,0.00031332899412807763
crash_7,0.00031331817316200496
oil_14,0.00031329241768717137
restaurant_14,0.00031325550459215037
marketing_8,0.000313174300712007
market_13,0.0003130873175565759
risk_6,0.0003130835655405475
tennessee_12,0.00031304673421477804
party_15,0.0003130350854362178
wisconsin_10,0.00031294512625528283
elected_9,0.0003128719984666672
minister_14,0.0003127987825414507
vermont_16,0.0003126915673969205
housing_2,0.00031244095392157057
consumption_13,0.00031239740359336116
texas_1,0.00031236342295366966
william_8,0.0003123455000351254
gain_7,0.0003123369911142912
governor_10,0.0003123340315582618
health_6,0.00031222639105136314
services_19,0.00031213092173636365
legal_6,0.0003121080666151793
health_15,0.00031205233764989703
inflation_16,0.00031194072232661716
derivatives_10,0.0003118717851834116
judge_20,0.00031185292520280905
default_17,0.00031162431865452164
home_11,0.00031158828426896623
politics_8,0.00031108770774068684
tennessee_14,0.0003109892825285936
massachusetts_15,0.00031089870062083835
chance_12,0.00031086631780653497
federal_17,0.0003107304307188496
culture_6,0.000310657814513671
kentucky_13,0.00031065752201138734
business_7,0.00031053203390823167
return_1,0.00031044971082348457
trader_5,0.0003104119363387297
college_12,0.0003102916064363096
global_2,0.00031017684354956365
crash_12,0.00031008378786498913
project_10,0.0003099564339334766
william_17,0.00030984411509762336
development_10,0.00030980818530096946
society_17,0.0003096631883390288
community_3,0.00030957364145813216
growth_11,0.00030952561130990754
committee_18,0.000309495719412264
police_1,0.00030926484482236225
governor_16,0.000309164242347262
return_7,0.00030901009125068254
case_1,0.0003089722677446254
york_1,0.00030883279354966195
forex_20,0.00030873170069900167
million_17,0.00030860800903757075
unemployment_16,0.00030858539802106283
politics_3,0.00030857900729351336
society_8,0.0003085226343419277
investment_16,0.0003083719888685367
community_20,0.0003083611489849117
unemployment_18,0.0003082901830265202
minister_7,0.00030822962071716536
default_15,0.00030819367145539704
global_14,0.00030800353228252074
political_12,0.00030788402464623007
law_15,0.00030759056636210137
cash_6,0.0003074125192372727
council_5,0.00030707397510308307
police_15,0.000306964731748085
fine_18,0.000306915395188464
virginia_1,0.0003068845364837518
financial_11,0.0003065763265258047
votes_8,0.0003065319431477355
served_9,0.00030617041526641677
cancer_12,0.00030615427506771074
risk_11,0.0003060993559334244
court_9,0.00030577732872942635
fun_4,0.0003057296903255165
risk_18,0.00030560756075659015
war_15,0.0003055617408094763
stock_market_18,0.0003053748502454154
sell_1,0.0003053500624336844
gold_1,0.0003048564642195351
marriage_11,0.0003048076484639683
greed_9,0.00030449765716975225
republican_14,0.00030428642269253236
firm_5,0.00030411667869426745
portfolio_12,0.0003039729468543923
products_16,0.0003038344674398413
members_1,0.0003036120123288668
william_3,0.0003035559379589371
crisis_2,0.0003033870808851552
democratic_1,0.0003032633341845921
secretary_11,0.0003030698282671956
elections_2,0.00030290901003991635
lifestyle_10,0.00030264226797741873
case_5,0.00030262925932103015
party_1,0.0003026121908976036
carolina_12,0.0003026043019354065
fed_8,0.00030260210149973555
elections_11,0.00030254465423888705
texas_19,0.0003025248372238273
wisconsin_17,0.00030232983348161467
massachusetts_10,0.0003022118733955612
metals_1,0.0003021319937044085
credit_15,0.00030206888162046067
home_8,0.00030203551071690895
justice_19,0.0003018963527989855
credit_4,0.00030182121602375934
marriage_7,0.0003015341727718661
crisis_20,0.00030144018629681547
act_3,0.00030140361418044023
pennsylvania_19,0.00030128340852368743
votes_2,0.00030109895968025987
oil_7,0.0003008932198083346
stats_19,0.0003008503324505284
economy_15,0.00030071512311799465
companies_15,0.00030059151178783353
blacklist_20,0.00030058888303024595
district_7,0.0003005707473406013
police_4,0.00030052155649335876
society_14,0.00030048570979495764
markets_10,0.0003004245573036481
banking_14,0.0003003871241960044
religion_10,0.00030035073029270793
service_18,0.00030034979794147325
party_10,0.00030033153031726334
stats_9,0.0003002858446924014
kentucky_5,0.0003002283357516625
politics_6,0.0002999886761218459
firm_8,0.00029986497244973776
markets_14,0.0002998032312925661
investment_13,0.0002997962773843263
county_6,0.0002996919713888793
corporation_17,0.0002995710669045021
buy_2,0.00029947318548083796
washington_3,0.00029944217743093683
garden_11,0.0002993936705865353
car_14,0.0002991951663924056
kitchen_2,0.0002991868110932982
portfolio_20,0.0002991778824315984
risk_7,0.0002990084050777497
william_13,0.00029893923124995643
food_10,0.00029892408539536173
virginia_6,0.0002988991630945296
industry_6,0.00029886453428220244
house_20,0.00029884653490517275
texas_20,0.00029877842922158685
technology_14,0.00029871614456448064
gold_4,0.00029867893246574446
york_12,0.0002983206729446167
nasdaq_19,0.00029808947629910776
home_12,0.00029808677877461487
growth_3,0.00029774295693005325
health_12,0.0002976506456576611
party_3,0.00029725004761833467
house_11,0.0002971743144352084
ministry_20,0.00029701018868210087
companies_4,0.00029690645117297804
elections_20,0.00029669949871143715
illinois_12,0.00029668904189158454
housing_19,0.00029666425584865837
services_7,0.00029661632763168863
products_18,0.00029649837433537657
ministry_8,0.00029638665699529014
rights_8,0.00029634296786401506
federal_14,0.0002962974828422024
derivatives_9,0.00029629387759705215
republican_16,0.00029629364543894447
success_4,0.00029628281003314704
seats_6,0.00029628197906666153
college_7,0.00029624992459264247
vermont_15,0.0002961745698065448
fed_13,0.0002959047858556763
unemployment_19,0.00029564701778238685
products_19,0.00029534126007473065
movie_8,0.00029531585304270867
consume_16,0.00029529452557915727
voters_18,0.0002952424782885145
investment_9,0.00029516385395141114
products_20,0.00029509684666436916
growth_9,0.0002947832308349083
trader_10,0.0002947451769290678
district_15,0.0002947367886907745
invest_13,0.00029472413182975214
markets_7,0.00029457618322917283
inc_11,0.00029448337658693287
hedge_1,0.00029427005718238503
water_16,0.00029400613267378616
ltd_16,0.0002939654883278372
ohio_17,0.0002938081057685964
security_4,0.00029372435359859434
industry_15,0.0002936034591045913
illinois_20,0.0002935965287826311
minister_19,0.00029352172967325024
food_6,0.0002933320904032919
office_19,0.00029305970369318025
house_13,0.0002929558031996418
water_20,0.00029294168507531084
minister_10,0.0002929369181045956
travel_1,0.0002928990392279768
hedge_8,0.00029277045890849067
management_3,0.00029235888316749936
industry_16,0.0002921666584516847
movie_19,0.0002920217584769267
college_2,0.00029200097390705857
stats_8,0.00029198407656543456
services_9,0.00029192563820093037
served_3,0.0002918021117557301
court_1,0.0002917987039011418
dividend_3,0.0002915891901786221
senate_9,0.00029157549010892347
county_2,0.00029141220512353297
vermont_6,0.0002913567503717308
government_10,0.0002912899812100083
election_3,0.00029114858037273113
community_4,0.00029088806408723763
freedom_6,0.00029082301647343417
energy_15,0.00029076171299790237
marriage_13,0.00029072068363202356
law_7,0.00029060010663225296
movement_6,0.0002905890408098466
stats_11,0.00029056728980919464
business_5,0.00029052819573435767
arts_6,0.000290271148626047
political_9,0.0002901256337579618
marketing_4,0.00028997917134008415
votes_18,0.0002899476071540005
buy_11,0.000289791211456214
tennessee_11,0.0002894587716697662
gold_19,0.00028939162620978493
virginia_20,0.00028930847783433563
justice_16,0.0002893018508597987
washington_20,0.00028928345805570766
blacklist_7,0.0002891973986189196
inc_14,0.0002891753789979973
water_8,0.0002891267193612141
returns_5,0.00028900426342474484
justice_14,0.0002889251003608207
minister_13,0.0002888704625690775
nyse_12,0.00028880920739545867
court_20,0.000288767841165587
representatives_3,0.00028866371066185384
texas_6,0.00028858019029604046
return_2,0.00028854566527377663
stats_3,0.0002884242162821227
train_7,0.00028839385311488084
movie_1,0.0002883161139977074
million_6,0.0002882870476631408
money_3,0.00028824216266641313
culture_14,0.00028813310480569205
founded_17,0.00028808180563742345
energy_1,0.0002879350888602125
william_6,0.00028787642664433933
lifestyle_19,0.00028764172490154883
massachusetts_7,0.00028759127179882777
county_8,0.00028751080228540027
debt_20,0.000287495943338298
labor_12,0.00028737252173197467
court_11,0.0002873531868405706
federal_3,0.00028725916297785603
election_10,0.0002869567360499112
community_2,0.00028681601742842113
secretary_5,0.0002866702699421704
debt_6,0.0002866070248168626
legal_16,0.0002864035866290134
finance_3,0.0002863854231922988
carolina_9,0.00028613856899704264
restaurant_3,0.0002860548799731215
million_2,0.00028594827236122803
bank_15,0.000285913375778274
wisconsin_16,0.00028569822495635186
case_2,0.00028568104770647606
unemployment_12,0.0002854737487472972
economy_5,0.0002854294009860593
stock_market_13,0.0002853991339402805
management_1,0.00028530506029585795
community_1,0.00028513764764927484
crash_15,0.0002850438426871175
tourism_19,0.0002848710718784122
inc_7,0.0002847253960574556
texas_13,0.00028454442728934336
tourism_11,0.00028453349860068543
county_11,0.00028442102767280055
global_1,0.00028434647315215915
lifestyle_18,0.00028429118042989877
tennessee_13,0.00028403344250594096
energy_16,0.0002840058600385973
environment_16,0.00028396393576803666
religion_5,0.00028391543241241727
forex_4,0.0002838297538902489
opportunity_2,0.0002838082040239319
kentucky_11,0.00028362006330693337
ore_14,0.0002835266911444446
inflation_8,0.0002834662515126122
buy_19,0.0002829303984197585
energy_19,0.0002828371807356067
garden_8,0.0002823274269715238
governor_6,0.0002822989860670603
marriage_6,0.0002822777203755163
corporation_7,0.00028227223034620665
marriage_3,0.0002822012612574968
economics_11,0.0002820994128648391
industry_14,0.00028195204361305487
financial_markets_20,0.00028189078305760544
marriage_15,0.00028169569020122445
government_6,0.0002815164784078299
portfolio_7,0.0002814711267423395
representatives_10,0.0002812781546783368
short_selling_14,0.000281160923934592
fine_15,0.00028101030538759054
massachusetts_19,0.0002808801403459236
products_13,0.00028085487229673406
health_9,0.0002807656481535631
wisconsin_20,0.0002807074318287813
illinois_19,0.00028059118188912405
act_4,0.000280550986171727
finance_18,0.00028052523191585783
travel_14,0.0002805242381577297
committee_11,0.0002804873594726022
missouri_12,0.00028042950661392264
religion_11,0.00028030249393238773
return_13,0.0002800490522559355
profit_17,0.0002799348660318536
kitchen_16,0.00027984397893748836
georgia_4,0.00027983643183252893
world_19,0.00027981850669303457
county_7,0.00027977199147547106
transaction_8,0.00027970934581504023
judge_14,0.000279693694001161
politics_7,0.0002794513146223951
fun_16,0.0002793004650677544
return_4,0.00027918963788329626
voters_9,0.00027915941626839705
cash_13,0.0002788177504381501
ore_17,0.0002788132777560393
voters_17,0.00027879777042289904
restaurant_6,0.00027876408923676205
gains_4,0.0002787587515568033
services_2,0.00027853446688019844
tennessee_4,0.0002784294533659
trader_11,0.0002784288658180679
stock_market_3,0.00027836591070269835
stats_1,0.00027835663367912133
legal_8,0.0002782634656439165
corporation_20,0.00027823821753945774
oil_19,0.0002781898356658971
court_3,0.0002781824612330617
housing_18,0.0002781503762250298
financial_markets_14,0.0002780295777319588
labor_15,0.00027800024106258616
war_19,0.0002779535917221665
chance_13,0.0002778932324400293
financial_16,0.0002777951365621915
case_13,0.00027771966809968034
case_4,0.0002776724411891399
environment_11,0.00027757901748214363
security_5,0.00027753584869586384
law_12,0.0002771748647836549
case_17,0.00027709951111885183
inc_6,0.00027709867916230954
color_11,0.0002770892038108479
profit_15,0.0002769733740063823
war_20,0.0002769434308604272
county_13,0.00027679154870113035
gold_5,0.00027678676330972625
buy_20,0.0002765414899821978
union_11,0.00027643888290506785
food_16,0.0002763022300511814
served_8,0.00027628013470599246
movie_3,0.00027621970673390736
marriage_5,0.00027621263620727964
religion_16,0.0002762033357031705
union_7,0.00027581511682853854
fun_2,0.0002755752881934853
default_1,0.00027557323076903185
headlines_4,0.0002755521923006514
returns_17,0.00027554250207956324
finance_8,0.0002754223229874476
bank_6,0.00027526688699413984
politics_14,0.0002752515290342141
management_16,0.0002751221981012517
restaurant_13,0.0002751154146741519
virginia_9,0.0002750893672413523
governor_11,0.00027504936816077875
carolina_7,0.00027497342628065484
marketing_12,0.00027489358969846824
texas_14,0.0002745618472784068
case_8,0.0002745012659651268
garden_15,0.00027449599437267706
finance_9,0.00027441908058790454
ministry_5,0.00027438988609422706
money_13,0.0002743665763554689
justice_10,0.00027419956058741555
republican_5,0.00027416832895994016
law_16,0.0002741484893138248
kentucky_2,0.00027411874042933845
vermont_3,0.00027406434532293634
security_10,0.00027390328712541327
illinois_2,0.00027335896452406995
religion_4,0.00027326539926862795
vermont_2,0.00027326008694244624
rights_17,0.0002731952227057492
oil_1,0.0002729964148273252
legal_10,0.00027295823382543667
restaurant_2,0.0002729440110036543
fine_2,0.0002729150763271309
rich_8,0.00027288412739348203
council_6,0.0002728578394254292
financial_14,0.0002728533362442212
gain_1,0.00027281046352617123
political_1,0.00027278717768447654
lifestyle_17,0.0002727817192140671
home_3,0.00027271818635099044
republican_9,0.00027267688945669186
texas_4,0.0002726573709798494
global_16,0.0002726441637359222
district_1,0.000272602188699038
corporation_14,0.00027255308960248096
growth_18,0.0002724940727770249
gain_3,0.00027246990134537606
democratic_2,0.0002724659736482348
movie_12,0.00027245114169182635
car_7,0.0002723466135551826
inflation_19,0.00027234402967720096
stats_12,0.0002723051389886773
carolina_13,0.000272246929654564
senate_14,0.00027181641162933167
home_13,0.00027181096843767173
texas_18,0.0002717086852504283
fed_18,0.0002715923351915121
returns_4,0.0002715355346349416
law_1,0.00027148183449994176
nasdaq_4,0.00027145671943106675
risk_1,0.0002714560858775515
missouri_8,0.0002714154153483684
happy_3,0.0002713249740043637
banking_2,0.00027110338055255694
cancer_6,0.00027094670715784605
investment_8,0.0002708845737908604
crisis_18,0.0002708495188149461
DOW_JONES_7,0.00027056680618613925
office_4,0.00027047972531395246
elections_7,0.0002704722967414365
companies_11,0.0002704548218664889
ring_15,0.0002704475496379411
economics_6,0.0002703944942240115
election_5,0.00027035790227096507
happy_2,0.0002701679339016836
technology_15,0.0002700378118534623
million_19,0.00026991735934108456
carolina_1,0.00026991306663788406
political_3,0.0002698513918425629
financial_markets_11,0.0002698162884843069
labor_6,0.00026970871650791166
house_9,0.0002696756510619804
political_18,0.0002696329019216642
movement_16,0.0002695547284660882
virginia_17,0.0002695317039451931
democratic_14,0.0002694549913799591
secretary_2,0.00026936830192808656
governor_9,0.00026936208947343575
food_17,0.0002692958304902941
lifestyle_15,0.000269268075311557
management_20,0.0002692580252472382
trader_4,0.00026914349551512015
arts_1,0.0002689734724372024
labor_1,0.0002688158094546535
economic_16,0.0002684731735351645
representatives_14,0.0002683882801701845
holiday_18,0.0002682969982475729
washington_7,0.00026812601338079944
freedom_19,0.00026790391752425004
society_6,0.000267890814503369
government_18,0.0002678785328243448
industry_11,0.0002677598365187704
rich_19,0.00026774006535798707
market_12,0.00026770720745467817
DOW_JONES_14,0.000267670496242844
religion_20,0.0002675864389893688
growth_16,0.00026746809385129385
corporation_11,0.00026745136992051917
money_18,0.0002674394544338316
union_1,0.00026741197366761345
pennsylvania_12,0.00026732667989158777
ltd_1,0.00026724915455390565
inc_16,0.00026715649047796657
business_12,0.00026712468010156256
senate_5,0.0002671021089756125
movement_4,0.0002670884010336045
inc_15,0.00026692549376970497
marketing_9,0.00026689118227177
industry_12,0.00026682863510819904
financial_8,0.0002667645427014658
color_20,0.00026671851598533377
consumption_3,0.0002667095335510192
kentucky_1,0.0002666705750259144
metals_8,0.0002666514626355819
finance_12,0.0002665285496492367
cancer_5,0.00026652833313323625
bubble_3,0.0002665034145204811
global_12,0.00026641018492511777
development_4,0.00026639815455105484
debt_5,0.00026639298577177303
present_1,0.0002663727754068536
hedge_16,0.0002662202671514409
project_15,0.000266086488915176
community_16,0.0002660538825050094
banking_8,0.00026591353421040237
war_5,0.0002657824632907462
movie_16,0.00026567916156529234
global_11,0.0002655391831883405
opportunity_14,0.0002655173668653532
car_2,0.0002654248535228816
car_13,0.0002653094639105063
finance_20,0.0002652088106609897
gain_18,0.00026509070989974543
william_1,0.0002650570261734582
secretary_12,0.0002650066839963562
development_6,0.0002649137403421738
restaurant_5,0.00026490894332932704
cash_16,0.00026479112483495266
house_6,0.00026458421317435317
dividend_7,0.0002645113379377714
present_12,0.0002644412812464625
kentucky_7,0.0002642811165816906
federal_18,0.00026428107498169154
house_15,0.00026414232074784303
investment_17,0.00026412887394406374
stocks_9,0.0002640870046884955
founded_12,0.000264028158125515
management_14,0.0002640222096771426
technology_6,0.0002640101933375696
wisconsin_7,0.00026394455236081524
risk_8,0.0002636918028005592
minister_9,0.00026369018723946717
politics_15,0.0002636502077453617
energy_3,0.0002636314509375492
georgia_16,0.000263486721341208
house_3,0.0002634202186680344
justice_1,0.0002633836418541138
county_19,0.0002631834003995442
growth_13,0.0002631710240355442
risk_13,0.00026302275808750896
holiday_11,0.00026296800519401057
freedom_2,0.0002629530365349669
college_1,0.00026290905752160843
crisis_4,0.0002626693426522082
kentucky_6,0.0002626629317598731
politics_13,0.00026260237223867767
democratic_4,0.00026238561828782753
ring_14,0.00026235308153115477
ministry_9,0.00026231429842093893
act_6,0.0002622940683925331
travel_12,0.0002622717002231388
transaction_14,0.0002622150802449581
consumption_14,0.00026208897884012034
buy_8,0.00026205043544298023
carolina_15,0.00026193091189765115
financial_12,0.00026190438140007605
happy_14,0.0002616624512272094
legal_17,0.0002616419296257192
services_17,0.0002616017260464084
tennessee_19,0.00026158682379697325
secretary_13,0.00026152567204092966
washington_5,0.0002613246393416597
war_11,0.000261312713823258
development_2,0.0002613048971736337
president_2,0.00026126680247271107
home_2,0.0002612481216793819
media_5,0.00026118096892285483
BUY_AND_HOLD_5,0.0002610339620553223
million_12,0.00026099609828172314
vermont_12,0.00026088274477453207
members_11,0.00026071108064572724
office_18,0.00026067358538606195
unemployment_8,0.00026036502235708746
stocks_4,0.00026030819192004285
election_16,0.00026023009296180283
holiday_9,0.0002602031948520505
dow_jones_16,0.0002601367213867121
fed_10,0.000260092093742671
conflict_9,0.00026006318150495467
rich_18,0.00026002052621321517
world_10,0.0002600015005947724
party_7,0.00025990215123578844
hedge_3,0.0002597669970804002
kentucky_9,0.0002597094751081479
members_14,0.00025961331796853
train_13,0.0002593271125404353
economic_5,0.00025895776426636784
police_17,0.00025892595566877417
fed_17,0.0002588930539048282
derivatives_14,0.00025874893292352375
investment_11,0.0002586759693947884
cancer_7,0.00025863787111906326
election_1,0.00025860364922379765
federal_19,0.0002585535377452883
community_5,0.00025852112344998233
credit_18,0.0002584838967119033
chance_14,0.0002584802953748562
elected_20,0.0002581593373452555
rights_1,0.00025807683481924275
virginia_4,0.00025807038029202536
success_10,0.0002580209974410225
minister_6,0.00025771260785867323
fun_8,0.0002574085542742184
home_18,0.0002574078499892255
global_9,0.0002573600873174547
travel_2,0.00025735217972515693
social_20,0.00025720620392587147
ltd_2,0.00025714991265298506
seats_11,0.00025703339494998633
act_17,0.00025690731721247765
investment_7,0.00025689010554200733
default_2,0.00025685889000939393
services_4,0.00025685053231364584
housing_15,0.0002567898801068441
house_1,0.000256679245868636
war_3,0.0002566029996230701
york_13,0.00025657766436068405
earnings_6,0.00025650883507088225
travel_13,0.00025648797544548454
bubble_10,0.000256375301630762
served_10,0.0002563159181304896
media_2,0.0002562733504875104
president_1,0.0002562427099154745
tourism_14,0.0002561578330121457
federal_12,0.0002561436145324508
william_11,0.00025609195936700696
district_17,0.00025578771679059123
stock_market_10,0.0002557409197013401
trader_3,0.00025558355320026715
movie_7,0.00025547919858684805
representatives_9,0.0002553204354036648
markets_16,0.0002552375600474131
travel_3,0.00025520981576026094
ltd_3,0.00025514348101586575
representatives_6,0.0002549824605997615
district_3,0.00025484265473427485
act_15,0.0002548168928099577
garden_13,0.0002547878573823247
present_14,0.00025478352315656897
democratic_17,0.0002546627607622592
judge_18,0.0002545814794516223
bank_2,0.00025452540885007654
industry_7,0.00025443170659102566
project_12,0.0002544197217984073
culture_12,0.00025427947661546963
voters_15,0.00025397304619862864
illinois_3,0.0002539104702968461
committee_1,0.00025374541080022103
leverage_10,0.0002536256720845218
york_10,0.00025352064966165935
leverage_13,0.00025329151388491373
case_12,0.0002530950472221877
cancer_20,0.00025302574396534857
community_14,0.00025277856376805876
president_3,0.00025273842968347507
color_4,0.00025255123520007307
technology_18,0.0002525489680425874
bubble_15,0.00025231163952803385
fun_9,0.0002520706840693648
secretary_3,0.000252009458428575
management_13,0.00025196553430783066
social_4,0.0002517732029092974
consumption_7,0.0002516783600161254
vermont_1,0.00025154304776310555
court_7,0.00025152206321165066
freedom_8,0.00025146463669294247
rights_14,0.00025144337416835826
fed_12,0.00025139805794845095
voters_1,0.00025138964062684885
growth_10,0.000251325196345586
invest_19,0.0002513074101835757
democratic_5,0.0002512446060124042
environment_19,0.00025112792389695603
economic_7,0.0002510753349017563
founded_5,0.00025107073058036166
justice_4,0.0002510325195365041
color_2,0.0002509955826352336
inflation_7,0.00025087811338704027
cancer_19,0.00025052248372973903
missouri_16,0.00025052162688623977
consumption_16,0.0002503996779839632
served_15,0.00025033568992217605
union_17,0.00025016928781393654
served_7,0.00025004751152649346
metals_20,0.00025002502140506004
car_8,0.00024999652212376577
texas_17,0.00024992690860155476
ohio_15,0.00024983012994688814
governor_15,0.0002498040745836806
lifestyle_13,0.0002496812956661651
management_8,0.00024966630456076897
travel_9,0.00024965719509098224
development_19,0.000249574855778697
stocks_2,0.0002494516841687523
home_6,0.0002493695748322115
nasdaq_3,0.00024933001742522367
happy_15,0.0002492993753684922
unemployment_3,0.0002492746555115515
oil_18,0.00024926307216352565
corporation_12,0.00024923783855628043
ceo_18,0.00024919866501591534
loss_14,0.00024908447555017633
county_17,0.00024906550692979065
gain_14,0.0002489529831153761
crash_1,0.00024885188703784744
inc_2,0.00024881970888994187
house_5,0.00024878584467058484
marketing_7,0.0002487091746099917
present_2,0.00024868718789597166
ore_18,0.0002486466963029312
government_19,0.00024855035669571306
law_2,0.00024844271413981356
court_17,0.0002484294510998055
management_12,0.000248421640181729
rights_5,0.0002483369478330821
arts_18,0.0002481324454463401
credit_7,0.0002481235234250284
president_4,0.00024810517233219526
council_14,0.00024809315934298397
rich_2,0.0002480798886593042
home_14,0.0002480362995827266
legal_11,0.00024792337565673553
nasdaq_20,0.00024790256066957613
justice_2,0.0002478695478451908
inc_13,0.0002477709305763603
act_14,0.0002475127211279587
virginia_11,0.00024738976761862176
york_11,0.0002473567922598087
nyse_13,0.0002472913312482824
metals_2,0.00024718440014797157
served_16,0.00024718349298968255
headlines_10,0.00024714218750364895
voters_5,0.00024712613376067026
development_14,0.0002469082331569851
social_19,0.00024682138182741234
lifestyle_1,0.00024680613227738346
development_9,0.0002467755529877145
social_3,0.0002465160593976202
consumption_9,0.00024649406475755906
revenue_17,0.0002464319624232801
washington_17,0.00024639468304018635
business_18,0.00024635293253138927
crash_3,0.00024635006628720164
industry_17,0.00024628186993972285
credit_19,0.0002462475791333498
republican_2,0.0002461616379062988
success_19,0.0002461370631759775
crisis_5,0.00024606589874486516
ceo_1,0.0002460414689042729
ohio_14,0.000246005654075422
train_10,0.00024594068453602795
culture_4,0.0002458060876608645
debt_14,0.0002457805015469857
cancer_17,0.000245767968416525
county_14,0.0002457216028635489
gold_14,0.00024569287132533013
crisis_10,0.0002456469456990776
inflation_17,0.00024563835491230496
gains_7,0.00024557274989291106
fond_14,0.00024554905444588217
republican_20,0.00024538650992314445
short_selling_6,0.00024537250440278684
conflict_13,0.00024535314832267003
movie_20,0.0002453316500551606
marketing_20,0.0002452691298450561
fine_9,0.0002452072232333481
votes_4,0.0002450872972376438
present_7,0.0002450561270230941
tennessee_20,0.00024490691792401813
committee_4,0.00024489395482191363
earnings_7,0.0002448796256737524
color_5,0.00024486826805833196
committee_3,0.0002448447510370039
gain_17,0.00024481047120508497
party_14,0.00024470687098665663
ministry_13,0.000244659361127805
holiday_8,0.00024449326330560776
act_16,0.0002444739082403981
massachusetts_8,0.0002444150186093696
corporation_15,0.00024439375946325685
bubble_11,0.00024418305657349467
crisis_14,0.0002441719360413136
ceo_15,0.00024393218050879694
ring_9,0.00024390195326697334
democratic_13,0.00024387073865461787
ring_12,0.00024383441075511705
environment_10,0.00024379253840694625
political_8,0.000243732578573917
service_4,0.0002437284751378956
fed_11,0.00024357954733621024
business_9,0.00024355242761788876
tourism_16,0.000243364518898892
voters_12,0.00024331149398055166
wisconsin_2,0.00024325813638976924
rights_13,0.0002432341152760105
judge_15,0.00024321310744952602
return_5,0.00024310314707555962
governor_7,0.00024298810736248663
county_12,0.00024278682248184
cash_11,0.00024266874251393998
default_7,0.00024262569355235785
returns_3,0.0002425249778315901
return_6,0.00024251418903531265
senate_6,0.0002424213023415862
buy_5,0.0002423066032074718
DOW_JONES_13,0.0002422185610949684
massachusetts_20,0.00024219911461388814
gain_10,0.00024199264541670718
gold_20,0.00024194182327902969
fed_7,0.0002419043790467144
tennessee_1,0.00024182582397660197
ltd_6,0.0002417639075631751
oil_10,0.00024176049655661802
georgia_9,0.0002417011610243382
return_20,0.00024166501643780157
portfolio_19,0.00024149716602626605
tennessee_10,0.000241385400962199
ltd_17,0.0002413414705794397
returns_2,0.00024131746346708384
energy_5,0.00024131730276622846
world_7,0.00024105227330837534
management_17,0.0002406706456124537
members_13,0.00024060194510355635
gains_20,0.000240578546952183
metals_18,0.00024044070302748374
war_17,0.000240389259709877
economy_1,0.00024038842501013154
virginia_19,0.00024037004707809
republican_3,0.00024032664661431075
union_16,0.0002402288583189688
returns_8,0.00023992469202590674
return_19,0.00023983622564268062
chance_18,0.00023981665242451966
home_20,0.00023971395009525585
bonds_7,0.0002396746716211133
kitchen_10,0.0002396410689295317
washington_15,0.0002395168576297069
food_5,0.0002395130425641915
federal_16,0.00023946543133095
risk_15,0.00023943576985195665
voters_19,0.00023941923153511806
environment_17,0.00023933538763837403
york_19,0.00023933296657286982
marketing_2,0.00023929137857287065
dividend_5,0.00023921418629604518
financial_15,0.00023920369966346094
energy_12,0.00023912258893223643
portfolio_5,0.00023908128082955585
bonds_19,0.0002390746138477164
carolina_5,0.00023904089946509408
justice_18,0.0002389673154928708
credit_1,0.00023896474652621802
election_13,0.0002387234546028223
cancer_11,0.00023855104731496427
secretary_19,0.00023842914872381513
default_18,0.0002383428143602413
risk_14,0.00023833037574627427
massachusetts_13,0.0002382604690520037
returns_13,0.00023814274664038545
transaction_2,0.00023793882463803858
seats_19,0.00023788309864482447
markets_2,0.00023787695393016734
stock_market_7,0.00023764707868772616
society_12,0.0002375871676566634
profit_14,0.00023736704898236959
buy_7,0.00023720520766528497
members_10,0.0002371771136632207
fun_6,0.00023699381125000756
growth_8,0.00023693697631526183
financial_markets_12,0.0002367520361614775
georgia_10,0.00023670878671608857
profit_9,0.0002366009018780126
council_4,0.00023648283737855567
color_10,0.0002363540585588225
tennessee_17,0.00023632636976273006
justice_11,0.0002361152671280793
vermont_19,0.0002361023581476167
secretary_4,0.0002360973787302869
illinois_1,0.0002360387132779468
senate_7,0.00023594028117271323
cash_1,0.0002358684336542959
labor_2,0.00023584836568032417
ministry_10,0.0002358482410387729
housing_16,0.00023573073629076357
representatives_2,0.000235604249659772
stats_7,0.0002355498631612084
law_18,0.0002350406454975609
travel_10,0.00023499729226215762
movement_10,0.00023486709962687051
movie_14,0.00023483428273535342
election_7,0.00023474065484713292
society_7,0.00023460544329729496
economy_14,0.00023460185012151078
crisis_7,0.00023452588966484317
marriage_1,0.0002344416484847313
success_20,0.00023429284515228768
president_16,0.0002342307880092977
stock_market_2,0.00023405290952457325
freedom_17,0.00023405214448589848
government_12,0.00023403498100120411
government_3,0.00023403168080959535
william_5,0.0002339755022526086
office_17,0.00023389709636280118
fine_12,0.00023387538395975186
portfolio_17,0.0002337058143288941
management_9,0.0002336863109303833
happy_6,0.00023368198454753512
president_14,0.00023365537318673917
kitchen_8,0.00023347437951215367
party_11,0.00023336544968328358
republican_1,0.0002332236575901501
food_15,0.00023314525813253868
short_selling_17,0.00023311518759698584
conflict_15,0.00023296358497547739
tourism_9,0.00023283249939397906
unemployment_9,0.00023277008938638144
council_3,0.00023275690799314487
project_17,0.00023268524142767982
ore_4,0.0002326194393520362
service_14,0.0002323893154136337
stock_market_5,0.0002323824479010062
tennessee_7,0.00023231552865578202
hedge_6,0.00023230376209000991
massachusetts_3,0.00023215646250478105
short_selling_2,0.00023213260398636466
ceo_14,0.0002320871648431123
technology_9,0.00023201876968544522
transaction_13,0.00023191410109222953
happy_12,0.00023188466050630052
election_11,0.00023188413768401758
fine_1,0.000231872018641156
secretary_14,0.00023186556015663667
judge_12,0.00023175093838389437
culture_5,0.000231690270682274
republican_12,0.00023161029356808888
movement_8,0.00023160591445968667
social_1,0.0002316034125787877
stocks_19,0.00023158688379132025
unemployment_7,0.00023158099642293716
project_3,0.00023152623039718505
car_5,0.00023150732364073668
elected_8,0.00023144158873497853
tourism_18,0.00023143467303340278
chance_3,0.00023138607722945776
ore_3,0.0002312841017531747
republican_15,0.0002312650277336209
economic_4,0.00023126380706434593
movement_19,0.00023123711110691362
firm_16,0.0002311964188313957
energy_8,0.0002311731859183114
media_18,0.00023101986318251318
firm_7,0.000231011175863442
default_8,0.00023100321098263482
security_1,0.00023095832637833798
global_15,0.0002308718228092213
inc_17,0.00023077913491556529
justice_20,0.00023024824678695346
inc_9,0.0002302054339676317
minister_3,0.00023014911880332945
elections_9,0.00023014410965237686
council_9,0.0002301104315050477
stats_18,0.00023007637668987968
derivatives_4,0.00023006701029087948
massachusetts_2,0.0002299610892936256
chance_7,0.0002299466287939021
fond_11,0.00022979398484993882
kitchen_11,0.0002297819429916833
act_11,0.000229700535490477
district_13,0.00022959903306260404
members_20,0.00022950745040146815
government_20,0.00022948932264016611
elections_13,0.00022945286688607396
pennsylvania_1,0.00022929176490003593
bank_9,0.00022917295909584634
law_19,0.0002290526004810309
seats_20,0.0002289430741273754
headlines_11,0.00022884822266754418
market_5,0.00022878581653375802
nasdaq_18,0.00022868422274608725
freedom_18,0.000228652423949282
wisconsin_18,0.0002286403382753755
stats_4,0.0002285666875223002
judge_2,0.0002284875471444672
invest_7,0.00022843777789760956
portfolio_3,0.0002282842186948873
committee_15,0.00022825936410534532
investment_18,0.00022820597108671182
president_19,0.00022790715483323877
corporation_1,0.0002278696991106436
development_12,0.00022779633143276592
oil_16,0.00022778171119183072
conflict_5,0.00022767848526969082
media_16,0.00022767250104536392
services_8,0.00022759291011153888
kitchen_19,0.0002275352132216625
rights_2,0.00022750153655304786
arts_10,0.00022746568521179756
lifestyle_12,0.00022744084767980342
consume_14,0.00022731324304803603
case_16,0.00022725473911755723
election_17,0.0002271762907148112
economy_4,0.00022717052786853765
sell_14,0.00022673929446982236
technology_5,0.0002266714524881482
return_16,0.0002266613581512671
social_8,0.000226632480028236
bank_3,0.00022659264963292524
conflict_20,0.00022657599141034902
court_18,0.00022651526700389403
companies_2,0.00022640871178612325
society_3,0.00022640529824214184
development_17,0.00022633283320519962
default_20,0.000226331604651264
legal_7,0.0002263020755586601
economics_14,0.00022628364231981274
social_10,0.00022606120864400464
forex_5,0.00022585082109186422
ore_13,0.00022575123337757367
markets_20,0.00022573533780597397
college_5,0.00022564256439448272
union_3,0.0002256302446229542
pennsylvania_10,0.00022556096403822867
republican_11,0.00022541753538668776
economy_13,0.00022540996334262592
consume_6,0.00022532943925030103
representatives_5,0.00022529530545036723
portfolio_10,0.000225219921593447
stock_market_11,0.00022514695644537281
car_4,0.0002250283557307288
corporation_6,0.00022493855976294527
ministry_17,0.00022488615813423004
political_16,0.0002248775953663524
seats_12,0.00022486845701877181
restaurant_10,0.00022480942903977682
investment_14,0.00022453663797475566
ore_16,0.00022453393867877413
william_14,0.0002245080024701862
project_19,0.00022439942891109532
office_20,0.0002242850229993037
tennessee_6,0.0002242405239852132
wisconsin_9,0.00022410950323076192
war_8,0.000224051829888493
case_11,0.00022402574706669462
default_5,0.00022401076152793432
travel_5,0.00022394147133731173
success_7,0.00022391054086719927
dow_jones_20,0.00022388094155584493
dow_jones_15,0.00022383701359299522
metals_13,0.00022383589886132999
growth_15,0.00022381343133378307
million_20,0.00022361614006631558
risk_9,0.0002235961496986835
project_14,0.00022346249369126559
votes_11,0.0002233944203423385
tourism_13,0.00022334645494005722
seats_18,0.00022328460310225854
georgia_19,0.00022328244739168985
earnings_11,0.00022316359063670991
religion_8,0.00022296204069293863
management_18,0.00022295634677504136
bubble_16,0.00022288917750642255
culture_11,0.0002228605608896084
pennsylvania_5,0.00022284581192178046
unemployment_13,0.00022273504251976183
freedom_1,0.00022267488012156768
president_17,0.0002225734822762525
georgia_18,0.0002224175589012583
sell_17,0.00022239022243149
cash_3,0.00022228870895691779
earnings_1,0.00022224748602315143
members_5,0.00022220124190768369
elections_12,0.00022215537060050455
water_15,0.00022206069321745487
politics_4,0.0002219445224357974
york_9,0.0002218490128964082
management_19,0.0002218229404606578
media_17,0.00022177950675136542
crisis_3,0.0002217604255675412
crisis_16,0.0002216858745956669
court_19,0.0002215941620122871
unemployment_6,0.00022155983668717635
loss_7,0.00022145946485983823
crash_4,0.00022141195528394336
political_14,0.0002213448035715939
cash_10,0.00022129415829379623
bonds_14,0.0002210403158478829
global_4,0.00022079622799418478
carolina_4,0.00022072599129242706
arts_8,0.0002206752376546237
service_12,0.00022066297907485092
firm_15,0.00022065925049113774
return_12,0.0002206374338196957
oil_8,0.0002205807462309469
lifestyle_2,0.00022040099395539156
forex_19,0.0002203490366021824
kitchen_12,0.00022034652361238398
nasdaq_13,0.00022030822595514208
court_16,0.00022017977444254867
DOW_JONES_19,0.00022017200907582782
present_17,0.00022012624986743145
growth_17,0.0002196589752492476
religion_14,0.0002196256504533585
headlines_8,0.00021943328376463497
firm_9,0.00021943185885869092
committee_2,0.00021943034505040088
marriage_17,0.00021932838981372505
elections_8,0.00021923185254733824
travel_19,0.000219187946950142
stocks_8,0.00021916257864679738
arts_14,0.0002190178003216164
wisconsin_5,0.0002189042730102011
virginia_3,0.00021887564305000443
wisconsin_8,0.00021884634452785042
water_18,0.00021881971090274076
kentucky_3,0.0002186644929956972
food_20,0.0002185938493345517
investment_5,0.00021855419739012582
nyse_1,0.00021851877645038834
tourism_15,0.0002183974469047761
ministry_14,0.00021833833522033608
illinois_15,0.00021824139350712225
money_1,0.00021821043109328408
stats_14,0.00021820175228113605
union_6,0.0002181504418716916
buy_12,0.0002180455479992656
ring_16,0.0002179858212676951
forex_7,0.00021778832876564764
federal_7,0.00021764563375326266
law_6,0.00021764168145404808
movement_9,0.0002175710801849031
fine_4,0.00021752514965366805
consumption_6,0.00021735103793946522
rich_13,0.00021734365720368402
bubble_6,0.00021733088481896705
county_18,0.00021705691251652225
color_9,0.00021704649765131578
energy_17,0.00021690939544584704
environment_8,0.0002168805842545752
community_17,0.00021680101506633696
trader_8,0.0002166882409451589
ring_17,0.00021665948369821789
holiday_16,0.00021660359144809598
metals_7,0.0002164934942169708
ring_6,0.00021639192335990863
office_1,0.0002161832038724973
revenue_18,0.0002158650184588549
virginia_18,0.00021574730745103817
environment_20,0.00021567205265995187
nasdaq_16,0.0002156638537118469
oil_11,0.00021550591750465412
illinois_10,0.000215485180041073
senate_3,0.00021539064442180691
nyse_19,0.0002153657359112886
firm_2,0.0002152720872062405
case_7,0.00021520308888330118
rights_11,0.00021517491094334275
founded_13,0.00021506139157514932
house_2,0.00021498812146663937
act_9,0.00021496081282087784
service_19,0.0002148841753350811
garden_6,0.0002147642184005587
stats_13,0.00021465508226858025
rights_12,0.00021434883916510972
democratic_7,0.00021433726806308585
bubble_8,0.0002143369504771228
financial_7,0.00021431443835885392
elections_14,0.000214211349660369
security_11,0.0002140598361054561
republican_18,0.0002139327364534191
sell_6,0.00021390835801109276
democratic_18,0.0002137581480593441
companies_14,0.0002137532438041317
committee_16,0.00021374083442143746
fond_15,0.0002136234847086637
portfolio_13,0.0002135412606215472
car_1,0.0002134689019793805
development_18,0.00021306144500080559
health_2,0.00021295253354979642
profit_8,0.00021292614041067506
ohio_20,0.00021288503261426047
holiday_14,0.00021277464920192005
members_9,0.0002127012824152246
media_9,0.00021244105693741304
district_16,0.00021203097408827295
wisconsin_11,0.00021193695603705326
consumption_4,0.00021188695609210677
derivatives_11,0.00021186778179195902
trader_1,0.00021170112326542162
political_13,0.00021162762092998672
labor_5,0.00021159328611645032
security_17,0.0002115152730809942
market_14,0.00021137623508191535
minister_12,0.00021134540465131556
media_11,0.00021115759718738078
water_12,0.00021104646268140984
home_10,0.0002108820741717624
gains_12,0.00021073416887552613
health_3,0.0002106980494618107
housing_14,0.000210654994183615
kitchen_9,0.0002106532794796007
trader_13,0.0002105520155606345
senate_17,0.00021046871259503683
return_10,0.000210466941178898
service_7,0.00021024787188906281
voters_2,0.0002102216238716657
texas_3,0.00020993999260186582
gain_13,0.0002098567551287964
kitchen_7,0.00020982514979313145
energy_13,0.0002098129513046093
bank_20,0.00020961769248511276
environment_7,0.00020957774509928144
freedom_13,0.0002094348229028044
ltd_19,0.00020941398713712325
development_15,0.0002091922577553734
revenue_9,0.00020917530133890915
bank_17,0.00020907882900400752
sell_8,0.00020897698153529248
culture_19,0.0002088613040684016
bonds_4,0.00020884301597594095
nyse_14,0.00020883763735928158
economics_16,0.0002088156908166593
seats_10,0.00020871976785108415
risk_4,0.00020870430202771443
massachusetts_18,0.00020866766549241725
legal_13,0.00020853798042944318
management_15,0.0002084775179366924
virginia_13,0.0002084345685495822
earnings_15,0.0002083445706946224
products_6,0.0002082864960379652
dow_jones_11,0.0002081948327690605
transaction_1,0.00020813931265474731
credit_12,0.00020800792382580632
ring_19,0.00020800453823126947
fine_6,0.0002079389075981236
economics_12,0.0002079042480709795
banking_6,0.00020788779004634933
sell_2,0.0002076841910459704
virginia_8,0.00020766028152927792
fed_3,0.0002076415028668738
trader_12,0.0002075131546148552
members_4,0.00020748549289670618
ceo_17,0.0002074812626664656
investment_2,0.0002073677510802051
ore_1,0.00020735102323767832
justice_3,0.00020729844964523697
political_6,0.00020725862166321224
bank_10,0.00020712758943653995
representatives_8,0.00020690181823049175
committee_13,0.0002068685112810465
unemployment_15,0.00020676155306314944
president_12,0.00020660828269794212
garden_20,0.0002065571786614328
default_11,0.00020645669066249743
stock_market_16,0.00020644885495706014
crash_20,0.0002063592444694589
garden_10,0.00020634868097952044
missouri_2,0.00020628888722173027
fun_12,0.00020623359078987376
inflation_3,0.00020620333171723635
tourism_12,0.0002061461616506052
million_13,0.0002060652711706025
health_10,0.00020601754334789187
revenue_7,0.00020595069186729606
tennessee_3,0.0002058373696753
washington_19,0.00020578934731329716
political_11,0.0002057409443073844
gain_15,0.00020573765532545032
opportunity_18,0.00020561824878731008
senate_18,0.00020557672801138326
money_4,0.00020538244391055013
unemployment_14,0.00020528766562087362
chance_8,0.0002052051448084936
movie_4,0.00020520271896876685
society_10,0.00020508947772298984
million_14,0.00020504381435398328
missouri_14,0.00020495813299628145
york_6,0.00020486830332877505
firm_1,0.0002047949645948968
profit_16,0.00020479393572780258
economic_9,0.0002047896762227901
council_18,0.00020453690426099161
gold_16,0.00020452594446919496
bubble_5,0.00020449367314401485
development_3,0.00020444314176632148
happy_8,0.00020433529103007383
ceo_8,0.00020420337011397888
gains_14,0.00020417001324427267
holiday_2,0.00020414465394685691
nyse_8,0.0002041104028544995
project_6,0.0002040195085965864
pennsylvania_7,0.00020397942213884351
virginia_2,0.00020397737492332832
profit_12,0.00020388488524662087
inflation_4,0.00020382500944243463
religion_2,0.000203556830572942
nyse_20,0.00020348385771464108
party_16,0.00020337767476624004
rare_earths_10,0.00020335645067387061
culture_18,0.00020335052734079197
banking_20,0.00020327152827836516
products_14,0.00020308409721687612
government_17,0.0002030338897869973
president_15,0.0002028784346618026
york_3,0.0002028470109222412
crisis_13,0.0002028395507655184
fun_1,0.0002027112637471207
democratic_11,0.00020266329121254023
hedge_5,0.00020262943590344237
democratic_12,0.0002026124004388656
lifestyle_7,0.00020240370580601764
culture_1,0.00020226471410163344
fine_20,0.0002022234462838699
missouri_19,0.0002021811895415112
dividend_12,0.000202159572193732
home_17,0.0002020390652110809
committee_8,0.0002019580112653099
political_4,0.0002018896405421508
money_19,0.00020185059103631123
political_5,0.00020183418892770507
law_11,0.00020180376981339987
derivatives_1,0.0002017124057556146
marketing_16,0.00020162623278621828
republican_4,0.00020158835108707225
train_20,0.00020149453970753065
revenue_10,0.00020144112998288832
rights_4,0.00020109535428645357
gain_19,0.00020102683917103646
portfolio_8,0.0002009779738102357
police_8,0.00020092448896707167
success_15,0.00020075187169777916
revenue_6,0.00020074012518010525
forex_14,0.00020062077416787844
economy_10,0.00020048137829091923
william_9,0.00020033188965420343
county_4,0.00020031198530830616
politics_12,0.00020019815691928002
economics_13,0.00020009430004518715
train_4,0.00020007519170113164
returns_18,0.0001999515067171395
fed_16,0.000199919198970862
environment_13,0.0001997972900020341
fun_19,0.00019975186573344911
fun_10,0.00019968769164111484
trader_7,0.0001995517854881446
service_17,0.0001994716312517869
markets_17,0.00019944674849962888
opportunity_3,0.00019941989251066904
ceo_4,0.00019935415388467714
government_5,0.00019923503528700552
train_3,0.0001992148321815288
governor_19,0.0001991484783449516
success_8,0.0001991427589484285
elections_10,0.000199135763953284
war_10,0.0001989635730554164
economic_1,0.00019890493678216046
bubble_13,0.0001988488043161352
services_12,0.0001988353866439735
politics_1,0.0001987407275269472
housing_9,0.00019873851819395363
security_7,0.00019867815193705895
inc_1,0.0001984745656499294
growth_4,0.00019846248552044625
invest_12,0.00019844970791756852
blacklist_5,0.00019829294646575465
county_1,0.00019822983259151493
revenue_20,0.000198223012843875
financial_13,0.00019820933269943278
gold_7,0.00019818060194279642
election_12,0.00019811094111002055
bonds_6,0.0001980630749904465
act_1,0.00019783874694018092
DOW_JONES_11,0.00019779737513799412
service_9,0.00019772912088594487
william_7,0.00019769987844025922
greed_20,0.00019760760353998327
election_4,0.0001974815306459754
culture_20,0.0001974429358169536
minister_5,0.00019735968022010909
consume_11,0.00019726276894512963
missouri_13,0.00019722719418979265
returns_1,0.0001972118794506213
travel_15,0.00019713944798868528
stocks_18,0.00019711887162216483
housing_1,0.00019693231522156104
labor_13,0.00019692300083783756
return_14,0.00019691021592723395
pennsylvania_15,0.00019688950496518718
banking_11,0.00019666756347468746
bonds_12,0.0001966481436384932
democratic_8,0.00019662834877297783
hedge_12,0.00019649484406793232
revenue_14,0.0001964643991076872
labor_17,0.0001963679621725086
gain_9,0.00019615449206120708
invest_4,0.00019608011256334296
culture_17,0.00019598972036895032
legal_5,0.00019592474647624647
debt_19,0.0001958136996656676
freedom_10,0.0001956616962608728
oil_20,0.00019562979487443635
loss_10,0.00019561897992121201
economy_3,0.00019558739714053326
missouri_6,0.0001954973926417516
legal_3,0.00019545862136667548
chance_1,0.00019533762806509173
media_10,0.00019531240398947542
inc_20,0.00019531210433380245
gains_10,0.00019530569641419332
movie_15,0.00019524237712779274
DOW_JONES_8,0.00019506554747829506
bank_8,0.00019501608253113
representatives_12,0.0001949843599786365
loss_6,0.00019491149166400585
stock_market_17,0.0001947625590011574
gains_8,0.0001947068635306097
credit_8,0.0001946397200065132
dow_jones_14,0.00019460297419029342
color_12,0.00019444888149917374
police_19,0.0001941765721452283
vermont_18,0.00019412595575501548
movie_9,0.0001941174247496388
ore_8,0.00019410234111378848
votes_9,0.00019406621084210282
conflict_11,0.00019404679109355006
happy_4,0.0001939450346642345
crisis_19,0.0001939095905839061
revenue_15,0.0001938302480691071
invest_9,0.00019367567968801247
case_3,0.0001935530266342015
products_1,0.000193542367912794
bubble_1,0.0001934439356635401
blacklist_19,0.00019329539555849485
legal_4,0.0001931776253303186
served_20,0.0001931451341730548
forex_11,0.0001931297941910974
loss_5,0.00019305774893904403
metals_3,0.0001929189724694811
secretary_16,0.0001928806658479059
marriage_2,0.00019281946675120648
opportunity_15,0.00019275389050110814
DOW_JONES_12,0.00019275035624966355
sell_3,0.00019271062672975077
cash_7,0.00019269221336666486
consumption_19,0.00019265507428652104
rich_9,0.00019263403411240803
dividend_14,0.00019254584397606654
gains_2,0.00019243087108830126
conflict_3,0.0001924209474084603
war_2,0.00019242013715042958
gold_8,0.00019221768994331578
train_1,0.0001921909998448902
economics_18,0.0001918874919702331
food_12,0.0001918446816372937
returns_20,0.000191660909280008
police_10,0.00019160577905922462
culture_13,0.00019154724377315496
environment_5,0.00019148068794220207
transaction_16,0.00019143782332890758
founded_16,0.00019123497559294668
opportunity_9,0.00019114830225156203
justice_8,0.00019110297920984704
ltd_18,0.00019084958460484388
committee_9,0.0001908440070709732
restaurant_7,0.00019056019079375467
project_9,0.0001905281481429949
headlines_1,0.00019044149488474773
ring_8,0.0001904240676157596
gold_9,0.00019041934535352943
chance_10,0.00019031910901571596
social_17,0.00019018268210946134
invest_8,0.00019015055842368226
economy_16,0.0001901390053645549
ltd_20,0.00018964501537052425
success_5,0.00018941198197319528
conflict_6,0.0001893977487914849
debt_3,0.0001893761591071513
ohio_19,0.0001891703876319148
media_4,0.00018911784016331385
court_10,0.0001889505647633486
illinois_13,0.00018893103310134787
labor_19,0.00018863133348384157
seats_9,0.00018849669829909532
act_19,0.0001883219723378606
inflation_20,0.00018831987565433872
dividend_2,0.000188309921931023
ore_2,0.00018823100551285403
return_15,0.00018815781825618503
secretary_17,0.00018811777697463653
rights_6,0.00018805586873880118
garden_3,0.00018804826191821508
crisis_11,0.00018800965882748773
bubble_18,0.00018769704003366496
market_17,0.00018757749958283465
dow_jones_6,0.00018741902715348584
cancer_4,0.0001872958064794173
success_17,0.00018728558929347305
inc_12,0.0001872366608933651
revenue_13,0.00018719661550852041
virginia_7,0.00018714378845435846
derivatives_17,0.0001870704063132454
gain_20,0.0001868987812260193
restaurant_15,0.00018689864502205068
stock_market_1,0.00018672145254647663
court_5,0.00018670579332026932
transaction_17,0.0001866895939048165
conflict_1,0.00018663346910350408
short_sell_17,0.0001864608327541344
religion_17,0.0001864380162837293
leverage_20,0.00018640220196825672
culture_7,0.0001863530191924865
wisconsin_13,0.00018634203399585608
ceo_11,0.00018622567917776097
financial_3,0.00018615794413813117
blacklist_14,0.0001860731183907819
ring_13,0.00018590030106713308
firm_14,0.00018586295864428496
election_18,0.0001858108097955324
massachusetts_16,0.000185796323040774
founded_9,0.000185586661079126
project_8,0.00018558114281274764
industry_19,0.00018554828403167416
governor_3,0.00018547828174933666
garden_4,0.00018543462273739748
crisis_8,0.000185209597335968
economic_13,0.00018503745141701573
labor_4,0.00018499909518297235
restaurant_11,0.00018498879670953534
media_8,0.00018492644538940613
inc_8,0.00018485415921482064
district_18,0.00018482728573721705
housing_7,0.00018475047009445936
nasdaq_7,0.0001846563796652473
stocks_11,0.00018438443948862963
washington_13,0.00018438071127997957
risk_10,0.0001842382508302692
politics_5,0.0001839821277818856
financial_markets_6,0.00018391457427279135
seats_17,0.00018381786454070155
college_11,0.00018375877089438583
sell_16,0.0001837555407015257
social_12,0.0001835278348979728
votes_3,0.00018351365388503558
revenue_1,0.00018350182433388192
republican_19,0.00018340827513487281
debt_10,0.0001833244293556972
buy_15,0.00018330592806294342
ceo_10,0.00018299206783845
conflict_16,0.0001827248201531482
corporation_3,0.0001826069047615169
washington_1,0.00018234014776953477
nyse_9,0.0001823106461004181
banking_4,0.0001821115581618239
stats_2,0.0001820829874123731
religion_13,0.00018205068988731154
court_15,0.00018197685696439244
hedge_15,0.00018186094333420407
profit_5,0.00018169855176805607
crisis_9,0.00018164549524233285
president_5,0.00018162171589443453
corporation_2,0.00018161487068682
culture_3,0.00018159187290329047
markets_15,0.0001815702671023078
kitchen_14,0.0001814356210520557
debt_4,0.0001813718779945616
politics_10,0.00018131816450837519
color_17,0.00018131430199127616
financial_markets_15,0.0001813109208611409
banking_12,0.00018105911443005082
opportunity_12,0.00018092610367720515
committee_20,0.00018084234911399367
profit_18,0.00018039824135475613
water_1,0.00018037456434582332
happy_1,0.0001802107576644424
labor_9,0.00018013729511456942
federal_2,0.00018010301497590472
home_1,0.00018003663269006693
forex_3,0.00018001542447095662
nasdaq_5,0.00017999068617336305
market_10,0.00017985044469822842
served_4,0.00017964935017009462
stocks_17,0.00017964090121571198
movement_7,0.00017926767319617946
earnings_17,0.00017924051218243012
massachusetts_1,0.0001791855286886158
rights_19,0.00017907666401258704
technology_1,0.00017905836075291886
products_8,0.00017904673171120902
loss_16,0.00017896660329452387
economics_17,0.0001789256297653623
world_1,0.00017881589369595847
bubble_19,0.00017871828675947187
politics_17,0.00017868749240929004
republican_10,0.00017846541669599555
banking_1,0.0001783566833634873
governor_13,0.00017828520993432609
million_9,0.00017820933302421384
carolina_2,0.00017818932904871675
justice_7,0.00017805456486836015
forex_2,0.00017778629517593484
profit_7,0.00017777641073022155
election_14,0.0001777725597324721
house_14,0.00017769936322337794
nyse_10,0.00017767519500369843
judge_9,0.00017739830996459766
fed_9,0.00017734859919609118
york_17,0.00017733438042756997
massachusetts_6,0.00017717341733778473
gains_17,0.00017702733719718392
return_9,0.00017696850973354428
kentucky_15,0.0001769611424630183
economic_11,0.00017696076484874718
dividend_6,0.00017679809037294143
headlines_7,0.00017677399610682232
nasdaq_11,0.0001767465497229809
corporation_13,0.00017635304494067723
banking_10,0.00017610272311127426
members_19,0.0001760491802299122
business_11,0.00017585375135932698
dividend_16,0.00017574712395915237
movement_11,0.0001757402410720206
investment_15,0.00017569665741319618
judge_19,0.00017557568409723082
representatives_13,0.00017546283887138095
profit_4,0.00017531084200217008
project_5,0.00017524753181797782
metals_16,0.00017524559732919086
sell_11,0.00017519308274643885
justice_17,0.00017510904837304958
corporation_8,0.0001749252077056213
marriage_19,0.00017483002387111708
minister_16,0.00017480746832014752
rich_5,0.00017472130421355913
carolina_20,0.00017465073005894382
derivatives_3,0.00017463752672642238
freedom_20,0.0001745563892159296
conflict_2,0.0001743554774582963
risk_16,0.0001743532374594375
dow_jones_12,0.00017426364282758334
garden_5,0.00017422514773821792
oil_17,0.00017420954410632617
illinois_18,0.00017413429576968898
labor_14,0.00017412482656910415
stats_5,0.00017411262220926396
transaction_10,0.00017407812779013086
county_10,0.00017392220832013522
present_18,0.0001737345075661607
society_15,0.0001737220262429787
culture_16,0.0001736874904097974
risk_2,0.00017365523761918574
present_19,0.00017346487884099517
gains_1,0.00017341709499276074
ore_9,0.0001733174638271834
act_20,0.00017328023117068125
voters_11,0.00017319846495602746
seats_8,0.0001731661735844075
society_1,0.00017315781509526974
world_12,0.0001731571729342396
gold_11,0.0001731550812272143
committee_19,0.00017307430714613923
million_4,0.00017296295595582692
million_15,0.00017283703614068096
election_2,0.00017281003629350045
invest_3,0.0001727241025582666
bank_5,0.00017258219328372017
conflict_18,0.0001725389420108272
texas_2,0.00017253633729528883
media_6,0.00017244607198729986
nasdaq_9,0.0001721783764297375
fun_5,0.00017216959180319308
stocks_6,0.00017200575085981202
transaction_9,0.00017196098663070108
kentucky_17,0.00017195321295750525
economy_19,0.0001719154573466884
police_5,0.0001718037032260001
act_10,0.00017158358218550778
metals_4,0.000171492540940895
tourism_6,0.00017139982884016643
management_2,0.00017126671455566477
conflict_14,0.0001711827141311787
kitchen_20,0.0001711821611532243
present_9,0.0001711637701957577
bubble_20,0.00017112944585536292
media_7,0.00017110233110374554
dividend_13,0.00017103763617070286
carolina_3,0.00017100115382052218
opportunity_20,0.00017096837897783855
bonds_16,0.00017095841234032586
tourism_5,0.0001706617741117099
pennsylvania_3,0.0001705376107745855
served_14,0.00017023103575063172
fond_4,0.000170229233915041
gains_11,0.0001701356920167059
court_12,0.00017005107515359608
blacklist_17,0.00016998482303289052
security_14,0.00016993438210410866
consumption_20,0.00016989399397082398
arts_7,0.00016977690442370383
seats_14,0.00016974037578447004
federal_9,0.00016971481591993612
hedge_17,0.00016964204114759373
bubble_14,0.00016938838108433588
democratic_20,0.00016929757603569332
seats_7,0.00016907056777660815
legal_12,0.00016896837708913948
markets_1,0.00016893460114534607
portfolio_15,0.00016883877437650068
trader_14,0.00016872093389008386
derivatives_6,0.00016855268369284426
economic_20,0.00016851120775681578
stats_10,0.00016848485889447493
travel_17,0.00016835130708545905
water_10,0.0001683234947399196
carolina_11,0.00016828501467688702
present_16,0.0001682764134794475
growth_5,0.00016827156408711914
present_13,0.0001682022502634295
revenue_11,0.00016819859490583956
governor_14,0.00016815302306485996
garden_19,0.0001679911950321084
crash_13,0.00016767686609946158
ltd_15,0.00016750076467270532
leverage_6,0.00016738940644851234
judge_11,0.00016728205793705965
party_12,0.00016715804271751097
rich_15,0.00016706915857214329
housing_11,0.00016701841059010858
greed_5,0.0001664589541887064
economy_11,0.00016642074773240314
technology_13,0.00016640868384407782
economic_18,0.00016634420635179952
district_19,0.00016622977421873095
social_2,0.0001661919410579473
missouri_3,0.00016616851303367269
fond_19,0.00016611777198324994
democratic_9,0.0001661168821642834
college_6,0.00016609684597075898
elected_5,0.00016605867188479123
blacklist_16,0.0001660475490203191
fine_19,0.0001660356201855309
voters_16,0.00016599087403267734
religion_3,0.00016594726596712945
dividend_11,0.00016585937700489873
derivatives_16,0.00016578573854736218
judge_7,0.0001657849119991374
returns_15,0.00016578117308306705
ohio_8,0.00016554745784988408
rich_10,0.00016551580462249337
members_18,0.00016539848763905978
economics_19,0.00016533308169445576
law_20,0.00016524425891667162
votes_10,0.0001651337339522301
investment_19,0.00016505731410424484
finance_13,0.00016504679327568154
nasdaq_17,0.0001650081424902895
fond_7,0.0001649665206879225
elections_5,0.00016493165666765577
BUY_AND_HOLD_15,0.00016488835241272606
credit_11,0.00016484415011573195
investment_20,0.0001648145377278991
ministry_6,0.00016478690300633192
garden_7,0.00016478355526036045
government_14,0.00016471789649923906
success_13,0.00016442215875939732
headlines_15,0.00016440196117514222
color_14,0.00016431919813164367
rich_3,0.00016424967268999585
investment_3,0.00016385481356114188
vermont_4,0.00016374814125163622
markets_3,0.00016370340111053703
unemployment_5,0.00016360914938396822
chance_6,0.00016347478057676982
present_11,0.00016338653303292946
ltd_11,0.0001631342500279239
water_17,0.00016310330535331216
rights_15,0.00016292915534026314
governor_2,0.00016289248363448856
loss_11,0.00016286834986979008
marriage_12,0.0001628542865643306
founded_15,0.0001628060199999007
fun_11,0.0001626610808857237
financial_markets_7,0.0001626368552360857
trader_15,0.00016262131962493752
companies_5,0.00016260805272294432
elected_11,0.00016237963974075048
bubble_4,0.0001623784106841686
health_11,0.00016232237125769612
companies_17,0.00016226871497114414
kitchen_17,0.00016224317624233866
products_2,0.00016213270697964816
credit_5,0.00016200525485192624
arts_11,0.00016195074746915177
debt_2,0.00016170299342557946
party_8,0.00016166669935518678
ltd_4,0.00016164569559662604
vermont_10,0.00016159537232949024
DOW_JONES_9,0.0001615359033353242
founded_3,0.0001612832747457291
missouri_17,0.00016127199089460494
political_10,0.00016120210054116396
cancer_2,0.00016100125865514892
union_5,0.00016098819622626382
fine_13,0.00016085406254259224
ore_5,0.00016081717298553402
wisconsin_12,0.0001606859085043881
arts_19,0.00016052735303128865
happy_10,0.00016048593644046874
gain_16,0.00016038517491769424
trader_20,0.0001603534693950911
court_14,0.00016023044432379586
unemployment_10,0.00016007646769581224
ring_10,0.0001599968720833166
party_5,0.00015990250490650182
million_16,0.00015989919962071118
industry_9,0.0001598782167028647
senate_2,0.00015985485021621044
present_3,0.0001597875517649038
environment_2,0.00015976425724103263
fond_5,0.00015974427270953442
inflation_11,0.00015962256342000797
ore_15,0.00015959913753714624
arts_15,0.00015957178920040756
debt_9,0.0001595166025593124
growth_12,0.00015942657478943334
inflation_10,0.00015942103163138474
committee_17,0.00015934692533558928
marriage_14,0.00015928648619693817
carolina_8,0.00015915472858024974
democratic_19,0.00015912038244387175
served_11,0.00015904895530762314
fond_3,0.00015897375197401512
georgia_20,0.00015884757223140025
seats_3,0.00015881040871379093
elected_3,0.00015876628627338484
corporation_18,0.0001586642254011267
corporation_10,0.00015854340682544568
return_11,0.00015852349759368776
energy_11,0.00015847169697878576
success_9,0.00015827026649643325
economy_9,0.00015825416768924
headlines_17,0.00015823196806427333
money_7,0.00015817927819150482
energy_4,0.00015812657639047373
nasdaq_6,0.00015800772812316866
opportunity_11,0.0001579914161096858
money_20,0.00015788505473290343
founded_6,0.00015780183580879118
arts_13,0.00015769951806553903
million_7,0.00015762841435561808
profit_2,0.00015762367404422676
pennsylvania_13,0.00015743713902354828
invest_17,0.00015739137334631193
profit_11,0.00015732222241508423
secretary_7,0.0001571965212444176
color_16,0.00015716507222489852
rich_7,0.0001571484580834364
headlines_16,0.00015709151278508942
members_2,0.00015705920164823313
stats_6,0.00015686251728559922
gains_9,0.0001567574947690346
train_14,0.000156568557396765
committee_12,0.0001563968790941687
fond_12,0.00015633587044574376
stocks_13,0.00015632989179185824
growth_19,0.00015629921714356332
energy_6,0.00015617668133373718
hedge_18,0.00015617469274797828
car_18,0.00015616321924763878
ring_5,0.0001561532056251995
ceo_3,0.0001561289047889047
debt_11,0.00015610348467769055
corporation_19,0.00015599935631860286
water_14,0.0001558853669836116
served_13,0.00015582132699760846
garden_18,0.00015581109179786697
earnings_4,0.0001556505240451512
consume_12,0.00015553816357659624
voters_14,0.00015552471065241586
elections_3,0.00015542558362221053
financial_markets_4,0.00015534652926577286
voters_10,0.0001552638242260288
BUY_AND_HOLD_10,0.00015523487627770933
nyse_6,0.00015509830587273716
governor_20,0.00015505807867823146
cash_2,0.0001550072304932315
crash_19,0.00015498806635072084
marketing_11,0.0001549291578900642
founded_2,0.00015488735576835055
forex_8,0.00015485357132277667
headlines_13,0.00015471069583757432
default_9,0.00015463338006182234
stats_15,0.0001546236802025542
vermont_17,0.00015461672719577668
community_18,0.0001545296892212153
marketing_10,0.000154502825427625
revenue_19,0.00015444152305939919
minister_4,0.0001544402813701431
founded_8,0.0001542846072966223
dow_jones_7,0.00015419482723573458
invest_20,0.00015402010045497582
train_8,0.0001538606431812297
environment_3,0.000153829151605503
earnings_20,0.00015381828172629817
senate_10,0.00015367447993333032
financial_markets_8,0.00015359383288082233
earnings_18,0.00015359374629544378
votes_12,0.0001535404592790204
economy_20,0.00015344348421803707
finance_5,0.00015343670083325264
ltd_5,0.00015334508544863056
committee_7,0.00015326639921621138
firm_6,0.00015322071140952493
buy_13,0.00015321330598061826
war_4,0.00015314201304756958
votes_16,0.0001531293883237456
risk_12,0.00015311985035907705
market_15,0.00015303741466667816
loss_9,0.00015280143246129173
opportunity_13,0.00015279610170490344
representatives_7,0.00015278025519727326
fed_20,0.00015257663254959874
products_15,0.00015241186814342211
massachusetts_12,0.0001524118353295778
election_20,0.00015217635217599717
color_13,0.00015217189573623694
marketing_17,0.00015210439096166554
security_15,0.00015197205677956963
representatives_18,0.00015182503683498495
risk_20,0.00015172934793703397
headlines_18,0.00015171748015034667
financial_markets_1,0.0001516270097438022
portfolio_11,0.00015158544944110503
bonds_10,0.00015158144063315626
invest_15,0.0001515671573865495
georgia_5,0.00015145535211718357
business_14,0.00015125527391301018
short_sell_16,0.00015118384700322872
tourism_1,0.00015115008731011477
trader_2,0.00015109172753509964
freedom_11,0.0001510672009556735
finance_11,0.00015106296387142016
profit_6,0.00015101800326274112
law_17,0.00015080808475840876
secretary_9,0.0001508006516956149
debt_12,0.0001507107598626949
missouri_20,0.0001505225312626069
vermont_14,0.00015048785246994173
leverage_2,0.00015012601642426426
debt_13,0.00014975780148663982
district_20,0.00014975201549999054
fed_5,0.00014968737253697278
media_12,0.0001494714439663036
fine_7,0.00014930260724009724
elected_4,0.00014922076747117394
arts_4,0.00014918452714798817
business_4,0.00014905342051294552
forex_15,0.0001490362108519309
services_14,0.0001490240489344366
gains_16,0.00014892568284626955
greed_8,0.0001489053069208529
markets_18,0.00014880295987024984
fond_13,0.00014875634018523702
fed_14,0.00014872393749231592
freedom_3,0.00014871049196845434
voters_3,0.000148642436643403
media_13,0.00014863874074598648
cancer_10,0.00014860528484122776
bonds_15,0.00014858427576292364
bonds_20,0.00014846287405049306
financial_markets_17,0.00014841721163943872
ministry_19,0.00014832352679475594
earnings_10,0.00014827706755280524
ore_19,0.00014817509885847648
act_18,0.00014807190176953955
happy_19,0.00014798016821795243
rich_17,0.00014761556522377824
buy_16,0.0001474987391450847
economy_17,0.00014726892792740545
loss_2,0.00014726524684197565
loss_15,0.000147226054869741
ring_4,0.00014704718170108845
ohio_12,0.00014702394669449738
william_19,0.00014692480176209217
kitchen_13,0.0001466821089811925
ceo_9,0.00014648777552388962
marketing_14,0.00014638081702982638
social_5,0.00014637961320499625
rich_14,0.00014617767883797926
happy_11,0.00014605684098380672
law_3,0.00014604926319756987
housing_13,0.00014596696272259043
bank_18,0.00014592722078899737
million_5,0.00014585042974724996
greed_19,0.0001457623543295995
profit_3,0.00014571986526405324
judge_3,0.00014560436093385967
market_18,0.00014558187415267493
ministry_1,0.00014551133370533457
default_3,0.00014506831189493424
present_20,0.0001450321363282315
society_16,0.00014501151778571736
stock_market_9,0.0001449699505139381
DOW_JONES_20,0.00014487597930327965
rare_earths_5,0.00014485536321922208
consume_20,0.0001448147856658155
economics_2,0.00014458954491364804
gains_6,0.00014455860790180057
senate_11,0.00014450002672167483
chance_11,0.0001444914988745723
inflation_12,0.00014447559203872214
founded_19,0.0001444559480565919
hedge_10,0.00014437168290989128
derivatives_19,0.000144329555445347
gain_8,0.00014429365020395392
nasdaq_8,0.00014416001271629135
million_8,0.00014369932881576176
bonds_1,0.00014367727720390568
conflict_17,0.00014365122026528036
earnings_5,0.0001435147418166002
senate_15,0.00014347614917615618
gain_5,0.00014346152408559114
hedge_11,0.0001432645972657339
freedom_12,0.00014298370741704745
members_17,0.00014285125548280878
gains_18,0.0001426555006596566
million_1,0.0001422592639248583
energy_2,0.00014216363740987458
loss_3,0.00014214949778145538
blacklist_9,0.00014210292791280032
rich_1,0.00014209809944658528
leverage_15,0.00014197879460430918
development_16,0.00014173314565080729
sell_13,0.00014167789802881298
fed_1,0.00014149824063274116
transaction_12,0.0001409102378802527
governor_8,0.00014090299799077098
house_10,0.00014084527496666826
metals_6,0.00014074334608912557
freedom_7,0.00014073332300571276
ltd_14,0.00014055258605302895
william_12,0.00014049563476576548
ring_20,0.00014048267038813914
marriage_18,0.00014033015528276178
blacklist_10,0.0001400849260253646
elected_17,0.00013981790385510107
present_10,0.00013974737839361935
financial_18,0.0001397115648885812
fond_9,0.0001394053683700245
washington_14,0.00013906436657035612
voters_20,0.0001389778589487616
house_12,0.00013867935068608966
election_15,0.0001386658755564284
elected_19,0.00013855343300754762
nyse_15,0.00013845887092052374
seats_2,0.00013831525977912035
firm_4,0.0001381986247059421
default_19,0.00013815580247348574
kitchen_1,0.00013808992600112063
forex_13,0.00013796402043126906
rich_16,0.00013794653574666566
crisis_12,0.00013791992681559524
party_4,0.00013780977920389734
chance_2,0.00013755025068273486
inflation_2,0.0001375355075580231
conflict_7,0.00013746276273359962
gains_15,0.00013744698460634762
invest_6,0.000137174447833799
seats_13,0.0001370123511163398
economics_15,0.0001369305424155944
elections_16,0.00013673407835513803
dow_jones_17,0.00013671756555611047
lifestyle_3,0.00013656097987477424
fond_16,0.0001364583637054353
served_19,0.0001363287978319855
fond_10,0.0001363065198099488
elections_19,0.00013627707319669585
council_12,0.0001362581435862238
greed_1,0.00013618629358489416
texas_9,0.00013616648816604042
development_8,0.00013604207295731034
movement_15,0.00013601624454855193
culture_2,0.00013595389891156998
election_6,0.00013591482135945332
representatives_20,0.00013589456863232513
elected_15,0.00013562702423623735
transaction_15,0.00013543247378151071
forex_6,0.0001351907247637046
marriage_8,0.00013501879330567708
short_selling_9,0.0001349994651179934
voters_13,0.00013499865420077908
stocks_15,0.00013458375577803463
labor_11,0.0001344983537552386
seats_1,0.00013441615939886566
security_3,0.00013438872134662034
governor_1,0.00013431293233260544
ohio_1,0.0001341910881108855
portfolio_4,0.00013407407457543592
transaction_20,0.0001339549127720343
nyse_11,0.00013380046447256132
arts_12,0.00013379610646722275
nasdaq_10,0.0001337607846979921
case_14,0.00013373823934818816
BUY_AND_HOLD_4,0.00013367027771993249
members_8,0.0001334445545743032
vermont_8,0.00013343469720852243
firm_17,0.00013319334010740164
present_6,0.00013297625261661102
credit_16,0.00013290924238925852
markets_5,0.00013289822797780244
ore_6,0.00013281253893165232
council_10,0.0001325834801652793
kentucky_19,0.00013248384133218122
stocks_20,0.0001323713879767856
ministry_16,0.00013186457030578603
metals_17,0.00013146195240361038
chance_5,0.00013129257208825026
movement_5,0.00013119394077240265
georgia_1,0.00013110130016872958
restaurant_17,0.00013107032758738482
consume_18,0.00013096629040308842
economy_12,0.00013086457080851584
loss_17,0.00013065272731053714
success_6,0.00013051074280067852
ministry_7,0.00013042517290334454
hedge_9,0.00013031658292259485
republican_7,0.00013025057700538335
loss_4,0.00013024545724548838
ore_11,0.00013014325294611578
investment_1,0.00012975938250800958
democratic_6,0.00012974245713142824
economy_7,0.00012965915767397383
media_14,0.00012959678184790702
cash_19,0.00012938387763818552
oil_3,0.00012935528638088997
invest_11,0.00012922805376612009
profit_1,0.00012890099847157028
returns_19,0.00012884704125078742
transaction_4,0.00012870688000807384
headlines_6,0.00012856994949791888
culture_8,0.00012855859276656963
environment_18,0.00012849604561074684
fed_19,0.0001283131846697627
headlines_20,0.0001282857222807451
union_8,0.00012821220423342558
movement_2,0.00012820852478578592
financial_markets_13,0.00012818006163639766
dividend_10,0.00012801592692435724
union_9,0.00012799912700503353
media_3,0.0001279064228025931
water_9,0.00012786724175779655
blacklist_3,0.00012785777639648824
debt_15,0.0001278331405644037
dow_jones_9,0.00012779259785847543
stocks_12,0.00012773889073063884
culture_9,0.00012762891726334654
judge_1,0.0001275040258844855
growth_20,0.00012736788937555332
sell_7,0.00012725612887653278
banking_7,0.00012686076463114932
fine_11,0.0001268195180268943
development_11,0.00012679663815615328
firm_12,0.0001267527225203737
freedom_4,0.00012675019734492148
ltd_10,0.0001264871364457696
elected_18,0.0001262334145037959
financial_markets_16,0.0001256542492666723
bonds_2,0.00012534275510059562
economics_9,0.00012519389580354598
conflict_4,0.00012518028400638765
environment_6,0.00012441091215776632
york_14,0.00012441073929810305
environment_12,0.0001243006770146598
holiday_5,0.00012425910240028234
profit_13,0.00012420367130485527
global_18,0.00012400239524080868
media_20,0.00012381642572789882
default_12,0.00012349394820432714
derivatives_7,0.0001234008554343911
fed_15,0.00012329638250391592
founded_14,0.0001229872490402761
short_sell_20,0.0001229361882500279
investment_6,0.00012292412627969794
firm_19,0.0001227232541251945
police_12,0.00012271066085233192
ore_20,0.00012270370605806653
elected_1,0.00012264990145727058
metals_10,0.00012252114346729629
fine_16,0.00012243729959617342
voters_8,0.00012219152473278132
founded_18,0.00012191102214751474
ring_3,0.00012187290667651418
economic_14,0.00012182605130264952
tourism_2,0.00012176277871767066
water_2,0.00012164140079696048
greed_12,0.00012114387576241875
massachusetts_4,0.000121112290982092
short_selling_12,0.00012107649384341185
republican_13,0.00012081188835641853
kentucky_10,0.00012070056231472573
ministry_11,0.0001205973656159868
million_3,0.00012054204862242518
home_7,0.0001202227944964346
dividend_1,0.00011996874130175489
crisis_6,0.00011973727639047195
profit_10,0.00011964365136288972
bubble_2,0.00011937618266927336
leverage_5,0.00011912796738987217
markets_12,0.00011883891376975901
invest_14,0.00011862530756988313
leverage_16,0.00011859117115879309
technology_2,0.00011835629136513504
headlines_19,0.0001182605757714965
products_3,0.00011816981451167954
money_17,0.00011804640403550696
representatives_1,0.00011802280579343472
portfolio_1,0.00011793563128395225
rich_6,0.00011790223777695513
technology_19,0.00011777933252135984
greed_13,0.0001176663526619475
markets_6,0.00011754800062246311
elected_14,0.000117471177302508
president_18,0.0001174410505142528
financial_markets_9,0.00011734332647982166
food_7,0.00011725780029773088
service_15,0.00011725069911224187
elections_1,0.00011720185619085712
ohio_11,0.00011706797738271118
arts_16,0.00011699082118274556
dividend_20,0.00011675836744640163
vermont_5,0.0001165705397645924
returns_10,0.00011642180525227808
BUY_AND_HOLD_3,0.00011633173720693784
legal_9,0.00011625886161216932
companies_18,0.0001161796625152127
nasdaq_1,0.0001160567686281736
happy_16,0.0001158255020434517
movement_17,0.00011582525749127163
elected_7,0.00011572934503993348
nyse_17,0.00011551042245857569
fun_15,0.00011533721655547456
federal_4,0.00011531265571634854
consume_13,0.0001152346275675775
firm_20,0.000115134395775005
investment_10,0.00011508257625217555
success_14,0.00011501125780055923
crash_17,0.00011441401788227557
justice_5,0.0001141052577446542
opportunity_16,0.00011402743832965508
chance_19,0.00011397568718112046
seats_15,0.00011394925281002993
carolina_16,0.00011387294788292937
lifestyle_20,0.00011372480045743521
stock_market_4,0.0001136959685922674
economics_7,0.00011365957053303164
buy_10,0.00011360772006278134
short_selling_10,0.00011345858249364336
short_selling_15,0.00011333849475547676
rich_11,0.00011303010189781731
bank_14,0.00011265267147479121
sell_19,0.00011259176750999876
council_1,0.00011248044324334065
ring_1,0.00011242992681967806
sell_12,0.00011218746104489428
fine_8,0.0001120356110848511
loss_19,0.00011167843215448179
ceo_13,0.00011158833461933321
minister_2,0.00011153581971356576
success_3,0.00011131900766994488
labor_20,0.00011131772028288774
law_4,0.00011128335346149068
growth_6,0.00011117981509001961
money_9,0.00011091133016148159
dividend_9,0.0001106125347076295
consume_3,0.00011041376222291035
sell_10,0.0001104071749717648
ministry_3,0.00011022030964889996
fine_5,0.00011005833859522949
votes_7,0.00011004646212598059
leverage_3,0.00010995319281563113
stock_market_19,0.00010971240994638918
BUY_AND_HOLD_19,0.00010962028879219273
stock_market_15,0.00010941284947060408
present_8,0.00010931807586753126
representatives_17,0.00010927896307088456
council_16,0.0001092474134799324
markets_11,0.00010916123913617268
success_12,0.00010862459594331218
votes_19,0.00010855283512764548
chance_15,0.00010842286437069148
gains_3,0.00010834463315525506
representatives_15,0.00010827737888075212
default_13,0.00010786755191955032
politics_20,0.00010772391902178608
economics_1,0.00010722170228641404
fun_7,0.0001072020282150312
markets_9,0.00010718784283313333
ministry_12,0.00010713597481119658
metals_12,0.00010695663630772779
republican_8,0.00010651414636973956
success_1,0.00010647099924244117
greed_11,0.00010646757010943383
politics_18,0.0001063756540216079
financial_markets_18,0.00010626213357092137
gain_6,0.00010625812927983824
color_18,0.00010617001400049664
earnings_2,0.00010605352257636556
lifestyle_6,0.00010598930389412225
leverage_9,0.00010583382662829847
dividend_18,0.00010571755162632875
hedge_7,0.00010556012839759996
conflict_19,0.00010549173067341356
nyse_18,0.00010533345568491839
holiday_4,0.0001053065365191084
dow_jones_19,0.00010522092124084794
religion_12,0.00010520879302532846
ceo_6,0.00010467838514933925
greed_3,0.00010463050184185135
religion_7,0.00010457810478138321
dow_jones_13,0.00010438550165610896
legal_1,0.00010392274519857444
short_sell_3,0.00010390513026163052
elected_12,0.00010380593126306991
crash_9,0.00010357656302487362
DOW_JONES_3,0.00010342165674291566
massachusetts_5,0.00010339516568692023
blacklist_11,0.00010312754807956638
firm_18,0.00010312663204851426
earnings_12,0.00010304700781214693
trader_17,0.00010302721904503481
votes_15,0.00010274887734086093
leverage_19,0.00010256792250882409
college_17,0.00010205194069055827
short_selling_5,0.00010187356022353509
greed_17,0.00010174400192838456
present_5,0.00010172886333420188
banking_9,0.00010169109706236331
global_10,0.00010146672356827864
short_sell_2,0.00010136040446749787
bonds_9,0.00010122906975490677
committee_10,0.00010106328388890708
gains_5,0.0001006797362654364
derivatives_18,0.00010040251323383094
BUY_AND_HOLD_9,0.00010020620924063922
banking_3,0.00010015720890892957
served_18,9.978944856196268e-05
leverage_7,9.94453804209766e-05
judge_5,9.92485807892358e-05
nasdaq_2,9.86811142213218e-05
present_15,9.776098586457989e-05
invest_18,9.743313867696614e-05
elected_16,9.735606085234101e-05
council_17,9.734228560282443e-05
consume_15,9.720877918602093e-05
cash_17,9.6962438362121e-05
leverage_14,9.694809584842453e-05
consumption_5,9.692288175655192e-05
forex_18,9.687483811784228e-05
economics_8,9.676450855800384e-05
headlines_3,9.607423814707598e-05
inflation_6,9.598080360298675e-05
representatives_16,9.593021598210203e-05
cash_15,9.590975237339318e-05
default_10,9.578464570492292e-05
technology_17,9.552193426456252e-05
bubble_12,9.54694370908927e-05
hedge_19,9.546674453248427e-05
ministry_15,9.525102356060373e-05
nasdaq_15,9.516890737243524e-05
forex_12,9.492932530199418e-05
metals_15,9.485653951707994e-05
fond_8,9.40446904830017e-05
politics_9,9.398552555111131e-05
headlines_12,9.338476078744793e-05
stocks_3,9.310438330157884e-05
derivatives_2,9.299772849322544e-05
industry_5,9.285647499892624e-05
marketing_13,9.27396068741402e-05
greed_4,9.254769524243603e-05
million_10,9.244535125841352e-05
derivatives_8,9.238287573601384e-05
transaction_18,9.236774589836544e-05
religion_9,9.208855721680292e-05
dividend_8,9.198711118523323e-05
portfolio_2,9.14413914902624e-05
washington_12,9.140152194234438e-05
consume_8,9.092840321516762e-05
served_5,9.072234004442676e-05
nyse_2,9.06790098280254e-05
portfolio_6,9.056176024096102e-05
default_6,9.044520176442329e-05
greed_10,9.035426445510736e-05
senate_13,9.029318031421634e-05
representatives_19,8.985263411602906e-05
greed_2,8.947451649306215e-05
lifestyle_5,8.929506572315942e-05
short_sell_1,8.855724026179534e-05
metals_14,8.832824374952534e-05
consumption_2,8.828895543425812e-05
movement_3,8.794386188592231e-05
portfolio_16,8.790462510426214e-05
markets_4,8.773522550790381e-05
global_19,8.750879095111561e-05
nyse_7,8.734221100890626e-05
debt_18,8.718732113814364e-05
elected_10,8.716030291618405e-05
greed_16,8.696516560715558e-05
opportunity_10,8.691526787829449e-05
short_selling_8,8.628246938843609e-05
firm_11,8.576339620751848e-05
return_8,8.57321105797596e-05
headlines_14,8.506468154140439e-05
bubble_17,8.481713436721947e-05
consumption_12,8.404018544424754e-05
fond_1,8.375041282949073e-05
banking_18,8.363182985769414e-05
legal_15,8.358092059237041e-05
seats_16,8.332798190959502e-05
election_8,8.313990020238745e-05
derivatives_5,8.302775025333071e-05
consume_9,8.300854490017654e-05
fond_18,8.255322443993759e-05
opportunity_4,8.24944650026999e-05
inflation_5,8.246854328824258e-05
ceo_20,8.235120539180798e-05
senate_12,8.230351363780414e-05
economics_5,8.214808484031084e-05
consume_2,8.192168041716126e-05
founded_1,8.179517327586524e-05
kentucky_12,8.146444065419127e-05
cash_5,8.111012139090914e-05
derivatives_15,8.094220156817388e-05
inflation_9,8.001188425791066e-05
hedge_13,7.958725444322251e-05
blacklist_4,7.870701043430036e-05
seats_5,7.85968158965456e-05
ltd_12,7.822676586453918e-05
derivatives_12,7.779829099500028e-05
leverage_17,7.776576744974972e-05
holiday_13,7.717748216321904e-05
economic_19,7.668894273871707e-05
leverage_8,7.638202920113649e-05
lifestyle_11,7.566152242589195e-05
inflation_1,7.544803660696204e-05
growth_14,7.536821098943159e-05
rich_4,7.527471911298854e-05
growth_2,7.492115523756785e-05
founded_7,7.447641594593035e-05
dividend_17,7.447070529272654e-05
revenue_16,7.384452560452612e-05
returns_12,7.368975408163975e-05
greed_15,7.353361785363081e-05
consume_4,7.33682623039229e-05
million_18,7.31751806331746e-05
financial_markets_5,7.236432093545654e-05
leverage_4,7.235297645450586e-05
financial_markets_2,7.175683376702612e-05
ministry_4,7.137353822967652e-05
ore_12,7.113001942066852e-05
greed_7,7.107246252828237e-05
lifestyle_4,7.107051770780277e-05
headlines_5,7.046650086329081e-05
short_sell_13,7.005611966180921e-05
gains_13,6.925085516509152e-05
financial_markets_19,6.895511296448476e-05
million_11,6.884948461244663e-05
greed_6,6.875072501485756e-05
blacklist_13,6.8567311492312e-05
DOW_JONES_4,6.710344879751983e-05
leverage_1,6.583052103741251e-05
short_sell_12,6.556192379061896e-05
short_sell_10,6.53474316530756e-05
forex_1,6.49383977357275e-05
ltd_9,6.375614242271826e-05
culture_15,6.295868695708486e-05
portfolio_14,6.220429638643925e-05
gain_12,6.175519243981595e-05
movement_14,6.173683677736049e-05
consume_1,5.99826534981045e-05
chance_9,5.981315562171289e-05
transaction_6,5.752145931019848e-05
dividend_19,5.585487704889144e-05
financial_markets_3,5.445069781166367e-05
BUY_AND_HOLD_17,5.352425727122502e-05
blacklist_2,5.272691199975794e-05
consume_10,5.0795338225072885e-05
blacklist_12,5.061748304139305e-05
short_sell_7,5.031730147394537e-05
metals_11,5.0217162058774295e-05
elected_2,4.9291686685109165e-05
gains_19,4.8750626225860934e-05
ceo_12,4.836218527512298e-05
consume_5,4.702594014720678e-05
short_sell_9,4.609883434114786e-05
BUY_AND_HOLD_8,4.588196662327879e-05
consume_17,4.49462993931753e-05
short_sell_4,4.3846285355091586e-05
gain_4,4.282789533583855e-05
short_sell_8,4.1850221624596815e-05
stocks_7,4.128334934141261e-05
movement_1,4.035710141528158e-05
consume_19,3.928294228781955e-05
rich_20,3.898967016968368e-05
blacklist_1,3.425716838623776e-05
leverage_18,3.327088885736353e-05
judge_13,3.110079618296102e-05
dow_jones_8,3.0124144174715242e-05
greed_14,2.9760464669853393e-05
BUY_AND_HOLD_16,2.769709649392045e-05
blacklist_6,2.5993888468292318e-05
short_sell_19,2.3794080209640165e-05
short_selling_19,2.3211345924036708e-05
short_selling_20,2.3097130804476706e-05
financial_markets_10,1.8781471500165048e-05
short_sell_11,1.4672591974571524e-05
BUY_AND_HOLD_18,1.3772130452034222e-05
short_sell_5,1.1282659074075571e-05
short_sell_18,9.31007190165703e-06
rare_earths_15,4.1684651834863456e-06
BUY_AND_HOLD_11,3.605423598569915e-06
short_sell_15,3.368432549963442e-06
leverage_12,1.2726014956841356e-07
BUY_AND_HOLD_2,
BUY_AND_HOLD_6,
BUY_AND_HOLD_7,
BUY_AND_HOLD_12,
BUY_AND_HOLD_13,
rare_earths_1,
rare_earths_2,
rare_earths_4,
rare_earths_6,
rare_earths_7,
rare_earths_8,
rare_earths_9,
rare_earths_11,
rare_earths_12,
rare_earths_13,
rare_earths_14,
rare_earths_16,
rare_earths_17,
rare_earths_19,
rare_earths_20,
