feature,feature_score
dow_jones_8,0.0015423793558894735
short_sell_13,0.0014262258532693045
politics_13,0.001404071459091152
travel_4,0.0013200499221931
voters_5,0.0012497453414591954
credit_16,0.001249066588583193
dow_jones_10,0.0011707802614754508
votes_7,0.0010604169756205123
crisis_17,0.0010149118979421435
DOW_JONES_1,0.0009719996314857133
stock_market_13,0.0009665041988060796
credit_1,0.0009615867851118412
dow_jones_11,0.0009368737701529401
market_17,0.0009271508521260424
leverage_17,0.0009231381702532076
management_15,0.0009221338020049746
short_sell_16,0.0009153645624658708
bonds_9,0.0009096431507040443
unemployment_5,0.0009091695729967313
minister_3,0.0008941527591093922
government_11,0.0008934751899360975
seats_4,0.000867732507128527
political_1,0.0008672501833465679
rights_18,0.0008436738452154245
earnings_11,0.0008421698996688692
loss_2,0.0008345897794735536
home_2,0.0008302196852290393
virginia_11,0.0008227368181550661
kentucky_1,0.0008217999366510217
arts_17,0.0008094448479429338
short_sell_7,0.0008086790551447218
oil_8,0.0007979080911447965
society_8,0.0007893546567667294
DOW_JONES_7,0.0007827392961805876
marriage_18,0.0007798380368980424
trader_5,0.0007762258897388147
corporation_18,0.0007759613449676648
house_12,0.0007711628479456091
world_20,0.0007620779217862081
society_6,0.0007588969351992075
growth_12,0.0007574059363121093
economy_6,0.0007494917240253808
markets_12,0.0007426221503443372
law_20,0.0007421504922433353
illinois_9,0.0007343904150118912
council_5,0.000733072301730602
culture_16,0.0007325465220257204
default_10,0.0007319060678019428
federal_5,0.0007290752939358247
county_16,0.0007214746246585008
DOW_JONES_13,0.0007120348434587816
invest_14,0.0007116350076999079
conflict_3,0.0007114076580311101
credit_4,0.0007101350753063438
management_6,0.0007099726437821602
inflation_6,0.0007053555443608374
restaurant_16,0.0007014674851457687
county_11,0.0006935262955095209
world_16,0.0006918137632581539
BUY_AND_HOLD_2,0.0006868273730585143
restaurant_13,0.0006844336770861686
lifestyle_11,0.0006835389650081641
DOW_JONES_11,0.0006831826618670894
buy_12,0.0006778400715690216
stock_market_10,0.0006765892794813608
travel_20,0.0006754814011783692
missouri_5,0.0006714782667325207
wisconsin_18,0.0006694824274366513
election_6,0.0006630520388241775
political_17,0.0006612012481050693
court_11,0.0006580589326958946
police_17,0.0006566671810096049
texas_5,0.0006548245230162428
happy_5,0.0006521737328171294
rare_earths_6,0.0006517376995787229
world_9,0.0006480790111671785
environment_18,0.0006474219695483237
short_selling_13,0.0006451482596326562
unemployment_14,0.00064491364075091
portfolio_5,0.0006448667777786628
elections_10,0.0006434741347857006
freedom_9,0.0006416692398562249
nyse_9,0.0006404423683762799
invest_19,0.0006374596932333109
voters_10,0.0006368309089693328
finance_19,0.0006364868867587253
cancer_1,0.000635693499914555
unemployment_6,0.0006343963984935979
politics_18,0.0006325953135610207
finance_12,0.0006317981724777098
ministry_20,0.0006314327216894964
bank_12,0.0006312459693666937
culture_8,0.0006284409138297347
bank_6,0.0006273809842581758
york_1,0.0006272130268022269
seats_10,0.0006265565423834204
inflation_20,0.000624457053028027
union_13,0.0006230435948458081
senate_16,0.0006203659785654871
texas_2,0.0006197300818974875
community_2,0.0006194096134480037
government_18,0.0006177624775820379
ceo_9,0.0006166810027180336
risk_2,0.0006133112755831039
inflation_8,0.0006129273859507206
travel_12,0.0006122298935257732
holiday_16,0.0006119542202058054
travel_16,0.0006095165707760284
cash_18,0.0006071099873245412
home_10,0.0006054302823856273
energy_16,0.0006038842254130464
banking_8,0.0006031613842398978
dow_jones_3,0.00060160518875302
representatives_5,0.0006008583674697866
office_8,0.0006007624295349531
federal_9,0.0006006880649593638
dow_jones_18,0.0005987040003340347
republican_15,0.0005980172631153832
william_6,0.0005971214223631277
house_6,0.0005969890783618933
metals_4,0.000595892524634325
party_12,0.0005952199789249622
dividend_15,0.0005929047563018895
oil_4,0.0005918345520434359
stock_market_3,0.0005914947146550591
law_1,0.0005911572812514491
finance_3,0.0005896363167288603
opportunity_2,0.0005894633519309219
york_2,0.0005894450667606728
office_12,0.0005889050383373807
stock_market_6,0.0005874375479329344
justice_20,0.0005861509282211499
cancer_10,0.0005855262398630121
texas_7,0.0005846748142406148
services_15,0.000583510339263384
court_20,0.0005832574062283329
unemployment_7,0.0005814849183628046
fun_11,0.0005809760398418093
banking_11,0.0005808463877353201
elected_17,0.0005790798763818774
york_20,0.0005786751489066928
products_15,0.000577852548898925
crash_1,0.0005770030540663301
banking_17,0.0005765553768858228
finance_20,0.0005756072703130162
restaurant_17,0.0005755731229556418
fun_12,0.0005746209345560638
money_15,0.0005745737288352233
conflict_6,0.000573966601816118
opportunity_1,0.000571156395523755
gain_20,0.0005708741518445605
service_6,0.0005707360671601009
elected_9,0.0005707050179855984
color_1,0.0005702578708066106
elections_20,0.0005696241430080518
happy_20,0.0005683307676845247
act_8,0.0005679214539618121
district_2,0.0005658513239279082
office_15,0.0005657048288573011
companies_10,0.00056401761757882
derivatives_15,0.0005624311932667935
money_5,0.000561101744698858
president_1,0.0005608898242288019
food_20,0.0005603125237222308
bubble_16,0.0005590709588347814
law_5,0.0005571092472729999
college_17,0.0005567735813263761
dow_jones_19,0.0005552760232256065
leverage_15,0.0005550417074195504
service_20,0.0005542197845467619
train_14,0.0005540946905814558
housing_11,0.0005538878008634983
world_18,0.0005532863619358119
washington_1,0.0005527783955230915
office_10,0.0005526350962458436
war_4,0.0005516675254738163
votes_5,0.000551493074036462
finance_5,0.0005513480384199197
social_9,0.0005510513081787241
served_19,0.0005476327235124468
office_20,0.0005473223316227784
short_sell_14,0.0005463795008091446
bank_16,0.0005452402418126478
economic_2,0.0005448603944140559
market_10,0.000544140284557018
elections_11,0.0005439856325164784
restaurant_3,0.0005435448787412403
food_2,0.0005434633269784119
hedge_2,0.0005430998137528753
county_8,0.000542973156397064
money_8,0.0005418958677944017
loss_16,0.0005410996684227736
legal_2,0.0005408524105662725
council_15,0.0005406003562245792
carolina_16,0.0005395919795473149
county_6,0.0005391676925920591
house_17,0.0005382329538403312
dividend_4,0.0005379833244956428
earnings_9,0.0005379401340318471
cash_13,0.0005371774326706102
kentucky_4,0.0005363563515210497
metals_20,0.0005363330348738521
gold_18,0.0005363285113186246
gold_4,0.0005351129936304931
financial_20,0.0005350142981559674
housing_9,0.0005342175575942503
union_6,0.0005335254137815202
return_6,0.0005328071303673419
DOW_JONES_8,0.0005314599649939722
stock_market_2,0.0005292572248722934
gain_17,0.0005291749307960421
health_11,0.0005290881421174449
gold_17,0.0005284779531732506
rare_earths_15,0.000526713491005481
act_5,0.0005267113878102839
service_8,0.0005266941995601824
court_14,0.000526691638171286
gains_6,0.0005259962740753755
DOW_JONES_4,0.0005256253036410033
voters_8,0.0005255758084717903
election_3,0.0005251427624322764
companies_16,0.0005242952302380295
economics_9,0.0005236068163023853
market_6,0.0005226970087826859
house_9,0.0005225178433178835
fun_15,0.0005217654116778269
college_2,0.0005216120471876432
economic_10,0.0005214209133061484
sell_9,0.0005207487072371182
senate_1,0.0005204129203352299
technology_19,0.0005203959148442742
water_3,0.0005192481446298227
housing_17,0.0005191531960635658
project_17,0.0005189197356912402
finance_17,0.0005188435833228818
republican_20,0.0005150451641540094
finance_18,0.0005144312350873669
ohio_6,0.0005139907011681106
elected_3,0.0005132817217132383
car_20,0.0005130888870558772
bonds_20,0.0005122583924348942
home_1,0.0005120710660284324
stocks_7,0.0005120501989124526
debt_17,0.0005118207810563783
investment_6,0.0005116372871263204
act_19,0.0005108347687838628
president_20,0.0005107915070461515
vermont_2,0.0005100047702734097
holiday_12,0.0005099835287403577
massachusetts_1,0.0005098792869057771
fun_8,0.0005098020463575872
community_1,0.0005092829250084057
consumption_14,0.0005089821545429993
restaurant_20,0.0005088650492551879
financial_15,0.0005081422701142718
house_19,0.0005075458604120374
marriage_19,0.0005061560422387343
services_4,0.0005061044533108169
district_3,0.0005052157060384454
law_17,0.0005047726577428822
home_16,0.000504672654867896
office_11,0.0005039745521385134
president_12,0.0005034856371149364
carolina_15,0.0005034012312317063
inflation_14,0.000503354168428536
society_9,0.0005027836841343314
college_15,0.0005026364297188322
rich_5,0.0005021590151210686
carolina_13,0.0005014170291347951
return_3,0.0005011700619974446
washington_8,0.0005011138294449114
market_4,0.0005008229931061097
water_7,0.0005005369121323773
county_13,0.0004994767301385267
federal_7,0.0004993709409525077
market_12,0.0004988240232878887
georgia_12,0.0004979869123011003
unemployment_11,0.0004977537083160153
return_13,0.0004975800808068566
dividend_9,0.0004971672396634673
district_5,0.000496203051709905
missouri_13,0.0004942864734495911
pennsylvania_6,0.0004939426647603271
stocks_17,0.0004933652203233278
economy_5,0.0004928359143580987
house_8,0.0004912776252140465
million_4,0.0004902995435932128
travel_18,0.000490159845670902
invest_4,0.0004900939969483899
profit_18,0.0004895248669356391
labor_13,0.0004894871091097502
health_2,0.0004890333888892365
earnings_10,0.0004880607593665995
trader_8,0.00048769126224615264
william_3,0.00048705543234673065
food_16,0.0004870266125226663
car_18,0.0004868850098311952
republican_5,0.0004867436035716996
movie_9,0.00048658437543309523
home_6,0.0004865469458740738
william_8,0.0004856858900630506
republican_9,0.00048538192575166435
politics_5,0.00048505345680889767
inc_12,0.00048485442483056906
gold_20,0.00048456354901248513
color_4,0.00048338055153352853
invest_10,0.0004822817625725248
federal_8,0.00048150848220806017
political_2,0.00048088045269721835
virginia_5,0.00048084926663252004
seats_14,0.0004807847148977294
food_1,0.00048070749769161777
consumption_16,0.00048046800596741456
house_1,0.00047957362830816473
buy_7,0.00047938414825479247
consumption_19,0.00047920621605132725
service_1,0.0004788746227494077
elected_14,0.0004787944622480331
project_12,0.0004785378029582151
secretary_3,0.00047850481048805177
sell_2,0.00047813589860411416
dow_jones_17,0.000478104326310012
economic_1,0.0004780874354731418
crisis_18,0.0004768315888509674
arts_20,0.00047585633117753134
president_2,0.00047538714460519416
secretary_11,0.000474188659178025
oil_3,0.0004722845879606555
pennsylvania_12,0.0004716894262110451
service_2,0.0004715435319098848
growth_11,0.0004713732328166072
restaurant_19,0.0004707606971818642
world_4,0.0004690719021628572
earnings_13,0.0004690139850672746
technology_4,0.00046894367506928036
voters_1,0.00046849700097314817
finance_8,0.00046813506498949133
government_17,0.0004675491078051065
oil_15,0.0004662259336870502
missouri_16,0.00046619374009338865
elections_7,0.000466069437246284
community_3,0.0004660513038820071
gain_7,0.00046439258613496174
chance_5,0.00046404271911780313
inflation_4,0.00046315600888265047
virginia_4,0.00046306778198518554
garden_7,0.0004628090044690001
unemployment_12,0.00046174303737547107
risk_16,0.0004612883659952609
federal_13,0.00046063463979445957
ore_13,0.0004606223298957922
consumption_1,0.00046046635902389366
council_12,0.0004603115669494216
police_8,0.00045967756154796397
representatives_20,0.00045934591455450304
ohio_20,0.00045903485560385245
return_5,0.0004581891857355128
health_7,0.00045815674876073986
services_7,0.0004580774934199058
county_4,0.0004579447643824752
industry_3,0.00045622881854741397
project_18,0.0004561513415975644
housing_14,0.0004557119608574901
union_8,0.0004556400283843256
union_17,0.0004556064176084374
buy_6,0.00045533737953716975
county_5,0.0004547314052262745
massachusetts_4,0.0004539689564208134
votes_3,0.00045359701185371845
district_15,0.00045337129361078845
office_17,0.00045322249751276013
industry_20,0.0004529286475808294
legal_16,0.00045280539731852267
crash_8,0.0004526253107914976
water_14,0.00045237222073198465
justice_14,0.00045058118709980047
law_7,0.00045053327809772197
rights_17,0.0004502676453468825
invest_17,0.0004499963450836444
movie_4,0.0004498075890768412
project_16,0.0004497412817578535
council_8,0.0004488008045629962
pennsylvania_1,0.00044875706641693926
votes_16,0.00044868402236843515
movie_19,0.00044851148157881086
pennsylvania_4,0.00044816405528636536
marketing_12,0.00044739603662786906
party_15,0.0004472727196383759
garden_4,0.00044709810515709754
war_11,0.00044681468912961174
bank_8,0.0004464723981150267
business_7,0.00044640003704867734
fun_17,0.0004462086932958957
service_4,0.00044561051926250684
bubble_12,0.00044545039787893446
loss_1,0.00044524118985318474
present_11,0.00044500283872697606
security_6,0.00044499185984434806
color_3,0.0004446483989236551
world_12,0.0004444607037804873
inc_6,0.00044360324484604425
restaurant_6,0.0004431689098080557
union_1,0.00044304837577719113
law_19,0.0004429950789243697
ohio_2,0.00044290664892081613
inc_18,0.0004428836069052121
office_16,0.0004428798365334079
county_7,0.00044286921824362893
massachusetts_18,0.00044201124533271375
culture_20,0.00044184785389094383
environment_15,0.00044168642273691047
business_12,0.00044162292768604335
project_19,0.0004415947648680551
media_10,0.00044151034000607206
travel_6,0.0004413436811276152
security_18,0.0004408163263531173
gold_12,0.00044030543225316864
products_20,0.0004394537326433893
health_20,0.00043925433430587257
rich_1,0.0004385579810486814
buy_17,0.0004382345404406466
voters_20,0.0004381853579737781
project_6,0.00043779090385269963
credit_2,0.0004377890949487141
transaction_20,0.00043724149382843707
corporation_6,0.00043682150171900087
dow_jones_12,0.00043659372805425137
republican_11,0.0004363288683369373
security_8,0.0004345129827466184
washington_17,0.00043382731862283186
pennsylvania_16,0.0004336142127072308
vermont_1,0.0004333648084994268
social_3,0.0004329878328602833
tourism_15,0.000432788228329855
war_15,0.00043244734732879363
virginia_9,0.0004322389290011802
metals_12,0.0004320644631621224
york_3,0.00043108588655643216
movement_1,0.000430909122026396
illinois_3,0.00043082956719272
minister_17,0.00043074990037107264
government_7,0.0004301753629213381
crisis_9,0.000430062047408657
missouri_1,0.0004291068596386594
banking_9,0.0004290251287463213
money_18,0.00042895522718138765
democratic_9,0.0004287587835608296
services_11,0.00042845470411110285
illinois_11,0.00042839637070917635
short_sell_20,0.0004283698276735502
county_17,0.0004283038302530791
senate_11,0.0004280671280263629
elections_16,0.00042805000328849553
massachusetts_17,0.0004277878314409202
forex_6,0.000427769720403446
social_19,0.0004277214751879287
world_17,0.0004273114305604143
industry_17,0.0004267447861127853
vermont_5,0.0004267326536726152
representatives_6,0.0004266511816731852
DOW_JONES_14,0.0004266433513105532
community_13,0.0004266039455453524
cancer_5,0.0004263578776737186
firm_14,0.0004259837562172208
business_13,0.00042573490462735316
corporation_4,0.00042540823391142485
illinois_18,0.00042521387195388764
home_20,0.00042492985645171033
marriage_5,0.00042440598413915953
service_7,0.0004242657674593985
bubble_9,0.000424217177270429
gold_5,0.0004241299362770939
market_14,0.0004240891105695622
global_17,0.00042394227621604186
party_4,0.0004237881214233322
economy_12,0.0004235174381322119
technology_11,0.0004231144817450935
ohio_12,0.00042219408762832433
food_8,0.00042115393810368106
union_18,0.000420981894854398
risk_9,0.0004207525000314365
corporation_12,0.0004204241752061241
credit_8,0.0004202834032400412
legal_7,0.0004196625100262346
virginia_10,0.00041958258220935375
banking_4,0.00041950601209331766
development_17,0.00041927591806740935
council_4,0.00041860919385253793
government_2,0.0004185760276623791
movie_18,0.0004185277252424248
ltd_9,0.00041826737446906784
marketing_6,0.00041818241442914087
william_19,0.000417306762713032
county_15,0.0004171864090683794
services_6,0.0004171247746411625
markets_1,0.000416932054976011
party_14,0.00041678196331304036
forex_16,0.0004166686836155812
community_4,0.0004163266042205425
inc_4,0.0004162446641354362
project_20,0.00041580837185521517
massachusetts_5,0.0004153322501575545
management_17,0.0004151929390259703
credit_7,0.0004151625472602575
happy_8,0.00041435642137178913
credit_17,0.0004142846533362847
district_8,0.0004141766375515088
companies_13,0.00041413074926430687
financial_11,0.0004133615648924899
federal_2,0.00041304033150507273
college_3,0.0004129059999362762
georgia_6,0.00041283638300363237
texas_12,0.0004126321088657327
environment_20,0.0004120804608937806
loss_6,0.00041158224787923435
management_11,0.0004114650359031093
technology_13,0.00041120252279024523
office_13,0.00041082855905428216
marriage_1,0.0004106398005359857
tennessee_7,0.00041057604000272765
missouri_9,0.0004104815614756511
technology_6,0.0004104212406271866
labor_4,0.0004101105791889491
security_19,0.00041009965939326935
cash_20,0.0004100037781428482
companies_1,0.0004098252983188424
district_10,0.0004096533364624736
senate_12,0.0004096405854030898
tourism_6,0.00040941039755764417
secretary_20,0.0004094073262639293
members_9,0.0004093471410511949
default_6,0.00040932646693629915
products_16,0.0004090276421461608
industry_9,0.00040886625839775455
bank_2,0.0004087773888357242
marketing_20,0.0004087584436343492
short_selling_10,0.0004087321754320611
present_14,0.000408621265127004
risk_14,0.0004084247831170245
global_16,0.000408362662996249
return_20,0.0004076267218803523
act_1,0.00040761830002204963
default_1,0.0004065759757558082
gold_10,0.0004065446007784585
revenue_17,0.00040639348057635514
debt_7,0.0004063911417710359
travel_2,0.00040631502284337306
train_12,0.0004058922117154451
hedge_13,0.0004057393475119878
senate_7,0.0004057019738410272
crisis_1,0.00040567900914481814
stock_market_20,0.0004056769728055478
default_3,0.00040563241133064783
banking_5,0.00040545985025994535
garden_18,0.00040510550184283736
blacklist_9,0.0004049447109132432
social_20,0.0004047859033199631
stock_market_4,0.0004046525839682635
carolina_19,0.0004045486076952431
security_2,0.00040431396597864137
act_20,0.00040417277217692137
health_1,0.000403874763644618
technology_10,0.0004035075824307037
wisconsin_17,0.000403448896456649
home_8,0.0004029959486903534
technology_9,0.000402922452235092
global_15,0.00040282811744395017
nasdaq_19,0.0004022391837968526
act_10,0.000402020266279022
government_4,0.00040181126466147895
missouri_15,0.00040103593365949103
william_7,0.0004009541912375845
bank_15,0.00040066486858515374
union_5,0.0004003797054046678
federal_15,0.0004003787289259358
color_18,0.00040003503592246035
stocks_15,0.00039900490779817236
fun_3,0.00039898621335902185
marriage_14,0.0003989042410782583
dividend_13,0.00039872217056980324
votes_1,0.0003985668762377369
illinois_13,0.00039847331779903686
economic_9,0.0003983629887811445
forex_11,0.00039831052983234035
illinois_7,0.0003978570314928409
credit_19,0.00039744544694345936
pennsylvania_7,0.0003973182583701014
marriage_15,0.0003961116614759566
industry_8,0.00039585190681351454
buy_14,0.00039479309619574847
security_17,0.000394397557123413
dow_jones_1,0.0003943063566808871
movie_5,0.0003941713281771163
money_17,0.0003940651280569974
nyse_3,0.00039371541302409636
kentucky_16,0.0003936548546659666
virginia_14,0.0003925337412135004
federal_14,0.00039249457067325655
media_6,0.0003924847795641632
religion_2,0.00039202764212889273
development_12,0.0003917044003525175
world_5,0.00039125506815036965
business_18,0.0003911805281269703
food_17,0.00039117854024809496
money_16,0.0003911404581615469
county_14,0.00039106483721484687
case_3,0.0003908658730895007
rights_2,0.0003904314913087822
financial_markets_8,0.0003900259364239081
media_15,0.0003896611168366536
kitchen_5,0.0003896318621683728
ltd_17,0.0003895620659789575
arts_11,0.0003893401391088625
fine_15,0.0003892722417824946
cash_8,0.0003889969871978956
legal_10,0.0003884361145586639
texas_1,0.0003881212558423955
project_5,0.00038778316792674125
college_8,0.00038740603052357886
tennessee_6,0.0003867351561574015
federal_4,0.00038667837825374414
kitchen_19,0.000386595293006088
justice_1,0.00038656313490868994
market_15,0.00038653053514821936
texas_8,0.000386175033137621
ltd_14,0.0003861310154881164
returns_16,0.00038575013340161584
texas_10,0.0003856625050159271
judge_17,0.00038555851426131857
services_8,0.0003854907301458209
health_10,0.00038523982568412237
crisis_14,0.00038523767150549885
investment_16,0.0003850346759534833
health_9,0.00038442485162790987
votes_15,0.0003843968741906738
ore_15,0.00038427827346336203
conflict_11,0.0003836941299469269
water_12,0.00038360505653650185
management_4,0.00038356578214931845
vermont_19,0.00038349001338668434
market_8,0.00038297902572235375
development_3,0.00038274874771713065
minister_10,0.0003825667924480908
illinois_12,0.00038228929253460414
dow_jones_6,0.0003820826865465083
market_7,0.00038155458281921367
gains_8,0.00038138999000685085
revenue_6,0.0003804987088965931
business_3,0.0003799792761840575
york_17,0.0003799216924939741
media_4,0.00037981542430210515
party_6,0.0003797612995528849
stock_market_1,0.00037975131971361203
ohio_7,0.00037970420424405187
holiday_15,0.00037958082162243385
cancer_11,0.0003795376271033179
cancer_4,0.00037923306570636513
nyse_15,0.0003786519015805388
council_9,0.0003784116103972096
legal_19,0.0003780788634644551
election_14,0.0003774835240773378
risk_4,0.00037741207551630126
stock_market_15,0.00037736132678450413
fun_16,0.00037729981319480673
council_14,0.00037725742915453215
DOW_JONES_9,0.00037722233556949735
management_9,0.0003770404993917873
money_4,0.00037655825952818376
cancer_15,0.000376554074554934
lifestyle_4,0.0003764685401094152
finance_13,0.0003761880615839013
transaction_12,0.00037617696986829737
voters_14,0.00037611844654843836
cash_12,0.00037601998612939836
technology_18,0.00037590132316221145
inc_14,0.0003755592722661775
revenue_20,0.0003752474833146339
gain_10,0.00037512327354104034
energy_12,0.0003746377263902541
technology_8,0.00037461630900531193
marketing_16,0.0003745326303246754
global_12,0.0003744505771243333
default_13,0.00037412265386339936
elections_8,0.00037411645406307584
seats_15,0.00037370324768875186
travel_13,0.00037365699220550096
bonds_16,0.0003733993203271049
legal_15,0.00037334805497884967
management_13,0.0003730761818606804
members_7,0.0003728641374864348
pennsylvania_3,0.00037270146993582335
car_5,0.0003725785395880074
conflict_19,0.0003725222347435416
home_12,0.00037232822759575415
illinois_16,0.0003721910590487367
founded_16,0.0003718336739889987
religion_7,0.00037176665018392487
environment_5,0.00037169851430224863
minister_5,0.00037130126459545073
movie_10,0.0003710088967357209
water_2,0.0003709223272598138
legal_8,0.00037091853093548506
community_18,0.0003702851088034915
health_16,0.0003691908598621893
trader_17,0.0003686907319705811
inc_20,0.00036863925452521615
car_13,0.00036786727971277065
elections_3,0.00036734026168841005
union_11,0.00036685960428957886
world_19,0.00036672418760783397
movie_20,0.000366677118575552
project_11,0.00036621812991133535
police_1,0.00036607508455329215
world_7,0.00036563080058029236
war_10,0.000365447810542855
technology_1,0.0003654116980421632
happy_7,0.00036520351883758615
case_16,0.00036516959530134857
york_19,0.0003648995079828208
tennessee_8,0.0003646099649821292
bank_5,0.00036460919297678484
travel_14,0.0003640997387005205
service_18,0.00036401919756317663
technology_3,0.00036389797247786653
travel_10,0.0003637372488969105
bank_20,0.0003634744186276083
garden_17,0.0003632359110135846
environment_3,0.0003631873242500956
kentucky_20,0.00036314179859806066
virginia_19,0.00036313337839616165
color_12,0.0003630470152876753
governor_8,0.0003629788954298287
movie_6,0.0003627875774280669
health_19,0.00036275381439970187
leverage_3,0.0003624131441343428
gains_20,0.00036229448647862034
wisconsin_9,0.0003619995369242505
health_5,0.0003619411456856747
fun_4,0.00036188319646582415
management_14,0.00036171496279426506
revenue_16,0.00036167215881541227
georgia_13,0.000361607946438168
technology_14,0.00036127067774360366
york_7,0.000361068840564991
banking_19,0.00036097116730118606
community_14,0.00036075493776194033
color_2,0.0003607185505235465
bank_4,0.0003607143772138825
election_19,0.00036066244780970987
law_16,0.00036065200302573633
bank_13,0.0003605819993824924
house_18,0.0003605802201278301
happy_17,0.00036036715142734695
ohio_1,0.00036032053110220764
development_7,0.0003602755583169948
business_15,0.00036012530854640017
banking_20,0.00036007509492372796
debt_3,0.0003600413509622667
fond_18,0.0003599861394430959
nasdaq_17,0.00035970316466534837
invest_6,0.0003594083604024525
bubble_19,0.0003591088335484308
religion_16,0.0003589663328184868
crisis_8,0.00035895366607809726
act_7,0.00035822110660185103
freedom_16,0.00035821034274033365
food_3,0.00035818459405409677
government_15,0.00035810301514068615
wisconsin_12,0.000357524336447208
management_8,0.00035739384980519096
money_6,0.00035738394604205195
corporation_17,0.00035651944407056024
house_16,0.00035626666668819716
unemployment_19,0.0003561644741961872
unemployment_10,0.0003559977922851758
william_18,0.0003557166841397309
garden_15,0.00035565111707191836
police_14,0.0003554019868460231
served_5,0.00035523288039435115
corporation_11,0.0003550971705428481
development_1,0.00035501525629892097
crash_15,0.000354993135533364
representatives_19,0.0003548945404011215
services_1,0.00035478338343687346
project_14,0.0003547731766179315
DOW_JONES_12,0.00035459422378450716
inc_5,0.00035446474180738703
founded_12,0.0003542694076419168
bubble_10,0.0003542007569405139
illinois_19,0.00035420004332939014
york_12,0.00035354424874191114
car_9,0.00035344340770229044
party_11,0.00035338832740913604
stock_market_12,0.0003530374239965293
arts_3,0.0003529471966140918
loss_17,0.0003527114966254516
health_3,0.00035203530980064315
ring_14,0.0003517372885919607
bank_7,0.0003516748316078605
corporation_20,0.00035164334794317623
senate_13,0.0003513356078831294
unemployment_3,0.00035130836294033506
products_8,0.00035126898297743904
war_19,0.000351085809056976
crash_10,0.00035091771741694466
service_5,0.0003505300989998581
bubble_5,0.0003504549376398399
conflict_20,0.00035038569524292767
invest_1,0.000350279961776563
president_18,0.0003501818458707145
democratic_5,0.00034970162559318864
media_3,0.00034928898598428663
financial_10,0.0003492741457317703
war_16,0.00034916195452000916
ore_2,0.00034901521541521734
unemployment_20,0.0003489660165314732
housing_5,0.00034892969932009694
stock_market_16,0.0003488939977471956
law_6,0.00034873179779902505
nasdaq_5,0.0003481494273220344
texas_19,0.00034812158677706634
government_20,0.00034803527735711564
stock_market_18,0.0003479426776765465
social_18,0.0003477953838249809
voters_7,0.00034767029366795704
home_5,0.0003472905147137062
derivatives_18,0.0003472309360378357
fond_14,0.00034719316921364037
kitchen_14,0.00034702749207969754
services_12,0.00034677881724908346
metals_6,0.0003467243385912641
color_9,0.00034658260378537734
loss_5,0.00034632512661259885
justice_9,0.00034611720878184707
industry_5,0.00034606894912456675
politics_19,0.000345927860869187
social_6,0.00034591222597725083
train_6,0.0003458194838273169
secretary_5,0.0003456575904579657
council_6,0.0003454445884732311
leverage_6,0.00034540483073296967
oil_10,0.00034534293827173147
bubble_20,0.0003453404942753344
credit_3,0.00034532988662202776
dow_jones_4,0.0003451474533573203
home_13,0.0003450640701924462
housing_10,0.0003447726605217905
transaction_10,0.00034453050495794255
banking_18,0.0003445092044648881
technology_2,0.0003444139285935149
labor_1,0.00034392031357039724
york_5,0.0003439028333345589
washington_12,0.0003437574757476098
legal_4,0.0003437467134605058
portfolio_2,0.00034319963716390067
wisconsin_13,0.0003430088968981388
services_3,0.000342986195038548
georgia_19,0.00034295291251148634
governor_1,0.0003429438599522534
republican_17,0.0003427558819751117
media_17,0.0003426840463361933
secretary_14,0.00034262718588915587
gold_7,0.00034244455728327044
marketing_1,0.00034243503517480565
happy_3,0.00034240547653499983
tourism_16,0.00034236634825965964
home_9,0.0003419475184600326
law_10,0.00034183055786273344
president_5,0.0003418003358481984
house_20,0.00034170334846681763
garden_6,0.0003416892141474174
members_15,0.0003416429987644668
train_17,0.0003411707487360294
massachusetts_19,0.00034105992319095093
car_11,0.0003410148892929689
community_8,0.0003409391460823813
georgia_2,0.0003403895530715143
society_16,0.00034026725910035315
earnings_7,0.0003402597316649127
fed_1,0.00034005368974441137
democratic_6,0.00033994008794667035
million_8,0.00033977086715354394
washington_13,0.00033968661036524176
virginia_17,0.000339655911679334
party_16,0.00033953130162068206
services_10,0.00033950242632359333
governor_13,0.000339474977073916
wisconsin_20,0.0003393482513642075
cash_10,0.0003391366652115446
york_4,0.0003391139903812936
oil_2,0.00033877012406877073
housing_18,0.0003387552386996021
nyse_6,0.0003387527642995495
services_14,0.000338742631555422
county_10,0.00033844461899511984
business_5,0.00033843099197806064
cash_2,0.00033831485664422467
earnings_18,0.000338273439138425
holiday_1,0.00033822612308694104
house_2,0.000338202079285697
social_15,0.00033819199096526563
gains_4,0.00033818699722536617
ohio_5,0.00033787188200294486
leverage_2,0.0003375140339301041
markets_14,0.00033740585919395067
management_19,0.0003371248460559638
buy_19,0.00033697741298247615
derivatives_16,0.0003369411483449426
industry_1,0.000336706312148321
credit_13,0.00033660121559642554
ltd_16,0.0003364561638303209
stock_market_5,0.00033642678852821865
portfolio_7,0.00033642050175841984
county_9,0.00033631270580592815
washington_3,0.0003362906183252918
trader_7,0.00033620306276787345
politics_9,0.000336170104091014
ohio_16,0.00033600172073174154
DOW_JONES_2,0.0003359842809640939
politics_12,0.0003358738265857012
vermont_4,0.00033528969541070483
illinois_6,0.0003352612463161744
products_14,0.0003352044702184936
inc_2,0.0003351956949756108
nyse_8,0.0003351672629118098
financial_16,0.0003350010746557696
sell_3,0.00033498257701802765
returns_8,0.0003345352178444114
economy_20,0.0003343662775155304
ring_3,0.00033409503235519016
markets_11,0.00033396682287806435
marriage_16,0.00033387649372010455
movement_2,0.0003338099053492996
happy_4,0.00033377575173998354
votes_8,0.00033372359067530735
markets_8,0.00033366498557500454
crash_4,0.0003336570112959154
media_18,0.000333649588612974
unemployment_18,0.00033351705911189726
home_14,0.00033348319789110566
health_6,0.00033323090052437334
court_6,0.00033318702219224883
served_6,0.00033305074913788014
restaurant_5,0.0003330402276370538
ohio_3,0.0003327172529740216
movement_13,0.0003326626259830136
president_11,0.00033263449337375895
metals_5,0.0003324326181085012
kentucky_10,0.0003324228582819363
federal_19,0.00033222066665685563
portfolio_17,0.0003321384591939785
credit_18,0.00033186497515418735
community_11,0.0003318277785468685
unemployment_2,0.0003318256162083236
fun_10,0.000331633278416529
media_8,0.0003314710579152097
washington_18,0.0003313151038657052
leverage_18,0.00033120600072110716
law_8,0.00033114488106332127
train_5,0.0003309187811462371
happy_9,0.00033076881064507234
carolina_2,0.00033059402851225194
law_3,0.0003305424811710948
consumption_13,0.0003305009697983556
business_8,0.0003304726950962727
religion_11,0.00033036529014245786
crash_11,0.00033030885511452
global_7,0.00033014402404578
president_7,0.0003300564530719096
energy_1,0.0003299809943930688
products_4,0.00032983859978875154
fun_19,0.00032979822030605727
financial_8,0.00032921257533402847
crash_20,0.00032916762435591625
market_3,0.0003290296003550472
money_10,0.0003290169233167364
court_17,0.00032901110419589663
development_10,0.00032899062865998283
community_17,0.0003289598855705648
companies_18,0.0003289220967884214
present_2,0.00032861358431652773
markets_18,0.00032844470487322007
wisconsin_11,0.00032826595050045374
kitchen_8,0.00032818933318645764
food_7,0.0003281571658407259
cancer_19,0.0003280626120351807
return_7,0.0003280083346078884
garden_12,0.0003278560595660184
college_18,0.00032782248945249163
corporation_15,0.0003278130128177476
lifestyle_1,0.00032770346340026395
travel_1,0.0003276588994901618
restaurant_15,0.0003273807253032265
movie_11,0.0003273734553716196
portfolio_13,0.00032719852583715215
lifestyle_8,0.00032712121753079436
ministry_3,0.0003269221575252189
college_12,0.0003265841362014235
district_16,0.00032646352796305027
movie_7,0.0003263434491751892
federal_18,0.0003260127441101527
labor_3,0.00032595798957375484
governor_17,0.00032585774897487787
district_14,0.0003257831246409273
financial_6,0.0003256925780919576
service_9,0.0003255553227492107
political_3,0.00032546204971517143
senate_19,0.00032546029947885455
consumption_8,0.0003254333256167152
economy_3,0.00032531250687723893
governor_5,0.0003249387151443736
society_1,0.0003248190747235096
food_9,0.00032478314783281726
money_13,0.00032475057563472365
carolina_8,0.0003247417364734587
ring_6,0.00032456487861645266
money_11,0.00032447617642926516
headlines_3,0.00032439266176406293
carolina_1,0.0003242633776468595
invest_13,0.0003242031439965855
labor_12,0.0003240809376865595
DOW_JONES_20,0.0003238177866921188
religion_5,0.00032378129837638733
products_13,0.00032376605878020983
republican_8,0.00032369521820260663
elected_10,0.00032360443377714464
leverage_19,0.00032314952781720255
rights_7,0.00032301422392655833
energy_10,0.00032292352434218856
members_3,0.0003228776499804169
party_20,0.0003228394323136125
market_19,0.00032260904826939414
crash_9,0.0003225034655276228
credit_14,0.0003224273665284065
train_11,0.000322355970929979
money_19,0.000322268446400512
transaction_11,0.0003222239481348635
elections_2,0.0003221410145302294
return_17,0.00032201330712581497
war_8,0.000321972186845914
transaction_2,0.0003217467298199094
market_20,0.0003214564660396187
community_12,0.000321443466968698
law_2,0.00032141085852369143
court_2,0.00032136787814294803
garden_20,0.0003212540829029935
cancer_9,0.0003212208515475016
virginia_7,0.00032114852462748164
republican_2,0.00032095093805822416
kentucky_15,0.000320836112837285
business_19,0.00032075893372421533
war_2,0.0003207251227424672
earnings_20,0.000320721619177371
companies_8,0.0003206650047100179
elections_14,0.0003205797335085573
food_10,0.0003204017434620957
economy_11,0.00032012570704850285
short_selling_15,0.0003199366549547418
texas_9,0.0003198164408168732
served_13,0.0003198093136039706
crash_12,0.0003197508843495036
judge_1,0.0003196235359637109
kitchen_11,0.00031939198152851746
nasdaq_8,0.00031930310757335534
present_10,0.00031918074282772985
garden_2,0.00031913391617318293
crash_18,0.00031912002485439984
representatives_12,0.00031883529376943234
fine_17,0.00031854052694370137
project_3,0.0003185307208865064
finance_1,0.00031842273194382424
trader_12,0.0003181139866290579
ring_20,0.0003180666287570645
dividend_2,0.00031787035660686875
nyse_1,0.0003178438946773777
holiday_5,0.0003176928226451654
media_1,0.0003175229323311304
fun_1,0.0003173596178545832
water_9,0.00031726998943666716
society_12,0.00031719818819467944
council_20,0.0003168022060668528
arts_16,0.000316773799882804
movement_10,0.00031669513260532047
ltd_11,0.00031667132638965785
growth_2,0.00031654484464219834
car_19,0.00031638065054598996
justice_16,0.0003163412458626872
washington_7,0.00031626601908147587
risk_17,0.000316111624645459
project_15,0.0003160934451904831
train_2,0.000316067270390799
secretary_2,0.0003158330332345926
project_9,0.0003157493238986939
environment_11,0.0003156210396569061
social_17,0.000315496113982097
stocks_5,0.000315448553231884
industry_7,0.0003152458711562441
crash_2,0.0003151748151472919
police_13,0.0003150422329292007
default_14,0.0003148961121484141
travel_19,0.00031464194736536584
marketing_14,0.00031461720578064415
county_3,0.000314492686105816
college_4,0.0003142628550904569
transaction_15,0.0003140704044933304
community_15,0.00031391653354001606
holiday_3,0.0003139148590987563
credit_12,0.0003138733544016708
representatives_1,0.0003137448910902839
social_10,0.0003137417534143166
earnings_1,0.00031369910504315985
tennessee_9,0.00031363696426204456
police_15,0.00031335903210939363
social_5,0.00031278908572832955
washington_4,0.00031265131140743933
nasdaq_9,0.0003125919933357013
bonds_17,0.00031258407304592166
opportunity_4,0.0003124675275145508
holiday_14,0.00031209509651821223
wisconsin_6,0.00031205821699910785
housing_1,0.0003119869197420957
carolina_3,0.00031184704934205895
restaurant_1,0.0003116691841790768
global_10,0.00031160294876696003
loss_10,0.00031151670940773553
case_10,0.00031151204218222365
social_11,0.0003113427039385455
food_5,0.0003111969318713137
freedom_18,0.00031111500546332006
oil_7,0.00031088729213518505
government_1,0.0003108732278787357
trader_9,0.00031063029639837736
ltd_8,0.00031016636694120584
freedom_19,0.0003101255285049188
york_9,0.00031000377751370424
freedom_4,0.000309969061710293
home_19,0.0003099676455624454
governor_20,0.00030992447563174145
ring_12,0.00030976004103541006
carolina_6,0.00030947698388143703
project_8,0.0003094171201336269
gains_10,0.0003092815921233532
illinois_14,0.00030909487934667267
management_2,0.00030894587743842674
case_2,0.0003089287216192692
arts_14,0.0003089131630611207
unemployment_1,0.0003087764919858923
fed_16,0.0003086255178845692
environment_1,0.000308599470893586
bonds_15,0.00030812619666024466
DOW_JONES_18,0.0003076115116355132
market_16,0.0003076113643407477
founded_15,0.0003075400039208207
service_11,0.00030747084610973084
industry_6,0.0003073408331227668
companies_17,0.00030709505422029103
returns_14,0.0003070608044308948
court_10,0.0003070572004922585
county_18,0.0003070255966976924
world_8,0.00030680103777828776
inc_1,0.000306775743503561
senate_8,0.00030670887964971634
inflation_18,0.00030668492001640696
president_15,0.00030646991078910394
development_18,0.0003063466797405678
economic_18,0.00030610352418602825
technology_7,0.0003056610172696564
republican_6,0.0003055996153971535
services_9,0.000305497958867207
world_3,0.0003054133429835424
community_5,0.0003054075751332753
ohio_18,0.00030535043730039687
rights_12,0.0003052163157282222
cancer_8,0.00030496123605882035
government_6,0.0003048088057387747
movement_3,0.00030469545627759644
growth_6,0.00030468207703966113
water_19,0.00030466573591206807
restaurant_18,0.00030460310827976116
society_19,0.0003045770753957692
war_13,0.000304557710026894
fed_15,0.00030428751144779154
political_16,0.00030422749728898285
car_15,0.00030398973357516335
ore_9,0.0003036555015525254
politics_6,0.0003036439519927911
ring_11,0.0003035966121005498
kitchen_9,0.0003034868211856571
court_8,0.0003033405728704885
service_15,0.0003033081059532928
economy_13,0.00030330778090010765
finance_9,0.00030328976852120256
development_11,0.00030326922514972384
opportunity_3,0.0003031802258768028
law_12,0.00030316009593722666
money_12,0.00030315339535087846
york_8,0.00030310860338814084
short_selling_7,0.00030310432425410485
dow_jones_9,0.00030303493478611536
gains_7,0.000302956368556108
services_19,0.0003027568000918464
representatives_16,0.00030269419392597575
markets_2,0.0003026516003078137
project_4,0.00030252476658553196
ohio_17,0.0003024841088331477
council_1,0.00030236749014303537
culture_5,0.00030231927893308264
million_20,0.0003023027257848701
governor_14,0.00030221109301552777
transaction_16,0.0003021150404361196
massachusetts_14,0.0003020575605537911
senate_18,0.00030203164952090914
security_11,0.0003019947638899594
companies_11,0.00030179688790224685
labor_2,0.00030178773337829215
vermont_6,0.00030139496354815795
conflict_5,0.00030134236450432133
office_6,0.00030133518490682836
housing_4,0.00030123842324337617
leverage_9,0.0003011502631830465
sell_11,0.000301121077723945
corporation_2,0.0003010712765454404
energy_5,0.0003010272454795977
short_selling_17,0.00030100159600693913
pennsylvania_9,0.0003008205292922213
return_8,0.0003008101847475164
wisconsin_16,0.00030055638005734687
restaurant_2,0.0003004617543362924
nyse_2,0.00030018867348671714
financial_1,0.00030001092421339854
returns_13,0.00029999392657200334
office_9,0.00029994402418368437
restaurant_14,0.00029982937508254905
metals_2,0.0002997316312142136
massachusetts_11,0.00029960336902932816
management_18,0.00029957554084064707
founded_10,0.0002995457738416808
home_4,0.00029947412872338946
law_14,0.00029945602362981563
development_15,0.0002994530522833127
ring_19,0.0002991205314775702
nasdaq_13,0.0002989275313967006
judge_7,0.00029877647171906724
committee_8,0.0002984536905881348
markets_20,0.00029829816284104404
invest_18,0.00029829110413946507
ohio_19,0.00029801920611723033
kentucky_11,0.00029779985727011277
holiday_18,0.0002977840232540992
carolina_5,0.00029772052446217856
rights_6,0.00029729575331553814
council_10,0.0002972636698476739
society_14,0.0002971600391388622
office_7,0.00029710849987387816
metals_7,0.00029708077061418723
votes_9,0.00029707352184342136
corporation_3,0.0002970640385324793
metals_19,0.00029688442660933767
ltd_2,0.0002968718557852708
risk_15,0.0002968325809845785
wisconsin_15,0.00029672495691103164
travel_11,0.00029650961397666853
water_10,0.0002964300269463667
dow_jones_2,0.0002962949871873101
served_16,0.0002962371952732524
gains_11,0.00029618488761368287
gold_3,0.00029615637726603574
tennessee_12,0.00029608481891359314
fond_17,0.0002957971717531088
conflict_10,0.0002955888644668905
politics_15,0.00029512598639951527
county_1,0.00029506348931472386
committee_18,0.0002949478956947706
buy_11,0.00029490936150286144
minister_11,0.00029483177509272444
minister_14,0.0002947170676778857
market_13,0.00029457933353921166
world_2,0.0002945173344736735
marriage_12,0.00029448649296923325
development_2,0.0002942524764105879
lifestyle_10,0.00029418196668221374
market_1,0.0002940067995582391
college_1,0.0002939834575774512
society_5,0.0002939018749368752
labor_9,0.0002936911679111208
federal_10,0.0002936545277404994
chance_6,0.0002936264348253247
environment_8,0.00029344893495499404
trader_6,0.00029343635987248365
arts_4,0.0002932116580068804
bank_14,0.00029299351272652136
gold_9,0.0002929701486173948
buy_2,0.0002929527282322776
conflict_9,0.00029277245646206233
default_15,0.00029263383014360337
kitchen_18,0.0002926206993983901
war_12,0.0002925523534589163
money_3,0.00029250909244194807
president_6,0.0002924935396455432
trader_15,0.0002922963638892975
DOW_JONES_5,0.0002922456491463516
marketing_4,0.0002922240170266569
crisis_7,0.00029221887891121
governor_2,0.00029214283862834847
development_9,0.0002918683338789517
college_19,0.00029186365692769264
vermont_16,0.0002918308128813583
industry_10,0.0002916867189976084
growth_4,0.0002915770746398866
health_8,0.0002914056825186295
media_14,0.00029132248162356633
corporation_13,0.0002913108902691384
federal_20,0.00029127978647472614
movement_17,0.0002912638885315776
fine_6,0.00029122402331727766
forex_12,0.0002909910029350185
garden_10,0.00029091958537224747
economic_19,0.00029082074377607665
fed_10,0.0002907848031332406
holiday_19,0.0002905859293353478
legal_5,0.000290567310943359
security_13,0.00029043288623744554
global_1,0.0002903786287319246
ring_1,0.00029030341451642607
metals_18,0.0002902055820298815
police_12,0.00029000814499934344
happy_10,0.00028982687594175085
stats_13,0.0002897939088574545
pennsylvania_17,0.00028979100419285935
democratic_4,0.00028971218027101634
stocks_16,0.00028959181868892797
happy_15,0.00028946712100131624
holiday_13,0.00028945639313981145
food_18,0.0002894426008585878
massachusetts_9,0.00028928885343768035
debt_16,0.00028918369911715516
marketing_7,0.00028917408594739705
case_5,0.0002890729793557052
world_1,0.0002890128520806753
inc_9,0.0002889955303232528
corporation_5,0.00028890599797278644
chance_7,0.00028887784340061084
elected_4,0.0002888317647149788
vermont_3,0.0002887798448232537
products_2,0.00028866705744759897
economic_7,0.0002885309575156924
profit_2,0.0002884011101228822
elections_15,0.00028837797130879287
bank_19,0.00028817854570890845
investment_11,0.00028801628363412084
william_5,0.00028778166001895087
revenue_3,0.00028768442571422035
food_14,0.0002876728785201501
economics_16,0.00028757152839869435
development_20,0.0002875547448836817
president_16,0.0002875527577854457
leverage_10,0.00028740403439427
minister_13,0.0002873904421955883
voters_16,0.0002873429055823076
election_1,0.00028721106603012765
leverage_20,0.0002871853230171457
washington_6,0.00028704103459668606
car_3,0.00028701389409447703
happy_1,0.00028699265937636836
companies_12,0.0002867672612807436
politics_1,0.0002867152198719787
william_13,0.00028665951845713175
justice_17,0.00028657578486535035
ring_13,0.00028655018906037434
restaurant_11,0.00028634502379749563
financial_4,0.00028629909108269624
transaction_13,0.00028629381410997607
fed_17,0.0002861258129330183
car_4,0.00028612220010467516
dividend_8,0.00028608520811391607
police_4,0.0002859062018953811
financial_12,0.00028585494139098377
minister_19,0.00028583842344646204
massachusetts_2,0.0002857575162046155
union_9,0.0002857498334258096
william_16,0.0002856579155972561
tourism_1,0.0002856550609208147
district_7,0.000285589574318142
york_13,0.00028552535505866917
act_16,0.00028547812559894415
votes_12,0.0002854517490341836
senate_9,0.0002854358048871745
success_2,0.0002854142490492175
travel_8,0.000285327290127634
bank_18,0.0002853167113841838
carolina_9,0.00028517639355386804
leverage_14,0.00028494953990827905
case_19,0.0002849408890668271
home_17,0.00028488170688896697
home_11,0.0002848697257161759
car_17,0.00028472284132014593
committee_4,0.0002846636099771235
democratic_20,0.00028440241449533666
development_19,0.0002843093362054343
energy_8,0.00028427464410884866
war_7,0.0002842076033082468
investment_20,0.000284057907066579
consumption_5,0.0002838461782056804
color_20,0.00028380299918667816
minister_16,0.00028378112401185383
management_12,0.00028357114945420285
judge_5,0.0002833969515236399
service_10,0.00028332043287197166
carolina_14,0.0002833008503629412
fed_19,0.0002832032622539427
DOW_JONES_17,0.0002832003375783577
growth_18,0.0002831532905654919
markets_4,0.0002831106343939488
social_2,0.000283104836447272
senate_15,0.0002830642997513391
revenue_9,0.0002830161614667128
gain_16,0.000282827999764103
legal_3,0.00028279900076536783
william_12,0.0002827355344638906
management_3,0.00028247769915108913
vermont_11,0.00028223737088192724
texas_15,0.00028219024085120555
debt_11,0.00028215862254090025
pennsylvania_8,0.00028207032846028153
forex_9,0.00028204327486044495
judge_13,0.0002820238798859585
global_18,0.0002819227793095174
legal_6,0.00028180568504279917
council_7,0.00028163103477044923
DOW_JONES_3,0.00028161974738826205
president_9,0.0002816172972959129
hedge_17,0.0002816103528919497
car_6,0.0002815672599908037
elections_9,0.0002814934316734496
cancer_14,0.00028138937124885295
economics_3,0.0002813405450793819
default_8,0.00028133301864849636
rich_7,0.00028132560341610676
financial_17,0.00028129973288531135
inc_7,0.00028120907271605267
bubble_6,0.00028115133888299013
college_6,0.00028089310329248665
political_13,0.00028088200096967924
society_11,0.000280761562526184
health_15,0.00028065083410455086
washington_15,0.0002806192996323639
train_13,0.00028049670366648443
kentucky_3,0.00028047993939178044
case_7,0.0002802050327878353
holiday_9,0.00028002713039100915
justice_10,0.0002799390678377939
crisis_11,0.00027979737894687033
party_19,0.00027971769354792435
greed_2,0.000279703363927438
color_11,0.00027969354287504333
fine_7,0.000279512479414435
union_20,0.00027943851240488454
unemployment_13,0.00027941780304890744
corporation_7,0.00027932290916615765
energy_14,0.00027916786466779036
act_6,0.00027915146659812363
success_17,0.0002789744503811906
media_20,0.0002787992830462866
short_sell_5,0.0002787658113953749
return_19,0.0002787560521715683
default_16,0.0002787418710095453
environment_9,0.00027871744642781783
market_18,0.00027861790943056367
default_18,0.00027861087731345495
party_5,0.000278597468818606
ceo_11,0.00027826768368482567
representatives_13,0.0002782290118232166
financial_14,0.00027813878530213375
color_8,0.00027813474902507745
council_18,0.0002780919221562192
law_15,0.0002780583650086316
gold_16,0.00027801552000524893
district_4,0.0002777216261364228
movie_3,0.0002776971066340856
cash_5,0.00027759849514849685
culture_12,0.0002774261019333847
government_13,0.0002773439472762968
energy_7,0.0002772381107533658
georgia_7,0.0002772293798006716
stats_6,0.00027720929706664585
rights_20,0.00027710871244581337
police_16,0.000276999032208223
headlines_17,0.0002769718221148899
william_14,0.0002766491530579199
movie_2,0.00027652015890963387
election_18,0.00027640874532707194
health_18,0.0002762212165740313
vermont_12,0.00027605220751277817
industry_15,0.0002759944196771772
BUY_AND_HOLD_5,0.00027582468802919284
housing_20,0.0002757587221357189
senate_6,0.0002756632878776021
products_11,0.00027550603530445897
political_18,0.00027550173978731863
fine_1,0.0002751146493383636
ohio_4,0.00027493654181809585
project_10,0.0002746931147099393
management_1,0.00027460256295424055
management_7,0.0002745907220587171
loss_8,0.0002744449746537936
revenue_19,0.00027439001620452395
bonds_1,0.00027434153892180984
democratic_10,0.00027421069901890525
marketing_18,0.00027416921782089825
elections_19,0.00027388215295841935
cash_1,0.0002737496327281456
bank_3,0.0002737425853513375
business_4,0.00027372599424312576
police_11,0.00027363986961539163
william_4,0.000273621458601284
fed_11,0.0002735007341921917
act_11,0.0002734562694078872
democratic_13,0.00027336320907481355
stats_17,0.000273332250348285
oil_16,0.00027318198280571376
texas_14,0.0002731383194375436
financial_9,0.00027313709985508054
inc_8,0.00027313519235314083
district_18,0.00027303901351569213
business_10,0.00027303027571113817
society_20,0.0002729630166880184
kitchen_4,0.0002729578289483002
buy_5,0.0002729215172378329
kitchen_16,0.0002728570214217761
york_10,0.00027279966199875654
party_18,0.00027245593226684863
representatives_9,0.0002723945755538249
car_14,0.0002722861120992628
financial_19,0.00027225077613070726
movement_15,0.00027222320118382967
tennessee_4,0.00027211850737719696
case_6,0.00027208257742097604
energy_13,0.0002720532440506235
massachusetts_13,0.00027176291011241
union_3,0.0002716796414752183
companies_5,0.0002716732120341132
elected_8,0.00027136400801026743
home_7,0.00027132400778522416
community_20,0.0002712742460764988
invest_11,0.00027114863168384187
fond_16,0.00027108065330998644
hedge_4,0.00027102787355374314
bubble_4,0.00027096218383386
religion_15,0.00027080778204806685
inflation_3,0.00027060153850498706
health_14,0.0002705327943881377
banking_1,0.000270417607836876
pennsylvania_5,0.0002703744246576689
project_13,0.00027031854078004636
minister_9,0.00027020025917744693
members_5,0.0002700511182246417
default_12,0.0002699251719024754
illinois_2,0.00026989531329599486
inc_15,0.0002698017100089814
environment_17,0.0002697264676463312
technology_16,0.0002696389772639319
house_7,0.0002696124431558631
security_15,0.0002693907492168725
service_14,0.0002693741254970773
georgia_14,0.00026925928557366546
holiday_10,0.00026920284479561043
crash_13,0.000269056225579591
buy_8,0.00026895257527136807
service_16,0.0002689511903250481
media_11,0.0002688954193506274
case_1,0.0002688258851397092
labor_10,0.00026879326684532115
buy_3,0.00026866212405467595
religion_14,0.00026863889290906155
york_15,0.0002686356558895023
economics_15,0.0002685985512395489
texas_4,0.0002685755880981713
movement_4,0.00026851222390782657
ring_18,0.00026831005213736366
gains_1,0.0002681987202477292
sell_10,0.0002681593267537142
cash_17,0.0002681328351242672
district_1,0.0002680255170437308
consumption_17,0.00026794728165941323
invest_3,0.00026767807887005245
kitchen_3,0.00026751268635584696
services_5,0.0002674759410478614
freedom_12,0.000267475588591705
earnings_17,0.0002674551368188709
ceo_2,0.0002673436206596981
tourism_17,0.0002672074663409576
federal_16,0.0002668381137079544
sell_4,0.00026673399833382843
unemployment_8,0.0002667217673863913
ring_5,0.000266424173576484
representatives_15,0.00026627950212888216
kentucky_2,0.00026617325904744487
governor_10,0.00026613122781191784
act_3,0.00026597920399756803
marketing_5,0.00026587450097329267
water_16,0.00026578934530686936
william_15,0.00026575768976167766
governor_16,0.00026573129607265067
companies_3,0.0002655709004403395
religion_6,0.00026549828849657035
happy_14,0.00026539952555883754
fine_2,0.0002653724247688309
opportunity_12,0.00026530032998266126
buy_9,0.00026520691471812414
case_11,0.0002651602002537344
republican_19,0.0002649440626101353
money_7,0.0002648353067271773
ceo_13,0.0002647972183202168
color_17,0.00026472388690834334
firm_3,0.0002646688414587784
technology_15,0.00026463112686759215
movie_1,0.00026460385784966226
arts_12,0.0002644939840739149
portfolio_14,0.0002644480848723484
fond_12,0.0002644229404672079
financial_18,0.00026433067386014624
risk_8,0.00026425976123698337
pennsylvania_14,0.0002642570381724313
freedom_3,0.00026412443056045087
gold_6,0.00026404829539273866
virginia_12,0.0002639578495592084
washington_9,0.00026395697463090753
crisis_19,0.0002639240481375788
union_14,0.00026377436781739057
money_14,0.0002637197168271888
short_sell_12,0.00026369648527935924
loss_3,0.0002635781102027592
train_15,0.00026351112710938586
society_17,0.00026347735102648525
fun_6,0.00026337474367887584
ore_17,0.0002632657703875124
rich_9,0.0002632218386129286
law_13,0.00026319998184982127
politics_8,0.00026319888617376915
media_19,0.00026311498352309034
chance_13,0.00026283669826436117
market_11,0.00026274805952854544
marketing_19,0.00026228430856656347
governor_18,0.00026227892321883223
legal_13,0.00026223998038823093
voters_13,0.0002620879672896846
oil_11,0.00026202198193918256
committee_14,0.0002620190173588237
buy_10,0.0002620080451410413
security_9,0.00026183908487208965
happy_19,0.00026176842119293297
lifestyle_16,0.00026168798305206426
secretary_1,0.0002616729847235897
bank_10,0.0002616099791707198
war_6,0.00026160499838080487
county_12,0.0002615344832584265
train_4,0.0002614831052924165
water_1,0.00026143636506676564
environment_2,0.00026127478470793067
voters_2,0.0002612304509235676
office_18,0.00026121740654074617
labor_8,0.0002611590034723842
culture_7,0.0002610854849259986
office_4,0.00026094776489721857
forex_4,0.0002609471669292569
management_16,0.0002608691019615915
court_16,0.0002607677509871749
investment_7,0.00026076383546976933
food_13,0.00026024530982831165
inc_13,0.0002601472227716489
missouri_4,0.0002601002066721362
tennessee_1,0.0002600535000997998
senate_10,0.0002599532445538684
investment_19,0.0002598463612164377
ore_20,0.000259670165471909
dow_jones_5,0.00025959799701017453
restaurant_8,0.00025952903809031545
voters_18,0.00025948841755397
leverage_7,0.00025941628586485235
debt_1,0.00025918095452420324
georgia_3,0.0002590912058324333
fine_5,0.00025904087258733706
loss_20,0.00025901034179175907
court_7,0.0002588511224891256
vermont_13,0.00025842380618119084
dividend_11,0.0002583877698574799
seats_7,0.00025799684788052764
crash_3,0.0002578945291844145
services_2,0.0002578571187167401
DOW_JONES_6,0.0002577152627373354
conflict_7,0.00025770283402480447
stocks_10,0.00025769117295045544
housing_2,0.00025764517848969295
hedge_20,0.000257630391582494
marriage_9,0.0002575515310485909
federal_11,0.00025747335941421473
debt_4,0.0002573214446717954
chance_16,0.00025714580742904183
elected_6,0.00025714509496567434
ohio_13,0.00025697828945189127
growth_20,0.00025695200096539065
consumption_7,0.00025694917723054493
stock_market_7,0.00025690836434822035
corporation_16,0.00025656307984173453
global_3,0.0002563272049920138
chance_18,0.00025630584138446825
democratic_11,0.00025630568015175704
ceo_17,0.000256270700646538
fine_9,0.00025626373975256233
happy_16,0.00025623582585393266
ring_16,0.0002560028488993386
carolina_10,0.0002559981397628383
washington_11,0.00025572940060299517
banking_7,0.0002556485519009839
stock_market_17,0.00025559894339025876
wisconsin_19,0.0002555544875318713
default_5,0.0002555257443687534
bonds_8,0.00025537331208618587
crisis_5,0.0002553086987257957
credit_6,0.0002552088705909468
economics_8,0.0002551541395035798
election_20,0.00025503229060510604
georgia_9,0.0002548507553259649
case_8,0.00025472592989646747
seats_20,0.0002546563928211098
inc_19,0.0002545941988407786
missouri_3,0.00025454733310630766
consumption_6,0.00025451288144020715
million_6,0.000254450759329746
bonds_5,0.0002543580218855839
politics_11,0.00025424070969926217
trader_3,0.0002541706434257572
gains_9,0.00025411338245925094
products_6,0.00025402900336542503
short_selling_4,0.0002538562706566891
loss_7,0.0002538139229525749
voters_17,0.0002537908829742226
crisis_20,0.00025373179155220485
votes_19,0.00025366926055873397
food_11,0.00025345286478528455
kitchen_7,0.0002534171244195534
million_2,0.00025337395307721
forex_17,0.00025334079308343216
companies_19,0.0002531452424355285
society_15,0.000253107328680712
secretary_19,0.0002530456140512683
illinois_4,0.0002528693470937664
environment_14,0.0002525732235947807
government_8,0.0002523693948834975
return_11,0.0002523035160709444
invest_15,0.00025226361495011537
short_sell_6,0.00025222569965344853
movie_12,0.0002520709948034479
college_13,0.00025200559871143153
million_14,0.0002519901955991697
gain_8,0.0002519397891899261
office_1,0.0002519011145105605
conflict_17,0.0002518040269407567
color_15,0.0002517691272014474
police_3,0.0002517344879444364
fine_14,0.00025173058253197104
business_11,0.00025166221397490343
profit_8,0.00025164264572882875
world_13,0.0002514009564958388
movie_16,0.0002513626115193621
credit_20,0.00025134863546330533
act_17,0.00025133581036545496
present_3,0.00025128416268879847
products_19,0.0002511879690968726
derivatives_13,0.00025118781432152454
senate_14,0.0002511345822784061
forex_5,0.00025113402738795895
travel_3,0.0002510500326087076
stocks_20,0.00025094495237961665
nasdaq_16,0.00025085904805628305
returns_18,0.0002508091675472802
carolina_4,0.00025076342620473186
missouri_7,0.00025071270964793633
court_1,0.00025069009159329363
success_14,0.00025064120618002505
washington_5,0.00025059991605504053
economics_5,0.00025058618815085857
texas_17,0.00025057107985139443
rich_19,0.0002504883888675245
business_20,0.000250460438090491
conflict_4,0.00025045293129001626
minister_7,0.00025041013457669236
cash_9,0.0002503694988662304
economy_15,0.00025021023499330547
returns_9,0.0002501608409148061
products_18,0.00025003730587845553
georgia_4,0.00024973456273503646
trader_14,0.0002497169704663431
texas_3,0.0002496713098777448
secretary_16,0.00024960310229338886
companies_2,0.00024958418873479007
transaction_6,0.0002495120846856584
tennessee_13,0.00024949170978371077
color_13,0.0002490486978665271
government_10,0.0002490127471904481
ltd_7,0.0002489948933259946
holiday_4,0.00024879977949662297
leverage_11,0.00024859191142629294
travel_17,0.0002485812328904439
happy_13,0.00024856042367981757
arts_8,0.00024853357346138287
unemployment_9,0.00024848989477110444
committee_16,0.0002483474147176487
carolina_18,0.0002483470764614134
court_18,0.0002483283130756879
pennsylvania_15,0.00024828430709570876
marriage_17,0.00024823141855207366
dow_jones_7,0.0002481541398167988
revenue_11,0.000247656373375366
consumption_4,0.00024754514278976884
government_3,0.0002474711383044936
trader_4,0.00024745872611733384
security_1,0.0002473921342839026
elected_1,0.0002472190161572961
sell_1,0.00024715522675898197
economy_2,0.0002470944973150412
house_14,0.00024702534736856816
college_7,0.0002467547310072439
unemployment_17,0.00024629026765506546
products_10,0.00024625700335676896
unemployment_4,0.00024612080900625745
movie_17,0.0002460885183515824
buy_13,0.00024602283730645104
companies_7,0.0002460153151922449
ministry_8,0.00024596858740704217
community_19,0.0002459103711067559
representatives_8,0.00024588797175322777
case_13,0.0002458064789618211
present_8,0.00024580194317060723
government_14,0.00024576053592728587
election_9,0.000245712204426198
ore_5,0.00024567864243850733
justice_13,0.00024567244768780117
trader_18,0.00024564112733602617
war_17,0.0002453135507587308
politics_16,0.0002452108619033715
economics_4,0.0002451825259362664
district_13,0.0002450999967010791
industry_12,0.0002450903721938501
global_5,0.0002450189441474621
sell_16,0.0002449367400025375
party_3,0.00024472473951345366
finance_16,0.00024471105292471506
election_12,0.0002447048059257632
profit_10,0.0002445789976966871
global_19,0.0002444664340478488
georgia_20,0.0002444546457781641
district_19,0.0002442762018410583
technology_20,0.00024423661145057187
portfolio_1,0.00024420193123960517
world_10,0.0002441707103400751
management_10,0.00024411448383562865
metals_10,0.00024407412345473823
chance_3,0.00024385154499617106
oil_1,0.00024378285768273086
success_13,0.00024374991588552115
members_17,0.00024347453744161888
economy_7,0.00024346776427438085
court_5,0.00024334751375718573
college_11,0.00024314699141197519
security_16,0.00024304474011801542
dow_jones_20,0.00024302212080886407
fun_14,0.00024292810045044804
party_7,0.00024292524719092442
investment_4,0.00024275489128835342
virginia_2,0.0002427530352080583
corporation_8,0.00024274307511315326
risk_6,0.0002426742492206133
president_19,0.00024253712561901183
judge_16,0.00024246223143072597
invest_20,0.00024245642050002545
growth_3,0.0002423723775566583
social_1,0.0002423513896390048
gain_9,0.0002423002071821274
consumption_3,0.0002422971950998756
risk_20,0.00024224801569270612
case_20,0.00024217974429521002
social_8,0.0002421111424423163
tourism_8,0.00024181330927558408
returns_3,0.0002418084551802771
global_2,0.0002417557734580685
economy_17,0.00024171912778228472
fed_13,0.00024166819137057754
ore_8,0.00024158753934424462
massachusetts_16,0.00024142679699925142
election_4,0.00024121267852421517
election_8,0.0002411356852869087
DOW_JONES_16,0.00024111952466384346
fed_14,0.00024102255837140377
stock_market_11,0.00024075685430595718
committee_17,0.0002405898818508547
county_20,0.00024057304492841012
revenue_10,0.00024044410454991466
nasdaq_10,0.00024028468243570826
happy_2,0.0002402359312626289
council_2,0.0002402242453166614
movie_15,0.00024017503485347823
financial_markets_19,0.00024008010762185177
stats_4,0.00024004959261810624
community_16,0.0002398901752123873
oil_13,0.00023983384084782768
served_1,0.0002398293864048044
ltd_6,0.00023972410250669928
dividend_16,0.00023970951116894
police_7,0.0002396520232097247
movement_6,0.00023965093403281742
global_4,0.00023957992069582046
william_2,0.00023950449395308135
conflict_13,0.00023948845272047167
gain_12,0.0002393192803070381
office_19,0.00023923020399059956
politics_14,0.0002391266316227603
ore_11,0.00023905807375379482
investment_3,0.00023902510107062306
service_3,0.00023882245290010834
transaction_4,0.00023881727236489247
consume_8,0.00023879211844113414
georgia_10,0.00023876854263016933
tennessee_15,0.00023868493195664886
texas_11,0.00023865198144756793
technology_17,0.00023864574385363047
culture_14,0.00023852702168451
marketing_10,0.00023849782290174767
york_16,0.00023848317645290787
profit_13,0.00023845113591069078
banking_14,0.00023844241791002557
rich_16,0.00023843929438264888
crash_7,0.00023834428236504298
ministry_6,0.0002382544034799356
firm_8,0.0002381831114135231
wisconsin_3,0.00023813337741225205
water_4,0.0002381143624926811
ltd_19,0.00023810147369823838
pennsylvania_20,0.0002379662115627703
growth_10,0.00023772682832189166
stocks_14,0.0002376666407788519
success_11,0.00023766288921605645
trader_11,0.00023765843885621717
william_17,0.0002375742716574985
business_6,0.00023750277987439562
transaction_1,0.00023745871027405375
present_13,0.00023738015225544882
ohio_10,0.00023722637704243823
environment_16,0.00023721608081521924
return_14,0.00023716398505329458
happy_6,0.00023709738141430278
short_selling_1,0.00023707632443758134
banking_2,0.0002369118492427289
nasdaq_15,0.00023666898919516357
consumption_18,0.00023662079193392777
economy_14,0.00023646188575951636
trader_10,0.00023642736310529756
ring_9,0.00023642588340674228
legal_18,0.000236349143335954
inc_11,0.00023631287967570708
marketing_9,0.0002363026814920138
marriage_10,0.00023618916757922533
business_2,0.000236169023558554
texas_20,0.00023615297686669013
travel_9,0.00023614532113026666
business_14,0.00023612501220669283
financial_7,0.00023598599415405088
politics_4,0.0002357791673952896
garden_1,0.0002353035424250465
elections_6,0.00023523351107265309
justice_15,0.00023517733208022377
buy_15,0.00023492698275318422
garden_19,0.00023482028736601342
virginia_8,0.0002346642386669767
ohio_8,0.00023460724189067813
case_14,0.00023458297159151465
rights_11,0.00023446505664818901
economic_6,0.00023442338402319897
portfolio_18,0.0002344152274338016
investment_17,0.0002343523595507724
war_14,0.0002342924004742959
garden_13,0.00023424873781482974
members_16,0.00023423002057298633
development_5,0.00023422899454882525
union_19,0.00023420272429533568
illinois_10,0.0002341646571498539
technology_12,0.00023405737111454345
rights_9,0.0002339823962173352
rights_15,0.0002339596942748431
representatives_3,0.00023391413155196187
president_8,0.00023385877630406564
ore_19,0.00023381463050774638
democratic_14,0.00023381091258980474
firm_9,0.00023378999103824716
global_6,0.000233789989677258
dow_jones_15,0.00023368309893954015
case_4,0.0002335120877760481
car_12,0.0002334910348076953
invest_16,0.0002331803125218415
garden_3,0.00023299330939876108
revenue_12,0.00023294126889242202
inc_3,0.0002327422780261373
bubble_13,0.0002327119494345521
voters_11,0.0002326042140838129
corporation_14,0.00023255034916985507
color_7,0.00023251737134922222
oil_5,0.00023244943960319008
derivatives_14,0.00023239354090424087
train_9,0.0002322778039215916
transaction_14,0.0002322749232364944
revenue_14,0.00023211567688261967
housing_13,0.00023199508111939257
arts_1,0.00023199314276167387
freedom_2,0.00023193505466454452
committee_2,0.00023192462147159413
missouri_14,0.00023192126711748623
economic_3,0.00023190702624189893
growth_1,0.0002318465338100835
companies_6,0.0002317918589831942
energy_17,0.00023170779187529415
products_17,0.00023156213617301236
debt_9,0.00023144738342410602
community_10,0.00023140233572495957
business_17,0.0002313627870082351
york_14,0.00023134580505969083
ore_18,0.0002311959216230874
restaurant_9,0.00023100924079158075
seats_1,0.00023099989911087027
cancer_20,0.0002309868553594856
credit_15,0.00023084968280444345
market_2,0.0002307760922942916
rights_8,0.00023077106321473008
leverage_16,0.000230524933914452
global_9,0.00023048321759856758
financial_3,0.0002304107627996439
society_3,0.0002304096355223735
kentucky_18,0.00023036058238901422
party_1,0.00023005191991451826
transaction_18,0.00023002165219680504
washington_19,0.0002299181936861245
william_9,0.00022988196709421802
founded_18,0.0002298258627735581
college_10,0.00022982056397474098
political_11,0.0002297059176805482
ltd_4,0.0002296931537696176
political_14,0.0002296669433365085
lifestyle_20,0.00022952233288942465
wisconsin_1,0.00022949928303966552
bubble_17,0.00022949618419907002
votes_20,0.00022942995511043325
kitchen_15,0.0002292688744393673
political_4,0.0002292452927110148
service_13,0.00022917468679388545
credit_9,0.00022914509738981446
investment_9,0.0002291374546884218
political_10,0.00022903552090222963
economy_9,0.00022903006632478686
water_20,0.0002290091940250536
nyse_19,0.000229003216609929
movie_14,0.00022889276986203858
corporation_9,0.00022885385938176543
president_10,0.0002288481923594912
fed_5,0.0002287598569008092
gain_19,0.00022868384066768188
society_18,0.00022861639255477613
fun_7,0.00022833603488471888
government_12,0.0002282552574523912
money_20,0.0002281139708668269
forex_18,0.00022807601102954706
culture_6,0.0002280444642614479
act_4,0.00022793951510463004
seats_12,0.00022757391068096235
judge_10,0.00022754672660168653
secretary_6,0.0002274455099294028
garden_9,0.00022744490336496566
president_17,0.00022738421576812344
senate_3,0.00022737683657649303
arts_10,0.00022715566486029176
house_13,0.00022705613273204086
act_2,0.00022700476809421044
pennsylvania_19,0.00022687951156086215
invest_12,0.00022687785323668817
development_4,0.00022686539576157643
committee_12,0.0002267690626471897
train_18,0.00022671863821226626
holiday_7,0.00022655186538183422
headlines_12,0.00022654105713561904
college_5,0.00022649428061997148
ring_8,0.00022635133020520453
vermont_14,0.00022628080444134108
republican_13,0.00022624212200620362
kitchen_10,0.00022618731501926115
georgia_11,0.00022618657264853297
act_9,0.0002259366803003282
loss_4,0.00022592529809211743
rights_16,0.00022581960060280942
massachusetts_15,0.000225745083527682
media_2,0.00022565137824520908
vermont_18,0.0002255979668123497
products_7,0.00022551865551841187
media_7,0.0002254157391249252
union_12,0.00022540125417203985
justice_3,0.0002253776205721684
federal_1,0.0002253604797939002
sell_7,0.00022528586946893555
judge_8,0.0002252563883925163
returns_15,0.00022517083652223423
color_5,0.00022515656719207115
missouri_11,0.00022502480757803983
police_2,0.00022502080883317555
tourism_13,0.00022494394682987608
social_14,0.0002248476064657067
kentucky_17,0.00022448844749289965
virginia_6,0.0002244744548873042
unemployment_15,0.0002243497701412985
markets_10,0.00022432506352343732
energy_9,0.0002242630740114937
wisconsin_10,0.0002242331923622177
representatives_7,0.00022420086084203261
police_19,0.000224137438894708
energy_18,0.00022402837088538404
served_4,0.00022402204404912206
dividend_7,0.00022401481936212955
legal_12,0.00022393580876721602
kitchen_12,0.0002238394865433816
loss_19,0.00022380502513576005
tennessee_19,0.00022377892540993515
gold_15,0.00022370914446970039
financial_13,0.00022357855252367026
water_15,0.00022351294662753345
financial_markets_16,0.00022336951995246006
environment_7,0.00022327231487394658
opportunity_15,0.00022318573057949923
fine_12,0.0002231344499881457
act_13,0.00022308251119084173
earnings_16,0.0002230695492165144
movement_18,0.00022295318976902782
markets_13,0.0002228746545829301
illinois_5,0.00022269344680375723
judge_9,0.00022261987875280126
inc_16,0.0002225652103068828
short_selling_12,0.00022254569331869365
wisconsin_2,0.0002223715323465804
act_14,0.00022229687949240973
stock_market_8,0.00022229538170592822
returns_17,0.00022219382024498506
metals_11,0.0002220169718893067
energy_20,0.00022199756655827662
government_16,0.00022196435982468774
union_7,0.00022183609873567157
tourism_10,0.0002218242296123892
revenue_15,0.00022175757032677758
development_6,0.00022162390968000458
train_16,0.00022154394363662445
service_12,0.00022152188190551026
police_6,0.00022150895433520058
housing_12,0.00022137933519044838
million_7,0.00022136506680400483
nyse_5,0.00022134962367264526
ltd_1,0.00022116784956963223
votes_2,0.0002211552743307763
fun_13,0.0002206714934160984
debt_14,0.00022067040612156483
court_3,0.00022063262222878354
consume_17,0.000220607721554602
success_18,0.00022056633419413862
union_2,0.00022053144158434452
food_12,0.00022052501207103686
case_15,0.00022045845842557241
judge_2,0.00022023375385388897
management_5,0.0002202239477919876
train_1,0.0002200928637981334
inc_10,0.0002200552589282396
illinois_15,0.00021998177773784302
movie_8,0.00021995994011877285
revenue_5,0.0002199250799956524
water_11,0.00021986358246220305
economy_4,0.00021976237564559831
ltd_20,0.00021974587165719069
opportunity_13,0.0002194977419151341
voters_19,0.0002194808265004975
marriage_4,0.00021944994928732548
headlines_10,0.00021930289988869028
global_14,0.00021926813061690084
metals_17,0.0002192526931989852
illinois_8,0.00021924560718777225
stats_10,0.00021911460849581365
cash_7,0.00021905840699049174
risk_3,0.00021901413485268966
lifestyle_5,0.00021900487411186676
act_12,0.00021894925635458968
democratic_16,0.00021888460340458669
political_20,0.0002188466990700881
election_7,0.00021882758443245908
economy_18,0.00021876984684729694
nyse_17,0.00021876897473154812
project_2,0.0002186972824694673
security_7,0.00021867023189854024
risk_10,0.00021849786710880013
law_9,0.0002182391663366837
fed_4,0.00021823512883600133
religion_10,0.00021812139362648112
water_8,0.00021809401184788745
fine_3,0.00021807647514886623
house_11,0.0002180231084560165
arts_13,0.00021786920190860064
voters_3,0.00021784322722458068
banking_16,0.0002178382783185632
marketing_2,0.0002177635832595173
inflation_13,0.00021766793881352228
financial_2,0.00021756667830202727
leverage_13,0.00021755431934995177
rights_3,0.0002175408955625304
nyse_18,0.00021752818383298053
growth_16,0.00021745558767225187
invest_8,0.00021734538175409272
financial_markets_7,0.00021724713216238707
court_9,0.0002172256417189897
republican_1,0.00021711556247002985
DOW_JONES_19,0.00021700132746024767
wisconsin_8,0.0002169796954300754
founded_3,0.00021697351009965517
arts_19,0.00021690314814600965
washington_10,0.0002168781244709002
market_5,0.0002167795462533449
firm_13,0.00021659875069379389
services_20,0.0002165702236729538
political_8,0.00021634453245060923
marketing_3,0.00021625591776266618
earnings_6,0.00021598392357122383
happy_11,0.0002158113131134925
crisis_12,0.0002158037382521121
car_1,0.000215772674209799
illinois_20,0.0002157440039598944
finance_15,0.00021574280603260537
labor_14,0.00021573713628557194
massachusetts_8,0.0002157108762494653
growth_17,0.0002156310844818281
trader_1,0.0002156145315767972
DOW_JONES_10,0.0002156028926106595
religion_8,0.00021543995318415188
gain_13,0.0002153178974730057
massachusetts_12,0.0002152401187114561
college_20,0.0002149246953573009
election_5,0.00021484742187488566
finance_11,0.00021445627022151728
ministry_1,0.00021443302888078422
office_14,0.00021422091496197824
development_16,0.00021420771846438692
elections_5,0.0002141516321422452
earnings_3,0.00021404080175816136
cancer_7,0.00021381051659752644
investment_8,0.00021373164617213603
republican_16,0.0002134624322438753
money_9,0.0002133779714622282
investment_5,0.0002130995456753596
economics_14,0.00021302890904111577
products_3,0.00021297692058460743
hedge_1,0.00021289455572722881
nasdaq_18,0.00021286982915144151
law_4,0.00021280418360246456
markets_3,0.000212786458274979
elections_17,0.00021278473342196014
holiday_6,0.000212642573260104
district_12,0.00021263287263795637
headlines_15,0.00021252413151781862
virginia_13,0.00021235720074869687
seats_2,0.0002121883434278272
governor_15,0.00021213527528733152
freedom_10,0.00021208680856568446
derivatives_8,0.0002119845271653519
transaction_7,0.00021196969537567008
oil_20,0.00021188414966777025
world_15,0.00021187575877027
ceo_12,0.00021178247414613703
bubble_18,0.00021174540704068103
finance_10,0.00021156191824956065
virginia_18,0.00021153647355108608
tennessee_10,0.00021152811740366212
members_10,0.00021142770876893214
opportunity_14,0.00021142027810332295
president_3,0.00021141272160339167
garden_16,0.00021138438359855565
profit_16,0.0002111644405526965
rich_6,0.00021103068621983103
law_18,0.0002110273290687678
portfolio_4,0.0002107060026615436
war_18,0.00021070230797427992
forex_1,0.0002106744755940948
freedom_20,0.00021066265645609562
health_12,0.00021057388241053448
washington_20,0.00021052253159904556
returns_4,0.00021052004328442876
oil_9,0.0002103159316479752
project_1,0.000210276434333532
loss_12,0.00021026215390418647
ore_3,0.0002102447942573265
earnings_8,0.00021021091260803448
carolina_12,0.0002100784683950705
community_7,0.0002099486500685941
buy_16,0.00020987358423458564
vermont_8,0.00020981147077955595
labor_17,0.00020974424436897996
dividend_19,0.0002097064393158152
rich_2,0.00020968591547991741
election_13,0.00020966786043269354
companies_14,0.0002095655953735949
house_15,0.00020897118840516827
war_20,0.00020893655521945527
vermont_17,0.00020889339534035456
georgia_8,0.0002088023426437801
secretary_8,0.00020874890413048608
dividend_20,0.00020855854855071366
security_14,0.00020853843771425777
dow_jones_14,0.00020849174765852994
opportunity_5,0.00020843862302773427
companies_20,0.00020836829280585067
profit_6,0.00020835881619763727
return_15,0.0002083294068151256
ltd_13,0.00020823950595180596
rich_15,0.00020815783318418998
nyse_14,0.00020804406423328566
fed_7,0.00020801907570457424
kentucky_6,0.00020765596764692185
senate_4,0.000207628499650211
million_11,0.00020757414841838503
environment_10,0.00020755328299709605
cash_19,0.00020754242064211246
sell_8,0.0002075401786791238
marriage_20,0.00020742544262081252
republican_3,0.00020735375331584757
secretary_18,0.00020721966864550856
stocks_19,0.0002071312090077054
food_4,0.00020709131469025675
global_20,0.00020708828285612583
stocks_1,0.00020703961730389548
success_9,0.0002067304021990004
corporation_1,0.00020670970287237626
crisis_10,0.000206641236361064
BUY_AND_HOLD_19,0.00020663391728030576
labor_6,0.00020632478300262872
million_17,0.00020630656621653423
color_14,0.0002062780762451524
judge_11,0.000206126085052794
senate_17,0.0002058342381673105
profit_12,0.0002057445289785549
social_13,0.000205644242182634
housing_6,0.00020557113958349297
district_20,0.00020548280404566167
default_17,0.00020526670453443408
unemployment_16,0.00020517602658239904
restaurant_10,0.0002051690497488109
money_2,0.00020513053746779456
industry_16,0.00020497928277750277
pennsylvania_10,0.00020497909144593464
cash_14,0.0002048440017906271
energy_3,0.0002048055787112
lifestyle_2,0.00020471312088596373
investment_12,0.00020463099638089706
rights_1,0.00020454226759543932
security_10,0.00020452830822112957
seats_19,0.00020439804955655006
media_13,0.0002043537185495836
transaction_17,0.00020433543199965227
gains_17,0.0002042626122366712
stats_1,0.00020419792796579498
fun_9,0.00020407973092097416
culture_9,0.00020405530489969392
metals_9,0.00020405367003313837
investment_2,0.00020391541374444096
conflict_1,0.0002035280245237352
travel_5,0.00020344965075628075
housing_8,0.00020341040680993983
crash_5,0.00020336885177696983
legal_1,0.0002033647128707291
carolina_20,0.00020329713592364136
gain_4,0.00020317860876230108
marketing_11,0.00020306509728173423
court_13,0.00020297011762616493
judge_3,0.00020283275303218092
community_6,0.00020280231391427682
missouri_19,0.0002027505132934775
elections_12,0.0002027094382224907
ring_17,0.0002026882144157827
cancer_18,0.00020265228483872
democratic_1,0.00020239520129013968
global_8,0.00020229098401438567
fed_6,0.00020212203853941504
financial_markets_20,0.0002021151449038556
health_13,0.0002020119548411662
bubble_8,0.00020189912145746573
william_1,0.0002018194480037053
governor_4,0.0002017915672050643
risk_18,0.0002017783076983969
judge_14,0.00020172715812974757
security_12,0.0002017258443826089
william_10,0.00020169500055890595
economy_8,0.0002016240491702833
nyse_10,0.0002016172432274314
founded_1,0.00020160748103307098
wisconsin_14,0.0002015994463166069
ltd_15,0.00020146778893808623
tennessee_2,0.000201438374898308
missouri_17,0.00020142589853867131
food_19,0.00020136896414034932
fine_8,0.00020132082141287248
lifestyle_18,0.0002012959230584835
conflict_8,0.00020126334681913008
energy_19,0.0002012496940799912
missouri_12,0.0002012191115817183
success_7,0.0002011962573911376
world_6,0.00020100711052084409
missouri_8,0.00020097142872619366
ring_2,0.00020084008197960413
business_1,0.0002007395532582953
committee_13,0.0002007241737625577
election_17,0.00020071633323239576
war_1,0.00020069482193322944
home_15,0.00020063131998127062
happy_18,0.0002005669074651248
house_3,0.0002004779637152843
pennsylvania_2,0.00020026165169164837
kitchen_20,0.0001999299547602905
bubble_14,0.00019980507854430135
ore_10,0.00019972680223984354
forex_10,0.00019969313765526224
ltd_3,0.0001996906753160532
BUY_AND_HOLD_20,0.00019968366509191178
seats_3,0.00019950244940357105
corporation_10,0.0001993966967848144
return_10,0.00019936506893304486
bubble_11,0.0001993561552396045
representatives_17,0.00019934328801617633
service_17,0.00019932689266728403
elected_5,0.0001992562242382808
firm_15,0.0001992190224322039
culture_13,0.0001992093519295872
law_11,0.00019893818336947887
credit_10,0.0001989083883458256
kentucky_14,0.00019879709038046628
global_13,0.0001986619616151193
stock_market_9,0.00019860847454089743
governor_9,0.00019854776746044996
bank_11,0.00019854745943617664
present_17,0.0001985318248619025
forex_2,0.0001983101498074904
fed_3,0.0001982574019764489
kitchen_13,0.0001981177915419316
founded_9,0.00019806236090685747
greed_17,0.0001979601148454478
products_1,0.00019791290509531064
metals_16,0.000197869112714224
housing_3,0.00019784292106703928
business_16,0.00019780802375110997
earnings_19,0.0001977985827088699
cash_11,0.00019775421156357042
democratic_7,0.00019771325451678484
community_9,0.0001976124564017381
blacklist_3,0.00019744203513125425
political_6,0.0001973803923083045
firm_5,0.0001973171296317208
ceo_18,0.00019730846484037408
revenue_4,0.00019713477612846425
water_6,0.00019708988254560984
legal_11,0.00019705485604163772
trader_20,0.00019685942473835795
society_2,0.00019677104038583383
freedom_17,0.0001967355154960465
virginia_1,0.0001966510437013797
transaction_9,0.0001966401745855309
representatives_14,0.00019662328123114608
kentucky_12,0.00019657703732847207
sell_13,0.00019648839764923036
lifestyle_12,0.00019633849655209537
political_12,0.00019630044726938128
economy_16,0.00019617439533909249
members_13,0.00019599902238002877
conflict_12,0.00019592015218226124
chance_9,0.0001955382113765606
trader_13,0.00019553231099161744
judge_4,0.00019550480830413412
world_11,0.00019537662007488703
movement_12,0.00019536503100911002
served_11,0.00019528367848114806
markets_6,0.00019515994673657692
housing_15,0.0001951182301860958
cancer_17,0.0001950470463630995
success_19,0.00019491240704929352
happy_12,0.0001948977896670596
lifestyle_9,0.00019485443389022881
portfolio_20,0.0001948053635559779
energy_2,0.00019471316474452692
profit_4,0.00019468140979445877
culture_18,0.00019460596097384256
york_18,0.0001945556976891673
fed_2,0.00019450151904771675
justice_19,0.00019445686331539318
food_15,0.0001943421867844536
court_19,0.00019428656023747303
ore_14,0.0001941319187683268
seats_17,0.00019408535982414385
leverage_1,0.00019408084331261685
georgia_18,0.0001940057706618312
stocks_12,0.00019392825699911798
crash_6,0.00019389692531595425
derivatives_1,0.00019388705897338502
seats_18,0.00019367363662775456
bonds_18,0.00019365976555693457
economic_14,0.00019360294405423265
present_20,0.000193486117813072
democratic_17,0.000193476046334094
nasdaq_20,0.00019345189961400802
voters_15,0.00019343722506032012
banking_6,0.00019335381006572097
stocks_3,0.00019333788520006472
economics_7,0.00019328821883757147
growth_14,0.00019321868383664168
media_12,0.0001932185284053337
short_selling_19,0.00019319603740616288
headlines_5,0.0001931081482916915
million_5,0.0001927414849156789
arts_7,0.0001927098350897886
investment_10,0.00019268272503779918
stats_19,0.00019266025096658095
house_5,0.00019260837702665708
crisis_6,0.00019256045413093992
sell_18,0.00019244465963300038
gold_11,0.0001923449556659256
DOW_JONES_15,0.00019232867877546083
ore_4,0.00019230702011801076
washington_2,0.00019227896276569385
served_20,0.00019222296400448665
movement_19,0.00019205075866557048
economics_17,0.0001919957991967712
markets_16,0.00019190328692906736
religion_19,0.0001918189813682199
markets_7,0.00019179851550619082
oil_18,0.00019178672417373072
profit_11,0.00019165071348219305
politics_20,0.00019162387618062925
companies_4,0.00019146863488003058
police_5,0.00019143440488496007
arts_6,0.00019135393435520652
dividend_10,0.00019124379477779185
federal_12,0.00019118913670221964
oil_19,0.00019115547562344363
consumption_12,0.0001911332436059881
marriage_6,0.0001910394239300887
debt_15,0.0001910348095968154
stats_20,0.00019067479996130195
missouri_10,0.00019048108861140903
million_1,0.00019022765283017504
million_3,0.00019021744925926072
washington_16,0.0001901099030173291
train_20,0.00019003568230402948
energy_4,0.000189863742415682
trader_16,0.00018971143099353084
return_2,0.00018960040629453678
union_15,0.0001895401668496339
arts_2,0.00018950979756510527
police_10,0.0001895047849339818
companies_9,0.00018939395015189252
opportunity_11,0.00018930689832974136
credit_11,0.000189224091035753
growth_15,0.00018910460513428776
color_6,0.00018907773108543
founded_20,0.00018888881290507372
portfolio_8,0.00018886159504418663
elected_2,0.00018886027089049027
invest_5,0.00018885658895470355
economic_20,0.00018881395653257184
movement_7,0.00018864180214486415
ore_1,0.00018857359135208529
freedom_14,0.00018854281339993
portfolio_12,0.00018854066866157731
office_3,0.0001884592204003112
million_19,0.00018839340694504108
tennessee_17,0.00018823431951120494
police_9,0.00018811274349182075
founded_17,0.00018776318428723933
judge_6,0.00018772133596786904
leverage_5,0.00018771406224598654
social_16,0.00018763579464953732
ceo_10,0.00018762299715703422
holiday_11,0.00018758750114129417
water_17,0.00018743686517202205
bank_9,0.00018743637704339087
buy_20,0.0001873634976911226
governor_7,0.00018733721470245502
served_9,0.00018731062665746815
tourism_5,0.00018730059915534881
home_3,0.00018722311805430988
york_6,0.00018717421656053046
earnings_12,0.00018716926294441092
freedom_7,0.00018690771358155348
ring_15,0.0001868608985158416
legal_14,0.0001868382345953944
council_19,0.00018678372855386293
social_4,0.00018677508926531787
forex_13,0.00018663365302116697
dividend_3,0.00018647111744099048
republican_7,0.00018640221434544543
travel_7,0.00018639840232972436
fine_18,0.00018633503055255935
derivatives_9,0.0001863033523182758
marketing_15,0.00018616615001154548
water_5,0.00018613527084946247
culture_3,0.00018587520811584303
train_3,0.0001858313078079867
credit_5,0.0001858216341945566
georgia_16,0.0001857622296759982
secretary_7,0.00018575183119537992
economics_19,0.0001857401845157415
judge_20,0.00018571092531116643
minister_8,0.00018571088541204764
fine_19,0.00018567712276715758
chance_19,0.00018549111594068623
dividend_17,0.00018545464929030765
social_12,0.000185448739252842
returns_1,0.00018541354000048752
headlines_4,0.00018533356911270126
present_19,0.00018532044356765946
headlines_18,0.0001852278956790364
georgia_15,0.00018520693293636183
chance_1,0.0001851902536730004
hedge_8,0.0001850373845161878
oil_6,0.00018502564316090017
dow_jones_16,0.0001849670383677452
crash_16,0.00018493634307491447
kitchen_6,0.00018493506168860345
political_9,0.00018476936650326892
consumption_11,0.00018476356265359088
debt_18,0.00018461141455372013
massachusetts_6,0.00018448847453679618
federal_17,0.00018442950028346928
million_10,0.0001843593224014568
short_selling_20,0.00018435042513335258
industry_19,0.00018431500557301565
district_11,0.00018430032466292744
ceo_8,0.00018425605595204486
rich_8,0.0001841840847461376
culture_2,0.0001840442747918854
served_17,0.0001839405420682057
restaurant_4,0.0001839192432364
marriage_8,0.0001838301255617156
car_7,0.0001838158284043705
bonds_13,0.00018364078325713414
judge_12,0.00018357566209638388
restaurant_7,0.00018355574064496272
marriage_11,0.00018355445251507638
religion_18,0.0001833036601894165
vermont_10,0.00018321897160804453
cash_6,0.00018314786059869166
votes_18,0.00018304744526488227
senate_20,0.00018299742858350507
union_16,0.00018295589825237867
rights_14,0.0001828609834644854
elections_18,0.0001828299291105861
ministry_14,0.00018281362681987464
college_14,0.0001828030242025011
stats_7,0.00018276404608982992
bonds_2,0.00018238348172043282
secretary_13,0.00018235578409756464
bonds_3,0.0001823175474826441
missouri_20,0.000182313548726646
house_4,0.00018230601644538002
buy_4,0.0001822376299825257
labor_18,0.00018216007976379662
holiday_17,0.00018199821029729003
success_3,0.00018196424901894943
economic_17,0.00018171397928187457
risk_13,0.00018157617909533968
water_18,0.0001815641279289456
economics_18,0.00018154526596121908
rich_18,0.000181263003387403
economic_5,0.0001811614184677852
services_16,0.00018115436978104492
firm_2,0.00018110838181756867
metals_3,0.00018109736179770702
hedge_12,0.00018107928002698717
ceo_5,0.00018104767634030688
buy_1,0.0001810136656733787
million_18,0.00018088091425394175
movement_20,0.000180857212073502
opportunity_20,0.00018083382827451704
forex_7,0.0001808035667953792
tourism_18,0.00018080290339131535
inc_17,0.00018078629240523991
industry_18,0.00018070199437462175
car_8,0.00018042734343832009
security_3,0.00018031711514366396
economics_20,0.00018027611025538522
freedom_8,0.00018010157481128744
district_17,0.00017945184144171596
world_14,0.00017943327128218885
governor_11,0.0001794085127199805
default_7,0.00017937433972724812
color_19,0.00017920655537535349
companies_15,0.00017906239991953942
rights_19,0.00017891899498431144
marriage_7,0.00017883396608727058
rich_10,0.00017882297646748454
economics_11,0.00017879914414347382
energy_11,0.0001786981303266452
act_18,0.00017846057224654542
georgia_17,0.00017841766819569408
elections_1,0.0001783181397564469
ohio_14,0.0001782069238999689
movie_13,0.00017817805983852902
trader_2,0.00017811411974606153
rights_13,0.00017806185199729208
members_18,0.0001779989585285054
tennessee_20,0.00017799877006237724
million_16,0.00017790101413490438
cancer_13,0.00017785151597553742
society_7,0.00017770934004727914
rich_20,0.00017752446079743862
secretary_17,0.00017743166632821212
present_15,0.00017740630868218055
service_19,0.00017737970472264894
kentucky_8,0.00017735721132893523
police_20,0.00017732371130652652
dividend_18,0.00017725093679380927
conflict_2,0.000177116873428748
metals_1,0.00017701379189929685
opportunity_16,0.00017690892972648377
default_4,0.00017686953292784778
nasdaq_1,0.00017681254814615896
religion_3,0.00017655798933653236
housing_7,0.00017655690169227352
votes_4,0.00017654153208960038
revenue_7,0.00017647397696852695
fond_11,0.00017640119515305734
stocks_4,0.0001763854803481749
committee_5,0.00017625681431170125
marketing_13,0.00017614424866785582
garden_5,0.00017608148019680156
religion_20,0.00017607082816882032
holiday_8,0.00017581443949297564
energy_15,0.00017553248721156973
judge_18,0.00017548068309341456
society_10,0.0001754739707921875
marketing_17,0.00017539799902324972
federal_6,0.00017523791148312982
default_20,0.00017523330216753178
stocks_18,0.0001752270416275299
conflict_18,0.0001752010229426232
fond_3,0.00017518524601800296
movement_11,0.00017502320352295907
bonds_7,0.00017484828910713086
act_15,0.00017478263137208169
portfolio_11,0.00017467081102456031
profit_3,0.00017455260688690558
secretary_9,0.0001744714411114317
opportunity_7,0.00017444735764010803
fine_10,0.00017435766483981754
stats_16,0.00017429547941967557
return_12,0.00017429066874257676
industry_11,0.00017423501427773932
cancer_16,0.00017423276081912067
stats_15,0.00017422833676566092
rights_5,0.0001738084391958484
fond_20,0.0001737803253652277
labor_19,0.00017369828035944298
culture_1,0.0001736410372932342
business_9,0.00017362199189171245
seats_6,0.00017358739978715602
freedom_11,0.00017357654004652792
gold_2,0.00017355523720290306
elected_18,0.000173549333934215
bubble_15,0.00017352009861665226
elected_13,0.00017341480706459388
chance_2,0.0001733864667405533
founded_6,0.00017315748594423066
fond_1,0.00017311294207772085
vermont_15,0.00017296220813926304
religion_9,0.00017285288480492142
security_20,0.00017267349573497732
secretary_10,0.00017265349276432708
bank_1,0.00017262444423106935
gains_15,0.00017260346277658923
kentucky_13,0.00017245693171406593
kitchen_2,0.00017243965776525368
corporation_19,0.00017241726127445876
war_5,0.00017240556725491067
returns_6,0.00017238784957879368
financial_5,0.00017231017250211704
chance_15,0.00017215140769487336
short_selling_11,0.00017208476216028424
court_12,0.00017205276947365608
party_13,0.00017204866616576906
illinois_17,0.00017201747523192218
tourism_19,0.00017189322587529913
members_1,0.00017187805198488524
risk_11,0.00017173155317259532
votes_11,0.00017170367824753422
rich_4,0.00017162353528537273
holiday_2,0.0001714358350189022
food_6,0.00017140938981094695
banking_12,0.00017139627911967126
ltd_5,0.00017137112645553986
freedom_6,0.0001712906137984282
returns_7,0.00017127344710342473
crash_17,0.00017110417900374276
case_9,0.00017105765063609086
global_11,0.0001710519303049396
chance_14,0.00017098174168271406
union_10,0.00017079334570611074
cancer_2,0.0001707832988539459
nasdaq_11,0.00017075435653757367
firm_10,0.00017062418234655558
freedom_1,0.00017053523145388116
debt_19,0.00017052686209466028
economic_13,0.00017052458673626208
religion_13,0.00017045817206956353
investment_13,0.00017015929216209331
oil_17,0.00017012518068185904
bubble_7,0.00016995729641525084
ministry_13,0.00016986964273085854
security_4,0.00016974292895695716
portfolio_10,0.00016970925500262238
college_16,0.00016959035462446882
ceo_20,0.0001695080369479599
labor_11,0.00016941973993663472
hedge_18,0.00016924636132518991
tennessee_11,0.00016922755379781296
justice_18,0.0001690949069947411
loss_14,0.00016907577705859616
justice_11,0.0001689876764482627
environment_12,0.0001689630726371962
party_8,0.000168943911333998
election_15,0.00016881913781117294
wisconsin_5,0.00016878893509129786
bonds_10,0.00016875817251321132
greed_4,0.00016874556567621874
revenue_18,0.0001686741019425858
nyse_7,0.0001685439245311003
development_13,0.00016846223740327076
massachusetts_3,0.00016842035284094097
fed_8,0.00016833857059753835
fun_20,0.00016827316059568297
served_8,0.00016824105927264698
party_17,0.00016815427422205216
finance_4,0.00016810894185881182
ltd_12,0.00016799593169354468
tennessee_5,0.00016781209663815734
holiday_20,0.00016781057893478554
returns_10,0.00016768159525096788
seats_11,0.00016767813719836044
council_3,0.00016755436060458207
industry_13,0.00016743813104699235
industry_2,0.00016705570346200495
court_4,0.0001670457221112458
missouri_18,0.00016684107234526808
present_9,0.00016682177005780056
firm_4,0.0001667472486033594
hedge_15,0.00016672509966164062
justice_5,0.0001664784348544934
gains_12,0.00016629403366526843
justice_7,0.0001662831118216525
bonds_14,0.00016609207339985172
gain_1,0.00016603294392638317
district_9,0.00016597223382886246
secretary_15,0.00016591701081267003
oil_14,0.00016585973223110116
debt_12,0.0001658298711410183
ceo_6,0.0001655683716295438
firm_17,0.00016545394929800604
war_3,0.00016531060786690511
environment_6,0.00016528442117529543
default_2,0.00016526157581328634
tennessee_3,0.00016520398649198955
loss_9,0.0001651883009459488
returns_12,0.00016516259170752567
gains_13,0.00016514525288310468
nyse_16,0.00016513041723034358
invest_7,0.00016504290627554166
industry_14,0.00016501531974852794
million_15,0.00016497551706257826
short_selling_6,0.00016492537856383188
founded_11,0.00016480427178954272
stocks_9,0.0001647994032921744
earnings_14,0.00016478765858602562
voters_12,0.0001647461532365015
minister_15,0.00016472006019892715
texas_18,0.00016467394865318604
minister_20,0.00016460311682848282
politics_7,0.00016459540942360718
security_5,0.00016455240145289978
ministry_16,0.000164374865756601
health_4,0.0001642837485884523
virginia_3,0.00016424344588956036
banking_13,0.00016423900168664198
elections_13,0.00016407640797255638
rights_10,0.0001640534166765156
governor_3,0.00016400138683346602
ministry_4,0.00016394943507157736
investment_14,0.00016391936627983115
crash_19,0.00016384450656676164
tourism_11,0.0001634419741920577
profit_17,0.00016344156086995948
votes_10,0.0001634348430855267
election_11,0.0001633303283718745
products_9,0.00016324371973980954
risk_7,0.00016321940795207196
ring_10,0.00016313982748060986
votes_6,0.00016306622369336208
earnings_4,0.00016303100623324724
inflation_19,0.0001628496735576638
office_5,0.0001627600698269941
ceo_19,0.00016275799399362623
growth_19,0.000162564049301883
firm_11,0.00016250151570694504
chance_20,0.0001624782345087988
health_17,0.00016234647783770246
gold_19,0.00016226006979629766
freedom_5,0.00016222189031236652
greed_10,0.00016205414321169805
york_11,0.00016197639526811079
present_16,0.0001619047905729535
ceo_3,0.00016190177849248412
stats_14,0.00016171434285214541
headlines_9,0.00016171002071610848
political_19,0.00016169924023859964
lifestyle_14,0.00016149402139049567
opportunity_10,0.00016136008738985153
kentucky_9,0.00016133037335959988
ltd_10,0.0001613225905002926
legal_17,0.00016127875527370005
train_8,0.00016109193600589826
management_20,0.0001610719201779499
gain_15,0.00016093639127452754
success_16,0.00016086956760336422
products_5,0.00016083146962804306
georgia_5,0.0001607153454864121
county_2,0.00016068724319449678
environment_13,0.00016064569349439684
earnings_15,0.00016051102081152062
justice_6,0.00016034906219836818
crisis_13,0.00016024667706135198
loss_13,0.0001602377847983113
success_15,0.0001601342380275704
culture_11,0.00016011119559118314
finance_7,0.00016000101572558024
tourism_20,0.00015993696885647796
vermont_7,0.0001597086313603329
culture_10,0.00015966299082180934
democratic_18,0.00015964169310352675
risk_12,0.0001594515611023944
housing_19,0.00015938388542012763
politics_2,0.0001592035058590255
services_17,0.00015899316654580982
media_5,0.00015899088927838828
union_4,0.00015897492682386688
legal_20,0.0001587199721717603
gain_14,0.00015867126013546255
labor_20,0.00015866545868348534
missouri_6,0.00015856327108248916
democratic_8,0.0001585592302783169
services_13,0.0001584581529320285
nasdaq_3,0.00015841115842594387
returns_19,0.00015811255205959974
trader_19,0.00015810791200101737
color_10,0.00015805015991095822
debt_10,0.0001580115573357249
cash_15,0.00015778816485539983
lifestyle_3,0.00015772858961770288
election_10,0.00015741589747163666
fond_15,0.00015737882117668805
ministry_18,0.00015721966128053014
stats_11,0.00015714675239775493
sell_20,0.0001570335735893722
buy_18,0.00015694935070686435
committee_1,0.00015686929178070403
economy_10,0.00015663362839979709
politics_10,0.000156518942280116
economy_19,0.00015644765203778457
services_18,0.0001564237214188917
house_10,0.00015637604089362034
fond_2,0.00015621050106122097
minister_4,0.00015613017805088186
crash_14,0.00015608595414834468
inflation_10,0.0001560582533079002
religion_17,0.0001559820339038929
texas_13,0.0001558909740374413
bonds_12,0.0001558876210807048
short_sell_4,0.00015578971417418697
invest_9,0.00015576147234974187
kitchen_1,0.00015574479568955616
council_16,0.00015574232235381497
culture_15,0.00015555649115934613
cancer_3,0.00015553617077344834
tourism_4,0.00015546635229021397
restaurant_12,0.00015534080365769723
financial_markets_1,0.00015511066534001818
media_9,0.00015494158312416893
firm_18,0.00015484535956783257
senate_2,0.00015480163344083696
ministry_17,0.00015475260176667195
kitchen_17,0.00015472656243964374
democratic_15,0.00015468366445407571
committee_11,0.0001545282892887279
gains_5,0.00015444152947576703
governor_6,0.00015430142180994786
headlines_16,0.00015425119888067202
portfolio_19,0.00015414748486500826
conflict_15,0.0001541002686955297
returns_11,0.00015407457737098422
forex_8,0.0001538761972594953
members_4,0.0001537745839535267
rich_17,0.00015372426429145512
founded_19,0.0001537217932701474
movement_16,0.00015371335495925089
revenue_13,0.0001536690943739915
nyse_20,0.00015365945141703445
gains_3,0.00015361546087445886
seats_16,0.00015360926389800748
pennsylvania_18,0.0001535752282013517
marriage_2,0.00015330808325820058
religion_12,0.000153236751357428
development_14,0.00015323413771807049
nasdaq_6,0.0001530422589535512
economic_4,0.00015294295341190502
case_18,0.00015240740252124422
markets_17,0.0001523570009176367
governor_19,0.0001522754231457878
economy_1,0.00015219861159376606
voters_9,0.00015210509984705275
success_8,0.00015207108835278845
inflation_17,0.00015202622574035069
stocks_11,0.00015199868731818382
return_1,0.0001519877519498521
metals_8,0.0001519728816273891
bonds_6,0.0001518626188186606
forex_20,0.0001518094481535864
growth_7,0.00015175034824086415
derivatives_17,0.0001516967460161387
william_20,0.00015166462954956453
ceo_16,0.00015160541244901282
risk_5,0.00015141693667276716
democratic_12,0.00015136185742262802
train_7,0.00015122060772882994
stocks_8,0.00015117564959193962
markets_15,0.0001509626666710799
derivatives_20,0.00015090999284156912
nasdaq_14,0.00015088771656758814
texas_16,0.00015087240205373197
carolina_7,0.000150851835512027
president_13,0.00015068878878637812
freedom_13,0.0001506720010188988
gain_5,0.00015037468183567776
consumption_10,0.0001503553284571585
chance_11,0.0001503108245483551
fed_12,0.00014989143642831317
cash_3,0.00014988994422829186
inflation_15,0.00014978591578199824
project_7,0.00014960119324561612
arts_5,0.00014955668470565406
firm_20,0.00014935489109433684
hedge_6,0.00014914270595467693
greed_18,0.0001490867220214232
gold_14,0.00014902132165085238
firm_12,0.00014879161321051246
debt_6,0.00014868250589288991
firm_16,0.00014841205064340782
party_10,0.00014837846481700095
returns_20,0.00014812245893661746
stocks_2,0.00014811667396799302
religion_1,0.00014799630365332114
blacklist_18,0.0001479761919455894
chance_17,0.00014767258077579787
government_9,0.00014763877768677187
society_13,0.00014763754278665045
chance_4,0.00014756312618311896
car_16,0.00014750532189819314
bonds_4,0.000147258849403442
gains_14,0.0001470562258343595
finance_14,0.00014686751299390792
labor_16,0.0001468089783841207
court_15,0.0001467442671232463
county_19,0.00014668717784040042
marketing_8,0.0001466582071012814
inflation_12,0.00014621069098031162
ltd_18,0.0001462054357813376
movement_8,0.0001460851830240722
headlines_19,0.0001460449578166459
members_6,0.00014598364124545395
cancer_12,0.00014573048437408354
district_6,0.00014569159154596863
firm_1,0.0001456416732392407
representatives_10,0.00014561721369139323
culture_4,0.00014561049986295372
minister_2,0.00014557655747490946
founded_2,0.00014556396488248275
sell_5,0.00014549245824848662
ohio_15,0.00014547396733042582
stats_12,0.00014544042835350608
inflation_5,0.0001453226002837646
fun_2,0.00014529709935752258
case_17,0.00014528912497849546
housing_16,0.00014522450828638816
market_9,0.00014510904145792285
success_5,0.0001450776357821943
environment_19,0.00014499424214061408
representatives_2,0.00014497591751211578
economic_11,0.00014493636614131404
council_11,0.00014479605071468542
committee_6,0.00014462106572028818
served_3,0.00014459489476099406
industry_4,0.00014457866936939276
gold_8,0.00014429988963864164
garden_11,0.00014422281177396576
committee_7,0.0001441045299836461
sell_17,0.00014407802574157417
ohio_11,0.00014406073070895415
blacklist_2,0.00014395639775929042
money_1,0.0001439249629622287
labor_7,0.00014379772954362173
nyse_4,0.0001437302227932445
million_13,0.00014366890261418831
crisis_4,0.00014366302586766577
transaction_5,0.000143620138601029
founded_4,0.0001433618122572071
washington_14,0.00014330257071233922
blacklist_11,0.00014299846277303048
hedge_3,0.00014282411842457302
present_4,0.00014279354451958822
committee_15,0.00014268158614944164
fun_5,0.00014240001175618562
elections_4,0.00014225308134459497
fond_9,0.00014224225920724852
products_12,0.00014200243848819472
founded_5,0.00014193446911046141
bubble_2,0.00014187583197014197
debt_20,0.00014177750285433182
blacklist_14,0.00014175536169431477
opportunity_19,0.00014168004785429451
headlines_6,0.00014160049864232443
marriage_3,0.00014158622078797676
political_7,0.00014136627694250813
tourism_3,0.00014125242567076694
markets_19,0.00014115039471083272
crisis_3,0.000141090021827136
return_18,0.00014103539139764676
ring_4,0.00014099647378469342
consumption_20,0.0001409086015067981
religion_4,0.0001409041597439933
served_15,0.0001409003027853859
fine_16,0.00014088051818785349
tourism_14,0.0001408342221669571
banking_3,0.00014082435002091008
founded_8,0.00014078868006770677
gain_11,0.00014076927346733318
technology_5,0.0001406515196176843
virginia_15,0.0001406380406624838
banking_15,0.00014045410879263731
crisis_2,0.0001402700368767461
stats_18,0.00014005719877896442
minister_18,0.00014003387154301806
dividend_12,0.0001399711252331834
derivatives_19,0.00013996010834083523
garden_14,0.00013992896532316802
movement_9,0.00013985511552182072
ceo_15,0.00013977947517103276
metals_15,0.00013977714309892504
government_5,0.00013972461204634672
ore_16,0.00013962136759615275
council_13,0.00013959291310938301
federal_3,0.00013957770555062137
elected_11,0.0001394822937077212
hedge_14,0.00013943131934581796
financial_markets_3,0.00013930083749549342
republican_10,0.00013918450889759996
financial_markets_18,0.00013915349837306207
committee_3,0.00013897590564672106
members_19,0.00013897087377084092
greed_8,0.00013880073148903388
democratic_2,0.00013874073505923734
marriage_13,0.00013870374627478137
revenue_2,0.00013863186782439325
consumption_15,0.00013823774324594017
secretary_12,0.00013815135617019562
banking_10,0.00013813095502302034
war_9,0.00013801170229065803
consumption_9,0.00013778241041972525
served_18,0.00013777903445524574
elected_12,0.00013775779543675308
stocks_6,0.00013775569016806553
chance_10,0.00013760762311606177
media_16,0.00013756879145280005
rights_4,0.0001375036263068145
transaction_8,0.00013749892614192132
ministry_2,0.00013749140779570538
fond_10,0.00013744567669379072
gains_16,0.00013741788974671045
nasdaq_4,0.0001373980629041517
fed_20,0.00013736404109219194
finance_6,0.00013728534530493578
profit_14,0.00013722215043097022
seats_13,0.00013702644669182665
nyse_12,0.00013702451754216233
cancer_6,0.00013690388588057914
fond_19,0.0001368741058599523
economics_12,0.00013685693209327166
short_sell_3,0.00013669437511310958
growth_9,0.00013668594896591122
kentucky_7,0.0001362726784444768
earnings_2,0.00013621259310648057
kentucky_19,0.0001359619510829048
success_12,0.00013596014932817574
car_2,0.00013593597144274334
profit_15,0.00013589468435221212
success_6,0.00013570907126961147
travel_15,0.00013550537967617983
police_18,0.00013529611638608946
color_16,0.00013526559694371814
politics_3,0.00013524417198166076
tennessee_16,0.00013521784224219228
labor_5,0.00013521017509636704
hedge_5,0.0001351105848987627
gains_2,0.00013509057130320582
voters_6,0.00013478002492452903
investment_1,0.00013477544433989619
wisconsin_7,0.00013473199454750275
fine_20,0.00013472318400279204
consume_6,0.00013443832505875808
ministry_10,0.00013442109700743246
profit_19,0.0001338108534489859
rich_12,0.00013375652380796698
office_2,0.00013372738368787294
illinois_1,0.0001336174081160008
bonds_19,0.0001333816553901994
case_12,0.00013332967600472305
ore_6,0.00013331758839114173
derivatives_2,0.0001332909591516413
returns_5,0.00013324452817244217
hedge_16,0.00013318705465006632
short_selling_9,0.00013298313453397094
republican_4,0.00013291626486748202
tourism_9,0.00013286169292491725
massachusetts_10,0.00013285729151624314
nyse_13,0.00013281485654333916
tennessee_14,0.0001326885129129724
virginia_20,0.00013246810802897526
earnings_5,0.00013244254450117107
stats_8,0.00013232892473230744
georgia_1,0.0001322949710887288
tennessee_18,0.00013210504565001476
arts_9,0.00013199228827666192
elected_15,0.0001315960850508438
short_selling_14,0.00013156303784573698
nyse_11,0.00013142688113597107
carolina_11,0.00013140420703248228
pennsylvania_13,0.00013134048010859876
republican_18,0.00013128257829827557
judge_19,0.0001311805916988643
garden_8,0.00013115981035589536
stats_5,0.0001309679137817283
loss_15,0.0001308062213348198
derivatives_10,0.00013077065551462925
founded_13,0.0001303791713452877
gains_18,0.00013006934012227793
headlines_11,0.00012969849983283515
bank_17,0.00012955518033935283
nasdaq_12,0.00012946044775511838
headlines_2,0.00012942012971141708
ohio_9,0.0001292734781472381
rich_3,0.00012926922945051918
derivatives_6,0.0001292390773293403
lifestyle_6,0.00012923127491646294
pennsylvania_11,0.0001292255792538619
headlines_7,0.0001291913048837343
default_19,0.00012903630685485206
fond_5,0.00012895833727631138
economics_10,0.00012880999460091667
government_19,0.00012878285700334982
committee_10,0.00012875489357686937
labor_15,0.00012867653839903346
consume_2,0.00012867318882019938
fine_13,0.000128538974342707
blacklist_5,0.0001282984037891863
ore_12,0.00012803596587601058
lifestyle_15,0.00012785320133757786
democratic_19,0.00012781241725761178
minister_6,0.00012771152220205414
massachusetts_7,0.00012745356144781332
markets_9,0.00012739823601580938
ministry_11,0.00012731406969746935
bonds_11,0.0001272752653005485
default_11,0.00012720956918778144
dow_jones_13,0.00012704074265667176
stocks_13,0.00012666736782955814
hedge_7,0.00012660921350290141
chance_12,0.00012639590674741967
council_17,0.0001263926757690892
representatives_4,0.00012633823487105068
hedge_11,0.00012605590598444236
lifestyle_7,0.0001259701624654461
stock_market_19,0.00012594785492824694
forex_14,0.00012551046868334643
movement_14,0.0001252994371382951
debt_5,0.00012517963683924519
debt_8,0.00012503427913206379
dividend_1,0.0001250095818492898
development_8,0.00012484718872721604
firm_7,0.0001247838937408686
william_11,0.00012444334164412742
party_9,0.00012434794994440511
profit_20,0.0001243267140842386
risk_1,0.00012400567244714083
fond_4,0.00012368904559429328
revenue_8,0.00012320746253027346
social_7,0.00012320738434320536
seats_8,0.0001231185373349854
political_15,0.00012281326891436277
metals_14,0.00012280987927156754
tourism_12,0.00012253574549191728
society_4,0.00012243157612661394
massachusetts_20,0.00012210624063854726
movement_5,0.0001219832012187595
members_12,0.00012186526272743872
derivatives_12,0.00012184252592796572
present_12,0.0001218100742596956
blacklist_7,0.00012168388211474763
transaction_3,0.00012147711576525313
present_6,0.00012109076887011935
nasdaq_7,0.00012102808152446577
financial_markets_6,0.0001209988709852934
inflation_11,0.00012094211734783472
politics_17,0.00012075973327338811
ceo_14,0.00012043754716993001
senate_5,0.00012020421470129563
million_9,0.00012010381235632844
missouri_2,0.0001200199854782714
cash_4,0.00011964920902714505
car_10,0.00011964228602543476
sell_12,0.00011954261535369736
secretary_4,0.0001194071076403166
financial_markets_14,0.0001193981513151436
economics_13,0.00011921373287928495
crisis_16,0.00011910793686524856
consume_11,0.00011907325703268911
sell_6,0.00011893834158944729
seats_9,0.00011880565204740344
debt_2,0.00011836046109517048
votes_13,0.00011835484732942532
default_9,0.00011822227334960232
derivatives_3,0.00011798473511901499
headlines_20,0.0001178955473266746
stats_2,0.00011772465113099863
president_14,0.00011768028776449454
return_16,0.00011763858762079375
portfolio_9,0.00011757708054651999
finance_2,0.0001175401053351193
BUY_AND_HOLD_11,0.00011746825816810344
loss_18,0.000116921700563145
headlines_13,0.00011671122410163016
profit_5,0.0001166988267813559
members_20,0.0001165935749960073
justice_12,0.00011640330139069585
dividend_5,0.00011621336098880345
served_14,0.00011619421482682313
committee_9,0.00011616157500078103
economic_15,0.0001160526020910189
inflation_16,0.00011598375725709299
fond_13,0.00011556880675542612
BUY_AND_HOLD_1,0.00011551941344695349
fond_8,0.00011534658004785281
rich_13,0.00011528481738996079
gains_19,0.00011512373716247524
elected_19,0.00011509807421755222
ministry_5,0.00011500512137294441
greed_14,0.00011481218420006599
return_4,0.00011452323405888916
opportunity_18,0.00011448641992063276
fed_9,0.00011430251456133732
gain_3,0.00011414328803413488
present_1,0.00011360548677025264
seats_5,0.00011321780768110864
conflict_16,0.0001130958935007636
greed_3,0.0001129797576870015
profit_1,0.00011293496477388247
vermont_20,0.00011286210795954663
ministry_19,0.0001125314870985169
derivatives_5,0.00011238109709700237
fine_4,0.00011205361140542419
firm_19,0.00011201962985722173
representatives_11,0.00011191385758804785
leverage_4,0.00011187172978562043
portfolio_16,0.00011178625140455095
financial_markets_2,0.00011151514405985583
short_sell_2,0.00011145508893311091
invest_2,0.00011138808299007869
culture_19,0.00011127921007413998
consume_12,0.00011095329837694016
forex_3,0.00011064694021151697
short_selling_16,0.00011039259428886318
return_9,0.00011002610328009656
returns_2,0.00010995022546822088
ministry_9,0.00010970346492144953
served_12,0.00010969683246259029
train_19,0.00010968355134348516
ministry_15,0.0001095175465155688
success_10,0.00010936872448656292
blacklist_8,0.00010934371703304348
election_16,0.00010932209757010035
justice_8,0.00010922040960244952
opportunity_8,0.00010877311849452353
republican_14,0.00010877282669879129
governor_12,0.00010845765141268064
culture_17,0.00010826826780960257
wisconsin_4,0.00010816714802805616
present_7,0.00010812162567220356
fond_7,0.00010773490061222497
loss_11,0.0001072479063780718
BUY_AND_HOLD_16,0.0001070267806793348
minister_1,0.00010702234603075602
growth_5,0.00010695124906492197
representatives_18,0.00010677233837961156
gain_2,0.00010671422218081263
sell_15,0.00010666363396646246
arts_18,0.00010666047472201941
fond_6,0.00010666035532701592
ore_7,0.0001066151216968858
crisis_15,0.0001064188070596932
served_7,0.00010624580109941056
gain_6,0.00010618366552681836
democratic_3,0.00010610070518725728
short_sell_9,0.00010609498998429057
oil_12,0.00010589825224762845
hedge_10,0.00010583484370323654
stock_market_14,0.00010579523021233624
headlines_1,0.00010557520213741933
chance_8,0.00010557162931267724
lifestyle_13,0.00010546673281282848
elected_16,0.00010535915986417625
profit_9,0.000105289748590757
sell_19,0.00010528500973031535
consume_7,0.00010461209021606237
republican_12,0.00010435289735798956
justice_4,0.00010433349727735184
college_9,0.00010408868078006563
virginia_16,0.00010405049213060854
gold_13,0.00010403807695011685
inflation_2,0.00010354463576583888
stats_9,0.00010338257743975004
investment_15,0.0001026020831501866
success_20,0.00010239659609994718
financial_markets_15,0.00010198236254699464
legal_9,0.00010178477581485302
bubble_1,0.00010176416796704634
water_13,0.00010167929489284646
growth_8,0.00010147965995222284
headlines_8,0.00010147447018607714
served_10,0.00010073792227273184
members_8,0.00010045798419866165
minister_12,0.00010038816479934511
voters_4,0.00010023343541205326
derivatives_4,0.00010023253272962754
dividend_14,0.00010014723154920735
portfolio_6,9.984992565674879e-05
BUY_AND_HOLD_4,9.976725573595351e-05
arts_15,9.954667310219987e-05
million_12,9.948391547533737e-05
debt_13,9.91079380002874e-05
freedom_15,9.884513865643324e-05
inflation_9,9.764145242440009e-05
opportunity_9,9.74685457988024e-05
financial_markets_13,9.73660581500258e-05
train_10,9.727340358229242e-05
revenue_1,9.704848132287622e-05
party_2,9.701425705866924e-05
served_2,9.688635207733271e-05
short_sell_10,9.672170423262748e-05
investment_18,9.509586407197598e-05
environment_4,9.488377427714548e-05
tourism_7,9.486446517671389e-05
rich_11,9.48203142574423e-05
present_5,9.479564630138954e-05
present_18,9.471922414845724e-05
members_2,9.415401112651126e-05
cash_16,9.40679371625263e-05
committee_19,9.401182183221404e-05
inflation_1,9.39642257313061e-05
profit_7,9.377642442076214e-05
opportunity_6,9.360871473418277e-05
leverage_8,9.356550232625164e-05
texas_6,9.25290042093075e-05
kentucky_5,9.242147945458629e-05
metals_13,9.237542609109562e-05
president_4,9.127971894799348e-05
greed_19,9.127083189011144e-05
opportunity_17,9.114883295557306e-05
energy_6,8.952441987221079e-05
committee_20,8.946003623415286e-05
justice_2,8.910779561717422e-05
hedge_9,8.90660182783862e-05
founded_14,8.826593257223022e-05
ceo_4,8.776975460242978e-05
short_selling_2,8.678536829175362e-05
economic_16,8.621696559551476e-05
lifestyle_19,8.618217196825856e-05
votes_17,8.609128239318517e-05
fine_11,8.560925374014085e-05
dividend_6,8.560389737773095e-05
derivatives_7,8.559157423522206e-05
conflict_14,8.515381676302492e-05
elected_7,8.47271337161963e-05
risk_19,8.464864515746499e-05
stats_3,8.443807200749264e-05
forex_15,8.442147132035007e-05
fed_18,8.437665011574689e-05
fun_18,8.422793155651657e-05
headlines_14,8.373022857103637e-05
ceo_7,8.318116248079763e-05
election_2,8.29713844615253e-05
members_11,8.28154842694563e-05
lifestyle_17,8.240112436505612e-05
BUY_AND_HOLD_6,8.122431164139865e-05
financial_markets_9,8.09248479652976e-05
success_4,8.073776299862196e-05
economics_6,8.072315066674879e-05
blacklist_19,8.054066023933068e-05
short_sell_18,8.050456401465741e-05
carolina_17,8.049960911983464e-05
vermont_9,8.04211927915497e-05
founded_7,7.982003968186599e-05
consume_19,7.947321139198359e-05
economics_2,7.933196864390625e-05
ministry_12,7.908768051986627e-05
economics_1,7.905762282651797e-05
rich_14,7.895292009857078e-05
portfolio_15,7.880493197320107e-05
blacklist_4,7.860208497576554e-05
forex_19,7.823647861732668e-05
consumption_2,7.819969713372209e-05
financial_markets_17,7.699657106289881e-05
ring_7,7.659427028566064e-05
short_selling_5,7.593650538583621e-05
short_selling_3,7.533511139419261e-05
short_sell_1,7.527386845942e-05
political_5,7.519640035406991e-05
blacklist_13,7.428136866649839e-05
consume_4,7.415932833812949e-05
ministry_7,7.369046344598216e-05
members_14,7.363619385718063e-05
blacklist_10,7.360652193478929e-05
consume_13,7.275450515600649e-05
firm_6,7.253174675684165e-05
gain_18,7.149891295985507e-05
greed_20,7.127293075395875e-05
consume_20,7.072823364640697e-05
short_selling_18,7.036696884373081e-05
economic_12,7.019230921019726e-05
BUY_AND_HOLD_8,7.011820646747817e-05
derivatives_11,6.983885731337368e-05
leverage_12,6.902986965926621e-05
short_sell_19,6.87365308046197e-05
nasdaq_2,6.826689674443127e-05
financial_markets_10,6.817538769656402e-05
portfolio_3,6.748903881257371e-05
tourism_2,6.74238408083597e-05
gold_1,6.734438504346786e-05
votes_14,6.715421132140566e-05
growth_13,6.69894240919096e-05
consume_5,6.698099950939464e-05
home_18,6.581623864345325e-05
greed_9,6.316220627583871e-05
greed_7,6.293233956313568e-05
greed_12,6.221769885094421e-05
ceo_1,6.209469363579181e-05
elected_20,6.178000977160534e-05
blacklist_16,5.9659448240986706e-05
blacklist_20,5.8663379417465454e-05
hedge_19,5.821201529871613e-05
financial_markets_12,5.801519563512717e-05
greed_6,5.755267037192671e-05
bubble_3,5.752403658599506e-05
short_sell_11,5.7355039374127245e-05
inflation_7,5.698324350538442e-05
consume_14,5.657232412376201e-05
markets_5,5.6359172334583324e-05
sell_14,5.532873947213798e-05
consume_18,5.417866602418678e-05
financial_markets_4,5.282142984795269e-05
short_sell_17,5.0428666812805716e-05
economic_8,4.970903271817552e-05
success_1,4.833693499684306e-05
greed_15,4.697631301801118e-05
blacklist_15,4.689383803165401e-05
greed_1,4.599524029370069e-05
greed_5,4.5271728422093545e-05
blacklist_12,4.515873531886805e-05
greed_16,4.365987300946239e-05
blacklist_1,4.318665292760185e-05
BUY_AND_HOLD_7,4.242129004207325e-05
BUY_AND_HOLD_15,4.230268207944721e-05
rare_earths_8,4.162558294957151e-05
blacklist_17,4.127456770274833e-05
judge_15,3.8311775163445456e-05
consume_9,3.770549257286898e-05
consume_3,3.659668379764758e-05
consume_15,3.625724434779939e-05
financial_markets_5,3.603818346657757e-05
blacklist_6,3.5632170824028995e-05
consume_16,3.3329215467455265e-05
consume_10,2.972504886174468e-05
short_selling_8,2.7059492450615245e-05
BUY_AND_HOLD_13,2.6244468541374835e-05
rare_earths_9,2.49112595866042e-05
greed_11,2.323845328670779e-05
transaction_19,2.0557814624886932e-05
short_sell_8,1.878446561575873e-05
BUY_AND_HOLD_12,1.816347710700257e-05
consume_1,1.7057197296522408e-05
BUY_AND_HOLD_9,1.676335689845086e-05
rare_earths_14,1.3557642546284955e-05
financial_markets_11,1.2635192524380654e-05
short_sell_15,1.0992876118578923e-05
BUY_AND_HOLD_10,8.331124266380032e-06
greed_13,8.154740276229886e-06
BUY_AND_HOLD_18,7.842419256063969e-06
BUY_AND_HOLD_3,2.9257831112695693e-06
BUY_AND_HOLD_14,7.130193119335303e-08
BUY_AND_HOLD_17,
rare_earths_1,
rare_earths_2,
rare_earths_3,
rare_earths_4,
rare_earths_5,
rare_earths_7,
rare_earths_10,
rare_earths_11,
rare_earths_12,
rare_earths_13,
rare_earths_16,
rare_earths_17,
rare_earths_18,
rare_earths_19,
rare_earths_20,
