feature,feature_score
lifestyle_7,0.016115512408879984
chance_1,0.01189991012191216
president_6,0.01015801269030665
stock_market_6,0.008826231877984324
washington_12,0.008786172511934831
justice_14,0.008467052842766786
banking_16,0.007824996942291773
movement_6,0.006830745620762735
loss_15,0.00672350925794607
markets_6,0.006334627933500481
elections_3,0.005757719601016254
vermont_3,0.005443761285700033
million_20,0.0051990731852351365
opportunity_13,0.005146094901259324
technology_10,0.005115702686713841
loss_11,0.0050319927034431665
act_13,0.004914579820298415
lifestyle_5,0.004818274390193356
vermont_6,0.004714541005852446
debt_11,0.00457723823015872
nasdaq_7,0.0044594826328840705
governor_3,0.004439238031816628
fun_6,0.004424144736013691
development_16,0.004300539539677994
world_12,0.0038596180354904643
fun_18,0.0035509856375260497
senate_8,0.0033379248598027766
project_2,0.003242375373191164
crisis_19,0.00319142680086435
metals_20,0.0031114480455045833
elected_14,0.003030559020220913
ceo_11,0.002848988499807481
lifestyle_2,0.0028428003582393834
election_3,0.0028058555316247792
firm_11,0.002752572228029626
dow_jones_5,0.002751890367154952
senate_2,0.0027388919758508656
home_6,0.002567738903186978
banking_11,0.0025469974935302233
crisis_10,0.0025337952608778247
metals_19,0.0022761913209329077
bank_3,0.002195316942920367
rich_10,0.00215742504914298
conflict_13,0.0021531980605515645
banking_14,0.002121156970608573
companies_3,0.002106922291206881
economy_20,0.002055977079931881
project_9,0.002026475279709472
police_3,0.0019527339613420569
minister_20,0.0019345003421916696
voters_12,0.00184447511989283
elected_18,0.001824825457764878
court_4,0.001818943339317558
governor_1,0.0017862937314960803
justice_13,0.0017792612618770854
ohio_6,0.001652363413317759
elected_3,0.001612372899790171
markets_5,0.0016118905579246556
hedge_12,0.0016076800545367976
pennsylvania_8,0.0015563870010006475
governor_2,0.0014120548836129565
project_18,0.0013867293623798683
labor_16,0.0013807687214093534
buy_9,0.001361298779216802
movement_7,0.0013544697550464501
representatives_3,0.0013359493074979855
companies_8,0.001306890778039116
nyse_6,0.0013016624736214677
world_7,0.001294080520297225
unemployment_19,0.0012680961849877326
kentucky_12,0.0012628432199820682
present_18,0.0012384037367917599
home_13,0.0012195011892103037
crash_13,0.001199350930108234
york_13,0.0011746670492771782
million_13,0.0011466660907263782
senate_3,0.0010569398668559549
buy_6,0.001045382644587023
ltd_8,0.0010406067040070965
cash_6,0.001031012614653304
freedom_6,0.0009627639192751447
growth_18,0.0009517651761193236
lifestyle_12,0.0009463704795963813
religion_6,0.0009395757674890648
default_15,0.0009364311886081555
act_15,0.0009346500602518626
market_8,0.0008852869353490389
fun_5,0.000875318495218913
returns_1,0.0008420497061170761
million_11,0.0007523335346146798
default_10,0.000749666029092122
debt_6,0.0007361463987874517
justice_17,0.0007342984205144897
gain_17,0.0007250237273246585
crash_2,0.0007241794843121374
holiday_1,0.0007156696964484733
invest_10,0.0007134232489249381
corporation_16,0.000677188771616799
revenue_11,0.0006685637462601202
representatives_11,0.0006260328167025042
illinois_6,0.0006255190180108228
present_19,0.000610560775437774
car_6,0.0006096572752996466
dow_jones_12,0.0005585145862781138
union_8,0.0005026627239610004
stocks_17,0.0004968352840220236
vermont_18,0.00044181994283309933
massachusetts_15,0.00044124463093568876
minister_13,0.0004074592728965376
lifestyle_20,0.0003870478980975811
founded_5,0.0003797016571945422
economy_6,0.000332239030958692
social_3,0.00032099431764507356
judge_4,0.0003153050882193309
vermont_15,0.0003090013107587275
rights_15,0.0002978730484488157
founded_3,0.0002925131377117474
dividend_15,0.00027788261962509165
business_9,0.0002682092364561628
court_15,0.00022265675840758004
case_13,0.00020899256250996867
media_15,0.0001961385952281125
debt_1,0.0001669251857414178
seats_12,0.0001494855809073048
secretary_9,0.0001380830429282387
vermont_2,0.0001366905435953969
senate_1,0.0001249251858633338
technology_18,9.083628420967216e-05
default_11,-7.799694660426405e-06
investment_16,-2.416988593003655e-05
nyse_8,-3.1775133350153693e-05
bank_8,-6.423335249912121e-05
security_3,-0.00010755419630323893
party_3,-0.0001329283057584396
loss_8,-0.00015638536765880673
union_3,-0.0001684989629085143
nasdaq_12,-0.00017636968515943874
committee_2,-0.00019301436025227493
food_5,-0.00023086535560112864
massachusetts_8,-0.00027079737623589837
crash_8,-0.0002787995592282044
ring_14,-0.00028395091320476684
loss_20,-0.00028714997880157077
vermont_16,-0.00029573228027368614
cancer_5,-0.00029760638115745587
tennessee_13,-0.0003009042619958269
consumption_1,-0.0003098199672104007
stats_8,-0.00031829100859401824
DOW_JONES_6,-0.0003237635728861266
economics_4,-0.00033277318279079093
financial_15,-0.0003540060120668098
bonds_12,-0.00039789744936538087
nyse_12,-0.0003997960561242575
water_8,-0.0004005768201146953
services_8,-0.0004540793006724275
finance_15,-0.0004630236144570699
present_2,-0.00046517398647678566
democratic_20,-0.00047627675611061626
voters_15,-0.0004832418928632398
pennsylvania_15,-0.0004905051282968031
gain_12,-0.0004968194234576506
nasdaq_10,-0.0005008176860881397
ceo_14,-0.0005008457192115622
labor_5,-0.0005143106522327523
profit_12,-0.0005168936096155097
office_8,-0.0005229674835640852
economic_1,-0.0005315907969763555
voters_19,-0.0005328701953037918
products_3,-0.0005339795227407463
pennsylvania_11,-0.0005461135570477005
government_3,-0.0005724562638491415
labor_1,-0.0005811101242196193
stats_12,-0.0005955504442222593
energy_8,-0.0006021064405176135
default_5,-0.0006026706081808441
products_14,-0.0006121840697424386
service_8,-0.0006201061204957447
consumption_5,-0.0006225617427101593
representatives_9,-0.0006248014961458103
invest_13,-0.0006380046549858464
texas_1,-0.0006475486549509136
unemployment_14,-0.0006663651674712945
labor_10,-0.0006729556310703488
gold_12,-0.0006760543740214509
union_4,-0.0006997396474811568
district_4,-0.0007047034529854779
million_2,-0.0007164958444902725
votes_15,-0.0007214657345781638
project_19,-0.0007390899322626598
senate_9,-0.0007423586743173782
politics_9,-0.0007482191811390759
consumption_10,-0.0007525730952328668
nasdaq_13,-0.0007722867077800677
vermont_8,-0.0007866385861325486
invest_11,-0.0007881624526760777
voters_10,-0.0007988726493144193
services_16,-0.0008026754349192089
committee_7,-0.0008035272062038912
hedge_6,-0.000804881694986248
companies_16,-0.0008059814485907202
consumption_12,-0.0008165725649048383
rare_earths_10,-0.0008228455297961901
short_selling_10,-0.0008228455297961901
tourism_10,-0.0008228455297961901
transaction_10,-0.0008228455297961901
headlines_10,-0.0008228455297961901
ministry_10,-0.0008228455297961901
short_sell_10,-0.0008228455297961901
forex_10,-0.0008228455297961901
inflation_10,-0.0008228455297961901
fond_10,-0.0008228455297961901
derivatives_10,-0.0008228455297961901
leverage_10,-0.0008228455297961901
gains_10,-0.0008228455297961901
greed_10,-0.0008228455297961901
financial_markets_10,-0.0008228455297961901
ore_10,-0.0008228455297961901
BUY_AND_HOLD_10,-0.0008228455297961901
consume_10,-0.0008228455297961901
representatives_18,-0.0008237727062006872
labor_11,-0.0008238970984511873
society_9,-0.0008271863490028064
lifestyle_3,-0.000835935409042854
vermont_10,-0.0008433302707968604
served_10,-0.0008458780627490281
politics_12,-0.0008494692633812084
financial_markets_12,-0.000860915948183072
transaction_12,-0.000860915948183072
gains_12,-0.000860915948183072
greed_12,-0.000860915948183072
headlines_12,-0.000860915948183072
BUY_AND_HOLD_12,-0.000860915948183072
fond_12,-0.000860915948183072
tourism_12,-0.000860915948183072
forex_12,-0.000860915948183072
derivatives_12,-0.000860915948183072
short_sell_12,-0.000860915948183072
leverage_12,-0.000860915948183072
consume_12,-0.000860915948183072
ministry_12,-0.000860915948183072
ore_12,-0.000860915948183072
rare_earths_12,-0.000860915948183072
inflation_12,-0.000860915948183072
short_selling_12,-0.000860915948183072
housing_8,-0.000867924355379368
washington_6,-0.0008695004098842052
growth_15,-0.0008716540146384233
ltd_16,-0.0008740940647676387
representatives_2,-0.0008757548562903672
lifestyle_1,-0.0008778312164875235
served_12,-0.0008824692955839098
massachusetts_6,-0.0009030011351398581
elected_8,-0.0009060340317011528
party_10,-0.0009199623273146385
vermont_13,-0.0009256402271935027
tourism_13,-0.0009258300236290485
gains_13,-0.0009258300236290485
forex_13,-0.0009258300236290485
ministry_13,-0.0009258300236290485
derivatives_13,-0.0009258300236290485
leverage_13,-0.0009258300236290485
short_sell_13,-0.0009258300236290485
ore_13,-0.0009258300236290485
BUY_AND_HOLD_13,-0.0009258300236290485
headlines_13,-0.0009258300236290485
financial_markets_13,-0.0009258300236290485
rare_earths_13,-0.0009258300236290485
consume_13,-0.0009258300236290485
transaction_13,-0.0009258300236290485
greed_13,-0.0009258300236290485
short_selling_13,-0.0009258300236290485
inflation_13,-0.0009258300236290485
fond_13,-0.0009258300236290485
nyse_11,-0.0009302865126215476
served_13,-0.0009334938197139486
present_6,-0.0009536882815396775
portfolio_15,-0.0009605274825851495
consumption_13,-0.0009675061226138926
arts_19,-0.0009728540423251219
invest_5,-0.0009739261268517429
companies_9,-0.0009830942067010184
BUY_AND_HOLD_11,-0.001002633702103939
gains_11,-0.001002633702103939
tourism_11,-0.001002633702103939
ministry_11,-0.001002633702103939
fond_11,-0.001002633702103939
headlines_11,-0.001002633702103939
derivatives_11,-0.001002633702103939
leverage_11,-0.001002633702103939
consume_11,-0.001002633702103939
rare_earths_11,-0.001002633702103939
ore_11,-0.001002633702103939
inflation_11,-0.001002633702103939
short_selling_11,-0.001002633702103939
short_sell_11,-0.001002633702103939
forex_11,-0.001002633702103939
financial_markets_11,-0.001002633702103939
greed_11,-0.001002633702103939
transaction_11,-0.001002633702103939
elected_11,-0.0010057551076883442
served_11,-0.0010099456524956807
companies_4,-0.0010161726396137327
lifestyle_6,-0.001017126903154053
council_2,-0.0010171940610817164
nasdaq_14,-0.001036060435265318
economics_13,-0.0010394707896929534
act_7,-0.0010435170697962403
economy_10,-0.0010540381115456076
vermont_12,-0.0010623215558830169
served_1,-0.0010674594556556282
consumption_8,-0.0010739961696350608
case_3,-0.0010780666480688429
movie_16,-0.0010808401209858153
labor_12,-0.0010843904303167395
stock_market_8,-0.0010866042088796268
war_10,-0.0010880048741308324
opportunity_3,-0.001091712700053793
financial_markets_1,-0.0010980177950683512
fond_1,-0.0010980177950683512
short_selling_1,-0.0010980177950683512
forex_1,-0.0010980177950683512
tourism_1,-0.0010980177950683512
transaction_1,-0.0010980177950683512
consume_1,-0.0010980177950683512
derivatives_1,-0.0010980177950683512
short_sell_1,-0.0010980177950683512
BUY_AND_HOLD_1,-0.0010980177950683512
rare_earths_1,-0.0010980177950683512
gains_1,-0.0010980177950683512
ministry_1,-0.0010980177950683512
headlines_1,-0.0010980177950683512
leverage_1,-0.0010980177950683512
ore_1,-0.0010980177950683512
greed_1,-0.0010980177950683512
investment_9,-0.0011045504446034915
rich_16,-0.0011447804180436006
color_2,-0.001155527416807489
elected_13,-0.0011568203568342872
holiday_10,-0.0011576039590613708
ceo_8,-0.0011603758040943824
union_11,-0.0011621539698469796
default_12,-0.0011644988544479151
lifestyle_11,-0.001171144144239067
labor_4,-0.001173438027114715
nyse_7,-0.001174650194440785
society_5,-0.001176811472739203
dividend_6,-0.0011821686313851832
debt_12,-0.0011858055296194658
war_6,-0.001191907583039753
elections_18,-0.001192198996854188
products_8,-0.001195914722490743
council_11,-0.001198798712944682
served_5,-0.001199910916316238
kentucky_11,-0.001203550234414652
illinois_4,-0.0012042529669576752
default_16,-0.0012078946957598813
bank_20,-0.0012081536629679368
invest_1,-0.00120861077492056
consumption_11,-0.0012143054674703447
greed_5,-0.001223439944278626
short_sell_5,-0.001223439944278626
derivatives_5,-0.001223439944278626
headlines_5,-0.001223439944278626
transaction_5,-0.001223439944278626
leverage_5,-0.001223439944278626
rare_earths_5,-0.001223439944278626
short_selling_5,-0.001223439944278626
inflation_5,-0.001223439944278626
consume_5,-0.001223439944278626
financial_markets_5,-0.001223439944278626
BUY_AND_HOLD_5,-0.001223439944278626
gains_5,-0.001223439944278626
ministry_5,-0.001223439944278626
forex_5,-0.001223439944278626
fond_5,-0.001223439944278626
tourism_5,-0.001223439944278626
ore_5,-0.001223439944278626
nyse_14,-0.0012330697959781923
nyse_1,-0.00123456141377436
crisis_17,-0.0012383504794528876
community_14,-0.0012426358964200634
markets_12,-0.0012474784593829557
served_8,-0.0012486209991450891
BUY_AND_HOLD_8,-0.0012518105861798468
tourism_8,-0.0012518105861798468
short_selling_8,-0.0012518105861798468
ministry_8,-0.0012518105861798468
headlines_8,-0.0012518105861798468
short_sell_8,-0.0012518105861798468
consume_8,-0.0012518105861798468
gains_8,-0.0012518105861798468
transaction_8,-0.0012518105861798468
inflation_8,-0.0012518105861798468
derivatives_8,-0.0012518105861798468
financial_markets_8,-0.0012518105861798468
ore_8,-0.0012518105861798468
greed_8,-0.0012518105861798468
leverage_8,-0.0012518105861798468
fond_8,-0.0012518105861798468
rare_earths_8,-0.0012518105861798468
forex_8,-0.0012518105861798468
banking_15,-0.0012556470052318858
vermont_9,-0.0012637016022587933
million_12,-0.0012650773940863225
economy_9,-0.001270517362228496
train_10,-0.0012716096750664985
return_16,-0.0012758644234827088
crash_5,-0.0012785144273748772
forex_7,-0.0012846880430619212
BUY_AND_HOLD_7,-0.0012846880430619212
short_selling_7,-0.0012846880430619212
inflation_7,-0.0012846880430619212
consume_7,-0.0012846880430619212
rare_earths_7,-0.0012846880430619212
tourism_7,-0.0012846880430619212
gains_7,-0.0012846880430619212
transaction_7,-0.0012846880430619212
headlines_7,-0.0012846880430619212
ministry_7,-0.0012846880430619212
leverage_7,-0.0012846880430619212
fond_7,-0.0012846880430619212
derivatives_7,-0.0012846880430619212
ore_7,-0.0012846880430619212
financial_markets_7,-0.0012846880430619212
greed_7,-0.0012846880430619212
short_sell_7,-0.0012846880430619212
justice_11,-0.0012852030762128264
consumption_7,-0.0012907725021669147
bank_11,-0.0012959874531409232
investment_1,-0.0013092433368374178
served_7,-0.0013129502438928853
politics_14,-0.0013188908832321156
return_5,-0.001324508885165776
kitchen_12,-0.001327850521810814
justice_20,-0.001330197226401575
council_1,-0.0013317968303182103
seats_10,-0.0013342424742378346
world_13,-0.0013432089630238675
default_3,-0.0013487646571668454
economic_18,-0.0013507102948600025
consumption_14,-0.0013515791019807822
success_9,-0.0013680377398700872
party_8,-0.0013715457323292268
house_16,-0.0014047628154159053
firm_5,-0.0014235606506690867
garden_16,-0.0014571336290160274
hedge_1,-0.0014578079308096292
DOW_JONES_14,-0.001458702790608357
rights_13,-0.0014639802803705138
crash_1,-0.0014650174468740396
investment_8,-0.0014679147993227558
served_14,-0.0014755894452196828
nasdaq_11,-0.0014807153769714975
nyse_5,-0.0014813903706930366
world_5,-0.001487113766433601
nasdaq_17,-0.0014872636748506363
voters_5,-0.0014897580681799472
travel_13,-0.0014959560958156316
ore_14,-0.0014959685338772565
ministry_14,-0.0014959685338772565
consume_14,-0.0014959685338772565
greed_14,-0.0014959685338772565
derivatives_14,-0.0014959685338772565
headlines_14,-0.0014959685338772565
financial_markets_14,-0.0014959685338772565
leverage_14,-0.0014959685338772565
short_sell_14,-0.0014959685338772565
forex_14,-0.0014959685338772565
short_selling_14,-0.0014959685338772565
fond_14,-0.0014959685338772565
rare_earths_14,-0.0014959685338772565
transaction_14,-0.0014959685338772565
tourism_14,-0.0014959685338772565
BUY_AND_HOLD_14,-0.0014959685338772565
inflation_14,-0.0014959685338772565
gains_14,-0.0014959685338772565
bank_4,-0.0015027699250398595
senate_15,-0.0015054738045761074
inflation_2,-0.0015057730748386344
served_16,-0.0015104612672645068
fine_18,-0.0015115790766836224
seats_14,-0.001520258842873079
financial_markets_16,-0.001522220983474476
ore_16,-0.001522220983474476
consume_16,-0.001522220983474476
tourism_16,-0.001522220983474476
leverage_16,-0.001522220983474476
ministry_16,-0.001522220983474476
BUY_AND_HOLD_16,-0.001522220983474476
inflation_16,-0.001522220983474476
short_selling_16,-0.001522220983474476
rare_earths_16,-0.001522220983474476
short_sell_16,-0.001522220983474476
forex_16,-0.001522220983474476
headlines_16,-0.001522220983474476
derivatives_16,-0.001522220983474476
transaction_16,-0.001522220983474476
greed_16,-0.001522220983474476
fond_16,-0.001522220983474476
gains_16,-0.001522220983474476
economic_14,-0.0015269608670307466
buy_11,-0.001542581306574764
founded_19,-0.0015449711114532637
BUY_AND_HOLD_15,-0.0015489565877456536
fond_15,-0.0015489565877456536
gains_15,-0.0015489565877456536
forex_15,-0.0015489565877456536
tourism_15,-0.0015489565877456536
ministry_15,-0.0015489565877456536
inflation_15,-0.0015489565877456536
transaction_15,-0.0015489565877456536
greed_15,-0.0015489565877456536
short_selling_15,-0.0015489565877456536
rare_earths_15,-0.0015489565877456536
short_sell_15,-0.0015489565877456536
headlines_15,-0.0015489565877456536
derivatives_15,-0.0015489565877456536
leverage_15,-0.0015489565877456536
financial_markets_15,-0.0015489565877456536
consume_15,-0.0015489565877456536
ore_15,-0.0015489565877456536
served_15,-0.001549292853268991
credit_8,-0.0015547583593283453
gain_5,-0.0015574082418177149
economy_17,-0.0015629520840560128
consumption_15,-0.0015668519137778335
financial_markets_2,-0.001569483733220789
ore_2,-0.001569483733220789
short_selling_2,-0.001569483733220789
forex_2,-0.001569483733220789
rare_earths_2,-0.001569483733220789
BUY_AND_HOLD_2,-0.001569483733220789
transaction_2,-0.001569483733220789
leverage_2,-0.001569483733220789
derivatives_2,-0.001569483733220789
short_sell_2,-0.001569483733220789
headlines_2,-0.001569483733220789
greed_2,-0.001569483733220789
fond_2,-0.001569483733220789
gains_2,-0.001569483733220789
consume_2,-0.001569483733220789
tourism_2,-0.001569483733220789
ministry_2,-0.001569483733220789
nyse_16,-0.0015754975803938364
members_13,-0.0015824021603290772
governor_16,-0.0015842566752266364
nasdaq_18,-0.001589657172150072
served_2,-0.0015936649617605437
garden_12,-0.0015938414035382876
ltd_15,-0.0015951367923564108
wisconsin_8,-0.00159748574561831
happy_8,-0.0016014670395706697
missouri_11,-0.0016028809136271692
conflict_8,-0.0016031442109564642
bonds_18,-0.001609225601889741
county_8,-0.0016125625432550806
nasdaq_5,-0.0016129413401543946
media_16,-0.0016165337009820036
consumption_16,-0.0016184310969164172
technology_8,-0.0016213667330149174
washington_9,-0.0016224870166691384
kentucky_7,-0.0016405836306102374
unemployment_1,-0.0016440352867872043
invest_14,-0.0016478310966108634
water_1,-0.0016484900335921536
car_7,-0.0016496378289200032
committee_13,-0.0016499498908004728
nyse_10,-0.0016534302823244308
oil_9,-0.0016632752918481098
served_6,-0.0016684118144695947
representatives_15,-0.0016685391432360807
fed_13,-0.0016696879032508604
world_2,-0.0016705315541804655
judge_5,-0.0016719007482118853
illinois_7,-0.00167710139259436
economic_15,-0.0016782043938284197
case_6,-0.0016787840494218108
finance_5,-0.0016820482245692547
derivatives_6,-0.0016826617374413378
ore_6,-0.0016826617374413378
leverage_6,-0.0016826617374413378
consume_6,-0.0016826617374413378
ministry_6,-0.0016826617374413378
rare_earths_6,-0.0016826617374413378
tourism_6,-0.0016826617374413378
gains_6,-0.0016826617374413378
short_sell_6,-0.0016826617374413378
fond_6,-0.0016826617374413378
BUY_AND_HOLD_6,-0.0016826617374413378
financial_markets_6,-0.0016826617374413378
forex_6,-0.0016826617374413378
headlines_6,-0.0016826617374413378
transaction_6,-0.0016826617374413378
greed_6,-0.0016826617374413378
short_selling_6,-0.0016826617374413378
inflation_6,-0.0016826617374413378
corporation_4,-0.0016832822118461933
justice_12,-0.0016907992586436605
marketing_15,-0.001697859840342031
war_13,-0.0017129205663270364
train_15,-0.0017305031197810904
voters_11,-0.001731232183649034
nasdaq_16,-0.001732006646627937
legal_12,-0.0017434425968480883
ministry_9,-0.0017479918781732717
consume_9,-0.0017479918781732717
gains_9,-0.0017479918781732717
forex_9,-0.0017479918781732717
ore_9,-0.0017479918781732717
inflation_9,-0.0017479918781732717
greed_9,-0.0017479918781732717
financial_markets_9,-0.0017479918781732717
short_selling_9,-0.0017479918781732717
headlines_9,-0.0017479918781732717
leverage_9,-0.0017479918781732717
transaction_9,-0.0017479918781732717
short_sell_9,-0.0017479918781732717
rare_earths_9,-0.0017479918781732717
derivatives_9,-0.0017479918781732717
fond_9,-0.0017479918781732717
BUY_AND_HOLD_9,-0.0017479918781732717
tourism_9,-0.0017479918781732717
served_9,-0.001752274794470976
security_16,-0.0017586719137981043
federal_13,-0.0017630770215158575
ltd_11,-0.0017639568716063092
bonds_3,-0.0017660447439026728
crisis_13,-0.0017802266681507639
lifestyle_10,-0.001788375459197944
invest_16,-0.0017893429121218051
union_13,-0.00178964341618304
governor_10,-0.001793268042087548
district_9,-0.0018002815713754837
representatives_12,-0.001800588956058391
district_16,-0.0018017826441860453
legal_17,-0.001802005834910747
energy_14,-0.0018032097675752645
financial_11,-0.0018033010917893888
default_1,-0.0018040668153171513
ceo_4,-0.0018078744757954236
million_14,-0.0018105858080840643
voters_17,-0.0018121312115642718
industry_9,-0.0018158651379143631
government_14,-0.0018225981346361886
nasdaq_6,-0.0018324154764649768
federal_8,-0.0018368669573368024
finance_4,-0.0018449069593086786
bank_16,-0.0018454124374214231
voters_6,-0.001848201821118689
elected_15,-0.0018735205704279335
ohio_1,-0.001876079977620204
war_4,-0.0018792397754652025
service_16,-0.0018848311504350735
health_16,-0.0018929585864138287
seats_19,-0.0019088798138920283
rights_7,-0.0019183872316585137
firm_7,-0.0019194249388432283
nasdaq_9,-0.0019247503093044126
justice_1,-0.0019293425702100464
cancer_1,-0.001931678721314567
metals_10,-0.0019325439263587763
gain_11,-0.0019338324702905308
consumption_3,-0.0019414693076999611
ohio_20,-0.0019419599791869358
success_11,-0.0019434215310444093
garden_15,-0.0019455031780188036
invest_7,-0.001946327332599651
governor_4,-0.0019537148575507145
holiday_13,-0.0019552301661714512
garden_11,-0.001957471430946267
finance_8,-0.001966811378975408
dividend_13,-0.0019687454138067385
ohio_12,-0.001972561171786502
tennessee_17,-0.0019749224230722227
nyse_2,-0.0019782494092896565
representatives_8,-0.0019860464635304
opportunity_14,-0.001991951908908307
culture_12,-0.001993658144603483
default_9,-0.001999514329173513
community_3,-0.0020011529113433957
consumption_9,-0.0020074912633086584
nyse_17,-0.0020098732356520267
voters_13,-0.002011438204925242
dividend_17,-0.0020124999211502902
BUY_AND_HOLD_17,-0.0020124999211502902
ministry_17,-0.0020124999211502902
leverage_17,-0.0020124999211502902
inflation_17,-0.0020124999211502902
derivatives_17,-0.0020124999211502902
headlines_17,-0.0020124999211502902
consume_17,-0.0020124999211502902
transaction_17,-0.0020124999211502902
gains_17,-0.0020124999211502902
short_selling_17,-0.0020124999211502902
fond_17,-0.0020124999211502902
ore_17,-0.0020124999211502902
rare_earths_17,-0.0020124999211502902
greed_17,-0.0020124999211502902
financial_markets_17,-0.0020124999211502902
tourism_17,-0.0020124999211502902
short_sell_17,-0.0020124999211502902
forex_17,-0.0020124999211502902
technology_15,-0.002028363968009095
crisis_12,-0.00203331546242298
invest_17,-0.00203386745205143
served_17,-0.002035639495549635
federal_20,-0.00203912661533765
minister_4,-0.0020397239335756324
hedge_15,-0.002040469269461287
services_15,-0.0020423881763897535
district_15,-0.00205446490147545
energy_16,-0.0020570250193445937
culture_17,-0.002057727744838389
members_6,-0.0020622719408782465
minister_8,-0.0020641308728973186
world_11,-0.0020694956162929045
hedge_10,-0.0020731548236274655
portfolio_12,-0.0020751728639427204
seats_9,-0.002078896880866754
present_10,-0.002081125473305967
bonds_5,-0.0020901122648237626
consumption_2,-0.002093061600296808
success_5,-0.0020931704228151827
district_13,-0.0020975331408794153
consumption_17,-0.002104363605097559
crisis_14,-0.0021080132256205532
governor_15,-0.0021094523571865364
consumption_6,-0.0021150514544177935
georgia_1,-0.0021253696139050147
happy_13,-0.002126635424217671
bonds_10,-0.002128576630448986
world_14,-0.0021326792202991827
society_14,-0.0021344790962289028
success_6,-0.0021409693323493515
nasdaq_1,-0.002150061246715307
water_14,-0.002153405282852572
present_8,-0.0021622662663424606
economics_8,-0.0021642312102821302
law_10,-0.0021676465972184644
office_3,-0.0021807096359058196
county_16,-0.0021841079972399146
loss_13,-0.002184182837869675
freedom_10,-0.0021849970289303357
act_3,-0.002185169445737345
crisis_16,-0.0021853430744303015
representatives_14,-0.002186455820537736
freedom_12,-0.0021895127112912193
world_15,-0.0021898932070576692
police_17,-0.0021951049083329456
loss_16,-0.0021970103190569468
lifestyle_19,-0.0021987083445335286
district_14,-0.0022009744080358383
hedge_11,-0.0022086844112734648
community_16,-0.002209966182231904
legal_9,-0.002214453308387565
service_11,-0.002219369543335814
ministry_19,-0.002221792600680761
fond_19,-0.002221792600680761
greed_19,-0.002221792600680761
ore_19,-0.002221792600680761
consume_19,-0.002221792600680761
financial_markets_19,-0.002221792600680761
gains_19,-0.002221792600680761
BUY_AND_HOLD_19,-0.002221792600680761
rare_earths_19,-0.002221792600680761
forex_19,-0.002221792600680761
dividend_19,-0.002221792600680761
short_sell_19,-0.002221792600680761
headlines_19,-0.002221792600680761
transaction_19,-0.002221792600680761
tourism_19,-0.002221792600680761
leverage_19,-0.002221792600680761
served_19,-0.002221792600680761
short_selling_19,-0.002221792600680761
derivatives_19,-0.002221792600680761
inflation_19,-0.002221792600680761
economics_10,-0.002224017412508017
elected_7,-0.0022257364033114956
college_12,-0.0022273559740605187
society_6,-0.0022287773250073474
crash_6,-0.0022323591679909603
case_15,-0.002236031182776821
nasdaq_8,-0.0022376641541278276
court_10,-0.002241952039265138
economics_3,-0.0022471607176714147
members_11,-0.002249057889730288
inflation_1,-0.002249685256904321
invest_6,-0.0022500571517358736
ring_12,-0.0022512788841710487
nyse_13,-0.00225443818966089
arts_11,-0.0022555592354960297
party_16,-0.00226083883445225
consumption_18,-0.00226144349310724
security_8,-0.0022624040147499968
earnings_7,-0.002263950580934937
voters_1,-0.0022699561245110634
chance_5,-0.0022718627908817624
growth_9,-0.002272399800413738
economic_5,-0.002282578105700672
consumption_19,-0.002284264159303806
arts_2,-0.0022855619735829614
crisis_15,-0.002286012524789749
default_19,-0.0022873535373975516
management_8,-0.0022873680866320133
earnings_12,-0.0022959660649836565
consumption_20,-0.002297796288942777
rich_11,-0.0023065218965854007
short_selling_3,-0.0023069974608647126
ore_3,-0.0023069974608647126
greed_3,-0.0023069974608647126
forex_3,-0.0023069974608647126
transaction_3,-0.0023069974608647126
short_sell_3,-0.0023069974608647126
gains_3,-0.0023069974608647126
ministry_3,-0.0023069974608647126
rare_earths_3,-0.0023069974608647126
consume_3,-0.0023069974608647126
leverage_3,-0.0023069974608647126
fond_3,-0.0023069974608647126
derivatives_3,-0.0023069974608647126
tourism_3,-0.0023069974608647126
BUY_AND_HOLD_3,-0.0023069974608647126
financial_markets_3,-0.0023069974608647126
headlines_3,-0.0023069974608647126
firm_6,-0.0023079199283227102
default_6,-0.0023191359567268145
served_3,-0.0023194679638492755
crisis_5,-0.002322894644061657
marketing_13,-0.0023233417191945273
BUY_AND_HOLD_18,-0.002332477635681096
dividend_18,-0.002332477635681096
tourism_18,-0.002332477635681096
short_selling_18,-0.002332477635681096
ore_18,-0.002332477635681096
forex_18,-0.002332477635681096
consume_18,-0.002332477635681096
financial_markets_18,-0.002332477635681096
ministry_18,-0.002332477635681096
headlines_18,-0.002332477635681096
fond_18,-0.002332477635681096
short_sell_18,-0.002332477635681096
inflation_18,-0.002332477635681096
transaction_18,-0.002332477635681096
greed_18,-0.002332477635681096
rare_earths_18,-0.002332477635681096
derivatives_18,-0.002332477635681096
gains_18,-0.002332477635681096
leverage_18,-0.002332477635681096
marketing_10,-0.002335016816284585
court_8,-0.0023401844880748257
security_11,-0.0023452976012098723
nyse_9,-0.0023462404313702835
served_18,-0.002352814934878378
ltd_14,-0.002354121302092116
district_12,-0.002362437196273004
default_8,-0.0023630243766536553
debt_19,-0.002363830221066743
sell_6,-0.0023645664909588858
million_18,-0.0023695823299828113
members_12,-0.0023699215342495973
success_2,-0.002370698744542077
nyse_18,-0.002371268802289883
legal_8,-0.0023737435385350336
ceo_15,-0.0023771799101847345
stats_18,-0.0023789933733855185
health_8,-0.0023800942015745675
freedom_13,-0.0023814380044566265
global_16,-0.0023817805741097155
security_18,-0.00238852552022073
financial_8,-0.0023890231879832636
nyse_15,-0.002392875760712343
nyse_4,-0.0023968043349441802
invest_15,-0.0023979279630018447
social_8,-0.00240029385736773
tourism_4,-0.0024067321121219896
short_selling_4,-0.0024067321121219896
inflation_4,-0.0024067321121219896
derivatives_4,-0.0024067321121219896
ministry_4,-0.0024067321121219896
fond_4,-0.0024067321121219896
headlines_4,-0.0024067321121219896
BUY_AND_HOLD_4,-0.0024067321121219896
rare_earths_4,-0.0024067321121219896
greed_4,-0.0024067321121219896
leverage_4,-0.0024067321121219896
financial_markets_4,-0.0024067321121219896
ore_4,-0.0024067321121219896
gains_4,-0.0024067321121219896
consume_4,-0.0024067321121219896
short_sell_4,-0.0024067321121219896
forex_4,-0.0024067321121219896
transaction_4,-0.0024067321121219896
secretary_3,-0.0024075477714691875
federal_3,-0.0024083185000797645
political_14,-0.0024093268465598117
law_4,-0.0024110312191865323
business_16,-0.00244841145220438
massachusetts_14,-0.002451506329904607
washington_20,-0.0024517109777522084
served_4,-0.0024593215877563245
housing_9,-0.0024675212385413038
culture_4,-0.002474263453626735
ministry_20,-0.002483282524398822
inflation_20,-0.002483282524398822
short_selling_20,-0.002483282524398822
consume_20,-0.002483282524398822
rare_earths_20,-0.002483282524398822
fond_20,-0.002483282524398822
transaction_20,-0.002483282524398822
greed_20,-0.002483282524398822
dividend_20,-0.002483282524398822
derivatives_20,-0.002483282524398822
headlines_20,-0.002483282524398822
served_20,-0.002483282524398822
short_sell_20,-0.002483282524398822
leverage_20,-0.002483282524398822
ore_20,-0.002483282524398822
BUY_AND_HOLD_20,-0.002483282524398822
tourism_20,-0.002483282524398822
forex_20,-0.002483282524398822
gains_20,-0.002483282524398822
financial_markets_20,-0.002483282524398822
dow_jones_13,-0.0024852642249925338
movement_5,-0.0024882047363224747
return_12,-0.0024887201065639354
fun_4,-0.0024895879934375476
social_17,-0.0024917528613138894
economic_3,-0.002491891076024855
elected_17,-0.0024934831085224205
credit_1,-0.0024985721003749186
world_8,-0.002501649846915521
election_4,-0.0025117362320271398
train_17,-0.0025123912434198647
management_15,-0.0025158172451045903
marketing_8,-0.0025172904115186466
carolina_19,-0.0025187935092892966
elected_2,-0.002520919174743952
voters_2,-0.002522906896513355
politics_11,-0.0025263137907797885
markets_1,-0.0025354674098017503
firm_13,-0.002536657725117686
ceo_10,-0.0025384858243842068
services_4,-0.0025424940780739203
profit_8,-0.0025424962599704948
fun_9,-0.002544822827654425
council_8,-0.0025448770757641403
health_4,-0.002546797915631882
restaurant_8,-0.002550497359010917
founded_9,-0.0025547831908556253
garden_13,-0.002555489760911156
missouri_10,-0.002558979204568268
business_4,-0.0025621891775234663
credit_3,-0.002576161123591847
million_1,-0.002579768222245704
union_9,-0.0025803178038950048
market_9,-0.0025806469686349143
ceo_1,-0.002584031549370058
elections_4,-0.002586254816098732
legal_18,-0.00258781787103306
fun_3,-0.0025878299739488632
governor_5,-0.002599625760178115
invest_3,-0.002601028190294441
ring_4,-0.002601861157033647
default_2,-0.0026049276697971634
health_14,-0.0026054588370191477
marketing_9,-0.0026076197406253556
bubble_7,-0.00261372664077304
million_5,-0.0026162307523371676
members_18,-0.0026298176124533333
loss_18,-0.002634172474453167
business_18,-0.002636962210983196
products_10,-0.0026382581661955617
community_15,-0.002648873496957993
gold_4,-0.002658917960009788
ltd_1,-0.0026618170279804733
inc_16,-0.0026643242367102803
environment_18,-0.0026644727372301612
missouri_13,-0.002666449063719112
financial_14,-0.0026671384552534594
travel_1,-0.00266784449562345
police_9,-0.0026743032079527664
health_15,-0.002675172769262946
religion_5,-0.0026765425502500717
house_10,-0.0026767799317282126
voters_16,-0.0026797442065520814
vermont_4,-0.0026841886602050557
corporation_14,-0.002686870773244343
bonds_19,-0.0027001229796893788
service_17,-0.0027042114983770738
hedge_2,-0.002707341755823922
firm_2,-0.002713498890988797
economics_5,-0.0027162588046795166
finance_13,-0.002724533271931362
office_16,-0.002734405569140397
founded_10,-0.002735061892326307
inc_4,-0.002740767276854483
credit_11,-0.0027565344470373843
society_4,-0.0027580874145701983
voters_9,-0.0027591878237954058
credit_4,-0.002762356804778143
products_18,-0.002764149861623477
markets_3,-0.0027679524953749812
world_6,-0.0027712654300797055
law_14,-0.0027738891091540372
wisconsin_6,-0.002787286783662424
nyse_20,-0.00278885908927613
vermont_1,-0.0027926035579073803
senate_5,-0.0027946814066491356
blacklist_6,-0.0027960236157249297
firm_3,-0.002796749738761628
nyse_19,-0.0028018437220480143
world_19,-0.0028049068575801916
cash_1,-0.0028119169631054763
loss_12,-0.0028128523874346723
invest_19,-0.0028175234607108026
virginia_8,-0.002817806052564187
service_10,-0.002822393119170963
movie_15,-0.0028249872657930995
development_15,-0.0028350469269338594
crash_19,-0.0028364904908643853
representatives_1,-0.002843478877090533
revenue_3,-0.0028455551695471424
default_4,-0.0028478173540284145
invest_2,-0.002850144985621661
district_8,-0.0028547318739691628
environment_13,-0.0028557156611122014
business_17,-0.0028650845490362452
unemployment_6,-0.0028681119440955973
revenue_8,-0.002877428193684972
labor_18,-0.002879272731944016
county_10,-0.002885678128975644
council_6,-0.002886158151483409
project_3,-0.00288747770925355
rights_10,-0.0028902401947346725
investment_5,-0.002890349700935979
unemployment_13,-0.0028913877180678504
council_17,-0.0028924268453384807
voters_4,-0.0029032977075205578
missouri_19,-0.0029070008537051884
nyse_3,-0.0029092743556336843
community_8,-0.0029158511110621175
credit_15,-0.002916566158204725
conflict_12,-0.0029181842467908893
housing_5,-0.0029359014306669763
economics_17,-0.0029405109101143133
freedom_18,-0.0029423929449527986
founded_11,-0.00294464193687638
marketing_11,-0.002945500664517242
federal_11,-0.0029486674874440676
conflict_3,-0.0029503869359541967
council_16,-0.002951946055583865
judge_3,-0.0029526001754827556
culture_9,-0.0029538253967799966
tennessee_8,-0.0029599192392175677
present_15,-0.0029602326767423914
minister_7,-0.002966984486536606
security_14,-0.0029785635421785807
cancer_13,-0.0029794367901568642
senate_19,-0.002981509530159787
revenue_15,-0.002981671313580758
movement_19,-0.002984608241974973
wisconsin_18,-0.0029850792504204637
pennsylvania_9,-0.0029851497161291762
car_16,-0.0029853573013189027
returns_7,-0.0029857370090888846
act_12,-0.0029888068621632957
ring_19,-0.0029948854574433524
financial_16,-0.002995042870243636
party_4,-0.002998011553490665
trader_13,-0.003000426137684098
industry_15,-0.0030011428652366723
federal_16,-0.003004199549626119
representatives_7,-0.003006690445296112
illinois_19,-0.0030168201852452726
founded_20,-0.003025267069942705
garden_18,-0.003025418242335798
nasdaq_19,-0.003028838672225964
cash_13,-0.0030300374260469496
return_7,-0.003039849930405425
stocks_10,-0.003040439970011732
opportunity_12,-0.003045168035730672
chance_3,-0.003047485667481209
car_4,-0.003048860293475908
debt_2,-0.0030619576371353264
revenue_19,-0.0030624687729499554
fine_1,-0.0030692857654971207
corporation_15,-0.0030803378155896733
council_13,-0.003081381550718509
default_13,-0.0030844549922913076
inc_1,-0.0030846135572136337
politics_4,-0.003087081024958671
earnings_3,-0.0030897954489367495
committee_17,-0.0030906572093189364
william_15,-0.0030923753639988893
justice_10,-0.003093433182626737
metals_14,-0.003098134111437645
fed_9,-0.0031009300665356234
founded_15,-0.003102674440261488
default_7,-0.003108523777304928
return_14,-0.0031165917515433516
elections_9,-0.003122336677581572
returns_8,-0.003126437962328965
marketing_3,-0.0031368180457141516
vermont_17,-0.0031410052245266053
invest_18,-0.0031426602062802457
county_15,-0.0031430063866543013
legal_13,-0.003153934065031594
government_7,-0.003161017948276568
community_17,-0.0031636498218221565
bubble_6,-0.003166388086183902
community_10,-0.003166707598240537
economic_8,-0.0031866427087947624
sell_19,-0.0031873620667136836
service_18,-0.003192754569886258
illinois_11,-0.0031951265113337123
consumption_4,-0.0031974190750278632
revenue_16,-0.003198033854562321
housing_15,-0.0031995353870080344
tennessee_15,-0.003203454823995555
ceo_17,-0.0032035510561173376
service_4,-0.00320731197667008
restaurant_15,-0.0032162712293405614
federal_15,-0.0032179277892466105
management_10,-0.003223125361521828
secretary_12,-0.0032268818689342726
culture_15,-0.0032285122602989436
government_6,-0.0032295534007159787
media_17,-0.0032332529209989857
legal_14,-0.0032338864292788872
energy_15,-0.00323548294227205
missouri_8,-0.003246033126068815
movement_13,-0.003246355618554686
bubble_1,-0.003249535908700407
ltd_4,-0.00325119886967411
stocks_20,-0.00325561049229508
labor_6,-0.0032666396817723877
DOW_JONES_5,-0.0032794816730717493
buy_17,-0.003281694447527972
rights_8,-0.0032817337632252475
debt_14,-0.0032825394774387505
success_7,-0.003287218102411682
economy_8,-0.003292807435275713
cash_2,-0.0032928079885202965
ceo_3,-0.003298324646318784
crisis_3,-0.00329943467893008
social_20,-0.0033004668977415275
services_14,-0.0033077942954182317
hedge_16,-0.0033109457818863096
ring_1,-0.0033156806221905865
bubble_4,-0.003316811063344116
movement_17,-0.003317321505516979
massachusetts_18,-0.003324215956875842
train_11,-0.003328306258293323
money_11,-0.0033313404679420123
ltd_3,-0.0033360992470911287
industry_5,-0.0033477964595407528
religion_9,-0.003350403190535012
management_16,-0.0033532961369202806
cash_11,-0.003354017797772846
blacklist_13,-0.003358187868159157
garden_1,-0.0033681084392896965
holiday_17,-0.003368688316963686
washington_8,-0.003373314758244561
politics_3,-0.00338206340016991
politics_7,-0.0033821216932334863
washington_18,-0.0033830534770239672
illinois_15,-0.0033871595134134847
trader_4,-0.0033875475980546187
crisis_8,-0.0033892715494542093
council_10,-0.0033913832122458134
conflict_7,-0.0033922511630266163
corporation_18,-0.0033968129832679496
office_11,-0.0033977912958170764
texas_6,-0.0033979865799795396
media_1,-0.0034050357757043235
seats_5,-0.0034151516702785045
success_14,-0.003421284251166634
washington_14,-0.0034237635987445004
hedge_4,-0.0034257596083426154
banking_19,-0.003431572137691985
present_11,-0.0034316885405988097
services_11,-0.003432226517122161
project_7,-0.0034334069092771145
court_3,-0.0034338429752781784
home_2,-0.003438708632216891
profit_6,-0.0034401606134333075
gold_6,-0.003440466198465231
members_14,-0.0034470022195468354
court_14,-0.0034496582820689793
bubble_15,-0.003451125091558538
companies_14,-0.0034542542148525033
committee_20,-0.0034555365509258973
hedge_17,-0.0034564721141970623
world_18,-0.003457306391637305
crash_9,-0.0034606768421569624
massachusetts_3,-0.0034620071203988355
financial_4,-0.003471448167496538
firm_9,-0.0034719632997850082
metals_9,-0.0034776947446619744
security_7,-0.0034830091220604763
community_20,-0.0034844305187686107
union_17,-0.0034992163576593517
georgia_11,-0.0034994037266227185
loss_3,-0.0035010127667882696
project_8,-0.0035017479045853063
markets_4,-0.0035021946833585283
carolina_7,-0.003502727371259562
ring_16,-0.0035106911296820973
present_7,-0.003511345208792349
environment_5,-0.003513285981493497
restaurant_10,-0.0035133488105560497
inc_15,-0.0035134780359212135
county_18,-0.0035210422871550405
products_9,-0.003521638381367409
elected_9,-0.0035219638680147993
management_14,-0.0035258212484032382
energy_17,-0.003531105110533783
returns_11,-0.0035330160298928438
service_15,-0.003538566941734733
movie_14,-0.0035551158349720778
marriage_12,-0.0035575999376187715
kitchen_17,-0.0035618763588076475
politics_13,-0.0035639876743744914
corporation_8,-0.0035692664999609214
markets_16,-0.003574949129861027
senate_4,-0.003579760265787968
health_11,-0.0035814782763612827
gain_15,-0.00358219836404694
water_15,-0.0035852259523109662
companies_17,-0.0035946300733409988
home_15,-0.0035973236117080366
society_10,-0.003598802137072754
million_15,-0.0035993966730893945
technology_19,-0.003600078546089569
profit_17,-0.0036011619075327463
house_20,-0.003602455743122568
revenue_17,-0.0036123703848166986
case_9,-0.0036140331333799347
banking_18,-0.0036188403841811655
growth_12,-0.0036206844258903637
health_18,-0.0036254386646425553
blacklist_2,-0.003630484985972293
oil_17,-0.0036327864604225545
carolina_18,-0.0036345462197894473
freedom_1,-0.003635441012732854
economy_12,-0.0036400899881677607
texas_15,-0.0036447271525992253
happy_9,-0.0036500038790513445
vermont_11,-0.003657848021568677
law_8,-0.0036581882463901927
social_16,-0.003659554593587977
vermont_5,-0.003667213699104677
seats_17,-0.0036680912573369808
act_19,-0.003671332879342759
nasdaq_20,-0.003674947885279689
stocks_19,-0.0036775709056382057
law_11,-0.0036894539081201217
economic_12,-0.0036940101667265026
house_15,-0.0036963748366284133
financial_9,-0.003696914895492931
representatives_4,-0.003703904702285543
republican_6,-0.003709317644681187
social_18,-0.0037095503512020846
project_16,-0.003710110777640452
companies_15,-0.0037131639442442577
pennsylvania_18,-0.003714144596522284
council_4,-0.0037215826900501626
council_5,-0.0037245772356705896
labor_3,-0.0037334045490817758
union_14,-0.003734562934103325
ltd_17,-0.0037352292928537257
global_13,-0.003736843883367125
county_4,-0.0037382850991378503
products_17,-0.003751404452148499
representatives_19,-0.003752576164018917
stocks_15,-0.0037546876418162343
business_14,-0.0037581955819215194
development_3,-0.0037618034681801806
corporation_17,-0.0037644061837795117
fun_10,-0.003768754894759874
products_4,-0.0037693108097052175
rights_20,-0.003774865003992689
finance_16,-0.0037758079776038845
home_5,-0.0037763407066700337
county_14,-0.003776894312328016
unemployment_18,-0.003776910405345202
washington_19,-0.003782031590033963
economy_4,-0.003783631917841568
services_10,-0.0037843516043064795
economic_10,-0.0037850282263861114
trader_6,-0.0037888198141035946
industry_11,-0.003793831069400366
office_14,-0.003797026751442445
massachusetts_4,-0.0038058647785577772
ring_10,-0.003810014817669116
risk_13,-0.0038155649621821387
development_12,-0.0038280523203625847
crash_16,-0.0038307349152637117
committee_6,-0.003831721552804801
voters_20,-0.003843221440855671
hedge_8,-0.0038784581490915794
car_17,-0.0038820032622285173
default_17,-0.003885146598659084
william_14,-0.0038871851786864255
founded_6,-0.0038897679154092034
religion_2,-0.003894814462045959
bank_13,-0.003895183234204258
rich_18,-0.0038976627124808873
movement_8,-0.0038989699629187412
nasdaq_15,-0.0039013641077070282
arts_7,-0.0039022926510027924
texas_18,-0.003903283804889712
security_17,-0.003905928732197861
health_17,-0.003907830011600488
revenue_10,-0.00391560181465922
services_9,-0.003920662828568821
county_9,-0.003927206689044671
security_13,-0.003935945976667532
growth_13,-0.003952246066841902
vermont_14,-0.003952463113180027
law_12,-0.003956984972644362
cancer_17,-0.003960898293012738
gain_9,-0.003961045475018565
social_4,-0.003970585468071009
federal_17,-0.0039740318319719135
society_15,-0.003979947689579699
marketing_16,-0.003986418154610405
community_18,-0.003987829976543589
fun_11,-0.0039907131331916815
invest_20,-0.003991224135335969
industry_8,-0.0039976182097064775
economy_14,-0.004004980594699159
economic_16,-0.004008678661076992
union_16,-0.004014707121527006
opportunity_17,-0.004015142586935738
political_17,-0.0040165024510038895
gain_6,-0.004018147533051897
act_14,-0.004021648999574201
development_17,-0.0040265584967944966
global_18,-0.0040286119603316186
illinois_12,-0.004034987889658881
garden_6,-0.004035711139387721
earnings_9,-0.004036484333580659
william_4,-0.004038132694903429
housing_6,-0.004045056669110414
justice_6,-0.004049471658826409
legal_11,-0.004070208727836544
money_12,-0.004081432916351857
vermont_20,-0.004085297285093636
security_19,-0.004087998917300162
kitchen_20,-0.004092263218594882
house_3,-0.004093442272888703
media_4,-0.004095967906838816
world_3,-0.004096386744780478
movement_10,-0.004101795698472554
seats_15,-0.004103270759733713
home_17,-0.004104511097983421
economy_18,-0.004104931163342184
office_15,-0.004105352910372395
technology_3,-0.00410691768687248
project_17,-0.004115237752979661
county_17,-0.00411603179342388
car_9,-0.0041162393978277255
pennsylvania_3,-0.004118435291038991
crisis_18,-0.004122452382057595
office_18,-0.004124611610461492
metals_6,-0.0041306093177799095
economy_7,-0.00413916561958545
management_19,-0.004143724112823155
banking_3,-0.004151212886876321
finance_17,-0.004152650802149482
union_10,-0.004155923037303277
development_9,-0.004159811338816421
ltd_18,-0.004160787043943426
financial_13,-0.004163709783217761
district_11,-0.004164154894062055
labor_7,-0.004168220345467155
water_17,-0.004170467526548061
law_6,-0.004172158193158304
money_4,-0.0041734413228575965
corporation_12,-0.004173935371432291
firm_4,-0.004176775408210931
law_16,-0.004176842663809244
government_12,-0.004181660551509836
food_1,-0.004188082792103654
legal_10,-0.0041894711637889825
restaurant_17,-0.004194422524875207
restaurant_16,-0.004195520483645421
invest_4,-0.004198142103570834
firm_8,-0.004204645067828449
profit_5,-0.004206944553166702
media_13,-0.00420900309200718
management_4,-0.004212181212151967
travel_2,-0.004221401619231302
county_11,-0.00422293073246256
fed_8,-0.004223062453353843
war_1,-0.004233823238022261
law_17,-0.004235664441652109
return_9,-0.004237571974798881
default_18,-0.004244295280085497
trader_1,-0.004244546296201168
fed_7,-0.0042533865878211065
freedom_5,-0.0042589840537918585
stock_market_5,-0.004259599343016074
seats_13,-0.004263758432894393
management_18,-0.004264397142678744
global_11,-0.004266434607235192
economics_11,-0.004275723009675714
house_17,-0.004278599823844953
government_10,-0.0042886516046753975
oil_16,-0.00429081375287974
returns_18,-0.0042999080061187685
present_16,-0.004300082504257907
finance_10,-0.004307470025628946
washington_15,-0.00431563570292397
business_8,-0.0043205085317569395
law_19,-0.004323307775846596
corporation_13,-0.004334135465718059
credit_20,-0.004342298878416395
arts_10,-0.004360608279431011
police_8,-0.004366695871782245
virginia_6,-0.004369846315488446
act_17,-0.0043737092160121005
industry_4,-0.004374935362790833
william_16,-0.004375346331574925
invest_9,-0.004381275969424436
technology_9,-0.00439280919489593
trader_17,-0.004393160292405929
society_1,-0.0043943731570932785
washington_5,-0.0043959081341272245
service_3,-0.004400572721727692
loss_4,-0.004400699483483428
bank_17,-0.004403838308980057
economy_16,-0.0044111621819155735
ring_17,-0.004422118918110507
justice_18,-0.00442464462127945
return_18,-0.0044264130972673675
garden_4,-0.0044312328437066785
william_18,-0.004436648500854656
social_14,-0.004438796340051976
movie_9,-0.004439720605546271
food_16,-0.004440219197354933
risk_11,-0.004457774135476678
stats_7,-0.004462670799279156
tennessee_1,-0.0044638655786324085
corporation_9,-0.004464473986814399
house_18,-0.004473979822463159
security_9,-0.0044766969124033105
act_8,-0.0044767001926940605
technology_14,-0.004486102250390545
elected_20,-0.004489046410523811
food_15,-0.004491794978819241
county_19,-0.00449293492162175
office_20,-0.004504575919717047
success_4,-0.004504728122843571
health_10,-0.004509252354534521
bank_1,-0.004512007333938861
unemployment_12,-0.004517479408489944
case_20,-0.004523160937018123
earnings_14,-0.004526191192855733
earnings_6,-0.004532030355175664
elected_16,-0.004533338075283666
service_14,-0.004534193205742621
council_7,-0.004535574418694299
ceo_16,-0.004535969823708496
crisis_20,-0.00454415854690553
fun_2,-0.004550178220795842
bubble_3,-0.004559899756392638
present_9,-0.004561496764835216
court_11,-0.0045703144818246555
rich_8,-0.004573201904480406
justice_19,-0.004581946053979613
travel_19,-0.004586230804738367
garden_9,-0.004589467769667688
political_6,-0.004590746113022614
texas_17,-0.004591864855678663
management_11,-0.004592287192349431
trader_15,-0.004596378851834127
project_1,-0.0045976166653656
banking_20,-0.004603175314938435
stock_market_16,-0.0046101141564485635
world_4,-0.004618863700416353
court_16,-0.004619451826950427
county_5,-0.004622081883848472
college_8,-0.004636661731318781
stats_9,-0.004636703482103788
community_9,-0.004643179844399414
founded_18,-0.004643298027492815
industry_16,-0.004646251659091938
technology_16,-0.004656723764754967
technology_4,-0.004658280960485861
management_1,-0.0046641255854786845
service_20,-0.004667355834166042
markets_9,-0.004670120789257615
housing_4,-0.004670344655862335
industry_3,-0.0046764148267603115
council_15,-0.004681261876853138
secretary_6,-0.0046822456986214565
community_11,-0.004690342736680564
return_17,-0.0046959334678919
bonds_8,-0.004700238214483643
ltd_13,-0.0047018847534008755
inc_11,-0.004703189221221394
economic_4,-0.004707569381408039
inc_14,-0.00470773313302506
housing_10,-0.004708049243875112
tennessee_19,-0.004712576051262208
environment_10,-0.004722669129717483
fun_1,-0.004723696304179637
government_9,-0.004723980836902753
profit_10,-0.004724150635816438
inc_12,-0.004724479414359184
members_16,-0.00473247944089854
DOW_JONES_7,-0.004732970941177905
financial_18,-0.0047330552452051755
credit_6,-0.004736062318574663
marketing_18,-0.004737342892215901
law_9,-0.004739247043841233
stats_14,-0.004741803603785
crash_17,-0.004741819258172186
project_10,-0.004759333724288872
kentucky_13,-0.004761232371536872
ceo_20,-0.004764285707655458
return_3,-0.004766308177721413
environment_8,-0.004767335125994343
restaurant_18,-0.00477696217062693
inc_8,-0.004781473234703526
growth_17,-0.004786355857790303
kitchen_6,-0.0047879267193903455
union_15,-0.0047883381378647895
economic_20,-0.004788596736897066
rights_9,-0.004797139902911263
trader_18,-0.004806361889239619
community_1,-0.004810538007408516
market_4,-0.004816315397866022
earnings_20,-0.004817280074894237
governor_11,-0.004822858104240879
law_15,-0.004822913586146393
social_11,-0.004823211939940686
gain_4,-0.004829587647964884
justice_5,-0.004837960701414535
inc_19,-0.004842395864752857
legal_19,-0.004848486736174329
stats_19,-0.004852575911876289
act_11,-0.00485641887076127
william_19,-0.004865048951400763
ceo_5,-0.004865433994527613
minister_14,-0.004868316310810883
war_2,-0.004877741261905611
economics_14,-0.004879225969104483
million_17,-0.004897699892493912
government_17,-0.0049035097941193765
buy_16,-0.0049055959949794396
senate_20,-0.004908598819368515
washington_13,-0.0049196432186092934
federal_10,-0.004921328391588054
ring_15,-0.004921379715243002
gain_18,-0.004926079749986512
stats_20,-0.004927267900705435
industry_20,-0.004927608861165655
financial_7,-0.004927710464201107
ltd_10,-0.004938435870788194
community_7,-0.004940070787330409
district_17,-0.004942809399311532
revenue_1,-0.004943366006754646
arts_1,-0.004946055484436274
house_8,-0.004948709484577018
district_18,-0.0049710982744640255
community_4,-0.004973075194501053
travel_7,-0.004978785530771424
judge_10,-0.004985391846413068
elected_10,-0.004989549433536977
georgia_8,-0.004992058878437944
invest_12,-0.004992198567254791
economy_1,-0.004993211109774243
revenue_4,-0.0049956290914008996
government_18,-0.00500968426329571
carolina_17,-0.005014379613649611
vermont_19,-0.005017185934976487
food_3,-0.005018043386189763
ltd_19,-0.005024318477903078
committee_1,-0.005026920301906168
chance_14,-0.005027200483373395
movie_8,-0.005031930767402715
rich_12,-0.00503606928976672
companies_1,-0.005036446913198889
media_18,-0.005037736507638613
inc_7,-0.005037967094420415
ceo_13,-0.005042529523440598
buy_8,-0.005053819428456041
home_18,-0.005065331947118712
services_3,-0.005071811815468408
business_10,-0.005074107640190295
tennessee_20,-0.005082888298917077
markets_8,-0.005083009053347643
massachusetts_5,-0.005095290489126025
blacklist_12,-0.005098968238296519
global_3,-0.005102129801943888
cancer_11,-0.005112764262598213
debt_20,-0.005114310792344456
conflict_11,-0.005122403747693993
media_20,-0.005132100624974978
bank_19,-0.005135547944432739
stocks_4,-0.0051457041970268905
metals_13,-0.005146799370241451
development_6,-0.005157886838311776
financial_1,-0.0051589632209150475
bank_15,-0.005161243342660882
million_3,-0.005161727265878424
voters_14,-0.005163847156727108
markets_7,-0.005186141281783252
fun_17,-0.00518710511041851
security_10,-0.005197799086336908
government_15,-0.005201814238019043
health_20,-0.005204030965280104
corporation_10,-0.0052042492647779385
judge_16,-0.005211856103104951
DOW_JONES_4,-0.005225413161428038
fun_16,-0.005225952266263723
management_6,-0.005229216884165599
oil_4,-0.00522974356105701
movie_4,-0.0052324738488565
pennsylvania_2,-0.005236279768770747
party_7,-0.005239162330378644
business_11,-0.0052444679924810835
world_1,-0.005245105704108144
media_8,-0.005248231508250778
risk_12,-0.005248764603529299
secretary_7,-0.0052723111036286465
movie_17,-0.005280496381916011
district_19,-0.00528603251166484
business_15,-0.005287110452442434
environment_20,-0.005289530520263641
kitchen_5,-0.005291563397084431
police_1,-0.005296644615656066
war_14,-0.00529762144573478
members_19,-0.005302475493690029
elections_1,-0.00530927550184952
tennessee_5,-0.00530944667118427
texas_19,-0.005313378464362017
products_20,-0.005323354352326515
government_8,-0.005323740056692117
global_17,-0.005325418784658575
politics_1,-0.0053287837095142175
food_9,-0.005335475905392384
religion_8,-0.005335810778572103
case_8,-0.005347686575685584
environment_7,-0.005352798965218142
energy_13,-0.00535502092771456
services_1,-0.005361885352073959
fun_8,-0.005362163846563894
religion_1,-0.005363276082530666
party_12,-0.005375445551319924
services_18,-0.00538713763591141
growth_1,-0.00538799252855271
companies_13,-0.005388887554701216
profit_18,-0.005395392979135205
inc_20,-0.005396544187372299
georgia_18,-0.005400924198096857
portfolio_2,-0.0054020825258192405
market_1,-0.00540392551308908
million_8,-0.005409969246285451
dividend_3,-0.005424626664353882
minister_5,-0.005433709488896854
college_17,-0.005438463475157596
technology_7,-0.00543904589768045
federal_14,-0.005440114253084749
financial_6,-0.0054428570882734785
office_13,-0.0054471689775856145
markets_10,-0.005447736464459463
health_1,-0.005453240730070608
judge_15,-0.005459453571021666
blacklist_14,-0.005462244507993708
return_10,-0.005465136322791731
judge_8,-0.005476209717625036
DOW_JONES_11,-0.005476979557394635
social_12,-0.005478883395786438
pennsylvania_13,-0.005488696935438719
kentucky_4,-0.005488909818027565
inc_5,-0.005491629351903971
union_6,-0.005497066378891713
kitchen_16,-0.005500168494001456
party_9,-0.005505017382221511
economics_7,-0.005511995280177961
environment_16,-0.005514280175628739
million_10,-0.005515040911739355
labor_14,-0.005533919340232396
justice_4,-0.005534064151549023
growth_14,-0.00553715931051153
legal_3,-0.005537189872651149
ceo_7,-0.005540228407826286
technology_17,-0.005546252079331793
finance_3,-0.005553167628709543
media_7,-0.005558055258868188
financial_19,-0.005560176408152362
york_16,-0.005564137317992257
office_19,-0.005567629633132931
blacklist_20,-0.005567862502918386
energy_11,-0.005569159437135563
bank_18,-0.0055710298673335105
rich_13,-0.005575530165820597
DOW_JONES_2,-0.005581016398086658
project_5,-0.005585125690443937
energy_6,-0.005585209731442853
election_2,-0.005585927214091768
law_18,-0.005586481508403596
global_4,-0.005590132690480409
kentucky_20,-0.0056062444253288215
revenue_18,-0.0056092310368981435
profit_1,-0.005613243217874797
social_19,-0.005616866312424395
crisis_4,-0.005625343679686479
house_14,-0.005627777653412336
environment_12,-0.005633897305660218
act_16,-0.005643240156598228
secretary_13,-0.00564829830926381
food_18,-0.005650534386553297
garden_17,-0.005651506503794623
revenue_20,-0.005654721048072497
illinois_10,-0.0056571775006245325
freedom_2,-0.005660143897065706
party_2,-0.0056633533985392505
ring_9,-0.005665474917748004
texas_7,-0.005670016705897884
services_19,-0.005673737387128464
illinois_9,-0.005676236116040156
train_16,-0.005680936857913465
unemployment_10,-0.005683216680568792
management_13,-0.005683966165544896
loss_9,-0.005692155558695821
buy_13,-0.005702914523332403
ltd_20,-0.005703226016052931
arts_16,-0.005704898675555459
rich_7,-0.005707673958516413
food_2,-0.005709793995101542
world_9,-0.005727481388219391
ltd_5,-0.005728456554335048
metals_2,-0.00572898994829516
representatives_16,-0.005729754508419882
stats_2,-0.005731535050591363
loss_5,-0.005733604720505303
investment_6,-0.005733749720371861
county_6,-0.005735093844101935
republican_14,-0.005749022988727948
washington_7,-0.0057502494733193245
elections_17,-0.005756448843835549
success_8,-0.005759434967138421
growth_4,-0.0057620612730637346
project_11,-0.005767686128006977
william_12,-0.005777718176600377
pennsylvania_16,-0.005778073679100615
happy_20,-0.00578149575088025
founded_16,-0.005783503186471295
business_1,-0.005790714233850558
banking_17,-0.005793427796188055
companies_10,-0.005796587493801897
economy_5,-0.005796917617980668
environment_17,-0.005800310605828663
county_12,-0.005802881405874238
illinois_14,-0.005803956433564706
housing_20,-0.005816026816842723
federal_9,-0.005819794025556879
marriage_10,-0.005821261934337918
arts_3,-0.005822916417388813
judge_18,-0.005827387892974855
william_7,-0.005829041881122254
social_13,-0.005829204241774732
revenue_14,-0.005837770092791317
hedge_5,-0.005850063589767407
opportunity_15,-0.005850592404188282
nasdaq_2,-0.0058545881144230535
chance_7,-0.0058555327309979255
hedge_3,-0.005857581834798187
blacklist_18,-0.005864260528528819
illinois_1,-0.005866334311657328
stats_13,-0.005875026507183656
economics_18,-0.005875545499809709
court_1,-0.005878216649477986
management_9,-0.005879931251156068
conflict_20,-0.005880973168415737
loss_6,-0.0058822336257705835
home_20,-0.00589072358105418
kentucky_19,-0.005892093576959167
car_14,-0.005899514409348483
services_17,-0.005912588666363861
firm_16,-0.005915126184614738
legal_15,-0.005922805775591189
dow_jones_15,-0.00592592086771182
stats_3,-0.005927026042187711
trader_20,-0.005935671498016814
william_9,-0.005936094766805744
financial_20,-0.005936746321144226
police_15,-0.005937808460497474
buy_20,-0.005940728608244949
companies_20,-0.0059467373972816205
unemployment_4,-0.0059489611340245215
industry_1,-0.00595048264226139
ring_3,-0.005967750231226865
crisis_6,-0.005968859581217956
seats_18,-0.005970926261683429
credit_17,-0.005971155278056384
marketing_12,-0.005972607633902083
democratic_9,-0.0059790151195288745
minister_12,-0.0059801648461052185
stats_5,-0.005986512808145039
corporation_3,-0.006002626069397232
food_8,-0.006007148473489643
court_17,-0.006009408276295014
union_1,-0.006012950906186166
york_8,-0.006013078444496367
health_19,-0.006023685428128122
crisis_7,-0.00602468378625427
ohio_11,-0.0060272057099915784
stocks_8,-0.006027917829512397
global_8,-0.006032856794282981
portfolio_9,-0.006040942877252808
technology_11,-0.0060456487798563165
management_20,-0.006045686674094797
stock_market_4,-0.006049303992712529
judge_9,-0.0060814919000380385
restaurant_4,-0.006088598039860416
firm_1,-0.006112220373823441
media_19,-0.006113066067494488
illinois_8,-0.006123904239568878
health_3,-0.006130114680557686
oil_8,-0.006138290631595167
court_19,-0.006140262836391597
representatives_13,-0.006141277010098678
garden_10,-0.006153071824841816
market_7,-0.006159057555475611
media_3,-0.006165417715118271
seats_7,-0.006166013589499242
police_14,-0.006167431114700262
movie_10,-0.006172155998489281
security_20,-0.0061787524100658684
virginia_4,-0.006179910111637365
return_20,-0.006181549018035537
loss_1,-0.006198250879341982
companies_11,-0.0061988852529682335
college_10,-0.006210781789844933
environment_19,-0.006233061495941605
products_19,-0.006238302345254953
war_16,-0.006240274199775575
train_3,-0.006244174388052692
kitchen_15,-0.006259598104850661
service_19,-0.006267528575107395
present_13,-0.006267610506609067
crisis_2,-0.006273480069585058
movie_11,-0.0063006868620933965
movie_1,-0.006309722999615186
movie_12,-0.00631971364582371
bubble_11,-0.0063220342132766835
development_19,-0.006333280428625398
energy_9,-0.006337302763157693
earnings_17,-0.0063380459555507866
opportunity_8,-0.006348074152082006
war_9,-0.006356636828946982
global_6,-0.006362924540527471
finance_12,-0.006367080909469381
banking_7,-0.006371133271858587
war_20,-0.0063735443943404805
office_10,-0.006374383932779293
credit_14,-0.006375834964790661
home_19,-0.006377068311491407
members_20,-0.006389897990459903
ceo_6,-0.006393884075601486
york_12,-0.0063956566299877785
profit_20,-0.006398221176701813
ring_8,-0.006408617618565949
arts_14,-0.006410953239340311
dow_jones_10,-0.00641183740458795
profit_4,-0.006414478359390063
kentucky_17,-0.006418521068363603
cancer_12,-0.0064198607641972934
rights_12,-0.006420633071269055
oil_20,-0.006439736802273721
district_10,-0.006453979753722927
crisis_9,-0.006456288041793323
court_20,-0.0064677854979130036
case_12,-0.006471510745791687
party_6,-0.006481109833474918
federal_4,-0.006481147751919059
marketing_14,-0.006483956656522238
office_1,-0.006487281487409157
chance_2,-0.0064917598711533575
opportunity_2,-0.006500039943121383
wisconsin_16,-0.006507759803862867
loss_2,-0.006513833075189224
carolina_8,-0.00651441725674069
dow_jones_14,-0.006520967682690837
federal_5,-0.00652597850881953
election_1,-0.0065270201213318835
train_14,-0.006527541457770636
bonds_6,-0.006529730106434983
water_7,-0.006530069282087947
committee_19,-0.00653222967451299
bubble_20,-0.00653625909081712
texas_12,-0.006541080373555985
opportunity_4,-0.006541704989881514
restaurant_12,-0.00655552754497295
technology_20,-0.006556135621886949
missouri_9,-0.006560111037575966
economics_2,-0.006560494158279817
law_7,-0.006561726041170957
missouri_3,-0.006564421217977401
council_19,-0.006565922318079465
conflict_15,-0.006566533051578283
washington_10,-0.006568446680885453
home_3,-0.0065730284537357745
kitchen_11,-0.006575555368956687
trader_11,-0.006579738128838231
management_17,-0.006584010261140039
health_9,-0.0065867563390028085
bank_14,-0.00659242412317147
credit_13,-0.006593145153201263
house_13,-0.006594005582594997
federal_7,-0.006594516163894571
sell_10,-0.006605260404783109
risk_19,-0.006607690801181798
ring_18,-0.006611757992033196
union_5,-0.006613458373229153
voters_18,-0.006618577602244091
legal_6,-0.006625491843088094
sell_11,-0.006636992909626027
garden_5,-0.006638394276860637
community_12,-0.006644144640293859
founded_2,-0.0066480020337274185
products_1,-0.0066538428693991404
secretary_11,-0.006660862212016605
house_12,-0.006661938593505212
york_2,-0.006664030081483818
finance_19,-0.00666407753759306
services_7,-0.006668238341071486
development_4,-0.006683269267073499
fun_7,-0.006686312509255799
profit_13,-0.0066868079956779345
home_8,-0.0066969104448179936
development_8,-0.006702536151133076
garden_20,-0.006705083660941758
labor_19,-0.006707819836294404
william_1,-0.006718886498267418
legal_1,-0.006732924319352951
missouri_14,-0.006738332377141365
marketing_20,-0.00674723271933757
products_12,-0.0067487508943278925
blacklist_10,-0.006753710232887023
ceo_19,-0.0067549608544671845
court_7,-0.006760143978297361
growth_10,-0.0067614581926843
social_15,-0.00676299391257853
loss_10,-0.006763417268508332
development_11,-0.006767367715794936
minister_11,-0.00676925701409925
kitchen_2,-0.006775799398655446
arts_4,-0.00677594895166358
market_16,-0.006776974715952
york_19,-0.0067773755326516975
cash_8,-0.006792834821814342
inc_9,-0.006795136637639221
sell_16,-0.006807089583274184
portfolio_20,-0.006810344391561962
companies_5,-0.006811691603032544
happy_1,-0.00681996462447274
federal_12,-0.006820696440597662
conflict_6,-0.006844765467510117
restaurant_9,-0.00685018859862101
companies_18,-0.0068659498464173074
stock_market_1,-0.006867637052056175
wisconsin_5,-0.0068712917938931195
marketing_6,-0.00687390644902588
texas_4,-0.0068768000461374434
members_5,-0.0068939844391235905
federal_1,-0.006894042427301428
pennsylvania_17,-0.0068973385949954395
finance_11,-0.006918873633023815
buy_7,-0.006924445947441527
culture_10,-0.006925293327771942
products_13,-0.00694095937908743
buy_3,-0.006945436564532437
movement_11,-0.006945893506707978
home_4,-0.0069547435051767305
fun_20,-0.00696268474454298
committee_10,-0.006970596763671599
movement_12,-0.006987723002575397
security_1,-0.006992892857599875
county_13,-0.007000506848249643
rights_18,-0.007008395722360716
tennessee_12,-0.00701087310345927
law_13,-0.007016733122977259
kitchen_14,-0.0070250094500762025
virginia_13,-0.007032984605072068
train_4,-0.007047061844927915
kitchen_18,-0.007049926958468911
social_9,-0.007053935928914701
fun_15,-0.007058755406363559
development_1,-0.007065768325053412
cancer_8,-0.007071437739154152
seats_11,-0.007073676056930722
credit_19,-0.007084841732767533
services_6,-0.007096576159927581
bonds_14,-0.007096948254548874
bank_10,-0.007100024006716809
virginia_5,-0.007100657956777523
ring_20,-0.007100729978195686
finance_20,-0.0071048390948318385
washington_17,-0.007116234371480212
missouri_5,-0.007119380281918853
risk_20,-0.0071201840557686856
rich_15,-0.00713548868639311
office_4,-0.007137659426595966
movie_20,-0.007146104369855033
district_3,-0.007148628719130912
industry_19,-0.007150839221121119
social_6,-0.007159086282640748
return_11,-0.007162865294162657
inc_18,-0.007171716759888725
rights_3,-0.00718353038285795
chance_6,-0.007184477521386045
culture_13,-0.007194640454552359
security_12,-0.007203780469903331
illinois_13,-0.007220631254685595
ring_7,-0.0072307091376807575
service_9,-0.007236899467265734
fun_19,-0.00724123643064698
act_9,-0.0072459495239983965
committee_9,-0.007254050958088509
secretary_2,-0.007259020635236357
security_6,-0.007262195739206523
gain_16,-0.007267628480856758
justice_2,-0.007269826848281036
credit_9,-0.007272110114731412
bank_9,-0.007278593794477262
movement_9,-0.007280050623165435
energy_19,-0.007283510402856175
marketing_19,-0.007290106082248471
service_13,-0.007307389205320147
community_6,-0.007316868600943649
political_3,-0.007325336594192522
union_18,-0.007328080114062163
gain_14,-0.007330002551077764
blacklist_11,-0.007341492988694731
society_18,-0.007344583086997947
banking_1,-0.007349129336380544
office_9,-0.007356477082319346
college_5,-0.007357168755300192
movie_18,-0.0073574427619145675
war_7,-0.007365431373947717
politics_10,-0.007370316335889937
marriage_8,-0.007387938979199182
energy_18,-0.0073882477115000175
car_19,-0.0073883142679803
legal_5,-0.0073931465252784715
sell_2,-0.007393195084364801
bonds_7,-0.00740031627072788
money_6,-0.007400333372755785
committee_11,-0.00740772053348957
bubble_18,-0.007407726810408089
freedom_16,-0.007408616390040068
corporation_1,-0.007409292181494531
water_2,-0.007414430469148225
case_1,-0.007414564102682109
economy_3,-0.007420494026599345
fine_9,-0.007422620586924467
investment_2,-0.007429223176579502
movie_19,-0.0074391063892386144
companies_7,-0.007446400511644358
kentucky_5,-0.007463291334830013
financial_3,-0.007467537832361759
bank_6,-0.007472699102794289
district_1,-0.007485574655569182
federal_6,-0.007489347449481843
rights_16,-0.007501468827223157
inc_10,-0.007512049280368971
market_10,-0.007512626226323071
dow_jones_20,-0.007515813358459233
social_10,-0.00752012354327658
products_16,-0.007522061708732241
gain_1,-0.0075332034370430455
office_17,-0.007534214710661291
william_2,-0.007543046423561184
development_5,-0.007583286421374513
development_18,-0.00759956319022137
trader_5,-0.007614011115820251
marriage_2,-0.007616273412714048
founded_8,-0.0076241658640928914
government_16,-0.007627025154780842
credit_16,-0.007629980070142328
economic_6,-0.007630895410992045
marketing_1,-0.007632353657866675
housing_13,-0.007642218406717682
restaurant_14,-0.007644275120063026
massachusetts_20,-0.00765226985244769
business_12,-0.007671041411291557
media_11,-0.007674921668346313
republican_10,-0.007680031351932071
marketing_17,-0.0076842277775536205
financial_10,-0.007690210016550814
profit_3,-0.0077003590747154686
crash_7,-0.007704385563520555
present_17,-0.007715622673303457
return_6,-0.007716362434289437
restaurant_6,-0.007717203420219554
dow_jones_19,-0.0077172646529251486
happy_7,-0.007732534118085099
dow_jones_18,-0.007753655094498458
legal_4,-0.007756548011988995
gold_16,-0.0077572495684753665
profit_14,-0.007760853487678299
cash_18,-0.0077627637664331225
trader_12,-0.007776877222686118
restaurant_11,-0.007777857904937613
movie_6,-0.007784848665219268
environment_14,-0.0077950951328003
earnings_8,-0.00779986124740315
william_8,-0.007802591995687358
labor_13,-0.007802907086868993
social_1,-0.0078055209987806465
federal_18,-0.007810883399750268
ceo_12,-0.007811941220312946
massachusetts_19,-0.007815543948136239
members_17,-0.007816601629299869
banking_5,-0.007826908358067253
ceo_18,-0.007828186551203098
county_20,-0.007833684511978922
train_5,-0.007858255826561323
york_10,-0.007862441254071317
political_13,-0.007867386860055014
unemployment_20,-0.007868376175829406
money_15,-0.007872621061475304
blacklist_17,-0.007874807627628844
return_13,-0.007875560485972178
sell_18,-0.007885859847391142
fine_13,-0.007901203955160429
conflict_18,-0.00790344966312706
global_20,-0.007907690474342432
texas_11,-0.007913039319683013
economic_19,-0.007917242283500815
massachusetts_1,-0.007927164535351028
management_3,-0.00792838849841968
business_3,-0.007928597681861516
products_15,-0.007930759736988646
society_3,-0.00793948548034935
food_10,-0.007939892851249408
president_13,-0.007963754646054389
william_17,-0.00796901722401655
council_3,-0.007978201339406476
metals_3,-0.007982191082516233
service_6,-0.00798400479210215
security_2,-0.007987012053660036
president_9,-0.007999306855092713
cash_16,-0.008014138613318433
case_11,-0.00801566941571441
corporation_19,-0.008018316509671464
business_20,-0.008033927114699834
crash_3,-0.00803597097469413
water_3,-0.00804074629736189
cash_5,-0.008046867065041607
environment_15,-0.008051141497780589
default_14,-0.008054822198418955
committee_8,-0.008060051854077677
ohio_17,-0.008062515342776777
blacklist_9,-0.008062761683909802
services_20,-0.00806400123767632
stocks_5,-0.008068507966052341
inc_6,-0.008076839679361214
missouri_2,-0.008080216623176529
college_15,-0.008080397865678424
council_12,-0.008081674987841181
security_15,-0.008083960854103855
georgia_7,-0.00808533468545547
media_9,-0.008086650873986457
york_11,-0.008092382511431805
food_4,-0.008094693191573233
law_5,-0.008104703029997795
credit_18,-0.008112244389699552
william_6,-0.008113567727977288
services_12,-0.008116358006210734
committee_18,-0.008118493852034381
revenue_13,-0.008154359220146956
massachusetts_12,-0.00816591462989622
finance_14,-0.008165963792075858
earnings_4,-0.008169160965976863
crash_14,-0.00817391402601877
return_4,-0.008182257054809062
dow_jones_2,-0.008185233315930907
freedom_7,-0.008191033136648507
management_12,-0.008201616545680657
development_20,-0.008205831940259412
gain_2,-0.008205973203511529
markets_20,-0.008206164426737939
college_18,-0.00820861671507458
crash_18,-0.008231340029196321
house_6,-0.00823943476819684
society_19,-0.008239565062677156
invest_8,-0.008250439060181103
crash_20,-0.008260736982909855
police_12,-0.008260748789616601
debt_3,-0.008274712605843204
service_1,-0.00828885027572046
risk_3,-0.008289762815212454
services_13,-0.00830083727756945
justice_3,-0.008310567256293155
industry_18,-0.008314544743678898
oil_13,-0.008325414790150365
stocks_2,-0.008331418628972954
union_12,-0.008341613271465698
college_20,-0.008344526943215701
house_11,-0.008345436038570497
county_3,-0.008354049651389995
DOW_JONES_12,-0.008356140070319484
energy_20,-0.008356556557665451
garden_19,-0.008365616384261676
stock_market_15,-0.008373596933980076
restaurant_19,-0.00837767457895482
stats_11,-0.008379968373704694
legal_7,-0.0083829811057464
marketing_7,-0.008398610340155276
stock_market_11,-0.008414286876456756
william_13,-0.008415194238062317
law_1,-0.00841646826465654
blacklist_7,-0.008422402687532582
revenue_6,-0.008430016816846585
elected_5,-0.00843794819265704
rich_14,-0.00844222336502587
return_15,-0.008448926519854428
politics_6,-0.008451171058096785
rights_19,-0.008456634177463807
judge_19,-0.00846037738078067
environment_11,-0.008462305165859352
founded_14,-0.008465738682428503
fun_14,-0.008471317141519497
carolina_9,-0.008472498781271941
pennsylvania_20,-0.008487946352642961
cancer_6,-0.00849124585994152
cancer_20,-0.008496918027557454
kitchen_3,-0.008501892744065653
community_13,-0.008508868623884757
virginia_3,-0.008515531034277579
profit_7,-0.008522078101548768
restaurant_20,-0.008528041716391677
earnings_5,-0.0085363086841449
economic_13,-0.00854300186848862
secretary_5,-0.008545249007034928
seats_8,-0.008549530305712972
stocks_6,-0.008551076995339435
fed_5,-0.008562030784011632
law_20,-0.008562326687518173
crash_12,-0.008574278161459193
economics_9,-0.00857740500106372
companies_19,-0.00857859360507729
conflict_14,-0.008590236633683324
council_9,-0.008597832470979404
sell_7,-0.008602343705265202
founded_4,-0.008605234398003448
committee_4,-0.008617233401628833
college_14,-0.008620318092414658
court_5,-0.00862241072850265
community_19,-0.008644566936983723
happy_19,-0.008648140473731747
government_19,-0.008660427176031039
texas_9,-0.008672860132035831
legal_20,-0.008674297924891428
money_7,-0.008679690108394445
fed_11,-0.008698101056533347
ohio_8,-0.008705265686278585
growth_5,-0.00871432243214849
conflict_19,-0.008732666446322136
kitchen_9,-0.008732822013376685
arts_9,-0.008753816087236244
district_5,-0.008770156750100445
district_6,-0.008774746276243773
election_5,-0.008784267425573278
happy_18,-0.008790409640276975
bonds_1,-0.00880576181995225
cancer_7,-0.008815200667569734
products_5,-0.008815680227269996
unemployment_9,-0.008820119627203814
debt_7,-0.008825081511544375
stats_1,-0.008835011601291253
office_6,-0.008837031354321123
health_13,-0.008840249136666877
investment_12,-0.008852894886402484
district_20,-0.008872354034754882
william_3,-0.00887698208262464
technology_5,-0.00887768471860284
ltd_12,-0.008877723511953973
global_12,-0.008901462161715478
financial_12,-0.008904950686011959
minister_18,-0.008935117016893469
corporation_6,-0.008940257454905587
business_19,-0.008946007339094253
unemployment_15,-0.008946974266696595
restaurant_13,-0.008953267332545756
freedom_17,-0.008961266554170844
housing_11,-0.008987557862992546
college_3,-0.00899761701389079
cancer_18,-0.009007160107547185
water_9,-0.009014476661783122
union_19,-0.009024251383080762
chance_20,-0.009025787406459785
opportunity_9,-0.00903172680295814
arts_17,-0.009033654346458132
court_9,-0.009042911319241332
technology_6,-0.00904500176371541
committee_12,-0.009061095857395719
members_10,-0.00906704228941375
texas_3,-0.009085684808707306
ring_2,-0.00910795354909839
opportunity_20,-0.009115987332013353
political_10,-0.00913418745835064
energy_4,-0.009139106983795409
missouri_17,-0.009158398586040662
housing_16,-0.009174651851620075
trader_8,-0.009194929953639398
global_14,-0.009199439010577026
movie_3,-0.009220899764976975
bubble_12,-0.00923155466162997
cancer_10,-0.009235723067801049
arts_18,-0.009246591424159756
elections_14,-0.00924981106580034
governor_12,-0.009259862662409812
buy_2,-0.009269620645245901
business_13,-0.009270890875734118
rights_17,-0.009271594128989969
tennessee_6,-0.009272001391868257
blacklist_5,-0.009273125432306984
court_18,-0.009289453843727324
court_13,-0.009298155760311743
restaurant_1,-0.009320505127627787
economics_1,-0.009321096519043514
development_14,-0.009328076242422911
rights_4,-0.009352485384343856
case_14,-0.009381369222957004
fed_10,-0.009383391868931935
stocks_3,-0.009385939713311165
buy_18,-0.00938800201803438
kitchen_1,-0.009397950965126679
office_12,-0.009424965546281094
bubble_17,-0.009434309638261907
cash_17,-0.009438836696286979
ohio_9,-0.009442781013598588
stats_6,-0.00944922985809533
economics_15,-0.009454870537774784
car_5,-0.009464119887937873
politics_15,-0.009464405235252849
movie_13,-0.009487005815564987
revenue_12,-0.009492659604466458
lifestyle_8,-0.00949289273082079
economics_20,-0.009493986075602789
society_17,-0.009498380951827267
legal_2,-0.009505844962197885
minister_3,-0.009522642605563125
community_5,-0.009547076727448566
representatives_17,-0.009547940823509604
party_13,-0.009555951848751576
founded_7,-0.009556646207273723
project_20,-0.009559731852784891
fine_10,-0.009565897497433262
housing_1,-0.009573689151972098
religion_14,-0.009581981772516391
water_18,-0.009589057761438946
buy_19,-0.009626537524711275
court_12,-0.009638342802670397
earnings_16,-0.009640567646064514
seats_4,-0.009644759680140048
growth_2,-0.009645525815173505
federal_19,-0.009663498501841828
world_16,-0.009680677003813943
texas_20,-0.009680873033762838
health_12,-0.009727035119295402
missouri_1,-0.009755815312682903
act_4,-0.009760482750323086
inc_13,-0.009774195029828903
rights_1,-0.009779727690531103
portfolio_8,-0.009787238351106509
earnings_13,-0.009791067979887247
cancer_3,-0.009795477314651224
security_4,-0.009803348032538572
political_20,-0.009803686333848094
food_19,-0.009807684484367507
metals_18,-0.009812394959352443
oil_6,-0.009813773087306998
economic_7,-0.009819042867938643
georgia_9,-0.009848810852067546
freedom_11,-0.009854609755628463
virginia_17,-0.009862568846087738
county_1,-0.009869845572265713
inc_3,-0.009892089780768032
train_13,-0.009894766243612674
police_18,-0.009922728109865563
debt_16,-0.00993534519250081
metals_8,-0.009940033650084668
investment_11,-0.009944121122564686
economics_12,-0.009961888072073632
financial_17,-0.009972364480200113
companies_6,-0.00997416335362442
court_6,-0.009982243962391136
train_6,-0.009985120854397778
government_20,-0.00998617231459058
crisis_1,-0.010000573803354174
conflict_16,-0.010011402902504463
DOW_JONES_8,-0.010019803785020764
culture_7,-0.010030261651872796
market_12,-0.010032987693566331
law_3,-0.010038491636755876
secretary_14,-0.01004253054249169
money_10,-0.01007849754707082
return_19,-0.01008585438052334
economic_11,-0.010111353269417122
DOW_JONES_16,-0.010112004268195385
justice_15,-0.010133471382086557
market_15,-0.010140533499723903
texas_8,-0.010146236816641374
health_6,-0.010149921756846902
earnings_19,-0.010151910416302767
conflict_4,-0.010162773788821734
holiday_14,-0.010195673733291843
case_10,-0.01019832668302505
world_17,-0.010201834498023966
texas_14,-0.010233282490613439
case_4,-0.010244370934153757
industry_6,-0.010245827581336986
business_7,-0.010270778915297596
senate_11,-0.010276894863999853
kitchen_10,-0.010297012397071748
college_1,-0.010311443317244628
success_20,-0.010322583073765369
secretary_8,-0.010325367459258139
media_14,-0.010327593924218958
development_10,-0.010354105667468217
virginia_12,-0.010356785053001371
food_6,-0.010371751210895796
car_1,-0.010385047663901536
metals_1,-0.010385433408171173
movement_4,-0.010402889945386162
oil_1,-0.01040502096223681
bonds_4,-0.010424456815877137
office_5,-0.010432406792121762
growth_8,-0.01043454002735098
environment_6,-0.010438377015964728
money_9,-0.010438986985050813
act_6,-0.010444239283769363
society_20,-0.010458873075449904
tennessee_9,-0.010462873830621389
kentucky_15,-0.010485466061834958
train_18,-0.010495595922977153
finance_6,-0.01049567016528652
fed_19,-0.010506521111849843
housing_12,-0.010517253301568741
buy_15,-0.010530142825563327
republican_8,-0.010530718248821213
secretary_16,-0.010545277855048819
carolina_1,-0.010547478858048364
world_10,-0.01055665461246542
hedge_19,-0.01056313603096437
products_11,-0.010595111778872512
industry_13,-0.010597363245995629
kitchen_8,-0.010632259114269415
college_13,-0.010637051157309507
housing_19,-0.010641702354350135
stocks_9,-0.010644726372229529
debt_10,-0.010660282111262288
stock_market_17,-0.010667987003084512
stock_market_19,-0.010676318077806845
home_7,-0.010684747364544389
chance_4,-0.010686024438646635
housing_3,-0.010709150504504095
garden_14,-0.010725246820229772
credit_10,-0.010728068731048169
color_13,-0.010734245392356989
movement_16,-0.010734711215036797
cash_15,-0.010738415793473566
republican_17,-0.010753000890456254
william_11,-0.010756926005093481
food_12,-0.010759393043974285
corporation_5,-0.010764855717396427
members_15,-0.010767499945640125
council_20,-0.010796726966588732
global_1,-0.010841451116233514
illinois_20,-0.010841838090121713
labor_15,-0.010844228358485086
food_11,-0.010859485208509457
seats_16,-0.010860406190575888
carolina_14,-0.010861511679624725
fun_13,-0.010874061945913093
carolina_11,-0.01090283277544779
hedge_20,-0.010912411153725054
global_15,-0.010927128787320939
economic_17,-0.010952857602767808
political_9,-0.010963177240227351
cancer_19,-0.010963274884845876
water_20,-0.010968613922049042
house_19,-0.01097403551214673
rights_2,-0.010979597963345689
war_12,-0.010997004507703533
products_7,-0.01099971560330415
business_6,-0.011019315701683996
investment_4,-0.011066773030598397
war_19,-0.01106748828991384
cancer_16,-0.011074610616506941
war_8,-0.011091091023618427
labor_17,-0.011099394969051879
markets_13,-0.011103526806967445
trader_19,-0.011117451701617353
profit_9,-0.011137888094077609
buy_1,-0.011143942867121327
labor_20,-0.01115293178145349
culture_3,-0.011172417787963785
development_13,-0.01119084097750329
fun_12,-0.011191519376129212
present_1,-0.011195900649157587
travel_18,-0.011210744713886634
house_9,-0.011215512084031643
present_20,-0.01122488481193198
ohio_10,-0.011227974064177571
project_15,-0.011237330944126423
travel_9,-0.011247618002756043
portfolio_1,-0.01124961663025792
energy_3,-0.01126396799983107
success_1,-0.011265043040229572
loss_7,-0.011288273695653661
financial_5,-0.01129030280624257
committee_3,-0.011292289544838408
union_7,-0.011334876459164579
ring_13,-0.011337709264855268
party_11,-0.011366754496447928
restaurant_5,-0.011371513164068725
revenue_5,-0.011382321801148976
chance_11,-0.01138908568377257
return_1,-0.0114099802599118
companies_2,-0.011412241579754312
present_12,-0.011437049439451475
train_8,-0.011471417765749758
lifestyle_16,-0.011475940776763904
ltd_6,-0.011479545568490379
movement_18,-0.011518729218521906
blacklist_19,-0.011521660927475464
cash_19,-0.011522815577447564
judge_17,-0.0115297523547925
finance_9,-0.011537770522721735
portfolio_19,-0.011538396087937563
market_6,-0.011544357040344243
train_7,-0.011561530233686824
arts_8,-0.01156718196202251
conflict_1,-0.01158422577039846
dividend_5,-0.011587184838451049
service_5,-0.011598253670107316
metals_17,-0.011600765051197648
illinois_5,-0.011631715428406441
georgia_20,-0.011653399425715482
society_12,-0.011677622948111699
virginia_15,-0.01167940116915156
economic_9,-0.011680862345835008
kentucky_18,-0.011699595759462066
conflict_10,-0.011709914744610273
tennessee_10,-0.011716882980228415
economic_2,-0.011740396310863165
secretary_17,-0.011756419054065414
travel_12,-0.011776168468884563
present_4,-0.011782977793324222
market_14,-0.01178348918095613
car_11,-0.011784697811550494
banking_4,-0.011788802973148816
blacklist_16,-0.011801162107934627
college_9,-0.011825964521195397
money_13,-0.011846931898894941
party_1,-0.011858184888344735
government_4,-0.01186387170562544
freedom_19,-0.011867072425521962
gold_2,-0.011874043964324964
crash_4,-0.01188872171964741
media_6,-0.011891233006243552
elections_2,-0.011896538017664859
missouri_6,-0.011935377600788754
services_5,-0.011942852038467433
energy_12,-0.011949423741369735
garden_2,-0.011955700130000468
project_6,-0.011967399579827264
banking_13,-0.011967542611594429
party_5,-0.011989242790187381
success_19,-0.011991250672600096
returns_20,-0.012002234688289093
garden_8,-0.012018185147914773
risk_18,-0.012083367476756734
environment_4,-0.012112119009277177
social_5,-0.012116772628968975
technology_13,-0.012130343973262337
growth_11,-0.012135064078977732
religion_16,-0.012144226103334922
bank_7,-0.012173985421840072
profit_15,-0.012186266908733655
county_7,-0.012191038891885353
bubble_2,-0.012198744066451495
stock_market_7,-0.012217253788914317
crash_10,-0.01222623751557752
food_20,-0.012231165030401536
chance_13,-0.01223906981642564
risk_10,-0.012239740691927547
default_20,-0.012240926002994446
police_5,-0.012246066927733178
project_14,-0.012274471119057462
police_11,-0.012276687704262601
ring_5,-0.01229169484747068
money_14,-0.012315805964937532
kentucky_6,-0.012325444778632334
energy_10,-0.012333689409023841
stock_market_18,-0.012337550581304724
tennessee_18,-0.012345607355220879
elected_1,-0.012345841545956127
food_17,-0.012359476155562321
virginia_7,-0.012371134388359972
nasdaq_4,-0.012393261842937741
missouri_18,-0.012421629637532194
home_11,-0.012422223849989655
fed_2,-0.012433765425644871
marketing_2,-0.012476406286061259
industry_2,-0.012479411464780288
products_6,-0.012486086170829159
founded_17,-0.012488822524119092
war_11,-0.012493298366554528
secretary_4,-0.012502979769589828
housing_2,-0.012507158907810378
sell_15,-0.01251869746493819
car_10,-0.012522622250019166
virginia_16,-0.012533077533506942
cash_3,-0.012533518498378405
vermont_7,-0.012560853085907509
union_20,-0.012577667201400456
unemployment_11,-0.01262196671798126
companies_12,-0.012642530766834881
global_10,-0.012648810523735454
kitchen_4,-0.01265551371027913
members_2,-0.012670586114893578
political_5,-0.012679569692173254
market_20,-0.012689014242426789
governor_7,-0.012703728631067923
governor_17,-0.01270929091591746
tennessee_4,-0.0127189743845753
elected_6,-0.012720519465167456
market_13,-0.012732650413042968
stocks_1,-0.012760792318416847
returns_12,-0.012797321147448425
judge_12,-0.012814424596707008
stock_market_13,-0.012825866634286953
cancer_15,-0.012831957358128854
train_1,-0.012832671648885064
social_2,-0.012845873854531443
hedge_14,-0.01284867880492937
growth_3,-0.012871543496253145
blacklist_3,-0.01288743010802471
happy_5,-0.012894501639614097
massachusetts_17,-0.01289768502756512
buy_5,-0.01290710944038711
environment_1,-0.012931761950771925
finance_7,-0.012932894506931292
holiday_11,-0.01294703464514857
republican_19,-0.012970288940271368
trader_2,-0.012971738603866379
revenue_7,-0.012978504763182408
million_19,-0.013001821179214713
war_3,-0.013037994300322441
movement_15,-0.013041171082379144
home_12,-0.013045353428569805
global_2,-0.013068040177654972
opportunity_10,-0.013091605573069941
management_7,-0.013095442998569396
trader_7,-0.01309763544573952
cancer_4,-0.013100144844536876
society_8,-0.013102687367771138
york_5,-0.01310753677620662
members_1,-0.013115031232975083
firm_17,-0.013127406905714656
holiday_18,-0.013138077551684035
corporation_11,-0.013144173244610391
governor_6,-0.013168260249428987
bubble_5,-0.01317568939166427
political_7,-0.01320731900416392
democratic_19,-0.013217969481411851
council_14,-0.013241452899708328
carolina_6,-0.013244837296722678
travel_15,-0.013257780847512302
dow_jones_7,-0.013271574463519852
ceo_2,-0.013314325591880482
home_10,-0.013325796481706842
elections_11,-0.01333116427378005
arts_5,-0.013339093510303424
train_9,-0.013340255154107838
banking_12,-0.013346147806280628
legal_16,-0.013358377051961367
travel_14,-0.013363775499754005
returns_2,-0.013375825285856503
firm_20,-0.013391065587313821
DOW_JONES_13,-0.013411380253794559
york_9,-0.013412350846873599
representatives_10,-0.013417524946234938
management_5,-0.013437976827211772
washington_11,-0.013441742062504102
religion_3,-0.013451002796665534
success_16,-0.013483041027529818
justice_16,-0.013483548451744553
minister_1,-0.013492695097942108
cancer_2,-0.013498086850482172
cash_12,-0.013550797507300327
global_19,-0.013564255595143316
opportunity_18,-0.01357306526245421
governor_14,-0.013601470516328207
kitchen_13,-0.013606001537318524
arts_12,-0.013626863834589109
earnings_10,-0.013645408684486337
government_1,-0.013667180663666744
rich_4,-0.013667685018077469
oil_7,-0.013669164289975933
credit_7,-0.013671858603304953
fed_6,-0.01367500026216244
service_12,-0.013684095824447452
politics_2,-0.013722440600585983
risk_15,-0.01374133464160634
arts_13,-0.013782325716323074
corporation_20,-0.013802667617225439
buy_12,-0.013803624889582023
travel_10,-0.0138191805281902
ltd_9,-0.013822840545758951
metals_12,-0.01382702530495783
politics_19,-0.013842880675475278
government_13,-0.013851770472946745
million_4,-0.013856364632535877
act_2,-0.01386754969026056
georgia_10,-0.013876936864301937
marketing_4,-0.01388881529846937
world_20,-0.013894118259198552
sell_8,-0.013898083132666671
opportunity_5,-0.013901668268943856
returns_4,-0.013926548428987084
metals_16,-0.013939831915804035
opportunity_6,-0.013942921248892159
members_8,-0.013971270924242708
trader_14,-0.014030755585378474
kentucky_10,-0.014078607157597723
happy_15,-0.014083352044165155
buy_4,-0.014098098600419329
economics_19,-0.01410340021880172
kentucky_16,-0.014114505512318099
economy_19,-0.014131744641231814
virginia_19,-0.014132289723749736
money_8,-0.014139087681838646
banking_6,-0.01414525810428573
growth_16,-0.014172649059747045
project_4,-0.014177273653492107
dividend_4,-0.01418242345937597
trader_9,-0.014188765657107383
illinois_17,-0.014190797223808716
dow_jones_9,-0.01419667879341877
voters_7,-0.014212810072804949
conflict_9,-0.014223481048258857
york_6,-0.014225011328245874
fine_6,-0.014238966989437695
markets_15,-0.014262734055802917
lifestyle_17,-0.014313963644897143
inc_2,-0.014314201451815056
color_4,-0.014331184441200805
finance_18,-0.014343428139314263
water_5,-0.014356675198750325
representatives_5,-0.014359459598387091
marketing_5,-0.014362784535714091
DOW_JONES_17,-0.014368672125485338
economics_6,-0.014373521096298192
arts_15,-0.014376031097812358
returns_3,-0.014381414702435435
conflict_17,-0.014399891947912757
tennessee_14,-0.01440275172408223
car_15,-0.01440290964743951
kitchen_19,-0.014424436612088875
inc_17,-0.014489665425926468
ltd_7,-0.01450219382973592
health_5,-0.01450514448239193
metals_15,-0.014514325563587005
members_7,-0.014558108627832533
movie_7,-0.014574347429019596
office_7,-0.014583079396702291
pennsylvania_4,-0.014600606809153005
bonds_13,-0.01463561772127866
cancer_9,-0.01463808275224716
massachusetts_10,-0.014649437258676446
earnings_18,-0.014658521237025868
secretary_1,-0.014674666500211231
firm_15,-0.01468163894783352
fed_20,-0.0147523882299903
william_20,-0.014758075349862444
industry_7,-0.014765677521382248
return_8,-0.014829445507676463
development_7,-0.014854902283452676
markets_17,-0.0148620926568916
republican_13,-0.014869890202248515
movie_5,-0.014888847806036876
dividend_8,-0.014890248870697408
housing_17,-0.01490950964796669
act_1,-0.014924928501476553
georgia_12,-0.014986454752031354
happy_14,-0.015005477246643384
markets_19,-0.015023635788026724
money_1,-0.015049220246707495
freedom_9,-0.015051959092558386
ohio_7,-0.015067348027691895
color_11,-0.015115958894902115
unemployment_17,-0.01511781918689432
markets_11,-0.015120520462261311
carolina_2,-0.015129622867030701
governor_18,-0.015138657740869598
firm_18,-0.015145559498017125
fed_15,-0.015202372802045106
buy_14,-0.015205176889681394
virginia_18,-0.01520813615046528
college_4,-0.015215222646330285
markets_2,-0.015227127852901878
health_7,-0.015277163847004237
inflation_3,-0.01527896648513991
voters_8,-0.015283571541410445
happy_16,-0.015283601662169155
dow_jones_17,-0.015289321065530404
bank_5,-0.015303764784830398
million_7,-0.015321489439345725
dividend_12,-0.015330206904487253
act_20,-0.015330968656148225
stocks_14,-0.01534316683861663
oil_5,-0.015349330127003435
york_20,-0.015376508142721868
union_2,-0.015440844248724295
technology_1,-0.015442942404213933
global_9,-0.01545042378859498
stocks_18,-0.015470238266319747
media_5,-0.015537394450477393
georgia_6,-0.015557858117932578
stats_17,-0.015561531167640984
carolina_10,-0.015563490627308506
act_18,-0.015603883716565426
ceo_9,-0.015608664963357822
movement_1,-0.0156257860608211
water_10,-0.015628627634716973
cash_4,-0.015633676431018494
global_5,-0.015670103543385005
opportunity_19,-0.015674249483275827
project_12,-0.015692546833944877
culture_18,-0.01570473830518331
banking_8,-0.01573555283115897
stocks_11,-0.015746571549907308
party_17,-0.01575686307043973
fed_1,-0.01578239687266856
crash_11,-0.015788235637162494
washington_3,-0.01579349640371719
culture_2,-0.015811512650126546
movement_2,-0.015830722557825784
opportunity_1,-0.01591167334974917
party_19,-0.015927279116544013
housing_14,-0.0159399290715887
portfolio_7,-0.015969054358663314
founded_1,-0.015984419247247184
culture_8,-0.015992424472649525
service_7,-0.01601013339910453
cash_20,-0.016022281941470883
bonds_15,-0.016092122728243473
bank_12,-0.016103245513148724
media_2,-0.01612900031965179
home_1,-0.016161366010703504
trader_10,-0.016164613907416237
growth_7,-0.01620897453740473
economy_2,-0.016236561885339174
georgia_19,-0.0162861235573593
loss_17,-0.016305355785734266
holiday_5,-0.016371477093548758
hedge_18,-0.01640905519406588
present_5,-0.016437100937829553
case_7,-0.016459070922463792
gain_19,-0.016479585867822368
debt_18,-0.016482035701083263
representatives_20,-0.016517595220451486
economy_15,-0.016552461032322684
secretary_18,-0.016590053817928017
minister_6,-0.01660843422441678
debt_17,-0.01662354763273142
community_2,-0.016657169737913313
minister_9,-0.016659170401913826
founded_12,-0.016679296321811865
investment_3,-0.016682002887044866
culture_11,-0.016687031160052858
rights_6,-0.016733140155380632
revenue_9,-0.01675825440525478
stock_market_20,-0.01676421052013266
returns_6,-0.01677190014782539
trader_3,-0.016783832786787835
loss_19,-0.01679077752988658
bubble_13,-0.016804680227031143
police_2,-0.016806518240786272
unemployment_7,-0.016827913409679575
elections_5,-0.01684848498693319
DOW_JONES_19,-0.016920462286710423
growth_6,-0.016925971697889276
party_18,-0.0169278895322049
social_7,-0.016953781550687184
carolina_5,-0.0169633479975962
business_5,-0.01703659910066955
nasdaq_3,-0.01706026794341491
rich_17,-0.017071556250368335
water_4,-0.017089451698068924
missouri_12,-0.017093270156591032
money_17,-0.01710282353538837
environment_9,-0.017110905389840104
technology_2,-0.017130289515367304
culture_14,-0.017163363731328075
committee_14,-0.01718615296220598
minister_10,-0.017216587611507572
seats_20,-0.017238835832294887
carolina_3,-0.01724242827308531
markets_14,-0.01726179540801247
college_19,-0.01727884086953042
oil_12,-0.017310398587141652
project_13,-0.017386002539868328
religion_13,-0.017416074682203186
politics_17,-0.017437434277204365
present_14,-0.017486195080177923
food_7,-0.017503233958115837
democratic_17,-0.017508169400477613
growth_19,-0.01751392880324585
ring_6,-0.017573195291800146
chance_19,-0.01758767246835389
ohio_14,-0.017622476386315866
media_10,-0.017623189958536158
elections_13,-0.017624834115451772
DOW_JONES_18,-0.01764330633150122
buy_10,-0.01770776404476937
investment_15,-0.017722572290821016
police_19,-0.017732468628330954
car_12,-0.017770480538125265
portfolio_14,-0.017785527140271196
carolina_15,-0.017798599092590982
district_7,-0.017835910137562715
opportunity_11,-0.017841503961700055
corporation_7,-0.017850377481804004
fine_5,-0.01785595623932612
garden_7,-0.017871467370921247
unemployment_16,-0.017887497851906152
stock_market_3,-0.017896862732329134
judge_11,-0.01790843949970693
security_5,-0.017916483846395725
million_16,-0.017931670020094326
washington_2,-0.017945456234663437
virginia_1,-0.017954905244286824
credit_5,-0.01799391951303424
culture_19,-0.01802261001772636
members_4,-0.018041551714896364
risk_14,-0.01804440356650794
housing_7,-0.01804442543861131
fine_17,-0.01808363674448419
college_6,-0.018087519488589554
dividend_9,-0.0181067866513406
food_13,-0.018154002873631336
stats_4,-0.018154086737784913
metals_5,-0.018241337367183162
police_7,-0.01826496621906428
seats_6,-0.018316078221272392
global_7,-0.018366471594765475
college_16,-0.018403247405958133
republican_2,-0.018449746738483853
society_7,-0.01845152259232772
unemployment_5,-0.01849558157013902
holiday_2,-0.018551756229719985
blacklist_8,-0.0185594421521732
religion_20,-0.018565864110666075
oil_14,-0.018574670518302396
profit_19,-0.01861225666440345
firm_14,-0.01861993146053693
society_13,-0.01862685078077515
chance_16,-0.018662747039232652
political_8,-0.01868253211951596
movie_2,-0.018704006532601646
money_3,-0.018708362891134644
stats_16,-0.01882328389903698
return_2,-0.018869674382805957
oil_18,-0.018933553453508868
economy_11,-0.018936208969023392
profit_16,-0.018950105049534406
federal_2,-0.018954790501428585
society_2,-0.018966306774154784
law_2,-0.018979868831624946
act_5,-0.018994987447373733
investment_20,-0.01902956380055478
water_6,-0.01903029531077689
industry_17,-0.019101994641299268
rights_14,-0.01912944135795578
million_6,-0.019154895356787917
culture_1,-0.01916315130896502
market_18,-0.019171136834953084
political_4,-0.019216414622216217
train_19,-0.019277364947026764
energy_7,-0.019302397472342747
unemployment_8,-0.019314918700296113
house_1,-0.01932104652299742
government_5,-0.019350993926604842
money_16,-0.01939408494944268
gain_13,-0.01939463685547236
georgia_13,-0.01943414370337726
york_1,-0.019443007195447136
party_15,-0.01946035278697933
case_5,-0.019553960194001553
ohio_2,-0.019563238615669575
president_8,-0.019565122528171018
house_4,-0.01961282523919323
home_9,-0.019613290790178796
dow_jones_4,-0.019652387490989364
committee_5,-0.019694648242887268
judge_6,-0.019706282937274656
rich_9,-0.01972001535384855
holiday_4,-0.01972397139558235
banking_10,-0.019729380815797025
stock_market_10,-0.019758338167234137
finance_2,-0.019765706353091828
markets_18,-0.019814555194086016
kentucky_14,-0.01982106767417955
credit_2,-0.019877074604593446
government_2,-0.019959780397594162
election_12,-0.019976794871468372
DOW_JONES_1,-0.019988102988702662
cancer_14,-0.019994756524424107
gain_8,-0.020024783647312815
portfolio_11,-0.02022364957840823
bonds_17,-0.02023867974886795
fine_15,-0.020320294320624255
present_3,-0.020324821684967697
college_7,-0.020375092502866288
minister_15,-0.020400196667694725
freedom_4,-0.020431082910558684
rich_2,-0.020471779686794655
train_20,-0.020484319093444857
republican_9,-0.020623037943994716
business_2,-0.020627650619488302
firm_12,-0.02063173890516703
economics_16,-0.020667327354238728
risk_17,-0.02068004498613334
ohio_13,-0.0206901030434667
happy_4,-0.02069943349845067
media_12,-0.02070567362118316
missouri_4,-0.020746039566796947
energy_1,-0.02076297369537532
lifestyle_18,-0.02085553311720405
risk_6,-0.02091253610360009
dow_jones_1,-0.020932167888098974
elected_12,-0.02094127630432423
bank_2,-0.020946847203933184
ohio_15,-0.020964044266627103
religion_10,-0.020965034840890472
judge_14,-0.02098633365399185
bonds_20,-0.021028723446329445
debt_4,-0.021060678494588238
senate_17,-0.021127086085715074
gold_17,-0.02113402028853346
district_2,-0.02114712275899715
president_1,-0.021172508535264912
william_10,-0.021260445276007456
returns_10,-0.021262325392761915
home_16,-0.021290644366970167
management_2,-0.021317199771410066
credit_12,-0.021336048752436932
republican_15,-0.021339616049571575
massachusetts_13,-0.021357108065548934
development_2,-0.02137358408332086
portfolio_5,-0.021387418936780866
freedom_15,-0.021390574135168205
party_20,-0.021426067588333386
carolina_13,-0.02149153416060161
crisis_11,-0.021574247485564645
money_20,-0.021596359251467856
happy_11,-0.021641103362635406
unemployment_3,-0.02170433268935936
travel_20,-0.02172109615962725
virginia_20,-0.02181461968678793
bonds_2,-0.02191077668788055
tennessee_7,-0.021941333441617993
politics_5,-0.021967819254359134
market_11,-0.02198531706021878
freedom_8,-0.022041800308756666
ring_11,-0.02210403761170996
pennsylvania_10,-0.022136259607798813
water_12,-0.02217819120778399
returns_9,-0.02218208406917945
court_2,-0.022297952197033254
earnings_15,-0.022323375558041515
car_2,-0.022361431406665622
virginia_14,-0.022406004199389297
investment_7,-0.02250003466188457
color_17,-0.022528126875153688
portfolio_16,-0.022577822868763153
success_12,-0.02261497661451086
dividend_10,-0.022619416131875302
DOW_JONES_9,-0.022638141351781195
republican_11,-0.022682927751807226
sell_1,-0.022720497270320616
culture_16,-0.022740272356381697
chance_8,-0.02275555252525847
election_6,-0.022838636383503853
cash_10,-0.02284305908078863
services_2,-0.022900561994997126
banking_2,-0.022965504637603718
ohio_18,-0.02296878069282391
car_3,-0.02299412861775978
marriage_13,-0.0230252677517784
house_2,-0.02303464204320669
dow_jones_11,-0.023080112049986234
loss_14,-0.023091749749796397
rights_5,-0.02311503156387438
ltd_2,-0.02315871640767426
war_15,-0.02325542363302946
members_9,-0.023264405621218766
stocks_12,-0.02327634036315378
judge_7,-0.023302802322468043
cash_9,-0.023316041995132996
lifestyle_9,-0.02332617985414407
republican_5,-0.023469418755954673
financial_2,-0.023493701916595788
religion_17,-0.02358959791861286
rich_19,-0.0235988003222533
william_5,-0.023626823120031993
members_3,-0.023660317156592447
energy_5,-0.02379003252594867
rich_6,-0.02384292512375912
finance_1,-0.023903321279547262
missouri_7,-0.024029380881157823
fed_17,-0.02404214309738184
political_16,-0.02414578330772297
money_19,-0.02414706994079472
kentucky_2,-0.02430637592887086
marriage_16,-0.02432311961228111
bonds_9,-0.024333170484016044
minister_2,-0.024349642484880852
fed_18,-0.024377258582900074
market_3,-0.024408597110396002
debt_5,-0.024421939142693704
stocks_13,-0.024426508936283862
arts_6,-0.024430365902989283
stats_10,-0.024441379313827616
police_6,-0.02446928599960254
pennsylvania_19,-0.02450702867745873
voters_3,-0.024525931591949934
rights_11,-0.02454093584154855
food_14,-0.024548391437887028
stocks_16,-0.024566904403491206
democratic_11,-0.0246201355376652
illinois_2,-0.024664004007117768
government_11,-0.02467436240403629
president_19,-0.024688274167202075
money_5,-0.024727942391389313
police_10,-0.024814277089797797
growth_20,-0.024900175347211652
kitchen_7,-0.02499233706143058
culture_6,-0.025021751404533575
labor_2,-0.02502479789277561
gain_20,-0.02509865716934385
texas_2,-0.025157714449873893
arts_20,-0.02523108283548723
georgia_15,-0.025251217442784225
justice_7,-0.02526748495063118
bubble_10,-0.025310583003471488
rich_20,-0.025373391541930235
york_18,-0.025414977750796063
products_2,-0.025434488674058175
pennsylvania_12,-0.025434805713339316
college_11,-0.025442119599372193
york_15,-0.025488077600807468
fine_4,-0.025642022358110594
fed_16,-0.025681707616971017
missouri_15,-0.025696891269421228
representatives_6,-0.025718359905532794
color_10,-0.0257380651063255
dividend_7,-0.025776805334011853
lifestyle_4,-0.025918805069785923
color_7,-0.02598924997220149
market_19,-0.026035840425788437
success_3,-0.026037284067728872
president_14,-0.02605377496205492
economy_13,-0.026062394282685242
elections_15,-0.026149649195621415
risk_16,-0.02615023878120819
blacklist_15,-0.026239315212347347
freedom_14,-0.026244368069400826
act_10,-0.02626778974054289
illinois_3,-0.02626914314114708
culture_20,-0.026302580887078396
massachusetts_2,-0.02635487507584655
housing_18,-0.026356365755275956
service_2,-0.026392806162486005
market_17,-0.026428401956952154
train_2,-0.026440238572830267
car_18,-0.026452173971285586
bonds_11,-0.026491015505572157
elected_19,-0.026604377076031627
water_16,-0.026696237485646646
dow_jones_16,-0.02676052559831634
freedom_20,-0.02681634513587765
georgia_4,-0.026912165473141368
secretary_20,-0.026920133440199924
fed_4,-0.026964641000251886
chance_12,-0.026982873437327748
washington_16,-0.026996082458251847
minister_17,-0.026998091767916278
dow_jones_8,-0.027038086836517428
dow_jones_6,-0.027043963239883072
banking_9,-0.027090560175130916
carolina_20,-0.02710794654291384
market_5,-0.027159886600878
stocks_7,-0.027161431294772533
car_8,-0.027172867072553064
marriage_3,-0.02720030717557078
office_2,-0.02722296802855584
corporation_2,-0.027298751988175374
york_3,-0.027355815063221933
carolina_12,-0.027378512641908027
tennessee_11,-0.027408739976012432
opportunity_16,-0.02746068940920694
health_2,-0.027538692989727644
massachusetts_7,-0.027617447889295255
dividend_14,-0.02763483066933481
case_17,-0.02769850431230958
case_16,-0.027715065764006085
profit_2,-0.02774176818557701
water_19,-0.02777783370383231
case_18,-0.02778898507801657
metals_4,-0.027821744223186996
judge_1,-0.027871201809814106
earnings_11,-0.027880848799067916
dividend_2,-0.027945444568496257
illinois_16,-0.02798955028022849
sell_17,-0.0279924198736063
religion_7,-0.028030566915739262
revenue_2,-0.028039573614202284
conflict_5,-0.028109482941558062
happy_17,-0.02812422483757735
virginia_9,-0.02823142978191977
texas_16,-0.028471352994726185
technology_12,-0.028483915010920312
industry_10,-0.02853384083343351
returns_14,-0.02853583320262154
wisconsin_10,-0.028652092004314466
election_9,-0.028699945557370432
earnings_1,-0.028715774807135674
restaurant_7,-0.028895044798189717
blacklist_1,-0.028978899122473423
environment_2,-0.02901699820078165
senate_16,-0.02915355750620896
chance_17,-0.029207592934821957
stock_market_14,-0.029311395257586127
seats_2,-0.02932324033712379
bubble_14,-0.02932325060905443
college_2,-0.029360194413688357
movement_3,-0.029437115345231392
industry_12,-0.029483896046029946
sell_20,-0.02951033941458512
police_16,-0.029512850812382842
kentucky_1,-0.02964644883318872
politics_18,-0.02965400904345903
train_12,-0.029702877145521445
water_13,-0.029705581527143043
lifestyle_13,-0.029713852161933875
politics_20,-0.029821877056436397
democratic_14,-0.029914015604034748
ohio_3,-0.02994623483436354
portfolio_13,-0.03004024049439664
massachusetts_9,-0.03037984234414135
restaurant_3,-0.030435438999465613
texas_13,-0.030438001681935223
DOW_JONES_20,-0.030473532085348955
portfolio_3,-0.03050075436786006
texas_5,-0.03052800972080294
dividend_1,-0.030699259806835678
stats_15,-0.030933390709291665
political_1,-0.030988067810284292
cash_7,-0.031008314907547317
trader_16,-0.031018666731669108
chance_10,-0.031031129434264802
success_18,-0.031047485503033913
oil_2,-0.03116221697283057
rich_1,-0.031258306432517105
elected_4,-0.03136947555213965
religion_4,-0.031453645182429726
politics_8,-0.03148315982953807
virginia_11,-0.031485445973884675
profit_11,-0.03149765392876107
police_4,-0.03152561883576519
massachusetts_11,-0.03152786582742677
marriage_5,-0.031553352601131526
investment_14,-0.03170603017138305
president_18,-0.031716222198047817
county_2,-0.03175285493199258
house_7,-0.03176306271890204
minister_19,-0.03177509939127019
travel_11,-0.03180922492366598
texas_10,-0.03181471947580565
pennsylvania_5,-0.031830350934890436
dividend_11,-0.03193380034279105
metals_7,-0.03211836303570652
firm_19,-0.03212095707694007
pennsylvania_1,-0.03215919213815819
happy_6,-0.03269279837524104
car_13,-0.03285206175820068
earnings_2,-0.032984272983296446
york_7,-0.033013349024508566
bonds_16,-0.033049905413746396
bubble_9,-0.03309502030182139
case_2,-0.03317554445466107
money_2,-0.033362158663199026
illinois_18,-0.033371080056761614
returns_16,-0.033462795603706574
risk_7,-0.03353138630379617
case_19,-0.033611169404792876
car_20,-0.03367405997630006
president_12,-0.0337335544503516
carolina_4,-0.03375437147117884
water_11,-0.03381137107239503
georgia_5,-0.03418462789308674
happy_12,-0.03419260656901555
sell_13,-0.03424634156058424
debt_8,-0.034275040902343304
fine_12,-0.03432922179294171
debt_13,-0.03438874584966149
oil_3,-0.03443966230313631
home_14,-0.03471589063513947
wisconsin_19,-0.034751141314538846
crash_15,-0.03496991010950386
market_2,-0.035384167558312106
DOW_JONES_3,-0.03542218486840061
holiday_3,-0.035482135812921055
tennessee_16,-0.03559649820587851
council_18,-0.035678891677155766
pennsylvania_6,-0.035751207778159835
judge_2,-0.0358057954117134
georgia_3,-0.03603473087322433
kentucky_8,-0.03638729051918692
dow_jones_3,-0.03648244572677219
DOW_JONES_10,-0.03650217321860809
portfolio_18,-0.03650527006879929
investment_10,-0.03651102874036653
fine_20,-0.03681122293947099
chance_9,-0.03682143386926828
religion_15,-0.03690893442257117
chance_18,-0.03695599407833803
president_10,-0.037274058026487686
religion_11,-0.037443194915947234
investment_19,-0.03762941071092731
marriage_7,-0.03767654425821365
democratic_18,-0.03772399274597853
war_5,-0.03784324560490413
georgia_14,-0.03788059322438022
color_3,-0.0379051988247221
risk_9,-0.03822920306974291
travel_3,-0.03850075815237832
washington_1,-0.038619772821624834
secretary_19,-0.03885051915711346
elections_6,-0.03890603144958997
garden_3,-0.03909970195442867
gold_19,-0.03927668233687483
travel_16,-0.03932711372353119
industry_14,-0.03942308409185804
conflict_2,-0.03960025202305861
politics_16,-0.03974286605256163
gain_7,-0.03990665826763817
returns_5,-0.04009732968381119
happy_2,-0.04068960303596245
culture_5,-0.041076852552018275
founded_13,-0.04124898158095036
society_11,-0.04133535597072373
house_5,-0.041350212857227266
travel_8,-0.04173513989072623
wisconsin_9,-0.04177811397620277
energy_2,-0.04178140175763001
blacklist_4,-0.04180315597013675
risk_2,-0.04187545644022748
travel_17,-0.041928013196560365
seats_3,-0.042029965928261914
seats_1,-0.042423223928983234
bubble_19,-0.0425997418522015
wisconsin_13,-0.04264576271195257
society_16,-0.04278006286718452
minister_16,-0.04309466704062248
unemployment_2,-0.04338925400215632
fine_2,-0.04367318807130327
sell_3,-0.043700828536751946
oil_19,-0.04381257588189791
party_14,-0.044016872866794364
elections_10,-0.044089233847410855
gold_8,-0.044244940574268865
wisconsin_14,-0.04463714408553334
million_9,-0.044666113982833225
environment_3,-0.04474119928219426
police_13,-0.04499391755353153
committee_16,-0.045016130740672365
political_11,-0.04505923095466604
war_18,-0.04506646591934471
kentucky_3,-0.04514612437329246
oil_15,-0.0452828844748838
travel_6,-0.04554951052047964
portfolio_6,-0.0460567423721836
fed_3,-0.04608754554034213
republican_20,-0.04641223516321542
color_1,-0.046443725977633334
rich_5,-0.04674704739684841
secretary_10,-0.04700144521786871
investment_13,-0.047039400400535045
senate_10,-0.04735147835064977
cash_14,-0.04740703730435527
movement_20,-0.047564276657619774
pennsylvania_7,-0.04757995249386704
georgia_2,-0.04768614925416381
president_16,-0.0477555686650446
stock_market_2,-0.047758672987475624
investment_18,-0.047769670131456096
committee_15,-0.04777953914938371
travel_5,-0.04825339737547283
tennessee_3,-0.04862785191951178
senate_13,-0.048637501077839485
fine_7,-0.04866569118807025
returns_13,-0.0487133843626224
republican_1,-0.04889848874234424
war_17,-0.04890126000421331
democratic_5,-0.049091031808533137
tennessee_2,-0.04944921983485626
hedge_13,-0.04958106155874693
republican_4,-0.04991941448796733
bubble_16,-0.05030948441370242
kentucky_9,-0.05040646446289112
color_12,-0.05047770319084264
gold_7,-0.05050721410366914
georgia_17,-0.051555122448862886
happy_10,-0.05179904176290453
sell_14,-0.05184556459639054
stock_market_9,-0.05188768518087376
risk_8,-0.051927057516323184
sell_9,-0.0520198135945074
washington_4,-0.052157550520156984
color_20,-0.05221226814171429
secretary_15,-0.05241862239913262
political_19,-0.052661078363827274
investment_17,-0.05271729535131264
fine_8,-0.05292305917567801
holiday_8,-0.053649250584975716
gold_1,-0.05368037970359789
sell_4,-0.053915106302252006
political_2,-0.05400060984839141
governor_9,-0.054011937828320186
metals_11,-0.05418584002580682
chance_15,-0.054311280753099586
portfolio_17,-0.05455900380064842
portfolio_4,-0.054767649894543746
ohio_4,-0.0549534808092035
ohio_19,-0.055016433283395026
holiday_9,-0.055027024455386056
debt_15,-0.055063230217590055
york_17,-0.05530864281159058
opportunity_7,-0.0559189556853422
color_16,-0.05619758308298963
restaurant_2,-0.05668186175143721
pennsylvania_14,-0.05705699816859342
color_5,-0.05766282167016725
DOW_JONES_15,-0.058303123441177454
judge_20,-0.05963399887768857
election_11,-0.06068098946894884
money_18,-0.06081918205179624
color_6,-0.060931580266134634
hedge_7,-0.061218379210912624
fine_14,-0.06176589458540671
democratic_15,-0.062400480576272545
senate_12,-0.06257004485012488
ohio_5,-0.06260961882246244
stock_market_12,-0.06277111292305437
gain_10,-0.06307861695798414
york_4,-0.06338802284961478
travel_4,-0.06349302936716442
judge_13,-0.06499058798176413
york_14,-0.06505620052928125
holiday_12,-0.06524103628010958
firm_10,-0.06541342396831204
debt_9,-0.06555434077719427
holiday_20,-0.06638836713004084
republican_3,-0.06648340014641366
returns_15,-0.06742741363549436
massachusetts_16,-0.0674286943629275
success_15,-0.06818698086886621
republican_7,-0.06851714325133393
virginia_10,-0.06882907710766144
political_18,-0.06887765155675818
wisconsin_3,-0.06987782862686034
holiday_16,-0.07014895657965273
wisconsin_17,-0.07064774272832852
fed_14,-0.07172893514590997
color_9,-0.07196490249125909
freedom_3,-0.07212848486714121
fine_16,-0.07213783977812085
justice_9,-0.0727543204443157
georgia_16,-0.07310855307409103
governor_20,-0.07324050095876258
gain_3,-0.07467733656111589
republican_18,-0.07478157035564778
democratic_1,-0.07537613938642602
elections_16,-0.0756103088043002
religion_12,-0.07587351879033784
labor_8,-0.07690921306073754
fed_12,-0.07773884023113957
success_10,-0.0778597919656343
police_20,-0.07799406132109628
elections_12,-0.07845505844830625
rich_3,-0.07852570130528705
holiday_7,-0.07939224022838162
risk_5,-0.07957183031943305
marriage_6,-0.08081957796063496
oil_10,-0.08095207462502933
virginia_2,-0.08113932092021545
missouri_20,-0.0818399876124527
republican_16,-0.08210775105666168
dividend_16,-0.08221152841311508
risk_4,-0.0827290575914538
lifestyle_15,-0.08463339052914716
bubble_8,-0.08718944063736651
democratic_12,-0.0887834485324912
sell_12,-0.09067121883524247
senate_18,-0.09398236364346593
justice_8,-0.09488169702665487
governor_8,-0.09608201511187123
wisconsin_1,-0.09653753465607309
holiday_19,-0.09693386169181772
senate_7,-0.0970393077800951
happy_3,-0.09728830008149472
portfolio_10,-0.09804135931008533
color_8,-0.09852874613570498
wisconsin_2,-0.10087888373522987
oil_11,-0.1011574706469485
religion_18,-0.10349025550399504
governor_19,-0.10510968765454473
wisconsin_15,-0.10613154415870349
senate_6,-0.10639929764708848
marriage_19,-0.10646086825242347
color_15,-0.10795445254347291
returns_19,-0.10806539178800631
missouri_16,-0.1081659208216708
color_18,-0.10962846764892678
election_17,-0.11095838345097364
wisconsin_12,-0.11120360323714666
election_15,-0.11333848719279256
success_13,-0.11557643262894168
democratic_8,-0.11699084361457794
sell_5,-0.11746950381733234
democratic_4,-0.11753030762086743
fine_3,-0.12140877001936852
movement_14,-0.12316016166339958
success_17,-0.12339545719474068
lifestyle_14,-0.12372761972521631
marriage_14,-0.12393849075063601
election_7,-0.12485613051951432
gold_9,-0.12963760449983974
president_5,-0.13023513585727345
gold_5,-0.130386509865821
elections_7,-0.13082012747455068
returns_17,-0.13166318467362978
holiday_15,-0.13320331375116554
hedge_9,-0.13412852783755688
wisconsin_4,-0.13461622864249473
democratic_16,-0.136530585770474
marriage_15,-0.14557169466491712
wisconsin_7,-0.1476166463971557
gold_3,-0.1480772833172636
democratic_10,-0.15211960241668174
fine_19,-0.15296037305974153
risk_1,-0.15584557148249928
color_14,-0.15627722512002343
republican_12,-0.1567114137338784
votes_20,-0.16244460066052682
president_15,-0.16284504934251526
president_3,-0.1645098036693846
senate_14,-0.16516490892544922
religion_19,-0.16662112721298059
political_15,-0.1674080861752904
votes_6,-0.16758402200247913
wisconsin_20,-0.16783086003872932
holiday_6,-0.16936044084701973
carolina_16,-0.17528403687954866
president_11,-0.17646313430200342
marriage_20,-0.17812138446123787
election_8,-0.18044916310565412
gold_20,-0.18387099069035723
labor_9,-0.1857860370880701
elections_8,-0.18659654534543732
votes_1,-0.19190367984288095
votes_17,-0.19219560231584118
president_20,-0.1926392316087175
elections_19,-0.20354129355459558
marriage_4,-0.2048615848795481
marriage_1,-0.20643651674090494
president_17,-0.21717518982065015
political_12,-0.22494389946084975
president_4,-0.2330355851708638
governor_13,-0.23645184920928478
elections_20,-0.23918465397890448
president_7,-0.24028849359902113
ohio_16,-0.24373131592891184
election_10,-0.2496983243692338
gold_10,-0.25918062564064465
votes_16,-0.2624132416440191
democratic_13,-0.26834507339138
marriage_17,-0.2782891200819194
election_20,-0.2844132137052887
election_19,-0.29552380266987044
gold_18,-0.2988338223928625
color_19,-0.3013374175760305
votes_7,-0.31539497392892524
wisconsin_11,-0.31803272867635235
fine_11,-0.3262013314848563
votes_9,-0.33526236059919307
election_14,-0.3426958125897424
gold_15,-0.3823842941411319
votes_19,-0.38297176594083726
democratic_7,-0.4173182476860989
votes_3,-0.4175254084717128
election_16,-0.4193231977140378
marriage_18,-0.4283214331026108
president_2,-0.4626308777197584
gold_13,-0.46372975469247724
votes_8,-0.5141018172281141
votes_14,-0.5159550810902633
marriage_9,-0.5751902259503996
election_18,-0.6054840068699461
election_13,-0.6452074200711502
votes_13,-0.6873783216604711
votes_2,-0.8259786041546853
votes_10,-0.9198207368712843
democratic_6,-1.0504795904504953
democratic_2,-1.2112959352006878
marriage_11,-1.2727468793897168
gold_11,-1.4428804341258135
gold_14,-1.640468807051731
votes_12,-1.663238275477903
votes_18,-1.6753792261009608
votes_4,-2.1628789479010564
votes_5,-2.5290064509259547
democratic_3,-3.3100692365134443
votes_11,-4.410289205035022
