feature,feature_score
present_17,0.005094692395428324
pennsylvania_15,0.004630991930687278
ohio_17,-0.0020779942740137836
industry_18,-0.0021949143725501718
ministry_3,-0.003176806864475634
founded_20,-0.0033538208401997947
project_2,-0.004921095675018372
ministry_5,-0.0054638538817809
industry_15,-0.006138593396260971
freedom_17,-0.007261063870756379
DOW_JONES_18,-0.007531643532978927
transaction_17,-0.007669024522768542
cash_10,-0.007743252277310431
environment_17,-0.008273565727578314
court_9,-0.008907693450234944
blacklist_17,-0.009006379959956724
investment_18,-0.009245942217135062
water_18,-0.009270476170913033
debt_1,-0.009405232041908884
washington_17,-0.009658588941422219
opportunity_4,-0.00992422373470434
unemployment_12,-0.010093519988074751
government_13,-0.010579727368495861
metals_4,-0.010828119652820245
washington_1,-0.01119360337602109
sell_5,-0.011337867071636554
risk_15,-0.01203978064050073
transaction_18,-0.012211777062107432
college_17,-0.012705891466038621
federal_9,-0.012732068196624268
companies_17,-0.01305798749636915
returns_15,-0.013213625401958784
garden_16,-0.01324022343789455
economy_18,-0.013363017606073724
unemployment_10,-0.013763083182027925
default_17,-0.01380156105881707
president_2,-0.013977662859123875
council_17,-0.014052460098351838
transaction_16,-0.014063388547521472
war_17,-0.014101199227168881
lifestyle_17,-0.014281533560874204
housing_17,-0.01442523152734949
tourism_20,-0.014734973739694101
district_9,-0.014766837541844113
politics_19,-0.014797576028366888
buy_4,-0.014959964143366445
nyse_15,-0.015292548461469168
minister_16,-0.015320738549578227
gains_15,-0.01557398367837981
buy_18,-0.0156763128186868
opportunity_1,-0.015732393452184846
union_15,-0.015758333854929484
case_17,-0.015762660233689395
hedge_14,-0.015771388889211056
forex_17,-0.015778411576533057
kentucky_3,-0.015821775422396933
police_18,-0.015956854620891737
movement_1,-0.015997622771818976
york_18,-0.016104664447223915
vermont_17,-0.01612424653366946
invest_15,-0.016176027841969764
inflation_5,-0.016236757899145894
inflation_4,-0.0162673569457358
invest_18,-0.016293725285822423
transaction_19,-0.016323715532923
services_17,-0.0164511589246221
kitchen_8,-0.01675499582749862
dow_jones_18,-0.01686101357693155
kitchen_15,-0.01691353858444069
hedge_15,-0.016915578388554797
ltd_17,-0.016980174169776752
global_17,-0.01700443178457567
office_17,-0.017027480667519645
fun_17,-0.017054843274838548
inflation_17,-0.01707648048288719
management_17,-0.017077571508784882
loss_16,-0.01708873194909468
justice_17,-0.017099479387691786
law_17,-0.01718601524791279
opportunity_17,-0.017189288908770695
ministry_2,-0.017216361972443493
nasdaq_3,-0.017272882650205566
tourism_17,-0.017275931087372177
court_17,-0.017342273356494096
oil_17,-0.017421137766830918
marketing_17,-0.017454093334674136
products_17,-0.01747915373586839
house_17,-0.017568130005542314
headlines_3,-0.01759668591705308
votes_17,-0.017748213358977825
economy_17,-0.017749321306520294
headlines_10,-0.017768646515285515
headlines_15,-0.01777283320546621
religion_17,-0.01779690145988455
cash_4,-0.017878856479170247
district_17,-0.01793883916898633
college_3,-0.01794217164821279
short_sell_17,-0.017982982352234545
BUY_AND_HOLD_17,-0.017982982352234545
rare_earths_17,-0.017982982352234545
greed_17,-0.017982982352234545
served_17,-0.017982982352234545
ore_17,-0.017982982352234545
financial_markets_17,-0.017982982352234545
short_selling_17,-0.017982982352234545
elected_17,-0.017982982352234545
fond_17,-0.017982982352234545
consume_17,-0.017982982352234545
derivatives_17,-0.017982982352234545
return_18,-0.017992075804502995
ministry_15,-0.018050385193103823
trader_1,-0.018094207227085768
world_17,-0.01811278798834115
party_17,-0.018121433667823726
political_4,-0.01817510317078532
kitchen_17,-0.0181886383295222
service_17,-0.018221871714613445
restaurant_15,-0.018247345083864008
community_17,-0.01834426025000213
health_17,-0.018366942083499826
revenue_1,-0.018379707281064396
county_17,-0.018416430254030412
representatives_17,-0.018481203867321015
stocks_18,-0.018509098755260855
texas_3,-0.01851015884981686
DOW_JONES_17,-0.01860192804446239
movement_15,-0.018605168964602757
holiday_20,-0.018622081903464083
illinois_10,-0.01866512989862057
ceo_17,-0.018717266316800374
trader_16,-0.018727930175691854
dow_jones_17,-0.018768639861087833
restaurant_10,-0.018816381561427287
economic_17,-0.018825202447242707
financial_17,-0.018879165502439177
lifestyle_18,-0.018899852616731307
leverage_17,-0.018933279830434423
ltd_2,-0.01895694020386831
chance_9,-0.01895730980717365
pennsylvania_4,-0.019004167970063924
dividend_17,-0.01905757330815221
forex_18,-0.01910561144856382
world_4,-0.019191669754361772
gain_20,-0.019200389635835414
founded_17,-0.019204191879667643
chance_18,-0.019226171709767304
returns_16,-0.019236149248103306
finance_2,-0.019253963633564953
debt_17,-0.01926834504087289
society_17,-0.019376612697645124
tennessee_17,-0.01958345996813038
rights_18,-0.019592080911952525
million_18,-0.01961571826542783
million_17,-0.019635655419125663
judge_17,-0.01971184393304115
dividend_20,-0.019741069007276103
train_17,-0.019762459752869388
inc_17,-0.019890571408559744
gain_17,-0.019900477469149646
loss_17,-0.019957527167488155
votes_10,-0.01998234793646305
business_1,-0.01998404225442505
conflict_17,-0.020010276319472366
gains_20,-0.020018326416479826
happy_18,-0.02003935601964004
returns_17,-0.020079279616948796
industry_17,-0.020087973904446322
tourism_18,-0.020120211930978037
industry_1,-0.02014277325912872
security_17,-0.02017887331458783
nasdaq_18,-0.02021740785851065
lifestyle_16,-0.02031871029455994
oil_15,-0.02033175491462753
ministry_11,-0.02033405009037048
unemployment_2,-0.02035226400914607
management_2,-0.020367661566447915
marketing_2,-0.020460925796982464
illinois_17,-0.02046348506179312
voters_3,-0.02047556455893207
conflict_1,-0.020484108531533107
district_8,-0.020494433173907776
energy_17,-0.020494676181600058
business_17,-0.020496846063035125
health_9,-0.020504315008425845
leverage_16,-0.020543459382887062
texas_17,-0.020546166532167853
office_2,-0.020555091742777188
blacklist_3,-0.020567032875554038
garden_17,-0.020576992481343658
revenue_2,-0.020578784853505304
dividend_18,-0.020667693084502226
votes_18,-0.020721088505524676
inflation_3,-0.020756663089052885
chance_2,-0.020784469191513645
energy_1,-0.020803759123409725
lifestyle_20,-0.020847215136709108
health_2,-0.02086185759295307
party_9,-0.020864222420045687
default_5,-0.02089256856566215
elected_18,-0.02093320043596869
greed_18,-0.02093320043596869
short_selling_18,-0.02093320043596869
derivatives_18,-0.02093320043596869
rare_earths_18,-0.02093320043596869
financial_markets_18,-0.02093320043596869
short_sell_18,-0.02093320043596869
fond_18,-0.02093320043596869
ore_18,-0.02093320043596869
served_18,-0.02093320043596869
BUY_AND_HOLD_18,-0.02093320043596869
consume_18,-0.02093320043596869
representatives_18,-0.020934177231350472
william_20,-0.02093433298815568
gain_18,-0.020942465472584538
firm_17,-0.020979160198093337
minister_18,-0.020982622759608605
ministry_10,-0.02102101917356163
federal_1,-0.021048353245535334
movement_18,-0.021054023156729683
crisis_8,-0.02105754028797069
headlines_17,-0.02108207226850487
revenue_18,-0.02111431794191172
society_2,-0.02115059856562531
seats_2,-0.021176416088391027
inflation_18,-0.02118294065037545
ceo_2,-0.021190306508663003
firm_18,-0.02119722444879668
tennessee_18,-0.02126781258328101
hedge_17,-0.02128396183921284
metals_1,-0.021308355572395965
gains_7,-0.021319387368930732
illinois_8,-0.021333476340706214
leverage_20,-0.02133682397318981
government_2,-0.021351362821589382
color_18,-0.021353910596224823
return_17,-0.02135872087886277
development_17,-0.021376485706395366
opportunity_18,-0.021382010116592864
labor_15,-0.021407640547634266
dow_jones_2,-0.021424201835097346
investment_13,-0.021435889347421577
conflict_18,-0.021450200986431578
gains_18,-0.021471367322391032
fed_17,-0.021480454059078058
opportunity_3,-0.021510964614315387
headlines_18,-0.021520696454965994
war_20,-0.021546192817190436
food_17,-0.02169261408599372
bank_18,-0.02171317356229101
opportunity_20,-0.02171809357148613
fine_18,-0.021752556031714953
ring_17,-0.02183755845025779
elections_17,-0.02186125102803027
dividend_3,-0.021866098864064255
hedge_3,-0.021892805583609398
office_1,-0.021928671520006326
carolina_11,-0.021931809934565318
society_10,-0.021933108348668906
tennessee_9,-0.021942655607601624
founded_3,-0.02195058117818547
unemployment_19,-0.021952260534161994
holiday_17,-0.02197110449367401
party_15,-0.021975302977579457
dividend_5,-0.021990306379065183
environment_15,-0.021999954414950597
unemployment_20,-0.022002073863237735
social_17,-0.022004116588541046
nasdaq_2,-0.022005951098375064
corporation_17,-0.022028501653399157
bubble_1,-0.022029353093038107
housing_2,-0.022066716905711603
movie_15,-0.022083113477015415
consumption_3,-0.022118006916766398
fine_15,-0.022119677640493718
holiday_13,-0.022129345649850828
federal_2,-0.02213411605363751
environment_20,-0.02214439308564071
trader_17,-0.022147946429851472
revenue_15,-0.02215142108590178
happy_17,-0.022165812767508508
leverage_1,-0.0221674733335236
conflict_2,-0.022183740226088645
william_18,-0.02220959859121672
cash_3,-0.022220758662310925
dividend_4,-0.02222656201853679
derivatives_3,-0.022241240050223942
ore_3,-0.022241240050223942
served_3,-0.022241240050223942
financial_markets_3,-0.022241240050223942
rare_earths_3,-0.022241240050223942
elected_3,-0.022241240050223942
BUY_AND_HOLD_3,-0.022241240050223942
short_selling_3,-0.022241240050223942
fond_3,-0.022241240050223942
consume_3,-0.022241240050223942
greed_3,-0.022241240050223942
short_sell_3,-0.022241240050223942
georgia_13,-0.022242510765584988
washington_18,-0.022249965871325904
financial_markets_20,-0.022281424566293628
consume_20,-0.022281424566293628
greed_20,-0.022281424566293628
short_sell_20,-0.022281424566293628
short_selling_20,-0.022281424566293628
served_20,-0.022281424566293628
elected_20,-0.022281424566293628
BUY_AND_HOLD_20,-0.022281424566293628
derivatives_20,-0.022281424566293628
ore_20,-0.022281424566293628
fond_20,-0.022281424566293628
rare_earths_20,-0.022281424566293628
dividend_15,-0.022293851946812417
union_1,-0.02231037109162526
headlines_8,-0.022316320830373694
law_15,-0.022341676946517543
voters_15,-0.022374299342301063
vermont_1,-0.022405293541374126
votes_15,-0.0224110625357812
ministry_16,-0.02241800859809435
rare_earths_15,-0.02242933712916382
greed_15,-0.02242933712916382
short_selling_15,-0.02242933712916382
derivatives_15,-0.02242933712916382
BUY_AND_HOLD_15,-0.02242933712916382
fond_15,-0.02242933712916382
consume_15,-0.02242933712916382
served_15,-0.02242933712916382
ore_15,-0.02242933712916382
short_sell_15,-0.02242933712916382
elected_15,-0.02242933712916382
financial_markets_15,-0.02242933712916382
secretary_17,-0.022438983874124307
representatives_15,-0.02243957117589539
debt_19,-0.022443664038258926
court_13,-0.022453796611888975
vermont_3,-0.02245820415638684
tourism_15,-0.022484669236034205
georgia_12,-0.022489612181370668
oil_20,-0.022496506698100726
ltd_18,-0.02250406983607456
gain_3,-0.022520955642895822
arts_1,-0.022530546180099042
technology_17,-0.02253075020724211
companies_3,-0.022543528289578507
corporation_1,-0.02256028815221085
service_2,-0.022562993151672005
financial_2,-0.02259397943931494
fun_20,-0.0226456601558666
energy_18,-0.02266161794146353
ltd_9,-0.02267700918448128
fine_20,-0.022678192221536154
market_18,-0.022682492570746504
forex_20,-0.022695561075929647
justice_18,-0.022699653915035433
banking_17,-0.022705021381708844
texas_1,-0.022753196697219136
voters_11,-0.022758315343455893
housing_6,-0.022759457441266708
investment_15,-0.02276561242532895
forex_15,-0.022774551323084903
firm_20,-0.022790626783087232
economy_15,-0.02279476877852953
default_1,-0.022824197000357427
william_17,-0.022826218899156193
bank_9,-0.022831888298921778
vermont_15,-0.022834835108750062
democratic_18,-0.02284822608661481
rights_9,-0.022864345643203454
success_5,-0.022878247841058963
votes_2,-0.02287978397137136
war_3,-0.02289071639021001
hedge_20,-0.022899729262613744
markets_17,-0.022903313227348954
present_20,-0.022903570771807824
carolina_20,-0.022906275171754965
dow_jones_3,-0.02291593375745362
finance_17,-0.02291708995384909
kitchen_1,-0.02291919988169915
economy_2,-0.02292048524822281
representatives_3,-0.022924646554818275
headlines_20,-0.022925692272741927
unemployment_16,-0.022929683395084145
banking_18,-0.02293532591426304
pennsylvania_20,-0.02297427116790176
bubble_3,-0.02298799162479548
debt_9,-0.02299315211738364
illinois_2,-0.022997010781738103
community_2,-0.02300690699211667
inflation_2,-0.02300896408827524
votes_1,-0.02304362085841638
leverage_2,-0.023055413722523132
restaurant_19,-0.023062782203152988
metals_17,-0.023070933783634673
bank_2,-0.023110544934372212
rights_1,-0.023111467332976355
consumption_18,-0.023120856315624393
leverage_15,-0.02313856647794954
seats_20,-0.023141141842425682
lifestyle_5,-0.023151419354310178
energy_2,-0.02316735097790923
illinois_3,-0.023173872861848088
inflation_16,-0.023177442718886422
money_17,-0.023185332944137715
invest_3,-0.023209851370760017
voters_17,-0.02322843136793773
texas_2,-0.02323079814276401
oil_1,-0.023254186503265294
lifestyle_8,-0.023265456634711624
massachusetts_20,-0.023272922871026357
cash_17,-0.02327483545563023
secretary_15,-0.023280416475317513
firm_3,-0.023281447644533836
carolina_8,-0.023291173469643777
vermont_20,-0.023291388563636262
earnings_20,-0.02329149419346812
investment_1,-0.02330960706541634
arts_15,-0.02331758941986033
gain_16,-0.023319457527762967
movement_2,-0.0233243333460599
garden_20,-0.023348137099806744
fun_18,-0.023360110414557277
wisconsin_18,-0.02336706166710849
politics_1,-0.02337257821072667
financial_1,-0.02337784260395388
case_2,-0.023385542710084105
returns_2,-0.02339274022544724
hedge_1,-0.02340516823158332
forex_5,-0.023420970759099123
sell_4,-0.02342241580722848
governor_3,-0.02345833843299665
dividend_1,-0.023459898745091155
debt_15,-0.023466788233927983
forex_3,-0.023467786287821223
nasdaq_20,-0.023484960459842785
seats_15,-0.02351805458203049
movement_8,-0.023560661663651384
kitchen_2,-0.023566744193002732
firm_4,-0.02357325063637843
products_2,-0.0235807093228384
judge_1,-0.023582720364196064
security_2,-0.02360062756646073
debt_3,-0.02360660124217895
york_7,-0.023609940286309895
president_20,-0.023620902912468145
services_2,-0.023628571657672313
votes_5,-0.023661233834353767
ring_2,-0.023670240642116334
loss_5,-0.02368351930668051
county_4,-0.023684666719014237
food_1,-0.023692488402746004
corporation_20,-0.023708601664592478
rich_15,-0.023729481831438925
blacklist_2,-0.02376659663395315
finance_1,-0.02378369085959988
seats_3,-0.023788548963598832
portfolio_15,-0.023809135447439633
security_15,-0.023815994425598654
freedom_5,-0.023830124677518705
million_3,-0.02384107922148244
security_1,-0.02387291857295626
vermont_13,-0.02387453643080355
votes_3,-0.023876168279761932
bank_15,-0.02387765935390136
crisis_3,-0.02390765065907805
missouri_2,-0.023913125004197844
representatives_16,-0.023915508631202353
vermont_4,-0.023974138547450275
inflation_15,-0.023974365357681205
happy_1,-0.023974715650321943
companies_15,-0.023979448072609166
war_9,-0.023989268650416173
energy_15,-0.024002194426955125
inflation_13,-0.024013109650109478
ministry_17,-0.024013857783183924
york_8,-0.024033694545212248
hedge_16,-0.02406980979160256
global_9,-0.024091048806809588
investment_17,-0.02410197270303329
invest_17,-0.024118598556049677
global_1,-0.024123681441107457
arts_16,-0.02412391686044881
sell_18,-0.024129399320065015
transaction_2,-0.024130223571564625
economic_15,-0.024145787975571254
loss_3,-0.024152750509547107
cash_18,-0.024163041840843634
committee_15,-0.02416630659145542
democratic_6,-0.0241753770333069
court_2,-0.024187342904935117
oil_3,-0.024209311106338373
cancer_5,-0.024212791126241594
minister_2,-0.02421300217390665
business_15,-0.02423911753026762
gain_8,-0.024248692796720882
georgia_2,-0.024277348797530518
services_15,-0.024278317269529292
portfolio_11,-0.02428646855259562
tourism_16,-0.024309629858670422
health_15,-0.024309661391850403
county_2,-0.024327273454408282
founded_16,-0.0243402915096838
credit_9,-0.02434960784850504
minister_8,-0.0243539573224828
inc_3,-0.02435446037200566
companies_20,-0.024357717018042836
car_8,-0.024370363243096806
inflation_6,-0.024396472588767825
gain_9,-0.02439722016030188
services_1,-0.02440420002159347
economy_20,-0.02442006612593355
social_4,-0.024433815269424917
color_19,-0.024447158939889115
kitchen_20,-0.024454951683372396
banking_1,-0.02446862267747687
representatives_4,-0.02447391915877606
kentucky_18,-0.024475162465231383
tourism_1,-0.02447729196092807
nasdaq_17,-0.0245043460793394
ring_15,-0.024508402556135133
earnings_17,-0.02451371115512906
members_16,-0.0245297289085054
lifestyle_19,-0.024550407082993476
trader_4,-0.024564408688199424
investment_9,-0.024567449055995394
home_16,-0.024581687079674806
transaction_3,-0.024583593856223263
representatives_1,-0.02459460284992825
council_1,-0.024603237051910965
served_16,-0.024608170769904958
rare_earths_16,-0.024608170769904958
short_selling_16,-0.024608170769904958
derivatives_16,-0.024608170769904958
BUY_AND_HOLD_16,-0.024608170769904958
short_sell_16,-0.024608170769904958
ore_16,-0.024608170769904958
elected_16,-0.024608170769904958
financial_markets_16,-0.024608170769904958
consume_16,-0.024608170769904958
fond_16,-0.024608170769904958
greed_16,-0.024608170769904958
movie_17,-0.024614960987944624
crash_5,-0.024615191712644348
debt_2,-0.024626980594212578
default_18,-0.024627795446033864
trader_3,-0.0246370653260213
profit_20,-0.024639723840895234
marriage_2,-0.024643404314090667
justice_16,-0.024646490197628122
firm_1,-0.024653761244836713
headlines_16,-0.024654400703308533
loss_15,-0.024655501720646456
banking_15,-0.02466267692688655
million_15,-0.024673186046722705
consumption_4,-0.024680335027728505
council_9,-0.024687563872698326
district_4,-0.02469493333490369
economics_2,-0.024704903552927204
movement_17,-0.024718910309993004
credit_2,-0.024726754776783565
greed_1,-0.024740445669412515
rare_earths_1,-0.024740445669412515
elected_1,-0.024740445669412515
fond_1,-0.024740445669412515
short_selling_1,-0.024740445669412515
short_sell_1,-0.024740445669412515
served_1,-0.024740445669412515
derivatives_1,-0.024740445669412515
ore_1,-0.024740445669412515
financial_markets_1,-0.024740445669412515
BUY_AND_HOLD_1,-0.024740445669412515
consume_1,-0.024740445669412515
culture_9,-0.024744238772269434
kentucky_1,-0.02474559128797298
forex_9,-0.024746218577629663
leverage_3,-0.02476026356723975
cancer_2,-0.024768146176062777
william_16,-0.024784661861190348
default_2,-0.024795162413611883
corporation_2,-0.024804572240287558
buy_15,-0.024809763250696927
members_4,-0.024815746300064622
headlines_12,-0.024818282046456842
home_18,-0.024820228256039224
economic_2,-0.024827936705439237
present_9,-0.024829857399363366
rare_earths_4,-0.02483835562591814
consume_4,-0.02483835562591814
short_sell_4,-0.02483835562591814
derivatives_4,-0.02483835562591814
financial_markets_4,-0.02483835562591814
short_selling_4,-0.02483835562591814
served_4,-0.02483835562591814
fond_4,-0.02483835562591814
greed_4,-0.02483835562591814
elected_4,-0.02483835562591814
BUY_AND_HOLD_4,-0.02483835562591814
ore_4,-0.02483835562591814
leverage_18,-0.024842991673389058
firm_16,-0.02488360782366006
government_3,-0.024892196613376473
forex_2,-0.02489366350724742
tourism_2,-0.02489538557875135
buy_16,-0.02490675046395858
district_2,-0.024908899993547153
judge_20,-0.024911955101200124
money_18,-0.02491927869973225
kitchen_13,-0.024927344031415076
inflation_12,-0.024939625286271982
war_18,-0.024941287487086416
growth_20,-0.024945781543966383
inc_15,-0.024948186941497297
products_1,-0.024951112283927036
stats_3,-0.02496306713762031
society_20,-0.02497517552265127
committee_16,-0.024976839878962355
consumption_20,-0.02500562470439096
case_15,-0.025009174401892452
vermont_16,-0.02503433752635289
wisconsin_5,-0.02504067882316785
tennessee_4,-0.025052285922638952
management_13,-0.02505257681585795
act_9,-0.025059898568749527
governor_20,-0.025066548671631515
products_20,-0.025067956816309023
movie_1,-0.025073888412386714
earnings_16,-0.025082215342165082
kentucky_4,-0.02509022165584196
service_15,-0.025113915192729097
stocks_20,-0.025115440580270754
court_3,-0.025124299747060718
industry_3,-0.025124795671032096
million_4,-0.025125505597125765
washington_3,-0.025142102123400865
kentucky_5,-0.02514504657658039
marriage_4,-0.025155709524451075
consume_8,-0.025163555608151644
served_8,-0.025163555608151644
short_sell_8,-0.025163555608151644
BUY_AND_HOLD_8,-0.025163555608151644
rare_earths_8,-0.025163555608151644
financial_markets_8,-0.025163555608151644
elected_8,-0.025163555608151644
fond_8,-0.025163555608151644
derivatives_8,-0.025163555608151644
short_selling_8,-0.025163555608151644
ore_8,-0.025163555608151644
greed_8,-0.025163555608151644
community_1,-0.025174428564600372
crisis_13,-0.025191186903081263
credit_15,-0.025193685133921107
forex_4,-0.0251953642374811
revenue_17,-0.025202153519900496
portfolio_17,-0.02520398736069738
bank_13,-0.025207194636995056
votes_8,-0.02521091531482056
act_15,-0.025219487762870883
marketing_1,-0.025228638397473156
nasdaq_1,-0.02524346902646286
debt_8,-0.02525877149679927
transaction_15,-0.025267503902427157
fine_2,-0.025274221167738455
rare_earths_2,-0.025274221167738455
derivatives_2,-0.025274221167738455
served_2,-0.025274221167738455
BUY_AND_HOLD_2,-0.025274221167738455
short_sell_2,-0.025274221167738455
greed_2,-0.025274221167738455
consume_2,-0.025274221167738455
elected_2,-0.025274221167738455
short_selling_2,-0.025274221167738455
fond_2,-0.025274221167738455
ore_2,-0.025274221167738455
financial_markets_2,-0.025274221167738455
banking_3,-0.025280325090279842
pennsylvania_18,-0.025282227138189107
restaurant_2,-0.02528259364264074
justice_10,-0.025287689462917352
firm_2,-0.025289775365898846
companies_8,-0.02530298094637242
train_15,-0.025315155254872202
firm_6,-0.02531537630710532
garden_19,-0.02532001691649961
legal_1,-0.025320112053884337
council_3,-0.025322660843754542
founded_10,-0.025325480899163044
politics_3,-0.025327964800128777
travel_3,-0.02532929985918877
council_18,-0.025334208732687546
washington_2,-0.025342671792511616
founded_4,-0.02535718974729806
party_4,-0.025366874203075818
tourism_4,-0.025381451998404914
project_6,-0.025414844501812084
business_2,-0.025420698491689063
cash_1,-0.025422909870244224
lifestyle_15,-0.025442648789679147
fine_8,-0.025446715281001998
vermont_8,-0.02544851383482183
economy_4,-0.025456959001252756
leverage_4,-0.02545961539123227
federal_17,-0.02546056610900278
tourism_9,-0.02546158339882214
tourism_8,-0.025461935538604718
dividend_13,-0.025472442916918102
district_1,-0.025473440971470706
finance_15,-0.025476430643044855
business_13,-0.02548005103725375
ltd_3,-0.02548830316319317
finance_18,-0.02549753225829099
health_1,-0.025499092438039606
washington_12,-0.025502200835639387
tourism_5,-0.02550972271315539
invest_1,-0.025517805072485068
loss_2,-0.025531993286084263
investment_20,-0.025537608492852228
debt_20,-0.025548671000278335
companies_1,-0.02557091221958454
marriage_17,-0.02558981146117012
holiday_16,-0.02559020520775359
return_15,-0.02561318227726981
technology_18,-0.025617201714889327
committee_1,-0.025617292563093263
college_1,-0.025617960201021896
fed_2,-0.025646783927438844
law_19,-0.02565484124608335
seats_1,-0.025655280069856713
earnings_9,-0.025668574346478446
religion_4,-0.025670612798482307
rights_4,-0.025688579986748384
home_11,-0.025700401597263122
chance_16,-0.0257123040551261
inc_2,-0.025712392955646403
risk_1,-0.025721422993588282
consumption_8,-0.025727481848459056
vermont_18,-0.025736245437311612
rare_earths_5,-0.02574782510226061
elected_5,-0.02574782510226061
short_selling_5,-0.02574782510226061
ore_5,-0.02574782510226061
fond_5,-0.02574782510226061
derivatives_5,-0.02574782510226061
greed_5,-0.02574782510226061
financial_markets_5,-0.02574782510226061
consume_5,-0.02574782510226061
BUY_AND_HOLD_5,-0.02574782510226061
short_sell_5,-0.02574782510226061
served_5,-0.02574782510226061
ohio_3,-0.025753664671056064
color_17,-0.025755877421603256
blacklist_20,-0.025759526280116574
county_15,-0.025762987861318476
debt_13,-0.025767552253911495
return_2,-0.025768008401789454
nasdaq_5,-0.025779640926086332
college_2,-0.02578016753791963
invest_8,-0.025788056301677
ceo_9,-0.025790060257692503
vermont_2,-0.025832429932415236
pennsylvania_8,-0.02583655698439182
votes_4,-0.025846612042657167
dow_jones_15,-0.02585241999136103
religion_8,-0.025873232860148265
inflation_1,-0.025893717904321868
forex_1,-0.025905878349596657
market_1,-0.02591711707062334
invest_20,-0.025923270640340855
economic_4,-0.025923368365109046
freedom_10,-0.025925486773499352
gain_2,-0.025951198549513266
county_13,-0.025988141183829506
economic_20,-0.026007585098166787
industry_4,-0.02601212109216735
judge_19,-0.026012628911768275
portfolio_13,-0.026021611611521167
act_1,-0.026025449651313683
products_9,-0.026028720138725793
massachusetts_10,-0.026035616523348803
garden_4,-0.02604181075458032
union_13,-0.02604951385528098
carolina_17,-0.026070606916531448
voters_8,-0.026079559573295975
default_11,-0.026083972822039204
trader_18,-0.026090858862038234
unemployment_4,-0.02611422418997449
fun_4,-0.026129977821464135
justice_5,-0.026140928682281482
garden_3,-0.026150756629622896
chance_15,-0.026176801441994545
media_16,-0.026178501202818904
earnings_13,-0.026180124595893937
gain_15,-0.026194677901087628
water_15,-0.026224419155680058
president_16,-0.02623126933572939
train_16,-0.026235305131503052
industry_13,-0.026237638755593908
million_8,-0.02624780331754395
justice_15,-0.02624809793403331
election_3,-0.026250269949843096
companies_2,-0.02625287100343454
restaurant_17,-0.02627522301207248
minister_3,-0.026288625185736804
technology_20,-0.02628959456813986
pennsylvania_5,-0.02631673488563837
headlines_5,-0.026332202404893333
global_2,-0.026333174678415693
dividend_8,-0.026334706725294053
missouri_16,-0.026339575017868343
companies_4,-0.02634010617737812
missouri_18,-0.026341653084567707
office_15,-0.026344129894866165
metals_2,-0.02635018347175102
service_1,-0.026373900661857165
loss_18,-0.02637651512449224
media_4,-0.026380653183707525
council_2,-0.02638107998038399
debt_16,-0.026381905458681975
representatives_5,-0.026388718524527132
car_20,-0.02638919475207078
lifestyle_13,-0.02639469193245094
hedge_8,-0.026400111604556888
earnings_3,-0.026410744738716317
portfolio_20,-0.026461304720865008
government_1,-0.026461405626814937
georgia_17,-0.02647641694454228
forex_8,-0.02647796270405578
political_20,-0.0264796100702396
trader_11,-0.026481584600675023
washington_4,-0.026487080403139608
law_20,-0.02648894980900842
government_8,-0.026497968911619353
consumption_15,-0.026502229583392278
judge_16,-0.0265117727512451
energy_4,-0.026517828902170117
conflict_8,-0.02652666874757268
transaction_1,-0.02655764512041998
kentucky_17,-0.02655828518682679
food_18,-0.026564262705055984
garden_12,-0.026568817557401814
project_3,-0.026580452490647954
council_13,-0.026601109563970392
arts_4,-0.02661178563344866
market_13,-0.026614293232494535
society_16,-0.026617119030395254
earnings_4,-0.02663390213022432
food_9,-0.026641789233815483
global_4,-0.026664914163795662
political_19,-0.026666088302814916
union_9,-0.026668775789816367
nasdaq_15,-0.02667590314327726
gain_1,-0.026681469692864734
president_4,-0.026683019073165393
sell_19,-0.02669262049239951
restaurant_18,-0.026696728897801503
headlines_2,-0.026701204575989502
debt_18,-0.026704602142668964
investment_4,-0.026707475119945378
tennessee_19,-0.02670848882743442
ltd_8,-0.026710906931024403
management_1,-0.0267189745227129
law_1,-0.026726372292042288
firm_9,-0.026726998475025753
legal_17,-0.02672822893004396
leverage_7,-0.02674990171167857
fun_3,-0.02676196919226668
holiday_8,-0.026765363543554143
democratic_20,-0.026797107497412063
seats_4,-0.02680298411855202
restaurant_12,-0.0268130494110028
ministry_13,-0.02681580218433941
million_2,-0.02682752876939438
founded_1,-0.026835072851070098
stats_2,-0.02684462203532494
hedge_2,-0.02684663029967018
garden_2,-0.026861277685941532
founded_15,-0.02687499988502029
president_19,-0.02687594276446381
pennsylvania_17,-0.026880284285010526
housing_15,-0.026904502912737584
bubble_13,-0.026908688866991735
holiday_2,-0.026909653136912737
representatives_20,-0.02691127928954946
tennessee_2,-0.026911513575505697
college_19,-0.026916031582852606
environment_8,-0.0269183510282196
voters_20,-0.026926146939421525
fed_1,-0.026953326537965894
leverage_6,-0.026953471430157205
founded_8,-0.026956629818366197
restaurant_20,-0.026962804845767428
council_15,-0.026976722152578913
restaurant_1,-0.026977304358036136
firm_15,-0.026979468928100547
dividend_16,-0.026983217269009808
council_4,-0.02703405688668863
inflation_20,-0.02704115312783064
religion_15,-0.027048202193275816
representatives_2,-0.0270521980553061
lifestyle_9,-0.02705425448236436
judge_4,-0.027064645830156043
invest_6,-0.027067201803606798
gains_2,-0.02707285288592527
industry_16,-0.02708588320298979
representatives_10,-0.027096983137658025
pennsylvania_1,-0.02709919031965331
transaction_8,-0.02710056986110141
oil_18,-0.027140276544311902
justice_20,-0.027142229940996708
lifestyle_6,-0.02714644295662687
conflict_15,-0.027156191846317502
nasdaq_8,-0.02716885479641302
environment_1,-0.027182884941984196
rich_18,-0.027189227688652264
financial_15,-0.027192528842201802
inc_13,-0.02719391331230452
union_2,-0.027208634824613043
washington_6,-0.027210044138606483
massachusetts_12,-0.02722318358382727
firm_8,-0.027231838984390456
development_4,-0.027242958357473257
ltd_1,-0.02725209519242433
holiday_9,-0.02727080765254075
ohio_18,-0.02728338770153833
county_18,-0.02729617014234398
environment_2,-0.027297602524271113
vermont_5,-0.027298115106819433
oil_6,-0.027313280591787836
ceo_4,-0.027320859862893808
dividend_2,-0.02732778939501488
success_8,-0.02733446877854744
financial_13,-0.02734466037586265
unemployment_1,-0.027345017025954866
transaction_12,-0.02734566413693551
home_15,-0.027357098954255265
products_15,-0.027363706619772388
present_3,-0.027397643098918366
markets_3,-0.027402395676367798
freedom_20,-0.027426779637167154
travel_16,-0.027429721907675654
federal_15,-0.027430357873328058
movement_16,-0.027436077706119888
revenue_13,-0.02744166155356975
economic_3,-0.027450791686540677
metals_9,-0.02745840982020853
seats_16,-0.027463771282640947
society_1,-0.027464383682448034
members_10,-0.02747302676744532
project_8,-0.027473146378441247
opportunity_19,-0.027474868918697014
nasdaq_9,-0.027485056264524153
gain_4,-0.027495053831716375
hedge_19,-0.027496275188988607
religion_5,-0.027505707207562534
media_12,-0.027506264263182655
votes_20,-0.02750916291285519
republican_5,-0.02751135875576056
act_2,-0.02752095747544745
restaurant_8,-0.02752669050324381
success_20,-0.02752691308946025
culture_17,-0.02753919195546193
fun_2,-0.027570503921031664
security_4,-0.027578630979671635
water_1,-0.027580365046453004
corporation_15,-0.02758121531362523
project_5,-0.02758718216944709
social_15,-0.02758865773850805
members_18,-0.02759306167894493
committee_4,-0.027593842913778577
tennessee_16,-0.027593988145012883
risk_17,-0.027599233775763232
firm_5,-0.027607702607518526
million_16,-0.027609442904125748
success_17,-0.027628089390383904
home_20,-0.02764825492353009
unemployment_3,-0.027651238087539866
served_19,-0.027655014456677618
elected_19,-0.027655014456677618
derivatives_19,-0.027655014456677618
BUY_AND_HOLD_19,-0.027655014456677618
fond_19,-0.027655014456677618
short_sell_19,-0.027655014456677618
consume_19,-0.027655014456677618
short_selling_19,-0.027655014456677618
greed_19,-0.027655014456677618
financial_markets_19,-0.027655014456677618
rare_earths_19,-0.027655014456677618
ore_19,-0.027655014456677618
industry_19,-0.027657306384638904
police_19,-0.027665463969971806
district_15,-0.027670153913320217
service_12,-0.027699172089886325
stats_17,-0.027701341297640236
firm_19,-0.027702346052837702
home_8,-0.02770882471244578
invest_5,-0.027716060094792484
william_1,-0.02771643289040342
votes_11,-0.02771729456753007
investment_3,-0.027723034004358292
culture_3,-0.02772425392477753
invest_19,-0.027754232619216324
justice_1,-0.027754638620499584
fine_1,-0.027756146783433834
opportunity_13,-0.02779041068150421
texas_19,-0.027807744996458682
happy_5,-0.027813947966923068
environment_5,-0.027820573179536456
nasdaq_6,-0.02783015813968792
religion_20,-0.027848232644873218
media_19,-0.02784903754473771
financial_9,-0.027889287316529687
opportunity_8,-0.02789256504193196
rights_7,-0.027899594902423865
ministry_4,-0.027924189680495926
headlines_1,-0.027941709238657443
economics_3,-0.027943782462780287
illinois_16,-0.02794382859529323
corporation_4,-0.027962686098185106
gain_13,-0.027971480973052198
risk_16,-0.027977850607749554
dividend_9,-0.02798314958903869
virginia_1,-0.02799587065159841
voters_5,-0.027996856275545268
default_4,-0.0280025886163195
default_16,-0.028007211259081212
members_1,-0.0280123902347549
vermont_6,-0.028013246943034885
growth_15,-0.028026409542806885
transaction_10,-0.02804346200853076
nasdaq_19,-0.02805264707982442
buy_2,-0.02805547878290604
transaction_4,-0.028068284531416566
lifestyle_1,-0.028080774090778648
blacklist_19,-0.028087376399459508
invest_16,-0.028094232814066665
judge_18,-0.02809803106883575
bonds_5,-0.02811037039052857
illinois_18,-0.028114087512122122
economic_19,-0.028130236479603797
investment_2,-0.028145515185615765
justice_2,-0.028185193154923162
union_3,-0.028187843896579468
economy_3,-0.02819882975993433
freedom_19,-0.028205163509236898
york_5,-0.02820815525620237
members_12,-0.028210650570907526
oil_5,-0.02821924742816744
members_2,-0.028219488752290543
market_2,-0.028226797245167988
york_19,-0.028232455265611533
federal_18,-0.02823633166978299
pennsylvania_19,-0.028259219955754356
garden_15,-0.02826158162068313
dow_jones_4,-0.028265970969450604
environment_10,-0.02827504963403602
loss_1,-0.028278607590593353
growth_2,-0.028287853923317542
rights_19,-0.028294087987732565
DOW_JONES_9,-0.028297790433599902
gain_7,-0.02829985757018738
development_1,-0.0282998878103488
judge_3,-0.02830285735528846
companies_10,-0.028304108619550926
leverage_19,-0.028318751380567875
gains_11,-0.028324517566253028
rights_13,-0.028330484425098224
market_3,-0.028339095185126163
court_15,-0.02834706598043595
tourism_13,-0.02834853092238827
arts_8,-0.028354367722954476
illinois_7,-0.02836769229037246
sell_16,-0.0283774671185262
movement_20,-0.028378184693937093
industry_20,-0.028389470629977452
kentucky_19,-0.02839903873624745
headlines_4,-0.028403427627482714
management_15,-0.028418625579998524
service_3,-0.028425569927389382
pennsylvania_9,-0.028427880707347607
headlines_19,-0.028430332227918863
bonds_8,-0.028446023337160575
firm_13,-0.028458905731380345
revenue_10,-0.02846993466915184
loss_4,-0.028584787625530562
washington_19,-0.028592472683998827
success_9,-0.028605791735391482
corporation_8,-0.028634322855935035
blacklist_15,-0.028636465573589363
inflation_9,-0.02864806761256846
industry_10,-0.02865064080397315
founded_5,-0.028656493443127685
products_10,-0.028667936046868504
inflation_7,-0.028674781842228002
wisconsin_16,-0.02867493792179652
minister_6,-0.028704764623653168
home_6,-0.028724151135285057
home_4,-0.028728394718051754
economic_13,-0.028736882168944256
consumption_5,-0.028737322066656534
debt_6,-0.028749828392357867
tourism_6,-0.028757523705299538
media_13,-0.02875861077453521
forex_10,-0.028769957641608855
marketing_16,-0.028773540086120587
county_1,-0.028774675209409194
stock_market_2,-0.02879371770779582
portfolio_3,-0.028807075223944878
consumption_17,-0.028808876576961205
success_16,-0.02881400536301999
members_6,-0.028814191975402803
fond_13,-0.028828810635178927
served_13,-0.028828810635178927
rare_earths_13,-0.028828810635178927
short_sell_13,-0.028828810635178927
greed_13,-0.028828810635178927
ore_13,-0.028828810635178927
financial_markets_13,-0.028828810635178927
elected_13,-0.028828810635178927
consume_13,-0.028828810635178927
derivatives_13,-0.028828810635178927
BUY_AND_HOLD_13,-0.028828810635178927
short_selling_13,-0.028828810635178927
vermont_9,-0.02883040832773165
fine_9,-0.028846879109609546
union_12,-0.028866456794819206
global_20,-0.028880563606189624
bubble_5,-0.028885509328020587
default_19,-0.02890916294368877
secretary_2,-0.028909757480188092
federal_16,-0.02891055042444999
short_sell_9,-0.028912008783761656
elected_9,-0.028912008783761656
derivatives_9,-0.028912008783761656
rare_earths_9,-0.028912008783761656
fond_9,-0.028912008783761656
greed_9,-0.028912008783761656
served_9,-0.028912008783761656
short_selling_9,-0.028912008783761656
BUY_AND_HOLD_9,-0.028912008783761656
consume_9,-0.028912008783761656
financial_markets_9,-0.028912008783761656
ore_9,-0.028912008783761656
nasdaq_13,-0.028914519951230223
money_20,-0.0289160306028313
transaction_5,-0.028935312229658484
district_19,-0.028941754088769887
lifestyle_10,-0.02896736508108675
voters_9,-0.028972121450444654
government_9,-0.028972489872199227
companies_19,-0.02897416675578961
stocks_9,-0.028993477110318744
vermont_11,-0.028999063887366328
massachusetts_1,-0.02900878985298605
ceo_12,-0.029013247835541888
car_1,-0.029013740236826013
cancer_18,-0.029016572422840746
blacklist_7,-0.029022111262965767
stock_market_15,-0.02904167718180841
act_16,-0.029048661877763515
cash_6,-0.029054635888544445
cancer_6,-0.029064752870920564
movement_13,-0.029069902092828958
court_10,-0.029078365598688483
cancer_3,-0.029087561171723487
tennessee_5,-0.029103936047814825
ministry_9,-0.02910814680644147
votes_13,-0.029115674431028183
earnings_8,-0.029119167134844703
dividend_10,-0.029119313608771735
portfolio_4,-0.029124864631671833
consumption_12,-0.029135931250480706
fun_1,-0.029144818863697863
finance_9,-0.029155938268332404
service_18,-0.029156780870019983
fond_6,-0.029159422111690824
BUY_AND_HOLD_6,-0.029159422111690824
served_6,-0.029159422111690824
ore_6,-0.029159422111690824
financial_markets_6,-0.029159422111690824
derivatives_6,-0.029159422111690824
elected_6,-0.029159422111690824
rare_earths_6,-0.029159422111690824
consume_6,-0.029159422111690824
short_selling_6,-0.029159422111690824
greed_6,-0.029159422111690824
short_sell_6,-0.029159422111690824
war_19,-0.02916405234898247
federal_3,-0.02918432674198059
society_9,-0.029187070866679286
leverage_10,-0.029191622440440757
movement_6,-0.029193751037426118
leverage_8,-0.029198215323157473
million_19,-0.029204158795126323
movement_3,-0.029205744193639128
gain_19,-0.029205996488931053
industry_6,-0.02920837517157293
holiday_7,-0.029219699611512807
illinois_11,-0.02922462954040501
members_8,-0.029235324450230582
house_18,-0.02924855611654169
restaurant_4,-0.029253065671465683
credit_13,-0.029285793751599586
hedge_6,-0.029287385023983047
tennessee_15,-0.029292508111692726
washington_15,-0.029297014613296656
consumption_7,-0.029306953537613055
growth_1,-0.02931088709272627
society_3,-0.02931458990369684
votes_9,-0.029318779197821176
party_10,-0.02931884180180171
gain_5,-0.02934097427367468
leverage_9,-0.029343497345272106
trader_9,-0.029348798308940726
world_11,-0.029354683205478672
transaction_9,-0.029368604200345084
firm_10,-0.029370731147136488
gain_6,-0.02937364715229518
president_9,-0.029387180370307187
unemployment_8,-0.02938903020250312
religion_1,-0.029395232098271884
politics_2,-0.02941191146786548
society_11,-0.029412017139518066
ring_18,-0.02941209364510531
party_5,-0.029422497510490354
nyse_19,-0.029428772977794206
firm_7,-0.029430849397392732
justice_4,-0.02943751732455302
seats_7,-0.02944273601353493
cancer_8,-0.0294453537135539
ministry_1,-0.029450683482425365
law_2,-0.029457823672408855
founded_11,-0.029464686645605576
trader_13,-0.029465743781067966
garden_6,-0.02947069986048816
transaction_7,-0.029475261847173508
case_6,-0.029479944791314085
project_13,-0.029489255227482136
world_5,-0.029504534361653522
union_17,-0.02951547985134
legal_5,-0.029519977446962088
services_10,-0.02952435819368131
massachusetts_6,-0.029527936265154996
dividend_6,-0.029541994694725893
world_2,-0.029548409177344626
stock_market_19,-0.029552688813751126
representatives_8,-0.029554041572133462
governor_5,-0.029568870358320343
inc_19,-0.029581422446117278
stats_1,-0.029599494538480854
derivatives_10,-0.02960111454839376
fond_10,-0.02960111454839376
served_10,-0.02960111454839376
short_sell_10,-0.02960111454839376
BUY_AND_HOLD_10,-0.02960111454839376
consume_10,-0.02960111454839376
ore_10,-0.02960111454839376
greed_10,-0.02960111454839376
elected_10,-0.02960111454839376
financial_markets_10,-0.02960111454839376
short_selling_10,-0.02960111454839376
rare_earths_10,-0.02960111454839376
votes_16,-0.029603630498711907
georgia_6,-0.029607811122116034
gold_15,-0.02962336119076925
party_14,-0.029637545792314767
war_1,-0.02964665858086919
pennsylvania_11,-0.029662313007240936
carolina_16,-0.029663062712240996
technology_2,-0.029683675586481106
management_19,-0.02968465002246572
culture_18,-0.029689603002390985
massachusetts_5,-0.029690159498932788
forex_13,-0.029691736816214842
inflation_11,-0.02970542839505752
legal_2,-0.02970929963934117
conflict_4,-0.029726318130920637
seats_8,-0.02974679882451765
war_6,-0.02974795710554561
buy_17,-0.029749542298643062
union_19,-0.02975634376797085
committee_9,-0.029761612666121273
development_2,-0.029770223229558447
inc_1,-0.029774947589111322
bubble_9,-0.029797470581047335
voters_18,-0.029810324035305213
forex_12,-0.02981617404662502
food_8,-0.02982637464557807
train_6,-0.029841524078421312
movie_13,-0.029847931460607224
cash_15,-0.02985224130309807
minister_15,-0.02985248627357375
political_17,-0.029858886092142777
services_13,-0.029874282911868177
district_18,-0.029886353571718073
bank_16,-0.02989422064595133
trader_2,-0.029898647447566474
trader_15,-0.029898876850953382
religion_7,-0.02993452707730999
texas_4,-0.029940019117746575
wisconsin_3,-0.029941834341368278
act_3,-0.02994350890407522
trader_6,-0.029946321073178517
community_10,-0.029946596045391717
media_1,-0.02994777494072336
house_16,-0.02997727370184855
credit_10,-0.029998150434517368
credit_8,-0.030000433534075176
train_4,-0.030000980754527663
illinois_4,-0.03000176054377457
industry_9,-0.0300059964347311
gain_10,-0.030009599138128017
conflict_7,-0.0300180231028361
rights_10,-0.03002735100482219
opportunity_10,-0.03004716221193684
economy_10,-0.030048043475415852
house_7,-0.030051050899885468
college_7,-0.030072200127292927
growth_18,-0.03009604199112974
loss_10,-0.030100326229958906
economic_18,-0.030117164232508032
investment_10,-0.030121466684736874
invest_2,-0.030124336092889538
forex_6,-0.030126704467402066
home_2,-0.030128580204241407
council_16,-0.03012861085741132
judge_2,-0.030129523817152816
inc_4,-0.030133152937896313
services_12,-0.030151434488755104
county_19,-0.030172209937601568
credit_1,-0.030183046191596553
technology_15,-0.030187486599203117
bubble_6,-0.030191284242293604
debt_12,-0.030191656487288367
fine_19,-0.030196002596232452
default_13,-0.03019830714310967
returns_3,-0.03019928480379259
minister_13,-0.030201459128484043
energy_20,-0.030219398880760195
services_4,-0.03022260473885465
service_10,-0.03022983173700249
marketing_19,-0.03023068582491715
law_10,-0.03023113583481496
ltd_4,-0.03023150911024277
ministry_18,-0.030275236068300494
hedge_7,-0.030276620308277602
movement_19,-0.030277449741898478
ministry_12,-0.030281518478621705
corporation_13,-0.030305472217178674
legal_16,-0.030305591549923717
present_4,-0.03031943208006438
economy_9,-0.03033212826770366
secretary_3,-0.030335590952109782
act_10,-0.030336465105670563
invest_10,-0.03034645370521589
stocks_1,-0.030357979912551247
sell_17,-0.030365192049055433
legal_10,-0.03036573465593091
court_20,-0.030378620201468177
founded_9,-0.030379093855710426
ceo_15,-0.030391417943930722
companies_12,-0.030392318878777913
votes_6,-0.030398608042996166
case_16,-0.030421232457773374
york_6,-0.03042674722842644
tennessee_3,-0.030431230986590306
hedge_13,-0.030435223537238175
housing_4,-0.03044098102703143
sell_6,-0.030447548123287715
management_10,-0.030450042383680764
ring_16,-0.030468952910036283
million_9,-0.03049337994899961
committee_19,-0.030493906218992527
legal_7,-0.030496728598636058
government_11,-0.030512127875913973
ceo_20,-0.030528162293609485
security_20,-0.030536497023839027
government_19,-0.03054814762116358
revenue_16,-0.030556679476562598
economics_19,-0.030559121038580783
tennessee_8,-0.03056122903788052
economy_8,-0.030564293153089728
culture_4,-0.030571927274606357
corporation_12,-0.030579457516715404
college_16,-0.030580597136599642
secretary_19,-0.03058518140015145
tourism_7,-0.030597334055797076
tourism_11,-0.03061176385045532
founded_13,-0.030613245754593676
lifestyle_7,-0.030614747130567756
democratic_16,-0.030654586949933837
happy_4,-0.03066193924153875
market_5,-0.0306634719471347
movie_20,-0.030675844610879376
home_13,-0.030676824069705642
federal_8,-0.03067900495995084
forex_16,-0.03068765474768722
ring_9,-0.03068973502016794
society_6,-0.030690811013840746
companies_6,-0.03069832891715949
cash_19,-0.030698710478104196
representatives_13,-0.030701287483279893
happy_10,-0.030708861671161138
development_13,-0.030714103929704372
portfolio_10,-0.030721941686695155
money_3,-0.03073594181417503
health_10,-0.03074883257321357
kitchen_12,-0.03075042789842808
washington_9,-0.030751183147284977
metals_13,-0.030762461889392533
house_5,-0.030767863767374726
social_2,-0.030776061469101345
community_19,-0.03079488673116042
bubble_7,-0.030799280611614722
elected_7,-0.030801854195335633
greed_7,-0.030801854195335633
fond_7,-0.030801854195335633
ore_7,-0.030801854195335633
headlines_6,-0.030801854195335633
rare_earths_7,-0.030801854195335633
served_7,-0.030801854195335633
consume_7,-0.030801854195335633
financial_markets_7,-0.030801854195335633
short_sell_7,-0.030801854195335633
BUY_AND_HOLD_7,-0.030801854195335633
derivatives_7,-0.030801854195335633
short_selling_7,-0.030801854195335633
government_4,-0.030831012916107726
tourism_3,-0.03084231873523664
profit_9,-0.030847814605930425
tennessee_20,-0.03085232313744215
risk_19,-0.030860137207508485
york_4,-0.03087874354417146
security_16,-0.03089083675145583
judge_12,-0.030895429081095195
crash_3,-0.03089978881716453
forex_11,-0.030902991699539827
bank_17,-0.030918253087739433
union_7,-0.030927075352902712
present_18,-0.030928826741749127
industry_7,-0.030938304292333796
republican_4,-0.030954649366062226
illinois_19,-0.03096405087179981
returns_1,-0.03098038020432927
management_18,-0.03098611017302675
freedom_3,-0.03098988574907773
law_4,-0.030990173136284938
nasdaq_7,-0.030991310075753776
million_7,-0.031002164656805255
leverage_12,-0.03100218995684214
inc_10,-0.031004859463534085
william_8,-0.03102014028462565
return_19,-0.03102493664478252
representatives_19,-0.03102798805022693
technology_9,-0.031046910499733384
present_11,-0.03105210604983033
finance_4,-0.031070659699408455
consumption_6,-0.031071771758969358
consumption_13,-0.031073294511074857
hedge_10,-0.03107619386634406
media_6,-0.031080199012959997
invest_9,-0.031083811111891534
invest_4,-0.03109662661695538
success_15,-0.031103971203929492
consumption_9,-0.031113768908722684
minister_7,-0.031114653589806453
products_6,-0.031120091467709575
ceo_10,-0.031127139414641403
stats_8,-0.031129680312836472
invest_11,-0.031133947877983025
movie_12,-0.031134160474129847
marketing_12,-0.03114467335335882
leverage_13,-0.031146428420009607
stats_13,-0.031151784327393784
risk_10,-0.031155394477696486
return_16,-0.031162604193357167
cancer_17,-0.031170712905844344
social_20,-0.031175112560635498
crash_4,-0.031180194714679386
office_12,-0.031180295035651652
forex_19,-0.031190260966986516
democratic_19,-0.031190696799362438
carolina_15,-0.031207539202667056
technology_19,-0.031216242365956947
happy_19,-0.031217234534720827
garden_13,-0.031219256544667395
dividend_7,-0.031227489563391764
car_12,-0.031242646791314343
money_2,-0.031244425740747685
chance_7,-0.03126120478162566
returns_7,-0.03126167336039678
inflation_19,-0.03128477166628159
movie_19,-0.03128895207840236
technology_4,-0.031292900071834495
leverage_5,-0.031293607281014914
investment_6,-0.031296536643628636
environment_13,-0.031299452395459504
services_19,-0.031300051632697445
crisis_9,-0.03131261412749531
votes_7,-0.03131926109863379
republican_16,-0.03133743744742068
corporation_6,-0.031339674661582405
food_7,-0.03133972264279268
BUY_AND_HOLD_11,-0.03134192261473394
fond_11,-0.03134192261473394
derivatives_11,-0.03134192261473394
short_sell_11,-0.03134192261473394
short_selling_11,-0.03134192261473394
elected_11,-0.03134192261473394
rare_earths_11,-0.03134192261473394
ore_11,-0.03134192261473394
financial_markets_11,-0.03134192261473394
consume_11,-0.03134192261473394
served_11,-0.03134192261473394
greed_11,-0.03134192261473394
economic_10,-0.03135734540838413
stock_market_18,-0.031366228253241514
DOW_JONES_1,-0.03137135036403031
oil_16,-0.031373815981104246
york_12,-0.031385610402599795
illinois_14,-0.031396810819308604
rich_20,-0.031404472973335665
virginia_5,-0.03140545145762663
religion_19,-0.03141159037429118
transaction_11,-0.03141176694545054
risk_7,-0.031412977266279764
inflation_10,-0.03141487957164779
texas_16,-0.03142343908121772
stats_5,-0.03143259708592849
loss_12,-0.03144287588827492
companies_16,-0.031445400307505665
dividend_19,-0.031455518968987864
william_9,-0.031471086464435596
stocks_3,-0.0314813204256549
office_18,-0.031483640277253255
travel_17,-0.03149409788010453
default_9,-0.031494680380479624
rich_1,-0.03149529628791052
headlines_7,-0.03151192478649756
council_19,-0.03151298466884813
health_13,-0.031531000685676894
members_3,-0.0315343766591019
party_1,-0.0315381129094767
train_2,-0.03153910074484745
gain_11,-0.031543519023623914
law_9,-0.031545413516513875
movement_11,-0.03154758202119301
economics_5,-0.03156763824205446
election_4,-0.03156812531345208
earnings_1,-0.03157454401618189
act_19,-0.03157484300734288
corporation_10,-0.031587361806364365
leverage_11,-0.03159396510404242
health_12,-0.03159719829407144
water_9,-0.03160095988768239
stocks_12,-0.03160957721285322
ring_5,-0.031611197683215075
fun_15,-0.03162011161969795
county_12,-0.03162461995932919
technology_10,-0.031627111226024726
cancer_13,-0.03163261355120517
present_5,-0.03163307903984129
dow_jones_19,-0.03163999316709361
bubble_10,-0.03164501406940427
global_8,-0.031647872958832646
business_19,-0.03165236009732355
cash_2,-0.03166918501739546
risk_4,-0.03166968301096444
project_4,-0.031696586652025974
world_12,-0.031718723248080116
blacklist_5,-0.031720192213850605
republican_17,-0.03172258587666774
consumption_10,-0.03172630568546657
oil_10,-0.031730093887677314
ceo_7,-0.03173252126843469
fun_6,-0.0317358603770231
political_1,-0.03174127739224401
office_19,-0.03174401054836453
financial_4,-0.03174742859740731
nyse_10,-0.031751863918230615
bubble_18,-0.0317632931692402
bank_19,-0.03177705105198958
opportunity_7,-0.03178869361314125
metals_12,-0.031802044034844504
market_10,-0.03181294441519513
success_11,-0.031821712732109673
firm_11,-0.03182802721482627
development_19,-0.031835674588810536
seats_13,-0.031837578620406704
trader_8,-0.03184748967488042
food_19,-0.03185830251653214
office_9,-0.03186094796115426
transaction_14,-0.03186708081802318
crisis_15,-0.03187579692792606
party_8,-0.0318852116010818
judge_13,-0.03188725235112577
government_17,-0.03188763329258595
movie_4,-0.03190054556979434
color_10,-0.031902288567592765
garden_11,-0.031903040317221534
illinois_20,-0.031903964339668134
bubble_11,-0.031908874483801045
color_16,-0.03192939420883707
blacklist_9,-0.0319349294025721
default_6,-0.0319509057230208
college_10,-0.03195179197738265
social_1,-0.03195522188363746
representatives_11,-0.031960197691428084
forex_7,-0.031961329455215924
washington_13,-0.03196250243802164
global_12,-0.03196419621484192
movie_2,-0.03196550042172712
markets_9,-0.03198227116749417
court_12,-0.03198706966376863
tourism_10,-0.0319885827674091
buy_1,-0.0319903914031058
president_13,-0.032001099481721806
act_8,-0.0320037496903014
wisconsin_8,-0.03203109695186614
committee_2,-0.03208542080796115
fun_13,-0.0320945118280638
fun_10,-0.032100022813918175
rare_earths_12,-0.032107647241194616
elected_12,-0.032107647241194616
short_sell_12,-0.032107647241194616
ore_12,-0.032107647241194616
served_12,-0.032107647241194616
short_selling_12,-0.032107647241194616
financial_markets_12,-0.032107647241194616
derivatives_12,-0.032107647241194616
greed_12,-0.032107647241194616
fond_12,-0.032107647241194616
BUY_AND_HOLD_12,-0.032107647241194616
consume_12,-0.032107647241194616
firm_12,-0.03210787080504034
revenue_20,-0.032113059038672544
voters_2,-0.032123195488771294
law_6,-0.032129704395509794
banking_11,-0.032139611534134915
arts_13,-0.0321432429232756
crisis_19,-0.03214345947594639
opportunity_9,-0.032162098307703293
fed_6,-0.03216694465951153
president_18,-0.032175348978387294
committee_7,-0.032182831796643455
gains_9,-0.03218875142086288
banking_2,-0.03219746633153968
district_7,-0.03220862507020657
million_20,-0.03221010228296781
fun_11,-0.032233989600817005
nasdaq_12,-0.03225835937020405
cancer_20,-0.032265539335749736
energy_13,-0.032272086681204515
minister_5,-0.032277308843243334
texas_6,-0.03228919913910568
chance_6,-0.03230045085839717
hedge_4,-0.032322801742476814
government_12,-0.03234366712582772
ring_3,-0.03235321371791424
gains_10,-0.03236734827217007
economics_1,-0.03237316630162408
marketing_15,-0.03237702032078786
investment_7,-0.03237872473714454
banking_13,-0.03238347305533203
money_7,-0.03238418810742642
lifestyle_4,-0.03239813807466922
leverage_14,-0.03241848407116714
elections_10,-0.03243277985437816
community_13,-0.03244196441536858
portfolio_19,-0.03245114603740775
million_13,-0.032453820018861726
train_1,-0.032456115965721975
metals_16,-0.032475500488713414
dividend_12,-0.03247767468277796
marketing_13,-0.03249477252242587
social_10,-0.032497066653896026
crash_15,-0.03250603164561252
water_11,-0.03250950977986285
headlines_13,-0.0325097135362211
home_19,-0.032521734599407395
freedom_8,-0.032521903723267534
housing_7,-0.03252722842552129
credit_19,-0.0325284832824835
union_4,-0.03253237502316868
growth_8,-0.0325344110895863
marketing_7,-0.032543594702373266
crash_7,-0.03254769306456919
fed_15,-0.03254984456720873
oil_4,-0.032550316047909277
kitchen_4,-0.032575758157052624
party_11,-0.03257984080886187
community_16,-0.03258433536664229
religion_9,-0.03260541635337564
investment_19,-0.032609113024861316
stocks_4,-0.032612676840745716
county_10,-0.032621358026790115
cancer_12,-0.03262992759289256
cancer_16,-0.03265149834139973
development_10,-0.0326796062930661
financial_16,-0.032691874387348906
vermont_7,-0.03269550423208063
stock_market_4,-0.0327140910813871
kitchen_16,-0.03271511935823137
rich_7,-0.0327170718836026
oil_2,-0.0327278643551129
founded_19,-0.032731721801964354
gain_12,-0.03273409030315359
minister_12,-0.03274634750484386
economy_7,-0.03278430684149909
ceo_11,-0.03278651702055162
fun_19,-0.032812075301919076
court_11,-0.032817243945351106
chance_1,-0.03281814585388672
ministry_6,-0.03284372477739721
case_10,-0.03288339648049465
gains_12,-0.032889449064422926
massachusetts_7,-0.0328961557718229
gains_4,-0.032898247552114436
cash_14,-0.03290145309961272
debt_11,-0.03291290667649387
debt_4,-0.03291831384839021
vermont_10,-0.03292693244948253
ministry_19,-0.03292810637009147
voters_10,-0.03293308028082431
energy_19,-0.03294073977623426
members_17,-0.03294100481155322
security_12,-0.032958653771436475
home_5,-0.032977454749485366
illinois_15,-0.032988003356321925
house_15,-0.03300310365752557
credit_18,-0.0330137774025165
food_12,-0.033019287276055076
earnings_7,-0.033019555315901394
court_16,-0.03302775062762671
travel_4,-0.03303633195067619
act_17,-0.03304663518864785
project_9,-0.03304761558352902
war_7,-0.033055573619951616
technology_8,-0.03305653507819315
conflict_19,-0.033079435941606825
marriage_6,-0.03308616120649939
travel_19,-0.033095453465748846
business_10,-0.03313477893177661
law_13,-0.033156597634444604
portfolio_12,-0.03316442059111937
default_12,-0.03316808446197348
service_13,-0.033170332390222046
gains_8,-0.03319005652703995
freedom_9,-0.03319754054028632
happy_13,-0.033199317238934455
seats_6,-0.033231506169195235
sell_12,-0.03323305904633844
wisconsin_20,-0.03324527542127955
college_15,-0.033246185038776764
business_3,-0.03324832251628866
community_8,-0.03325068595185936
county_9,-0.03325178495193877
tennessee_7,-0.033255118148888596
management_12,-0.033255506687568916
products_8,-0.03325703792900505
vermont_12,-0.033257745900183155
bank_7,-0.0332652445423687
media_5,-0.033265374625761825
service_7,-0.033269652190344015
marketing_10,-0.033271585713985516
cancer_15,-0.03328464252112802
car_3,-0.03329085753114671
justice_11,-0.033298235267318524
fun_16,-0.03330370240730927
blacklist_10,-0.03330539553302188
society_12,-0.033312290670042356
sell_1,-0.03331328674853233
rights_16,-0.03331886666221582
election_1,-0.03332866580715388
media_9,-0.03333760852390235
media_20,-0.03334006748002847
technology_13,-0.03334785718374402
political_9,-0.03335028126206117
york_15,-0.033351224196679574
cash_12,-0.033351504515233076
bonds_7,-0.0333533155672465
union_11,-0.033359792685219894
success_19,-0.03336365993785075
chance_13,-0.03337620524288987
arts_17,-0.03340718624179222
corporation_19,-0.03341455850901163
freedom_6,-0.03342920745985127
stats_4,-0.03345025789764522
profit_8,-0.03345845185431311
markets_2,-0.033475476740275664
dividend_11,-0.03348757811931526
bank_1,-0.0335024382944558
million_12,-0.03350277667112032
wisconsin_10,-0.033519696494837124
market_17,-0.033551885079511165
ministry_20,-0.03355995125591151
management_20,-0.033583274187251114
credit_16,-0.03359105191847993
trader_20,-0.03359806878784148
votes_12,-0.033600221225095074
court_1,-0.03362592503294977
wisconsin_11,-0.033631818134047274
cancer_19,-0.03363887097080807
housing_10,-0.03364812907831467
happy_6,-0.03364873398691115
train_19,-0.03368048802737809
pennsylvania_7,-0.033681343688469687
metals_10,-0.0336993860299998
police_6,-0.03372275485742839
ltd_5,-0.03373314415956465
office_13,-0.033735073482979196
movie_8,-0.03373957243269332
economy_19,-0.03374469678865481
war_4,-0.03375753503109151
oil_7,-0.033780422144600065
transaction_13,-0.03378305792359586
economic_12,-0.033797415493585795
district_6,-0.0338275064145267
money_12,-0.03383383686568102
earnings_10,-0.03384268861069151
legal_19,-0.033860526267510085
community_12,-0.03388933303754131
arts_5,-0.03389256421655762
district_10,-0.03389375858105161
headlines_11,-0.03389572172818396
consumption_11,-0.03389712296368019
freedom_13,-0.03389844657857284
growth_6,-0.03390047101647666
train_13,-0.03390238824041301
loss_13,-0.033906264854812185
massachusetts_15,-0.03390686486406469
economics_7,-0.03392002034216497
conflict_6,-0.033923786461404704
political_15,-0.033927014086202155
social_6,-0.033934095842577984
president_3,-0.033937628105955284
bubble_20,-0.03394058390510004
default_3,-0.0339449540610119
revenue_7,-0.033947062169367825
bonds_18,-0.03396384861156536
world_13,-0.03397609349312616
government_7,-0.03398668552316808
restaurant_6,-0.03400103389453533
social_16,-0.0340077716722472
corporation_9,-0.03401740233716739
present_10,-0.03403405477470034
services_7,-0.03403813650528298
energy_12,-0.03404231289363293
travel_10,-0.034042659789670984
invest_7,-0.03406827561161352
tourism_12,-0.034082746750066485
consumption_16,-0.03408738065232857
carolina_19,-0.03408741143208995
million_11,-0.03409720474852784
economics_15,-0.03410833937823403
cash_11,-0.03411325527799118
gains_13,-0.03411802823403169
economy_16,-0.0341200644199575
virginia_17,-0.03412621235693123
market_8,-0.0341611779939784
office_10,-0.03418001565648434
DOW_JONES_8,-0.034186438986005374
credit_17,-0.0341873221158701
william_15,-0.03418921284255039
return_13,-0.034189856919205196
minister_9,-0.03420346656432312
food_6,-0.03422910526425316
revenue_8,-0.034249437811221715
union_14,-0.034249883348106594
president_17,-0.034266257748086074
blacklist_12,-0.034270336980139614
william_2,-0.034273745059513416
car_16,-0.03428110061386254
holiday_10,-0.034286577472189016
seats_5,-0.03429118217048368
government_10,-0.0342962472920008
washington_16,-0.03430126797846746
DOW_JONES_19,-0.0343042504440574
arts_9,-0.03432039072111672
travel_1,-0.034329561111855054
industry_5,-0.03433462772233531
vermont_19,-0.034334777979957744
inc_6,-0.034341568345711025
kitchen_7,-0.03434769002532099
judge_8,-0.034353209832132324
virginia_19,-0.034359311845960305
district_13,-0.03437722155599245
markets_6,-0.034386700402145046
stock_market_7,-0.03440634366967894
hedge_11,-0.03441391625735477
global_6,-0.034452408851792925
crisis_17,-0.034458277023795135
college_4,-0.034464058815053544
stock_market_1,-0.034469787037301636
services_3,-0.034488056557882965
texas_11,-0.03449330576269973
market_6,-0.034493343450094624
money_10,-0.03449604572556184
secretary_8,-0.034503003742834194
court_19,-0.03450796615037579
financial_19,-0.03453316812878944
movement_14,-0.03455158297486856
finance_10,-0.034554928458814985
gains_16,-0.034560180702079536
security_10,-0.034588328541158765
global_10,-0.03459414885184078
invest_12,-0.03460213111303001
cancer_1,-0.0346068146152881
minister_4,-0.03460867343911158
massachusetts_4,-0.0346135978001179
texas_7,-0.03461703210166282
revenue_19,-0.034622843756440425
committee_13,-0.034623726617956804
service_8,-0.03464066884332902
court_7,-0.03464648966119559
credit_4,-0.034663772495011715
rich_12,-0.03466569986609471
portfolio_1,-0.03466739569278356
housing_8,-0.03467126699421896
secretary_13,-0.03467625341002238
energy_16,-0.03467735782959973
unemployment_14,-0.03468973826784072
washington_7,-0.03471363121122271
travel_15,-0.03472333190280896
rich_11,-0.03472607012647337
DOW_JONES_6,-0.03473379742802085
community_4,-0.03474408590472518
founded_18,-0.03474907781918004
secretary_10,-0.03476247115416653
judge_14,-0.03476357320963921
unemployment_9,-0.03478741286327343
products_7,-0.034807459877929034
washington_5,-0.03480915716757647
services_16,-0.03482313603307863
car_10,-0.03482389730459865
war_5,-0.034829964936763005
government_15,-0.03484113240458016
health_3,-0.0348609777449123
founded_7,-0.03486609355825554
transaction_6,-0.034892192739340036
housing_12,-0.03491186371592066
society_7,-0.03491891385040089
bonds_2,-0.03492120408606414
investment_12,-0.03492133948312248
million_6,-0.034925293751649586
housing_3,-0.03492756612427992
economy_6,-0.03493610286790112
movie_6,-0.034938147736826464
loss_7,-0.03494155043484588
housing_20,-0.0349427979700377
ceo_1,-0.03494624513619338
religion_12,-0.03495873703513215
ohio_11,-0.034964753430293885
fed_19,-0.0349653228797584
management_6,-0.03496849773616435
present_12,-0.03497752968423233
carolina_7,-0.034981471895065286
fed_13,-0.034983114243245184
freedom_18,-0.03499409323301883
movie_10,-0.034999163574512424
governor_19,-0.03501187997960444
community_3,-0.03501778550562647
stocks_19,-0.035021777732162196
finance_12,-0.03502824212982976
texas_15,-0.0350317595694903
success_1,-0.035047537171397546
members_19,-0.03505316175547331
crash_1,-0.035054244410514745
corporation_3,-0.03506557335436935
nasdaq_16,-0.03506883246108883
consumption_2,-0.03507294311945286
metals_6,-0.03507962324594203
products_4,-0.03508009182607965
ltd_7,-0.03508360091676057
bank_11,-0.035088773605762305
judge_9,-0.03510031163715954
bank_10,-0.03511057619369547
county_8,-0.03511810777552402
metals_7,-0.03512859238511064
justice_19,-0.035132849203288144
market_19,-0.0351355328122821
gains_1,-0.03514047858868807
present_13,-0.03514863409230144
office_7,-0.03515919822360882
democratic_9,-0.0351722839696393
lifestyle_14,-0.0351879291511543
food_20,-0.035188275499195766
banking_19,-0.035188651539933315
politics_10,-0.03519107375830503
returns_4,-0.03520725317232043
legal_6,-0.035214263046279545
case_13,-0.035223595632244066
seats_9,-0.035224684873207804
massachusetts_19,-0.035236793725542184
markets_8,-0.03524731452928838
members_7,-0.03525704216665391
ohio_1,-0.03526611816137184
war_8,-0.03528882748464286
risk_11,-0.03529312432476615
environment_18,-0.03530497532309869
legal_9,-0.03530688370845381
nasdaq_11,-0.0353158612856123
banking_10,-0.03533171315214094
business_6,-0.03534623542479696
financial_12,-0.03535095973084856
health_7,-0.035388173344199525
corporation_11,-0.035405423404286075
business_12,-0.035407537202117714
water_13,-0.03540816458150844
portfolio_2,-0.03541757667680199
gains_19,-0.035421002946405225
fun_12,-0.03542415351808061
court_8,-0.03544583238925285
ltd_11,-0.035472293956812465
finance_6,-0.035485177100356015
case_1,-0.035496108989900965
inc_7,-0.035513611009992375
water_8,-0.03552003008103603
legal_11,-0.035522148698159395
bonds_10,-0.03552644863514991
risk_2,-0.03552884517725163
washington_8,-0.03553265312683227
buy_6,-0.035533769348835696
development_11,-0.03553529107909692
service_19,-0.035560561645112766
business_16,-0.0355627064451665
representatives_14,-0.03556451487163925
community_9,-0.03557269686242883
color_13,-0.03557433443497837
fine_11,-0.035590879774299866
secretary_18,-0.035598349141831485
cash_16,-0.03560775741941966
technology_16,-0.03560876131894373
secretary_12,-0.03561033390300439
texas_13,-0.03561407334440438
bank_12,-0.03562229791883551
loss_6,-0.03562743582996904
buy_7,-0.03563626977956567
risk_20,-0.03563783063124082
ring_1,-0.03564012247994068
car_17,-0.035641413837654824
investment_8,-0.0356494274702148
blacklist_13,-0.03565024419351315
votes_19,-0.03565211076605283
return_7,-0.035661439059935886
committee_20,-0.03566146233145131
happy_12,-0.03566707920836769
companies_7,-0.03567796083843011
arts_2,-0.03568059777074324
economy_12,-0.03570857004404604
technology_1,-0.03571103077562088
georgia_9,-0.035723327182494866
lifestyle_12,-0.035727558249739236
DOW_JONES_3,-0.035727855842668535
office_16,-0.03576194074827963
markets_5,-0.035762181854074294
finance_16,-0.03577389843194292
freedom_4,-0.035779242953917545
color_15,-0.035782277856933865
industry_14,-0.035785021668583814
community_20,-0.03579198134467669
missouri_15,-0.035797257495107336
media_2,-0.03579774172115213
project_12,-0.035810096357271615
fun_7,-0.035832026514256744
service_4,-0.0358460582620161
governor_4,-0.035867203986648444
social_11,-0.03586896338321575
headlines_9,-0.035874205723551
opportunity_11,-0.035881340266750585
virginia_15,-0.035911613915366306
federal_10,-0.035921048654846244
profit_3,-0.035922440182610614
pennsylvania_6,-0.035947650235169194
water_20,-0.03595989500782519
home_10,-0.03598754456932838
business_7,-0.03599072356633752
york_20,-0.035997466562009306
economic_8,-0.036003029623859664
political_11,-0.03601160005692809
freedom_1,-0.0360271406750966
kentucky_6,-0.036044848264180085
markets_1,-0.036048294331157374
global_15,-0.03605465635044969
pennsylvania_2,-0.03605831096091376
texas_12,-0.03606577408697067
county_7,-0.03607407373699025
ore_14,-0.03611048553587097
greed_14,-0.03611048553587097
elected_14,-0.03611048553587097
served_14,-0.03611048553587097
consume_14,-0.03611048553587097
short_selling_14,-0.03611048553587097
BUY_AND_HOLD_14,-0.03611048553587097
financial_markets_14,-0.03611048553587097
short_sell_14,-0.03611048553587097
fond_14,-0.03611048553587097
votes_14,-0.03611048553587097
derivatives_14,-0.03611048553587097
rare_earths_14,-0.03611048553587097
voters_13,-0.03612917522489487
ltd_16,-0.036138571586124414
car_6,-0.03616487357387741
religion_14,-0.036165754172594336
tennessee_11,-0.036170743375435646
council_12,-0.0361784013272628
happy_16,-0.03618713355651777
fun_8,-0.036200395996044056
hedge_9,-0.036201109503513004
nasdaq_4,-0.03620661991065031
rights_15,-0.036206712800996944
georgia_7,-0.03621197414576187
global_13,-0.03623348883571784
culture_10,-0.03623367839096518
seats_14,-0.03623809261931554
federal_11,-0.03625339948638129
risk_18,-0.0362688949061448
community_15,-0.03627237837612687
republican_3,-0.03627832678029008
culture_6,-0.03628310262874142
dow_jones_16,-0.036289139757994505
ceo_19,-0.036291564347168334
finance_7,-0.036295075418838495
nasdaq_14,-0.03631074997176775
crisis_5,-0.036315521695807075
york_1,-0.03633200886350729
pennsylvania_10,-0.03634692080273179
sell_9,-0.03635511420176692
missouri_7,-0.036390821985311295
banking_16,-0.03639647229482923
tourism_14,-0.03641180726218718
forex_14,-0.03641207067239001
house_19,-0.03641806240244867
gain_14,-0.036418143613677414
crash_17,-0.036463305750282046
inc_12,-0.03647418729109335
risk_12,-0.03647610431453818
secretary_4,-0.0364802114182045
success_2,-0.03648050475640772
william_14,-0.03649750207223166
blacklist_6,-0.03650661075481312
kentucky_7,-0.03651691994509663
industry_11,-0.03653580245090522
oil_19,-0.036537339223766584
credit_7,-0.03654080144236842
gold_1,-0.03655028782172036
politics_5,-0.0365679461478768
dow_jones_11,-0.03658151629182793
economics_18,-0.03658709023630067
economy_13,-0.03659069828417485
happy_14,-0.03661806173933433
housing_16,-0.036624004328652114
act_7,-0.03663938171000367
ceo_13,-0.03664357720712421
seats_10,-0.03665359300427453
finance_19,-0.03671683250594508
water_4,-0.036726164227745904
arts_10,-0.036752065646993494
travel_8,-0.03676379593657284
council_20,-0.03676886755111508
fed_12,-0.036784548465451115
kentucky_14,-0.03679439087785805
police_7,-0.0368194641498472
car_18,-0.0368295357431226
york_2,-0.03683384615344496
banking_7,-0.036840699890117956
president_10,-0.03684339858940684
office_11,-0.036862758999668774
william_11,-0.036874866514794304
cash_8,-0.036878539277060196
governor_17,-0.03690338077075524
secretary_7,-0.03691277551952672
tennessee_13,-0.036923155280000966
virginia_9,-0.03692730825303052
georgia_4,-0.03693728485897019
profit_5,-0.03694664798551872
development_6,-0.036960906296456694
chance_14,-0.036961581510132756
happy_20,-0.036970800625994296
lifestyle_3,-0.03697744768235554
DOW_JONES_15,-0.03699561066748343
conflict_12,-0.03701138048919288
conflict_5,-0.037014787470514635
water_19,-0.0370405808970911
stocks_5,-0.03704713626194363
kentucky_12,-0.03706880037303835
bonds_4,-0.037088761784158854
legal_15,-0.03709985745505566
politics_9,-0.037106921398194784
county_11,-0.03711272901131026
money_13,-0.0371148542106146
food_11,-0.037140494743495144
carolina_12,-0.03715000213673185
companies_13,-0.03717512339059392
dividend_14,-0.03718462753713918
carolina_14,-0.03719618056804184
products_12,-0.037228899638761234
stats_14,-0.03723178847792199
democratic_17,-0.03724350953947788
trader_19,-0.03726237737762104
massachusetts_17,-0.03728141664861253
loss_19,-0.037293575536433775
fed_7,-0.03731014892460187
act_4,-0.0373202732955906
federal_7,-0.03732195715641586
rights_11,-0.03733665436371083
food_4,-0.03733893110774713
management_4,-0.037376645194524175
president_11,-0.037378610263128095
movement_9,-0.037379616034538564
wisconsin_19,-0.037401092232601615
market_15,-0.03745016525870741
governor_7,-0.0374530745375657
police_20,-0.037481744695827365
return_6,-0.037485736931596444
law_12,-0.03749089827932108
returns_19,-0.03750558804848392
return_10,-0.037507871746475255
politics_7,-0.037514579665732704
growth_17,-0.037529273987756004
buy_19,-0.03753044788470279
georgia_14,-0.03754587725383498
government_14,-0.03755974252204306
car_14,-0.03757003145752302
security_7,-0.03757304247931379
religion_11,-0.03758696381109148
culture_15,-0.03758963918448703
energy_7,-0.03761215142955623
georgia_15,-0.037616048120273304
law_11,-0.037621539272910606
hedge_18,-0.03764351240761095
profit_17,-0.037658266827078624
act_11,-0.03766004186191292
development_15,-0.037663894820853375
bonds_6,-0.03766753779578071
markets_4,-0.03767575260799101
oil_13,-0.03768093097130783
committee_10,-0.03768580064000311
banking_5,-0.03769064287114743
firm_14,-0.037692165646867795
ring_20,-0.037693105781087796
kitchen_10,-0.037729377439018254
business_20,-0.03773448012751446
stats_11,-0.03773495498752779
marketing_3,-0.03774397058264463
service_16,-0.03775466606903113
crash_11,-0.037788988439561445
market_16,-0.03780588285625319
rich_3,-0.03783437727047194
community_11,-0.03785040274458964
train_11,-0.037854521799082844
rights_8,-0.03787517781927592
bank_4,-0.03791058819341382
committee_17,-0.03792943791196805
ring_6,-0.03794325715442739
william_19,-0.03794882930288039
stock_market_10,-0.03800382418614734
stock_market_9,-0.038015718679139554
financial_7,-0.03801682522586038
government_16,-0.038019056400924754
environment_9,-0.03805156359916477
credit_11,-0.038068529120857716
industry_12,-0.038073432091322544
ministry_7,-0.03807815821872629
market_12,-0.03807938198199223
car_5,-0.038096131356985044
present_16,-0.03810102258258519
housing_11,-0.03810377282824566
carolina_18,-0.03816116022412201
buy_13,-0.03817322458316017
tourism_19,-0.038174881332699286
marriage_7,-0.03818059079109888
technology_7,-0.038183724374152
stocks_16,-0.03818621596469283
earnings_19,-0.03820390950899353
fed_10,-0.03820753602749984
portfolio_18,-0.03821127655881227
products_13,-0.038240419164660436
carolina_2,-0.038241574477564065
revenue_6,-0.038258668368696534
ohio_20,-0.03826239747651872
hedge_12,-0.03826837615467278
arts_20,-0.03828569307631415
ceo_18,-0.03829916224822831
democratic_15,-0.03830403479428002
stock_market_16,-0.03833242225085391
debt_10,-0.03837386544173589
loss_20,-0.03840913378934661
companies_14,-0.03843409918329945
act_20,-0.03845102302154142
portfolio_5,-0.038463636719660424
kentucky_20,-0.038485701648959966
train_7,-0.03848846951271856
case_11,-0.03849999793475274
money_15,-0.03850519598784537
stats_18,-0.038509356066015396
union_20,-0.03852207812941764
society_13,-0.03852315210893424
legal_14,-0.03852454301315946
consumption_1,-0.03853991009605366
georgia_11,-0.03855400422956814
credit_12,-0.03856144701696951
ltd_6,-0.03858696196803444
social_12,-0.0386017479462196
carolina_4,-0.038612492405348454
investment_16,-0.038615149370097225
default_20,-0.038620054634606625
secretary_14,-0.038640948837493805
house_20,-0.03865053711577675
management_7,-0.03865487683658373
financial_10,-0.03866556620599613
president_12,-0.03868629937686589
management_3,-0.03870096957466718
william_3,-0.038704680728462226
services_11,-0.03870998943802173
bonds_9,-0.03872532095651791
home_14,-0.03874904439139666
security_6,-0.03877397367045976
court_14,-0.03877892101292395
health_4,-0.03882039829530315
representatives_12,-0.03883495471693619
texas_18,-0.038855240880993056
bubble_2,-0.0388570990489161
cash_13,-0.03885960478243966
georgia_10,-0.03887048191238838
success_14,-0.03887387997387477
profit_7,-0.0388765530605216
return_8,-0.03888184377850699
finance_11,-0.03894242914058479
consumption_19,-0.03894570321024042
founded_6,-0.03900099788776552
representatives_7,-0.039015194095462925
movement_10,-0.039019573497708945
federal_19,-0.039033970828112885
arts_11,-0.03907118086110086
voters_19,-0.03907200755947713
police_5,-0.0390749500302896
markets_10,-0.03908971474942828
members_9,-0.03909689356610806
marketing_6,-0.03909845801995073
crisis_16,-0.039140173729032245
fed_11,-0.039193801601121424
debt_5,-0.039201144699509395
travel_2,-0.039214139684355234
growth_4,-0.03922237744731107
william_5,-0.03923723226016311
holiday_12,-0.03924259330474147
corporation_16,-0.039243759957484595
opportunity_12,-0.03924405416908041
republican_7,-0.03925376215926439
fun_14,-0.03925467813340504
energy_11,-0.03927330567172691
massachusetts_13,-0.03928729468511312
car_4,-0.03937226784247046
legal_4,-0.03938960852205233
crash_8,-0.039390070971599564
transaction_20,-0.03940039392018737
council_11,-0.039419172064913056
products_3,-0.03944879696838708
committee_18,-0.03945335256946838
trader_12,-0.03947037767827506
trader_14,-0.03947294368953478
politics_8,-0.03947559694570957
crisis_20,-0.03948896789326291
stocks_8,-0.03949720560807004
stats_10,-0.039500221501749186
justice_6,-0.03951497084681525
carolina_6,-0.039532827007811445
pennsylvania_3,-0.03956574139800273
risk_9,-0.03959049524505578
default_7,-0.039603121499390645
college_8,-0.0396285951508498
technology_11,-0.03962890715332272
inc_11,-0.03964753609998652
inc_8,-0.03965257542224776
vermont_14,-0.03965634431464378
ceo_14,-0.03966602529545229
earnings_14,-0.039674379131256356
water_7,-0.03967995357512113
inc_14,-0.03968999470239565
york_13,-0.039746287237692024
union_10,-0.03975144473257954
project_19,-0.03979532599565074
restaurant_11,-0.0397988769047614
federal_4,-0.03980856182454655
voters_1,-0.039815635352068224
president_6,-0.03982991864494643
revenue_11,-0.039856237977977035
social_9,-0.03988245704312519
law_14,-0.03988841407505004
virginia_11,-0.03994432924204021
buy_12,-0.03995747337404589
environment_7,-0.039992621681986494
development_20,-0.039994420406891405
law_7,-0.039995940725861476
growth_19,-0.04000425522459137
stocks_17,-0.040006423007168945
conflict_20,-0.04002577597512265
members_14,-0.040037154098387394
marketing_20,-0.040037240511357666
cancer_7,-0.04005185273667085
gains_3,-0.04005887037857596
oil_12,-0.04006519021877351
kitchen_18,-0.04007560620762718
health_19,-0.04008441327405363
invest_14,-0.040087277218901395
bubble_14,-0.0400876646564897
virginia_16,-0.04009137166220376
religion_3,-0.0400959256978922
founded_2,-0.0401005476706781
democratic_11,-0.04010612458192615
federal_20,-0.040130252629200225
companies_11,-0.040138767738699975
ohio_13,-0.04014177230103586
nyse_20,-0.04017537406534184
political_2,-0.040194365891236636
energy_10,-0.0402136698963919
invest_13,-0.04023053497435123
society_5,-0.04023727110164046
happy_11,-0.04024864800308812
party_13,-0.040250528220196036
money_4,-0.040261996374906614
energy_6,-0.040264392681970664
consumption_14,-0.040265637920339235
health_8,-0.04029346522120332
ministry_14,-0.040306920539269056
society_18,-0.04030833188083098
energy_8,-0.040321302501425446
party_12,-0.04032735740498885
elections_6,-0.04033004340664468
earnings_6,-0.0403360006515763
ltd_12,-0.04041002108022338
district_14,-0.04041133724296393
ring_10,-0.040442186529197045
kitchen_19,-0.04048067561900308
financial_11,-0.040497684094021255
stocks_6,-0.04052392262299609
cash_9,-0.040545702112956425
DOW_JONES_2,-0.040556334850032315
finance_13,-0.04060052170205888
missouri_20,-0.04060767701226662
party_16,-0.040614303474825066
default_14,-0.04062084813305249
texas_20,-0.040681986958162254
economics_8,-0.04069873034526341
law_3,-0.04070114300246168
loss_14,-0.04070154762872822
energy_14,-0.04071159477339677
rights_14,-0.04074936885530922
car_2,-0.04077232081806552
debt_14,-0.040802688853782444
stocks_2,-0.04080297407406173
inflation_8,-0.04084525180639322
rights_12,-0.040866787729943746
inc_20,-0.0408707865457278
social_18,-0.04089225357602884
products_5,-0.04089264415106557
police_1,-0.04089700259055799
fine_12,-0.040939863909971244
success_12,-0.04094019535691731
health_11,-0.04094226310369855
arts_12,-0.040988501217722816
economic_14,-0.041007920735376666
war_14,-0.041025593580310306
cancer_11,-0.0410335794561375
ceo_5,-0.04104854451317399
garden_8,-0.041048627266117556
bonds_15,-0.04113617992776934
management_11,-0.0411624009652646
justice_7,-0.04116297350126745
default_10,-0.04117983720040754
buy_20,-0.041180505869868524
portfolio_14,-0.04118320190085241
present_15,-0.04119808070670692
william_6,-0.04121224304654676
chance_4,-0.04124036429899438
DOW_JONES_11,-0.04125403409432382
georgia_20,-0.04128704614904586
cash_20,-0.04129321409125568
service_11,-0.041313000317662496
profit_4,-0.04134733772080397
college_13,-0.0413817811940846
marketing_9,-0.04138594295231348
sell_2,-0.04139151351450123
rich_19,-0.041419918714852996
services_14,-0.041438050287847195
house_14,-0.041453064755035074
senate_19,-0.04146347851561709
conflict_14,-0.04146744921158161
case_20,-0.04147829085407342
ministry_8,-0.041522000823157004
kentucky_8,-0.04152838759016777
case_12,-0.04153691933248076
house_1,-0.04161080807673449
society_15,-0.04163979952599237
house_3,-0.041641599588729
credit_20,-0.041641817921810584
million_5,-0.04168809211568207
york_11,-0.0417077275574389
missouri_4,-0.04171433937694484
freedom_14,-0.04177286285318131
pennsylvania_13,-0.041829468791394354
wisconsin_14,-0.041863745005479534
college_12,-0.04188604779352878
travel_14,-0.04189027271233063
carolina_5,-0.04189285502137241
fine_6,-0.0419590162874111
economics_6,-0.041971240624420925
hedge_5,-0.0420116409471071
cancer_4,-0.04207914723552057
health_20,-0.042085567717200956
media_11,-0.04209639328841448
trader_5,-0.04211207180438503
wisconsin_15,-0.04212324423543619
georgia_19,-0.042125899930295786
act_14,-0.042126646875374686
movie_16,-0.042196713706559086
case_4,-0.042205011113582255
fine_5,-0.04223684948212747
minister_14,-0.04224908163645178
crash_13,-0.04226882768166447
college_14,-0.04226909238749206
office_3,-0.04226949942146054
legal_3,-0.04227509904043538
bonds_16,-0.042276809075754665
kitchen_11,-0.04227903704247149
global_11,-0.042284365729773545
buy_8,-0.042293214617842925
risk_14,-0.0423047030938305
cancer_14,-0.04233145139406378
car_11,-0.042334640050666984
security_11,-0.042431510338027015
labor_7,-0.04247664100730821
seats_11,-0.042479300424334565
federal_6,-0.042492873386207886
virginia_18,-0.04249313215787418
financial_14,-0.04250815272230908
office_8,-0.04250920465027412
water_16,-0.04254403646530358
republican_19,-0.04255484730991508
financial_3,-0.04258324485533018
returns_10,-0.042654347875787015
council_10,-0.042654399565555966
college_6,-0.042655117907541194
home_1,-0.0427150185022525
federal_14,-0.04271713929919676
movement_12,-0.04273117703017086
media_14,-0.04279419347969684
justice_12,-0.042827288048528
freedom_7,-0.042865150525057946
ring_8,-0.04289753758570471
conflict_10,-0.04291353630090757
religion_2,-0.04291566837625025
fine_4,-0.04296451894524043
water_2,-0.042968258394937675
pennsylvania_16,-0.042985948383084005
act_18,-0.04299736464510053
holiday_1,-0.043026612255396036
market_4,-0.04307258691367459
judge_10,-0.043110031657577944
york_9,-0.04311313795297191
money_5,-0.04315231926503267
economics_4,-0.04316029586898793
case_14,-0.04316475228542549
ring_14,-0.04321388582510188
risk_6,-0.04321574234093382
president_1,-0.04323489139311505
banking_20,-0.04326403852913594
political_18,-0.04329932975104291
blacklist_4,-0.04332341434230898
union_6,-0.04333272613826682
members_20,-0.04333492512878952
investment_11,-0.0433361678070411
illinois_9,-0.043338041415680074
home_3,-0.04334132400870068
travel_13,-0.04334441906183095
social_19,-0.04336399058970171
dow_jones_8,-0.04340214749939819
products_16,-0.043408333705689396
ltd_14,-0.043426747560875036
county_16,-0.04343049378615489
court_18,-0.04344671837053042
revenue_14,-0.043453251272391705
profit_11,-0.04345379438712338
banking_9,-0.04345522428858983
default_8,-0.04346113675385708
industry_8,-0.04348370500593039
housing_14,-0.04350537538321504
growth_7,-0.04351879791496878
business_14,-0.04353161967899923
technology_6,-0.043569798014798766
happy_7,-0.04357648991326293
illinois_13,-0.043579362737970494
holiday_3,-0.043590255213358284
massachusetts_16,-0.043600944573275055
travel_20,-0.04361774663734168
bonds_3,-0.04364687662693687
investment_14,-0.04364851656848732
democratic_10,-0.043655800578191004
portfolio_7,-0.0436989428043469
economics_14,-0.04370855062686918
police_14,-0.043850824002825674
committee_11,-0.0438733149441128
legal_20,-0.04387678441373233
growth_16,-0.04388109360382879
financial_18,-0.04388934131681414
stock_market_14,-0.043902330939713255
stock_market_11,-0.043905766833445714
ohio_10,-0.04390873351263922
judge_11,-0.04391253473191279
DOW_JONES_10,-0.04392157828403842
world_18,-0.043931785549320736
wisconsin_2,-0.043937613504248386
ring_7,-0.04393957168549378
project_14,-0.043940763852662636
law_8,-0.04394127620202202
political_7,-0.043978826957410885
profit_14,-0.04399923099821301
corporation_7,-0.0440962644292352
health_14,-0.044103558185114
profit_16,-0.04414322225227851
products_19,-0.04415107920032557
office_14,-0.04421556512864042
justice_8,-0.04425436823360625
garden_10,-0.04425916657456974
seats_12,-0.04428216248158845
money_11,-0.044324446097523396
million_1,-0.044325455324778405
products_14,-0.044330729819660505
case_19,-0.044334655170107304
voters_14,-0.044412948348227045
ceo_8,-0.04441631027694317
president_14,-0.04442819479816187
growth_5,-0.04445962101311183
economy_11,-0.04447261490825818
arts_14,-0.04450375878388548
garden_1,-0.0445509278168152
restaurant_13,-0.04459005196186343
headlines_14,-0.04461252419580943
market_20,-0.04465381763271452
pennsylvania_14,-0.04465795768467688
fed_18,-0.044662135118039556
restaurant_14,-0.04467597007341637
media_7,-0.04470455186147608
law_18,-0.044706659393044655
political_13,-0.04471312369076794
return_12,-0.044726826107877725
texas_9,-0.044781461852059376
food_14,-0.044799261275111316
court_4,-0.04487425455708442
social_13,-0.04488322028190508
service_14,-0.04488749485239392
arts_3,-0.04490250473667214
ceo_16,-0.044932462003629034
unemployment_6,-0.04495032733056057
environment_6,-0.044975475859808635
housing_1,-0.044991486907295576
arts_19,-0.04501322716256266
food_10,-0.04505382447485391
chance_19,-0.045063135583992595
democratic_12,-0.04506776251424314
politics_4,-0.04508754181744845
global_19,-0.04509129165674155
rights_3,-0.045124109832061096
global_14,-0.04516146570113748
wisconsin_12,-0.04518524810668882
community_14,-0.045194870430955915
project_11,-0.04521358181759105
travel_9,-0.04521700310087133
dow_jones_12,-0.04523899927674453
economic_11,-0.04525084865571076
financial_6,-0.04528920440916788
election_12,-0.04529723392404787
opportunity_14,-0.045342122549423956
buy_14,-0.04536592262181778
governor_1,-0.04536985353835084
crash_12,-0.04539426482145992
economic_16,-0.0453950881620365
federal_13,-0.04540561501995603
missouri_11,-0.04541226782670178
returns_11,-0.04541663187819882
county_3,-0.04544279907602835
founded_12,-0.04549309594379456
senate_13,-0.04550634285294897
washington_10,-0.04551233905866057
health_16,-0.04554532128767315
kentucky_11,-0.04555199899489979
portfolio_6,-0.045605695107060876
success_7,-0.04561505494809455
home_12,-0.04564566830800978
virginia_14,-0.04564586175587737
case_5,-0.045681252422593424
community_7,-0.04569425327726342
county_14,-0.04571439474556305
voters_16,-0.045734557025519894
politics_14,-0.04573773136995243
technology_14,-0.04579143020010461
representatives_6,-0.045797251767887556
kitchen_6,-0.045823431522904065
sell_13,-0.04584054725690245
restaurant_16,-0.045856432435211245
representatives_9,-0.04592999103010085
wisconsin_7,-0.04593127709933862
district_11,-0.04593825095449182
portfolio_16,-0.045970891573908525
inc_16,-0.045974815302080294
management_8,-0.04600128752531156
bubble_12,-0.04601184833931109
loss_9,-0.0460583252508137
global_5,-0.04606496706201764
corporation_18,-0.046065202106030975
returns_18,-0.04608009788033844
kentucky_10,-0.04616843957277106
georgia_3,-0.04618081710851527
court_6,-0.04622153335631287
secretary_11,-0.0462557796689983
metals_8,-0.04630609656280167
movie_14,-0.04632260396396011
metals_18,-0.04632597709733206
environment_11,-0.046355015851984184
ring_4,-0.04638967645872636
party_6,-0.04640337788090314
returns_8,-0.046414464695350155
cancer_9,-0.04642973535293955
kentucky_13,-0.04644114414779603
success_4,-0.04649491017378584
politics_18,-0.04649601826313343
returns_5,-0.046560891065865716
car_13,-0.04658041672677291
home_17,-0.046697276392913566
technology_12,-0.04670035363166462
crash_19,-0.04671385776303969
finance_3,-0.04673431800790602
republican_11,-0.04679391660669123
unemployment_11,-0.04684289519437064
kitchen_14,-0.04686152606986964
council_8,-0.04686175355457003
million_10,-0.04688024152089885
money_8,-0.04688775923071018
wisconsin_6,-0.04697013713839897
movie_11,-0.04700143523182478
business_4,-0.04703140209694083
financial_20,-0.047057336185311605
party_7,-0.047182787794439095
money_9,-0.04719037974463138
unemployment_15,-0.04724349399993215
success_18,-0.0472664627035122
present_1,-0.047342999656679915
president_15,-0.047368877697662806
default_15,-0.04737373067498629
train_5,-0.04737891382945443
blacklist_14,-0.0474118232138679
ltd_15,-0.04742568905974372
pennsylvania_12,-0.04742692876217904
security_18,-0.0474321923710016
culture_20,-0.04744465094240722
bonds_11,-0.047461088657634674
credit_14,-0.047466635888071075
district_12,-0.04746679519636245
services_20,-0.047469820039693224
world_8,-0.047480238988534686
committee_14,-0.0475224775577199
missouri_3,-0.047532812667296455
environment_4,-0.04757457720390743
case_3,-0.04760472164821221
returns_14,-0.04762481949382078
stocks_10,-0.047643097707472104
DOW_JONES_7,-0.047652928930587854
bonds_1,-0.04770036037517267
crisis_18,-0.04770680566154366
credit_3,-0.0477596213271837
ltd_20,-0.047762625753961375
war_11,-0.04778586530642972
metals_11,-0.04780263908435347
college_18,-0.047803887759919374
economics_20,-0.04784756028695689
members_13,-0.047893923959465325
senate_17,-0.04790158023428126
legal_13,-0.048032447697364075
world_1,-0.04805223826574516
party_18,-0.04805986457689522
economy_14,-0.04806439933128681
politics_12,-0.048156217052327775
republican_2,-0.04817781558877119
york_16,-0.04820298794375757
stocks_13,-0.048252288243693986
fed_8,-0.04825314676860837
economics_12,-0.04826881110584191
lifestyle_11,-0.04836699638227711
freedom_15,-0.048373932231612016
virginia_4,-0.04843176685237358
rich_9,-0.04844781695995837
project_10,-0.04847418783755249
social_3,-0.04850014143428867
government_20,-0.04850673304904307
society_19,-0.04855306308945824
earnings_18,-0.04857581015469088
money_6,-0.048641967657743514
county_6,-0.04864300561425803
metals_14,-0.04864307794161955
washington_14,-0.04865254912779295
republican_6,-0.048686393660263214
democratic_13,-0.0487162299567659
services_9,-0.04882719139859739
business_18,-0.04894308440262367
banking_4,-0.04896089452043857
massachusetts_11,-0.048966998943299055
virginia_6,-0.04900110667826259
money_16,-0.049003421267520594
health_6,-0.049013717231616516
minister_10,-0.049031617440519204
service_20,-0.04918008779405105
committee_12,-0.04919507534610394
services_8,-0.049201616183291906
georgia_16,-0.049218046465290974
markets_11,-0.049218618252381205
services_6,-0.04924729337725977
security_8,-0.049359190813297246
judge_7,-0.04936981036785193
wisconsin_9,-0.04937098420775841
union_16,-0.0493849298364748
sell_15,-0.049395483969372614
tennessee_1,-0.04945192735162025
office_4,-0.04948096369048829
crash_9,-0.04961346829979343
finance_8,-0.04964541067089012
police_12,-0.04969228629199953
secretary_1,-0.04971443779390505
religion_6,-0.04972447956082322
virginia_10,-0.04973160627272581
movie_7,-0.049769939808053845
project_20,-0.04979525119177217
health_18,-0.04980785355317707
oil_14,-0.04982609939022142
color_14,-0.0498568692600031
rich_8,-0.04988277231942821
service_6,-0.04989062833242737
banking_6,-0.04989917345695878
loss_8,-0.04989926305808519
missouri_9,-0.04992927325154879
stats_19,-0.049937706768492116
success_3,-0.04993875516710491
judge_5,-0.0500418800484661
police_15,-0.0500943920850714
corporation_14,-0.05010359749445141
voters_6,-0.050156351502466154
marriage_9,-0.050202347721495566
project_15,-0.050210223539411444
management_16,-0.05026016036763246
secretary_20,-0.050316669902515154
nasdaq_10,-0.050340362301169936
markets_7,-0.05041087891161433
DOW_JONES_20,-0.050413104616455984
ohio_4,-0.0504307646596569
water_6,-0.050483467585846875
global_7,-0.05055807813267048
technology_3,-0.05056750507926988
political_14,-0.050713070853819375
fed_9,-0.05072242296591538
return_20,-0.05073960391620351
dow_jones_20,-0.05077814636721974
water_10,-0.050799135824583994
sell_7,-0.050815127605315924
security_13,-0.050846153679626235
movement_5,-0.050866063427149874
community_6,-0.05093505880998361
earnings_15,-0.050953207842378535
culture_12,-0.050988008666396946
tennessee_6,-0.05100094754465092
secretary_9,-0.05101622510935624
markets_12,-0.05106521806427618
stats_9,-0.0510704070960392
ring_11,-0.051092416427758344
act_6,-0.05110443889460292
house_4,-0.05114936120610718
car_19,-0.05129709700387197
carolina_10,-0.051302847487098305
county_20,-0.05134334426930991
freedom_2,-0.051419263579874495
metals_20,-0.05143442478673499
police_16,-0.051450441896495655
services_18,-0.05146135397588132
blacklist_18,-0.051492044085462464
georgia_1,-0.05155452001880363
present_2,-0.05162305894736845
nyse_2,-0.051809797731729446
virginia_7,-0.05182858077493187
case_8,-0.05183780631723149
fed_20,-0.051932815623771056
restaurant_9,-0.05195737866423926
bank_3,-0.05199935035597954
social_8,-0.05200755606079699
ltd_19,-0.05217349726342495
success_10,-0.05218793486900948
texas_10,-0.05233554318208296
nyse_5,-0.05239971406391133
chance_5,-0.05240047122702618
wisconsin_1,-0.052495254748132124
senate_14,-0.05266497965460935
nyse_1,-0.05266967231678521
office_20,-0.05271062089796179
community_18,-0.052725157866645334
bank_20,-0.05273204676443686
home_9,-0.05274169264360147
train_14,-0.052849688704082444
bank_8,-0.05289074312706512
world_6,-0.05291204647937427
business_11,-0.05293022454932188
fed_16,-0.05299307057054352
fed_14,-0.053066198707003395
labor_14,-0.053084030141850744
missouri_17,-0.05312522621378642
security_9,-0.05317319073992759
wisconsin_13,-0.0531732974928264
police_10,-0.053183040990286944
development_14,-0.05318343365582832
culture_13,-0.05322801341279382
housing_5,-0.05331989406943656
holiday_14,-0.05343659051658145
social_7,-0.05345241069959061
war_15,-0.05351291270532173
act_5,-0.053527372116705815
marriage_14,-0.05352824760022397
office_6,-0.0535414389516623
inc_18,-0.05362570753896854
movie_3,-0.05371378484000953
police_17,-0.05376872524276357
opportunity_16,-0.053779168514031486
energy_9,-0.053798476493414606
energy_3,-0.05386532538547186
success_6,-0.05391582176498695
housing_19,-0.05398755562659967
union_18,-0.05400707247193799
fed_3,-0.05402325807278863
inc_9,-0.05403306272990094
marriage_8,-0.05405198362591601
media_15,-0.05406712610608415
police_3,-0.05411453662002601
economics_11,-0.054157078449646526
banking_14,-0.054198989916057386
revenue_12,-0.05424104101638601
georgia_18,-0.05427412051657796
blacklist_11,-0.05429175144795799
bubble_15,-0.05431277442722473
york_17,-0.0543654799070189
ring_19,-0.05438519632445615
court_5,-0.0543932339024618
council_6,-0.054540193736745145
democratic_7,-0.05467882560075934
money_19,-0.05473374144215206
politics_16,-0.0547429680032608
food_16,-0.054746117719791564
oil_9,-0.054796057352628845
fun_5,-0.054841374753780744
unemployment_18,-0.05487068150394401
travel_12,-0.05492193082293826
elections_15,-0.05497459756441438
unemployment_5,-0.05508079520382703
society_8,-0.055241445397879695
political_10,-0.05530327345171351
management_9,-0.055335553082444755
unemployment_13,-0.05543710027300697
rich_4,-0.0554371220265653
minister_20,-0.05543712285575737
carolina_13,-0.05543790356063418
car_15,-0.055441248096913975
buy_11,-0.05546483664111599
development_8,-0.05551161367625077
house_9,-0.0555210412589134
dow_jones_14,-0.05573072305810493
inflation_14,-0.05573492557981359
money_1,-0.055931519586244295
markets_20,-0.05599952549287286
district_3,-0.05601997967309236
federal_12,-0.05609217868233174
carolina_3,-0.056141832415411375
democratic_1,-0.056187663190722256
stats_12,-0.05631176425057871
gains_5,-0.056338987953050014
revenue_9,-0.05637255977897413
social_14,-0.05637323800193683
DOW_JONES_12,-0.056436843565516925
election_5,-0.05650015768045271
sell_10,-0.056513611262689833
development_7,-0.056553994132337394
dow_jones_7,-0.05659243697850216
companies_18,-0.05669022090571589
environment_16,-0.056766589832133826
chance_10,-0.05690789821259503
politics_15,-0.05692918081418637
legal_18,-0.05693892479232852
project_1,-0.05694812921740318
college_20,-0.05697049747072349
economic_5,-0.05700250659750128
texas_5,-0.057034379263113055
finance_20,-0.057056032129195564
crisis_1,-0.057086236296228735
blacklist_16,-0.057100572545496255
members_5,-0.057110247300565575
car_7,-0.05711527392788662
environment_3,-0.0571434356045414
police_4,-0.05714944632918191
food_5,-0.057160078130092384
nyse_18,-0.05718172359877405
missouri_19,-0.05725274580891988
washington_20,-0.0574289770821393
housing_18,-0.057437614528081916
marriage_20,-0.05746909206606956
massachusetts_14,-0.05759751297610118
culture_2,-0.05762729647205267
housing_13,-0.05769278848229085
marketing_4,-0.057723134575990855
global_16,-0.057730945702075306
oil_8,-0.05785747142136142
nyse_8,-0.05792605916867251
profit_13,-0.05808570150687631
profit_2,-0.058225997821720644
rich_14,-0.05832122724126485
service_9,-0.05832709431876979
political_12,-0.05833760039121323
law_16,-0.0583565426980351
business_8,-0.05835936010094574
movie_9,-0.058394536592111
portfolio_9,-0.058448745642512456
world_16,-0.05852313044760447
development_12,-0.058614743717083286
house_6,-0.058644273231621136
economics_9,-0.058807760001902375
elections_4,-0.05882331300628187
house_2,-0.0589619700791318
corporation_5,-0.05896872543254115
democratic_5,-0.0590017643982637
act_13,-0.059083602792876055
union_5,-0.05908505496100798
buy_9,-0.059153834392342806
stocks_15,-0.059251573494433066
garden_18,-0.05926272961450056
democratic_4,-0.059395604614634646
police_13,-0.05951843535535417
holiday_6,-0.05957533664389434
earnings_5,-0.05963299400059889
party_19,-0.059666985493468896
management_14,-0.05984516490417609
rich_16,-0.0599102350801628
million_14,-0.059999817293405554
money_14,-0.060054501928513006
voters_7,-0.06013319561695709
culture_7,-0.06031550080358421
growth_9,-0.06043325279676419
washington_11,-0.060491789099489136
cash_5,-0.06055761921637086
illinois_12,-0.060574396251224585
nyse_16,-0.060656981450462076
media_8,-0.060689574313699125
water_17,-0.06072210869979013
bank_5,-0.06073033259651313
voters_4,-0.060761836145995486
happy_15,-0.06078621279475904
profit_1,-0.06079761339509313
business_9,-0.06083346096587363
economics_16,-0.060840182466648504
bonds_17,-0.06090961521279583
travel_6,-0.06091618670546293
bank_14,-0.060916211708452336
senate_1,-0.06091998100405538
banking_8,-0.06105097487605053
crash_6,-0.061052910491134885
politics_20,-0.06112924415792378
return_14,-0.06116973913868147
profit_15,-0.061206662930370984
minister_1,-0.06138341195867616
companies_9,-0.061431196525456075
car_9,-0.06156187516118965
war_16,-0.06158421064408535
war_10,-0.061632369984964776
minister_17,-0.06163966920703974
election_11,-0.06165863034609005
arts_6,-0.06168326268470577
wisconsin_4,-0.061755961444746335
culture_11,-0.06177664191714596
justice_13,-0.06186544482137939
earnings_12,-0.061867101001316385
judge_6,-0.06192616457687274
freedom_16,-0.06201572202832717
rich_13,-0.06217612521246152
college_11,-0.062176936070863296
bank_6,-0.06261614083138618
happy_9,-0.06266274838210228
gains_6,-0.06270257062299449
security_19,-0.06276774603032216
dow_jones_13,-0.06278791224275197
district_16,-0.06280435675491332
food_13,-0.06292181398947405
development_3,-0.06299759235625331
environment_12,-0.06305441412256388
governor_8,-0.06307200233680281
senate_6,-0.06323957693727467
stock_market_20,-0.06324070508416013
georgia_5,-0.0632492237077397
district_20,-0.06325831341045758
growth_11,-0.06329689307678557
texas_8,-0.06348580390251464
government_18,-0.06362686420795918
sell_14,-0.06363155893902284
secretary_16,-0.06366663521996214
dow_jones_1,-0.06367390151544583
holiday_18,-0.06370916229991583
buy_3,-0.06376761397091106
council_7,-0.06378857871574588
water_12,-0.06393907654023379
risk_8,-0.06403216025916543
marketing_18,-0.0641274073940304
train_20,-0.06426652464994946
growth_3,-0.06431076540849075
william_7,-0.06434815124291762
rights_6,-0.06440915965546659
cancer_10,-0.06448517175135335
house_12,-0.0645496095060885
conflict_3,-0.06456400879041793
chance_8,-0.06465131530489573
case_9,-0.06465691696987241
sell_3,-0.06468187566558499
loss_11,-0.0647346049321619
global_18,-0.06492052722395332
returns_6,-0.06492891006677608
republican_9,-0.06500111721271278
opportunity_5,-0.06501256157333364
sell_8,-0.0651266332316321
marketing_5,-0.0651622312168711
revenue_3,-0.06525033765750335
train_8,-0.06533207320550509
william_10,-0.06548542212093848
crisis_2,-0.06552105630939072
economy_5,-0.06560478428324215
elections_16,-0.06561970444606957
products_11,-0.06570204450663046
markets_15,-0.06577445056517461
financial_8,-0.06584407729522768
security_3,-0.06591794042404928
police_2,-0.06601297787488107
secretary_6,-0.06616563695633679
blacklist_8,-0.06626016630808962
freedom_11,-0.06665191561071988
credit_6,-0.0667024663757327
DOW_JONES_16,-0.06671044151228023
water_3,-0.06672686074386247
politics_11,-0.06685169137568589
society_14,-0.0669072182603245
house_10,-0.06709734606582285
investment_5,-0.06711294229941375
present_19,-0.06719184708573629
ohio_15,-0.06726417197736538
returns_13,-0.06730739297893737
rights_20,-0.06731752756478619
media_3,-0.06739139782516443
development_16,-0.06739961408518476
law_5,-0.06742749952004597
governor_6,-0.06754417850679047
marriage_12,-0.06756762070699915
virginia_8,-0.06764911172471377
republican_20,-0.06773184517522013
marketing_14,-0.06779964085782117
missouri_1,-0.06795324520420978
york_14,-0.06795538700987194
media_17,-0.06802492626272463
politics_6,-0.0681118950256234
environment_19,-0.06817029171321749
project_17,-0.06820124936188021
massachusetts_3,-0.06823819084719548
bubble_4,-0.06824913054370503
growth_10,-0.06845070050683395
stock_market_12,-0.06850861381735811
present_14,-0.06851561250207008
william_13,-0.06861940812294295
companies_5,-0.06868927200339765
train_18,-0.06881395972166268
rights_17,-0.06883273321472039
government_6,-0.06886339342083155
food_15,-0.06911555717537225
arts_7,-0.06911605093616709
political_6,-0.06922890236232268
william_12,-0.06924018570311427
returns_9,-0.06926190502589576
returns_12,-0.06934233241149386
governor_2,-0.06937305948335659
opportunity_6,-0.06956441239384618
market_7,-0.06967662807392616
DOW_JONES_4,-0.06968329943379684
illinois_6,-0.06973442246028157
happy_8,-0.07010432447658058
opportunity_15,-0.07034397920348308
market_11,-0.07035879085464318
ohio_19,-0.0704337465506603
fun_9,-0.07048932459618067
ltd_13,-0.07054344509527885
metals_3,-0.0708424034960474
gains_17,-0.07086182780260468
rich_2,-0.07096374471004407
restaurant_7,-0.07101899318997304
finance_14,-0.07109299115622854
fine_14,-0.07112568136307149
social_5,-0.0713282278493204
federal_5,-0.0715155598558104
georgia_8,-0.07154125526082729
stock_market_13,-0.07166222429741767
return_4,-0.0716691013544837
blacklist_1,-0.07170915926954961
management_5,-0.07173592951796062
crisis_12,-0.07188360955767621
police_11,-0.07198765837546812
republican_14,-0.07214262338056321
train_3,-0.0722217828831998
massachusetts_2,-0.07229045875677272
house_8,-0.07229948568052873
train_12,-0.07239904226852294
inc_5,-0.07248168619311068
market_14,-0.07250389382713374
security_14,-0.0726029597806083
nyse_14,-0.07271704544135311
party_20,-0.07272304304436084
culture_8,-0.07278239647607854
return_1,-0.07279559080819313
legal_8,-0.07287291035290926
economics_10,-0.0730034525095766
color_7,-0.0730045095436894
risk_3,-0.07316333425894028
profit_6,-0.07324485571012351
financial_5,-0.07325885362746654
republican_15,-0.07331431861189261
stock_market_6,-0.07334516187583398
judge_15,-0.07344963399404976
fine_3,-0.07345921544310385
movement_7,-0.07347971216918867
stock_market_17,-0.07350165089920986
justice_3,-0.07361609404849476
credit_5,-0.07375518731801198
environment_14,-0.07390998350366702
marriage_16,-0.07391015257119024
virginia_12,-0.07393148798310552
return_9,-0.07408837991940016
lifestyle_2,-0.0741330406020247
society_4,-0.07424565493279131
elections_9,-0.07452827809378451
community_5,-0.07455471988688331
fine_13,-0.0746314674862056
college_9,-0.07465687393122611
rights_5,-0.07477090709174612
council_5,-0.07521178487825138
health_5,-0.0752405566736081
holiday_4,-0.07541787424522046
growth_12,-0.0755530188154443
bubble_8,-0.07561111409255292
politics_13,-0.07562922618904885
act_12,-0.07582156014872914
republican_12,-0.07603812738239832
garden_9,-0.07627922580447588
return_3,-0.07643476687809633
crash_10,-0.07649409926223705
energy_5,-0.07660728210171011
cash_7,-0.07662634667263882
war_2,-0.07681043594821883
chance_17,-0.07715856289644663
virginia_2,-0.07731296876285818
travel_7,-0.07767498821404764
fine_7,-0.07767529637450916
wisconsin_17,-0.07799747717686553
water_14,-0.07820354744890215
nyse_12,-0.07848373699860185
crisis_4,-0.07863393636070008
elections_18,-0.07865977932580666
justice_14,-0.0786957457503801
texas_14,-0.07872578471481739
committee_5,-0.07885983605461777
committee_3,-0.07898884666490229
freedom_12,-0.07912266561920638
opportunity_2,-0.07915137847389633
sell_20,-0.07921832359829753
rights_2,-0.07931947722255879
debt_7,-0.07942853624512747
DOW_JONES_14,-0.07960706948704173
markets_14,-0.07960887327582813
sell_11,-0.07967525878049422
kentucky_9,-0.0799160181666616
democratic_8,-0.08002263443775604
culture_1,-0.08003518451519961
economic_6,-0.08030637650395822
products_18,-0.08030667408551602
labor_6,-0.08031048708373922
ring_12,-0.08043340251190276
chance_3,-0.08049125860485444
conflict_11,-0.08059485194483802
massachusetts_9,-0.08103122981493813
garden_14,-0.08127171276643168
growth_13,-0.08127256619381776
senate_16,-0.08180539374027636
senate_5,-0.08215487182264873
returns_20,-0.08246588340470902
food_3,-0.08259573480126345
movie_18,-0.08262165042178345
district_5,-0.08266205016073788
elections_13,-0.08277516802058146
economic_7,-0.08288417948707545
governor_18,-0.08296343991620651
marketing_11,-0.08323542016431666
democratic_3,-0.08326344410018542
dow_jones_5,-0.08331807545724698
revenue_4,-0.0837052809288926
movement_4,-0.08375772392339483
service_5,-0.08382522505333445
carolina_9,-0.08393355725128757
development_9,-0.0839453127334437
missouri_14,-0.08416686289386491
nyse_7,-0.0845523304982373
fed_4,-0.08455753390183743
republican_13,-0.08480585326189256
members_11,-0.08485480294220112
massachusetts_8,-0.08494906618625349
industry_2,-0.08518866026676238
secretary_5,-0.08526134380095465
restaurant_3,-0.085762763066489
marketing_8,-0.08589422999682823
carolina_1,-0.08594593093056832
president_7,-0.086326371007388
bubble_17,-0.08637559350560713
kitchen_5,-0.08643864381305803
labor_18,-0.08662998707149369
conflict_13,-0.08664107586557752
markets_19,-0.08684127902612293
services_5,-0.08702478484405021
train_9,-0.0881950258376945
county_5,-0.08823596342214231
stock_market_3,-0.08844296901969732
house_11,-0.08845150717677257
dow_jones_10,-0.08855128793024061
nyse_6,-0.0888264848944496
kitchen_9,-0.08893004195212399
crisis_6,-0.08917300331763722
virginia_13,-0.08920424437003749
crash_20,-0.08932427577106825
fine_16,-0.08967677751994836
dow_jones_9,-0.09031227647458898
ceo_6,-0.09066217345163508
culture_19,-0.09076278021483652
committee_8,-0.09085998955228658
development_18,-0.09087026553347062
democratic_14,-0.09150992715479575
holiday_19,-0.09152396570173575
tennessee_14,-0.09167265273710454
economy_1,-0.09174165319056064
crisis_14,-0.09191326039170455
kitchen_3,-0.09205455830333975
economic_1,-0.0921887166282825
crisis_11,-0.09219423684091406
gold_11,-0.09230993076475422
growth_14,-0.09253806097379132
government_5,-0.09282281379978363
business_5,-0.09291031699006022
color_3,-0.09291093173623648
illinois_1,-0.09311110616457156
risk_5,-0.09316886573297256
ohio_2,-0.09324326872041773
profit_18,-0.09387605955435249
trader_7,-0.09427104341269196
development_5,-0.09427578135467696
bubble_16,-0.09448199937277746
chance_12,-0.09473001851659187
garden_7,-0.09498054892937798
council_14,-0.09512827453715404
crash_14,-0.09524900163045116
profit_12,-0.09534255617311808
metals_15,-0.09548071913290859
ohio_12,-0.09548244436224676
bonds_20,-0.09552556185794787
war_12,-0.09562215784130443
justice_9,-0.09590609925117352
missouri_12,-0.09614293676337546
elections_2,-0.09618890479109914
stats_15,-0.09634108039495488
labor_12,-0.0964899518843612
media_18,-0.0965656423469254
senate_20,-0.09672586871990621
profit_19,-0.0970372731599333
travel_11,-0.09711051534020501
voters_12,-0.0980486139931529
garden_5,-0.09820809825669685
home_7,-0.09840204686710168
political_16,-0.09840509046248039
gains_14,-0.0987913490864271
media_10,-0.0989199320364722
housing_9,-0.09988720580173918
missouri_8,-0.10023643418402287
college_5,-0.1002623167013176
senate_9,-0.10032307555901883
market_9,-0.1004174502427633
seats_19,-0.10064040428004048
travel_5,-0.10116452780632187
stats_7,-0.10141136850262315
markets_18,-0.10176205186230713
elections_1,-0.10227155754471892
senate_4,-0.10277586744309578
case_7,-0.10335028292306428
nyse_3,-0.10475671900104822
virginia_3,-0.10480352010375941
president_5,-0.10490295305681234
missouri_6,-0.10506732301159802
food_2,-0.1051076131050642
massachusetts_18,-0.10520199011657545
senate_7,-0.10533622057786907
stocks_11,-0.10558749219991548
kentucky_16,-0.10570421678884463
technology_5,-0.10606102629788643
ohio_6,-0.10625084451590609
unemployment_7,-0.10641648936201882
house_13,-0.1067767678919882
committee_6,-0.1068704346089198
conflict_9,-0.10756188637284161
DOW_JONES_13,-0.1090977039833321
senate_11,-0.10949955925227514
stock_market_5,-0.10971600721272415
oil_11,-0.10991757847682174
buy_5,-0.11043643027607652
governor_13,-0.11068110671098022
economic_9,-0.11090098918637155
nyse_11,-0.11110047336777995
economics_17,-0.11132154974988413
crash_2,-0.11149747905821401
legal_12,-0.11183847239830362
marriage_1,-0.11190187311465083
war_13,-0.11195329464279488
color_2,-0.1122576685686637
dow_jones_6,-0.11267196912320854
republican_18,-0.11322034711374225
color_1,-0.11347637373141936
metals_19,-0.1136992301508037
train_10,-0.11377105539735902
global_3,-0.11486222327061255
virginia_20,-0.11497411584971648
election_14,-0.11530202161053585
color_12,-0.11546947152281321
holiday_15,-0.11595843426060164
tennessee_12,-0.11610994949812017
police_9,-0.11645909204935427
party_2,-0.11690202369029326
minister_19,-0.11719735609398858
illinois_5,-0.11733901368027924
governor_12,-0.11802142849529904
movie_5,-0.12015681631671968
ring_13,-0.12049757123248128
ohio_16,-0.12069124449302693
politics_17,-0.1217916784528243
ltd_10,-0.12189855764389404
restaurant_5,-0.1221327452983991
political_8,-0.12236719022530826
minister_11,-0.12239328864287909
unemployment_17,-0.12281014716668262
portfolio_8,-0.12324918349002004
senate_2,-0.12326014185488973
travel_18,-0.12380769944479897
culture_14,-0.12457648113076855
marriage_13,-0.125681089974507
missouri_10,-0.12592376292613963
senate_8,-0.12648646901423366
success_13,-0.12723938693176445
world_9,-0.1272444408108903
seats_17,-0.12833186265529548
stock_market_8,-0.12880913692777726
risk_13,-0.1293517562387393
banking_12,-0.13028646719112183
stats_6,-0.13153228702655623
senate_10,-0.13192235727796048
present_7,-0.1325950161808657
election_10,-0.13312122832863532
DOW_JONES_5,-0.1338326485121617
culture_5,-0.13410697536448019
elections_19,-0.1343614442640248
gold_16,-0.1345880309693306
security_5,-0.13467156044596765
trader_10,-0.13513330286545164
ohio_14,-0.13539550020869182
elections_11,-0.13543188717825688
republican_10,-0.13620668166523453
york_10,-0.13643712646504486
finance_5,-0.1367521529361611
nyse_4,-0.13685017548494186
kentucky_15,-0.136923098981244
bubble_19,-0.13715969164306302
labor_20,-0.13845157481510406
holiday_11,-0.1386536746478037
gold_10,-0.1404100115609862
color_9,-0.14048833016042114
economics_13,-0.14087655742381094
holiday_5,-0.14191183671114377
project_16,-0.1427885651047907
seats_18,-0.1435257591574819
tennessee_10,-0.14517046564443015
office_5,-0.1453156596307416
case_18,-0.14569578532150923
return_11,-0.14724962676171768
ohio_7,-0.14752358650855285
nyse_9,-0.14766633900118925
crash_18,-0.14873517799128938
chance_11,-0.15141955152265016
gold_14,-0.15467014264932993
president_8,-0.15636996544014167
nyse_13,-0.15830659899279287
ohio_9,-0.1583919149376801
police_8,-0.1590044770197546
election_16,-0.16353184182807434
project_7,-0.16433208900449997
bonds_19,-0.16449576583949976
ceo_3,-0.16550647538012525
buy_10,-0.16671836669452103
project_18,-0.1688044497787507
william_4,-0.1701863709742902
founded_14,-0.1716597431604009
present_8,-0.17291928419054287
water_5,-0.1737050984398891
color_6,-0.17373303937531237
metals_5,-0.1744686828531456
kentucky_2,-0.17469657428054036
governor_10,-0.17592606743268607
york_3,-0.17772624202358464
labor_1,-0.17863010651987
markets_13,-0.1809544529386044
arts_18,-0.18095914243407002
rich_6,-0.18143564406930499
stats_16,-0.1815938334549505
religion_13,-0.1830384209596337
democratic_2,-0.1840307060373516
culture_16,-0.1842339049244748
color_5,-0.18603342519975763
labor_9,-0.1887236935508419
republican_1,-0.19177714488794786
election_17,-0.19194453846250314
rich_10,-0.1923281219823832
labor_10,-0.19317154870730624
republican_8,-0.19767931906837538
governor_14,-0.20033238709233422
members_15,-0.20036494187399936
elections_8,-0.20116763504902924
party_3,-0.20511052393994916
stats_20,-0.20632314466050578
elections_12,-0.20656700637287387
world_7,-0.20675153262307377
present_6,-0.20744120818068074
fed_5,-0.20854152074854007
rich_17,-0.20906319334546208
gold_12,-0.20942249362856974
labor_8,-0.21261201765706236
world_3,-0.21508302778353938
gold_19,-0.21833295249237183
senate_12,-0.2190778418323279
profit_10,-0.2194231175592658
chance_20,-0.2258385184320743
gold_17,-0.22657982299032037
political_3,-0.2267161907039792
religion_16,-0.2278931766683694
bonds_13,-0.2300293991162226
marriage_5,-0.23122360831939215
world_15,-0.235057539581571
marriage_19,-0.23670641801186793
stocks_14,-0.23788840983545154
labor_3,-0.24236785520846152
color_11,-0.24509447780791183
union_8,-0.25007837970865976
world_14,-0.25162400171387567
revenue_5,-0.2538843398557301
world_10,-0.25396623476956914
governor_16,-0.2551962418673447
marriage_11,-0.25634093763710963
conflict_16,-0.257730389835938
color_20,-0.25922235018803386
labor_4,-0.25981621311372083
labor_19,-0.2613810673256237
political_5,-0.2619133000379886
markets_16,-0.26218483028946576
labor_13,-0.26658136079613176
stocks_7,-0.269293016265039
gold_20,-0.2699175590955976
religion_10,-0.2790418005419867
elections_7,-0.28441160213991534
marriage_10,-0.2882800611508751
elections_3,-0.28912563719622836
rich_5,-0.2948135267478501
election_9,-0.29503088215267914
labor_5,-0.2957353737603568
elections_14,-0.29639366607182266
missouri_5,-0.2976077314823602
earnings_2,-0.3078150022386155
marriage_18,-0.31005406781498734
governor_11,-0.31233123066511215
earnings_11,-0.31274738960069853
senate_3,-0.32253066246088935
missouri_13,-0.33641380511403984
election_19,-0.3391359177803177
labor_11,-0.34296434139710924
gold_4,-0.34644741366858367
return_5,-0.34840265687420635
labor_16,-0.3544344465227781
religion_18,-0.35855024233808325
color_8,-0.3716950393698949
gold_13,-0.3732312566831424
election_8,-0.3753062025544664
senate_15,-0.37647907415317744
crash_16,-0.38044149319327775
world_19,-0.40747805306394974
gold_7,-0.4267065786442553
ohio_8,-0.43692947472971017
elections_5,-0.44273631566179195
elections_20,-0.45632658416313976
happy_2,-0.4574098489999715
bonds_12,-0.46500912638505626
election_2,-0.48321258283914476
governor_9,-0.4960378347199864
ohio_5,-0.5051507649147213
election_13,-0.5303171390293039
election_6,-0.5470583083033478
election_20,-0.5984671911860083
gold_6,-0.6295469176276481
labor_17,-0.6524360302474836
gold_18,-0.6829293991489556
marriage_3,-0.6988558004871621
gold_3,-0.6989236848895911
bonds_14,-0.7533279749505916
election_7,-0.7770732607197389
happy_3,-0.7801014189707509
senate_18,-0.9439812961707744
fine_17,-0.9754553871476533
gold_9,-1.0660908690658677
gold_2,-1.0878059212973767
gold_8,-1.0909979973797361
election_15,-1.0992927382986468
labor_2,-1.1231291794921225
marriage_15,-1.1976149127531193
nyse_17,-1.2182589274690367
crisis_10,-1.2373547820578612
fine_10,-1.2972541413570708
governor_15,-1.3904626848838735
crisis_7,-1.4927035417151076
gold_5,-1.7146569989629736
color_4,-1.8257757178571645
election_18,-2.3171939124710432
world_20,-6.583954048968292
