feature,feature_score
markets_13,0.00561413293720312
world_1,0.005174125982189315
profit_8,0.004016323813403777
dow_jones_2,0.003960062596044955
county_16,0.003783271165186464
texas_13,0.0036965095989125673
finance_8,0.003339902757225399
religion_11,0.003306012612865827
DOW_JONES_2,0.003169062703846248
labor_1,0.0031003105383284437
leverage_14,0.003097363743975112
corporation_8,0.0030599637754058274
served_6,0.0030450111309837215
train_11,0.0029973040239517747
buy_11,0.0029906586876957907
religion_1,0.00298069376679968
train_20,0.0029270716610544367
lifestyle_8,0.0028878468715400228
invest_15,0.002831112142560621
washington_13,0.0028266740538679834
derivatives_15,0.002813382507470785
nyse_8,0.0027738519415319907
republican_16,0.0027454246982935304
economy_2,0.002725292381094091
success_4,0.00271043927708301
kentucky_4,0.0027085721319654033
rich_5,0.0026745901380539117
economy_17,0.002667269328446187
dividend_3,0.0026402470938486243
justice_4,0.002640098324582385
ohio_16,0.0026397659773127248
cash_18,0.0026290189740247214
ore_6,0.0026197894919502084
bubble_1,0.0025643480894777192
present_20,0.00255054076899508
loss_2,0.0025492857326986805
million_18,0.002539279363349034
inc_8,0.0025199093646689043
bubble_7,0.0025195727497181243
environment_10,0.002510821558795606
inflation_14,0.0025089575851736435
economics_4,0.0025073676568901694
headlines_13,0.0025019424848101933
consumption_1,0.0024928815614782664
growth_13,0.002484822707806944
world_19,0.0024806243514061467
legal_15,0.002474591765575296
gains_13,0.002447543656075002
global_8,0.0024382145099006935
gains_10,0.002423882201100547
vermont_1,0.00242321422519669
companies_8,0.0024189663830849195
headlines_15,0.002410122027815542
health_13,0.002408579296482749
political_16,0.0023982582562570797
crash_4,0.0023919159208225516
train_6,0.0023867690706863122
court_13,0.0023844091983246996
world_3,0.002365033752558654
bubble_8,0.0023637650791908495
security_8,0.00236283376556039
labor_4,0.002357654105095519
cancer_13,0.0023536073084741817
politics_4,0.002353598803825863
ltd_8,0.002349495512948474
transaction_13,0.002337269311017831
party_6,0.0023350674178974407
derivatives_7,0.002325435210913618
representatives_12,0.0023213333335827756
media_4,0.002313650260442479
representatives_8,0.00230563629837337
federal_8,0.00230475735340534
act_8,0.0022906264921078723
members_8,0.002289730941909296
debt_10,0.0022869891470279403
inc_13,0.0022797401832054254
votes_16,0.0022775334164642615
judge_13,0.0022749028321200847
portfolio_14,0.0022740113616146695
gains_4,0.0022651304575950658
representatives_16,0.002258037132152624
service_8,0.002255856307296256
transaction_6,0.002245551958542857
fed_8,0.0022423003701135037
wisconsin_8,0.002241762800049174
illinois_13,0.0022414201035268365
profit_13,0.0022413850750936824
law_8,0.002236814503035278
bank_13,0.002228199781353646
lifestyle_4,0.0022154781364565057
opportunity_10,0.0022132532163268827
nyse_9,0.002209299049063018
community_8,0.0022055655929245077
fun_3,0.002199278360049761
stats_17,0.0021991963169440743
political_3,0.002199045045381265
committee_20,0.002182084551714514
rich_17,0.0021785285071468817
car_11,0.0021767122701986663
carolina_4,0.0021728141326644137
debt_14,0.0021642265410832364
justice_16,0.002162450370812863
transaction_4,0.0021592989793753014
gain_9,0.002154479215097771
fine_15,0.002150504024576261
BUY_AND_HOLD_12,0.0021427198539625937
crisis_2,0.0021406804004061365
invest_3,0.002130678349015769
politics_16,0.0021188142772226026
development_4,0.0021184578310954327
earnings_12,0.0021179501293233207
crash_14,0.0021119624461636956
revenue_13,0.0021061741918744436
trader_16,0.002105681236322865
portfolio_18,0.0020951396564418356
fond_14,0.0020895066413388454
seats_11,0.002080590782353631
economics_7,0.002078927250231244
BUY_AND_HOLD_10,0.0020776248746315674
chance_14,0.0020761460023399625
credit_13,0.0020751932489001756
democratic_5,0.0020713038546958497
nyse_16,0.002069472971002373
consumption_20,0.002068694216258904
debt_9,0.0020663058451713566
act_13,0.00206601597578242
arts_13,0.0020634186432052504
senate_18,0.0020625487155929933
federal_13,0.0020607275386555378
money_13,0.002048754993327684
growth_14,0.0020380668267943047
law_13,0.0020314753053410238
finance_13,0.002019620730766181
president_4,0.002006938267315239
stocks_3,0.0020033490058340986
judge_4,0.001995677975957855
risk_14,0.001979412811038994
fed_15,0.0019734975181639356
fed_13,0.001969371659217023
ore_5,0.001968390183155777
dow_jones_8,0.0019683874001732216
profit_10,0.0019667217228426237
virginia_8,0.001965495996478728
fed_5,0.0019577452757214785
carolina_8,0.0019571279459023928
firm_8,0.0019485431332863178
DOW_JONES_8,0.0019451786023169104
house_7,0.0019371005833621613
world_6,0.0019352643153011996
georgia_4,0.0019323000198000484
district_16,0.0019298441620432926
health_8,0.00192284645242089
profit_16,0.0019209581058056368
economy_7,0.0019186380276667858
college_8,0.001918173538358836
conflict_18,0.0019078686851353721
profit_7,0.0019056390339992069
culture_15,0.0019045667282247213
office_13,0.0019044262385288445
fond_15,0.0019024149341984708
consume_5,0.0019023944538707704
police_13,0.0019021494898433966
services_8,0.0019006896842222343
governor_2,0.001897266739420722
rich_12,0.001896068360309666
arts_16,0.0018944974097476973
freedom_17,0.0018936949244612756
management_8,0.0018888726869937145
fine_1,0.0018784161316728332
chance_7,0.0018739767366420025
ohio_13,0.0018718108598209993
present_5,0.001870053775423508
bubble_6,0.0018642054896132576
william_1,0.001853627672555347
freedom_2,0.0018524615293260328
train_5,0.0018508105621252158
credit_4,0.0018469157964692063
color_14,0.0018466549598914028
stats_3,0.0018449603826231399
served_16,0.001842193394882341
blacklist_3,0.0018397612905783679
dividend_13,0.0018395770243972097
voters_7,0.001836317763441886
pennsylvania_13,0.0018347402380021415
headlines_6,0.001833903147133209
trader_14,0.0018256081534781866
oil_11,0.0018253178435480243
firm_14,0.001821358455862221
union_4,0.0018137706568414958
loss_9,0.0018107585274446335
management_13,0.001804897094926483
labor_15,0.0018021065145361393
sell_20,0.0017984228651621414
development_5,0.0017956345444489097
case_18,0.001791723091081221
georgia_13,0.0017909233252101585
success_15,0.0017906701531174908
bank_8,0.0017900348706296088
services_13,0.001789164190549597
project_1,0.001787418090574877
culture_13,0.001786749515256103
president_11,0.001786554325693035
secretary_13,0.0017863257576949288
home_3,0.00178244582392737
bonds_12,0.001780059479870033
college_13,0.0017796296083834706
district_8,0.0017761469707613165
products_8,0.0017760058346869777
bank_16,0.0017749427330798096
headlines_9,0.0017719438323219095
banking_6,0.00177083627826915
government_13,0.0017704442644873365
blacklist_11,0.0017703659200191124
kentucky_9,0.001768306899991523
leverage_13,0.0017649833277568305
stock_market_3,0.001764969307805675
leverage_3,0.0017642026639514753
crash_15,0.0017633276407572397
founded_10,0.0017630569589262234
missouri_8,0.0017598532957871838
elected_18,0.0017524703353059222
society_13,0.0017515578423337396
million_11,0.0017497264229015652
republican_1,0.0017477331751017955
money_2,0.0017473056062596414
fond_20,0.0017453418453172275
republican_10,0.0017397313179714712
chance_8,0.0017350966599025464
crisis_9,0.0017331726669393532
buy_20,0.0017329553207301896
sell_13,0.0017289458028155514
county_13,0.0017282636122337935
home_1,0.0017254179799023107
kitchen_2,0.0017253681161543354
kitchen_10,0.0017250403456897877
risk_8,0.0017231085843532946
fun_9,0.001721342141858284
election_12,0.0017187652674487853
ore_10,0.0017186579608534647
marriage_13,0.0017161489298882725
sell_4,0.0017132521168449432
garden_1,0.001712180208686198
religion_12,0.0017075453170770638
college_16,0.0017051849626953607
products_1,0.0017021388425163097
ceo_19,0.0017021317793787904
ministry_17,0.001701807259578203
ministry_15,0.0017016132517843952
union_8,0.0017001810450326226
conflict_5,0.0016962017326850986
community_13,0.001691648966677417
present_7,0.001690984413214447
bonds_2,0.001690737961193478
derivatives_6,0.0016899711160206943
politics_6,0.0016856332615829527
bubble_3,0.0016803704188995238
million_9,0.0016795357027278301
act_4,0.0016763158567920434
cancer_4,0.0016751084145627758
justice_19,0.0016744709043987171
governor_4,0.0016646756722511259
earnings_20,0.0016587985157729968
development_8,0.0016580220314188266
illinois_8,0.0016579780746118987
portfolio_7,0.0016560832297692007
kentucky_19,0.0016548527439508743
financial_13,0.0016534280832391835
BUY_AND_HOLD_3,0.001653045989930546
legal_10,0.0016516802081801174
case_11,0.0016481716722164918
case_19,0.0016462124647563803
government_8,0.0016443322874790446
council_13,0.0016422633187423985
corporation_13,0.0016415849597343434
justice_3,0.0016415231942141562
blacklist_15,0.0016414198521487399
kitchen_20,0.0016396965094338301
nasdaq_8,0.0016394086457760526
oil_13,0.0016390724940615442
technology_8,0.0016359443699197618
lifestyle_15,0.0016356521252088863
energy_13,0.0016354053796431068
banking_16,0.0016343250848643632
democratic_7,0.001633459849601615
consume_7,0.00163131935430596
missouri_13,0.0016283470178751313
stocks_8,0.001622915720897744
governor_16,0.0016225708552901398
social_8,0.0016207878044893099
vermont_3,0.001617231425774368
party_7,0.0016167536578193253
success_1,0.0016164551814644712
economic_20,0.0016159610447813223
minister_9,0.0016135460157379988
blacklist_16,0.00161304848309336
forex_7,0.0016127053996547902
minister_10,0.0016124806437873174
labor_14,0.0016120626038053532
union_13,0.0016007129415543497
default_8,0.0015993413112194155
court_8,0.001596099921331362
william_6,0.0015955372684686164
tourism_17,0.0015912189285599786
world_18,0.0015889761299480386
stats_8,0.001587951735058657
ltd_18,0.0015879119150463694
rich_20,0.0015876954014203194
stats_9,0.0015845167805430993
happy_15,0.001581836450095131
democratic_12,0.0015730911610119858
service_13,0.0015723370567223727
travel_8,0.0015717042643329515
short_sell_7,0.001570163120190471
sell_12,0.0015688095953385827
default_19,0.0015683312029877606
services_16,0.0015671253365860504
money_14,0.0015654123119879237
home_2,0.0015635682622482604
market_3,0.0015607845829476608
car_9,0.00156030435564094
market_15,0.0015599386091461388
holiday_19,0.0015599224315165916
markets_15,0.00155957557035189
votes_6,0.0015582250125686149
bonds_20,0.0015578867888752512
economy_3,0.0015574092636574388
return_16,0.00155639776607579
stats_14,0.0015543959541248543
pennsylvania_16,0.0015540249554425677
restaurant_15,0.001552428340384493
district_13,0.0015476258776797147
portfolio_12,0.001546465103557848
hedge_9,0.001546422583707696
revenue_16,0.0015447157407660673
members_15,0.0015447015320231515
stats_20,0.0015371869504871682
happy_17,0.0015369123506874028
color_9,0.001536503319831839
industry_4,0.001535638330950806
washington_17,0.001530921276458197
movement_8,0.001529528722430995
nasdaq_16,0.0015289659229573483
consume_9,0.001522530131671096
default_20,0.0015149851669937098
revenue_17,0.0015137894879189372
million_7,0.0015136433827595886
kentucky_13,0.0015133333825557039
credit_8,0.0015132146312504258
cancer_10,0.0015107780342762834
gain_11,0.001510550156785273
justice_8,0.0015081888668974307
growth_19,0.001506967061271447
security_4,0.0015054802547805445
market_14,0.0015048055234308856
georgia_8,0.001503940978645657
consume_4,0.0015031811920408699
politics_12,0.0014962760613059344
growth_7,0.001494948730244361
republican_4,0.0014941125683255007
business_13,0.001493274594282279
chance_18,0.0014923300890504088
case_17,0.0014844230446718898
ltd_15,0.0014818520982678106
william_8,0.001481507322111031
kitchen_15,0.0014806321113177256
loss_17,0.0014786042785323917
oil_18,0.00147695252904112
york_5,0.0014734446811785595
environment_8,0.0014715813413575419
inflation_13,0.0014706718251327633
members_20,0.0014664089566527982
present_11,0.0014649430979274624
marriage_8,0.0014645818484297023
present_4,0.0014628988390403385
founded_6,0.0014619589647786758
william_4,0.0014612706923425645
washington_8,0.0014607985554505377
seats_4,0.0014599044881511646
ore_11,0.0014568025004831231
debt_11,0.0014559691497641135
ring_19,0.0014545560070767793
transaction_14,0.001453539142283744
council_8,0.0014529808660886713
media_5,0.0014527347254014388
consume_8,0.00145240517849754
house_11,0.001450156131384106
cancer_16,0.0014486425378378743
marketing_17,0.001447570386213215
social_13,0.0014468274753123955
financial_markets_16,0.001445203979541798
economic_19,0.001443842513105431
elected_15,0.0014431425879448234
ring_4,0.0014401041105845502
washington_16,0.0014389219784324502
buy_12,0.0014371955608858844
invest_20,0.0014366563155363999
ring_13,0.001436438016406094
market_16,0.0014334567006281996
food_9,0.0014313479742196656
freedom_12,0.0014312349291353498
marriage_19,0.0014282031470875367
financial_8,0.0014273163978963943
buy_14,0.0014260454944752033
buy_5,0.001424607901408348
rights_4,0.0014229279838353648
case_8,0.0014216897056539945
kentucky_7,0.0014202900774685778
elections_12,0.0014185110075479069
short_selling_3,0.001418079119681992
gold_13,0.0014163428864127914
rich_11,0.00141572468401554
invest_7,0.0014154173134299564
crash_5,0.0014137719229698087
stats_18,0.0014132346559855291
cash_7,0.0014132022038475078
restaurant_3,0.001410317450403742
travel_13,0.0014067844785726757
votes_1,0.00140582123797508
risk_13,0.0014044531618345735
finance_15,0.0014039542532777282
housing_13,0.0014014224230735506
buy_9,0.0014007198077342852
ore_8,0.0014000424186994653
bonds_14,0.0013987070432567084
marketing_16,0.0013979433589563993
happy_20,0.0013971561965740787
house_3,0.0013959918211049027
loss_14,0.0013955701616112036
consumption_5,0.0013954645703335266
representatives_3,0.0013933608503741812
opportunity_3,0.0013926742649958746
members_6,0.0013925592850970504
markets_6,0.0013920173712369311
stock_market_19,0.001391666331374619
ring_7,0.0013916434935308253
movement_13,0.001391552495217252
return_15,0.0013899860086170612
garden_15,0.001389629750915633
ohio_19,0.0013884505849954154
minister_8,0.0013880008978385927
act_14,0.0013870090229085364
court_11,0.0013855972922851788
culture_5,0.001384892726571363
metals_15,0.0013843485278508983
votes_18,0.0013832718717444292
finance_5,0.0013829731596390227
money_9,0.0013828741346298746
marriage_6,0.0013828539901900472
gold_12,0.0013826231133329038
travel_4,0.0013822284633579374
pennsylvania_1,0.0013821120670427956
greed_11,0.001382017628428689
act_9,0.0013819806001173606
gains_11,0.0013798490643639916
loss_3,0.0013792611225388108
home_6,0.0013791177818978317
politics_18,0.0013786964545856595
union_14,0.0013777485275142
cash_17,0.0013756828280900191
money_19,0.0013750425745735928
short_selling_16,0.001374125403512183
ltd_13,0.0013723834772330524
technology_18,0.0013719376439453646
economy_8,0.0013706969592877315
dow_jones_12,0.0013676588991291317
water_7,0.0013675740314801343
travel_2,0.0013672757046484074
bubble_18,0.0013666352082456923
college_14,0.0013654280847821055
oil_8,0.0013639791653198951
massachusetts_16,0.0013635790365730926
earnings_10,0.001362594894254454
rich_4,0.0013617847611844037
opportunity_6,0.001361263143790592
culture_2,0.001360663367101611
cancer_15,0.0013598385590645635
conflict_17,0.0013592334104016723
earnings_5,0.001357370376616185
gold_9,0.0013572303394177253
hedge_13,0.0013570167088418517
business_8,0.0013565119211779385
loss_16,0.001351752293052355
york_4,0.0013512258273012724
tourism_9,0.0013488881228145067
returns_9,0.0013475241850002373
marriage_7,0.0013471522183212902
case_2,0.0013464084595419478
blacklist_8,0.0013450019319269702
party_16,0.0013434970994242069
success_12,0.0013430531432340187
present_15,0.0013421287615402288
trader_11,0.0013417001024218721
returns_8,0.0013399876179262416
republican_2,0.001337963529942554
earnings_11,0.0013376701351868858
financial_markets_14,0.001337489586911289
law_10,0.0013346632106359113
william_18,0.0013344382338865701
election_18,0.0013342350220727273
development_13,0.0013320552617130498
hedge_15,0.001332003669393167
present_18,0.0013314736903468072
ring_11,0.0013285128389721513
environment_4,0.0013281510591844903
pennsylvania_9,0.001327114931762008
virginia_13,0.0013262394427242974
consume_19,0.0013259885458197119
elections_6,0.0013258969318439284
travel_1,0.0013258949308312395
leverage_7,0.0013252643809544607
pennsylvania_18,0.0013251176511608121
consumption_15,0.0013250114810384739
legal_4,0.0013249598519615934
economy_4,0.001324777993105486
political_14,0.0013244799615698799
conflict_10,0.0013239958153236308
democratic_20,0.0013236117127015667
seats_5,0.0013212497052403239
war_4,0.0013196844220947578
gold_11,0.0013195660538077192
financial_markets_10,0.0013182935206803802
republican_7,0.001316277092448348
inflation_20,0.0013143330641636642
products_13,0.0013138379841541425
ring_8,0.0013137402353438298
greed_3,0.0013119441694795508
tennessee_11,0.0013100325381337542
unemployment_15,0.0013092829745364964
freedom_7,0.0013078480051996078
holiday_8,0.0013063478034854414
market_19,0.001305276742150019
minister_15,0.0013042521999901968
environment_14,0.00130411671710855
kitchen_16,0.001303666017295546
democratic_6,0.0013034353503131424
global_13,0.0013024964202972722
social_2,0.0013018107668849367
revenue_4,0.0013017480614618605
short_sell_2,0.0013015415265848374
culture_18,0.0013014794512891115
district_18,0.001301435965652753
labor_11,0.0013006443560153124
travel_20,0.0012999832145693447
growth_18,0.0012992943055907924
hedge_17,0.0012991200467323382
cash_4,0.0012989566237203043
members_5,0.0012975971993875568
consumption_6,0.0012972038023631339
religion_9,0.0012961259205823915
voters_13,0.001295380628165832
law_20,0.0012943748302199243
rights_2,0.0012938518645038365
legal_5,0.0012916185057272767
labor_13,0.0012914118634661299
missouri_15,0.0012909227991330318
loss_15,0.0012904835738221764
council_4,0.0012892182330783487
home_5,0.0012865450228381815
fine_9,0.001284969461310359
election_9,0.001284852351397392
president_13,0.0012844797242842487
arts_8,0.0012843767197763256
short_selling_2,0.0012842144630192953
kentucky_18,0.0012834767299297
revenue_14,0.001283466860839333
legal_8,0.0012829922882883426
justice_17,0.0012829558277007492
firm_10,0.0012824528921798971
college_5,0.0012816916927670175
kitchen_14,0.0012808311733649048
kentucky_15,0.0012807491381648939
virginia_17,0.001280619286932616
portfolio_19,0.001278953779611247
movement_10,0.0012785578132362696
kitchen_11,0.0012783400630500986
wisconsin_9,0.0012773610664305267
illinois_4,0.001276266965223094
bubble_10,0.0012737484957386469
stocks_11,0.001273100323255294
media_7,0.001272171578334702
tennessee_1,0.0012709314941501404
york_11,0.0012687690346414814
dow_jones_3,0.0012684121420415417
vermont_12,0.001266275184554111
york_1,0.00126499562076956
gains_3,0.0012639882609673636
marriage_3,0.0012636525283475474
sell_6,0.00126359435294765
marketing_13,0.0012619710271746687
stats_13,0.0012604821751434291
justice_7,0.0012585210040465089
texas_19,0.0012584994387029092
happy_16,0.0012542318147016561
risk_17,0.0012537478628391163
holiday_9,0.001252339690379256
massachusetts_18,0.0012520333713165188
wisconsin_20,0.0012518585843737772
politics_8,0.0012517118497546108
lifestyle_19,0.0012505550991570135
money_8,0.0012495643316106086
profit_14,0.0012483815971918277
votes_3,0.0012463855658319644
culture_6,0.0012459450039272735
society_19,0.0012452389107797002
political_2,0.0012444470924523054
stock_market_7,0.0012423468585545995
financial_markets_13,0.0012421843635555651
democratic_18,0.0012415558330086452
committee_15,0.0012411036876689874
tourism_7,0.0012404549520647068
conflict_7,0.001239850371814244
carolina_20,0.0012380228745708876
financial_markets_19,0.0012378524228000565
growth_5,0.0012356535022583382
economy_10,0.0012343885317136927
revenue_8,0.0012340472296469285
holiday_10,0.0012338113831477538
religion_19,0.0012333611054906823
president_18,0.001232391433585378
products_5,0.0012323294057404288
democratic_11,0.0012322020342284468
short_selling_5,0.0012317521177559686
trader_1,0.0012315378574204727
greed_19,0.001231147266489363
blacklist_1,0.0012297541112940235
loss_8,0.0012268579708862193
secretary_16,0.0012268161405735612
missouri_14,0.0012266183636395755
government_14,0.0012263561972970295
house_6,0.0012262554160480832
tennessee_18,0.0012260822951885464
vermont_20,0.0012249029773041098
fed_18,0.001224812051184032
oil_10,0.0012246833059649908
media_9,0.0012233628053135437
industry_5,0.0012232133367431563
william_7,0.0012231126532249003
profit_1,0.001220868178735146
default_16,0.001220718598815096
economy_1,0.0012207065954897179
growth_1,0.0012195909343455601
economics_17,0.0012195030573541876
short_sell_6,0.0012194524766495408
oil_6,0.001219304247496855
law_18,0.0012192705559274319
happy_4,0.001217513177930085
kitchen_9,0.0012172965095123
BUY_AND_HOLD_7,0.001217221206655883
industry_1,0.0012168527203755275
act_5,0.0012167085197783978
police_19,0.0012147444288098219
security_13,0.0012123136156410252
william_9,0.0012117651863745582
water_16,0.0012109953755216284
rights_3,0.0012108682691843065
rare_earths_1,0.0012106895373749094
seats_7,0.0012091428477982724
economy_14,0.0012089693545103142
cash_6,0.0012085789916356671
democratic_4,0.0012077785176493494
color_17,0.0012076525488191603
money_7,0.0012059519801703943
portfolio_5,0.001204698384450298
dividend_11,0.001204476759553419
finance_18,0.0012035977982678635
food_16,0.001203428950117802
union_20,0.0012030026998169241
bonds_7,0.0012025341203949491
financial_19,0.0012005198313756794
water_20,0.0012000625359623873
financial_markets_9,0.0011997962554343377
religion_10,0.001199486874655653
lifestyle_3,0.0011992177744363452
restaurant_14,0.001198716354281104
housing_8,0.0011982942176399724
votes_12,0.00119787861080618
votes_11,0.0011967818182158085
water_14,0.0011966365656272738
financial_markets_3,0.0011963908184062122
vermont_2,0.0011939479285455468
security_20,0.00119350593177725
derivatives_16,0.0011927534175900866
senate_8,0.0011927445878483268
marriage_18,0.001192104701621588
politics_2,0.001192101310671756
missouri_2,0.001191963447876887
housing_14,0.0011913613883306252
short_sell_20,0.0011911368820382018
culture_9,0.0011903750171404325
representatives_20,0.0011903200159866013
fed_10,0.0011897530825514702
election_5,0.0011894174784253587
greed_20,0.0011891512216622325
return_17,0.0011889290338976456
voters_11,0.0011883979172133685
legal_13,0.001188033159888291
ceo_13,0.0011874981299978993
energy_8,0.001187351049008556
votes_10,0.001186968890455331
marketing_8,0.0011868031446920612
gold_19,0.0011861963067994585
arts_4,0.0011856416682791027
restaurant_16,0.0011838685245794344
pennsylvania_4,0.0011834543989993173
technology_5,0.0011832622539440728
color_11,0.0011830469902009532
consume_17,0.0011822321746542519
train_14,0.0011812663609847007
case_3,0.001180653997646619
housing_18,0.0011805038895770447
car_17,0.0011803131242834387
minister_6,0.0011784257230436524
ceo_1,0.0011775344054009817
representatives_19,0.0011762839564782635
industry_7,0.0011761313530646912
dividend_19,0.0011756862171234284
markets_1,0.0011750902163848664
texas_8,0.0011746383130506687
republican_3,0.0011745095813694873
financial_markets_7,0.0011740542364952588
house_8,0.0011724812111304716
unemployment_11,0.0011722509609211063
judge_19,0.0011711165113022393
case_6,0.0011700156251338134
short_sell_1,0.001169744659751637
justice_10,0.0011696067903340657
legal_9,0.001169597638909159
rare_earths_7,0.0011689186655631455
present_9,0.0011676184157948023
risk_16,0.0011666720493276328
tennessee_19,0.0011664883128943647
earnings_1,0.0011660402426042049
vermont_5,0.0011656095387509336
train_13,0.001165160876763327
wisconsin_19,0.0011651055530166987
growth_8,0.001164882424828484
tennessee_5,0.001164674618204975
religion_3,0.001164004743826097
william_20,0.0011635749369528936
voters_16,0.0011633234898002387
financial_markets_20,0.0011629924681157977
short_selling_6,0.0011622035649906826
rights_7,0.0011615231282397387
short_sell_9,0.0011611396642243754
risk_10,0.0011606941639088486
cash_3,0.001160126831281194
car_7,0.0011594917898509083
return_11,0.0011592354009819505
voters_19,0.0011591314798823139
short_sell_16,0.001158840780110748
gold_18,0.0011586100648237618
cash_15,0.0011584958803245505
rich_7,0.001158253801942699
ring_17,0.0011582071451373688
voters_3,0.001157988541819166
massachusetts_14,0.001157377427645634
economy_6,0.00115705219187765
rights_14,0.001156630094962452
companies_14,0.001156566474762477
blacklist_2,0.0011563166458798291
case_20,0.001156249326979486
default_2,0.0011562491650253248
stock_market_8,0.0011561378451934612
votes_9,0.0011557578469795437
act_15,0.001154838281148729
money_3,0.0011546441276201857
security_14,0.0011539403500170132
rights_10,0.0011535873796092889
transaction_20,0.0011533682268977997
rare_earths_3,0.0011525695974035522
returns_6,0.0011524677057642263
cancer_20,0.00115170776897644
BUY_AND_HOLD_8,0.0011515476246997558
growth_4,0.0011512705278388768
bubble_11,0.0011510528117098628
business_16,0.0011508157677316167
headlines_10,0.0011506624055510396
market_2,0.001149783297659779
security_19,0.0011493429125844167
train_16,0.001149250746763686
minister_2,0.0011491967653126435
community_14,0.0011484791912584446
votes_7,0.0011476700336951362
development_7,0.0011476679425858505
economics_1,0.0011469032721411754
politics_5,0.0011463968978614014
york_7,0.0011460743706157572
oil_14,0.0011455562829594478
georgia_11,0.0011455392027011958
BUY_AND_HOLD_20,0.0011452523004420456
dividend_15,0.0011450738714757548
economic_8,0.001145023762761843
consume_10,0.0011450186889869762
party_14,0.001144812364847181
fun_20,0.00114380394557021
stats_15,0.001143615515107954
president_2,0.001143540367637974
home_14,0.0011428906952322792
marriage_2,0.0011428303010764917
illinois_19,0.00114280187054987
ring_10,0.0011426224832336907
earnings_8,0.001142609541750761
service_15,0.0011412712391220437
trader_9,0.001140789961623878
society_7,0.0011406783891571015
dividend_9,0.0011405100286587366
kentucky_11,0.0011404754665200524
success_2,0.001140300584429621
debt_4,0.0011401576493099252
college_4,0.001138600296152492
rare_earths_4,0.0011370809830433704
return_3,0.0011370601691371497
greed_10,0.0011364105885901088
color_6,0.0011363221163596116
war_14,0.0011362463539768442
greed_6,0.0011356870696093368
banking_20,0.0011356141068379565
dow_jones_7,0.0011354842680177057
housing_4,0.0011354616076388435
kentucky_8,0.001135327430904609
environment_19,0.0011340357027056491
culture_12,0.0011337153528846455
crash_2,0.0011335550305118015
senate_6,0.0011333614549862369
county_8,0.0011330528963307885
travel_5,0.0011329728484768208
present_19,0.001132707805159039
fun_7,0.0011322598554714737
religion_13,0.0011319055779096753
consumption_4,0.0011315124957507639
members_7,0.0011314849037803664
fun_15,0.0011312973733691224
financial_markets_6,0.0011307528774742615
dividend_16,0.0011307002233920337
tourism_15,0.0011301749687670614
elected_20,0.0011298197395354982
council_16,0.0011296389502370996
government_5,0.0011292975723939502
corporation_16,0.0011292905828690137
buy_3,0.0011287105916653495
companies_13,0.001128071992742763
conflict_11,0.0011270972215924769
food_6,0.0011263016201487508
illinois_14,0.0011259203613450675
minister_3,0.0011255725792222115
rare_earths_6,0.0011252850233393953
rare_earths_8,0.0011249036465437623
voters_5,0.0011241766746324933
forex_5,0.0011240705461037725
million_10,0.0011238063296023393
religion_16,0.0011236820548012894
financial_markets_8,0.0011233471820943253
management_18,0.0011233369239726399
economic_2,0.0011229353757355564
short_selling_11,0.0011225896150273361
short_sell_8,0.0011222274883330384
massachusetts_7,0.0011218865242119014
companies_15,0.0011213088029892403
garden_6,0.001121265197961141
county_19,0.0011211766991552797
media_15,0.001121058732499991
house_1,0.0011210309685130814
missouri_7,0.0011199666808551002
risk_2,0.0011190798119267598
freedom_20,0.001118844615704706
water_13,0.0011187941666852552
crisis_7,0.0011185642353568337
arts_5,0.0011178442291285729
markets_5,0.0011177123155527101
short_sell_11,0.0011173028598173707
rare_earths_10,0.0011172886576581442
environment_17,0.001116991791072741
political_8,0.0011169806726040398
district_5,0.00111654639081189
office_8,0.0011165437017977898
economics_6,0.0011163492519761897
consume_6,0.0011163043721342581
party_13,0.0011156745974799209
health_16,0.0011150364418304414
firm_11,0.0011150362387786661
short_selling_15,0.0011145880345458936
greed_5,0.0011145011356483935
act_7,0.0011143289126019028
seats_9,0.0011142267795131832
inflation_15,0.0011128641320579113
blacklist_14,0.0011127991199696874
founded_5,0.0011124523819089794
loss_1,0.0011122898703666672
portfolio_4,0.0011122104506330333
money_1,0.0011112438697774118
war_7,0.0011109574748808138
fine_8,0.0011108962896287488
train_10,0.0011096886812589578
representatives_6,0.0011094716471196531
travel_9,0.0011093892147493235
religion_8,0.0011093776023555657
members_17,0.0011089121040142036
gain_20,0.001108807076326257
short_sell_5,0.0011087173560357711
leverage_6,0.0011085573184573595
rare_earths_9,0.0011083218538989526
government_16,0.0011082130752240627
missouri_5,0.0011082016438273667
oil_5,0.0011080390144734054
short_sell_10,0.0011075753511878839
political_10,0.0011075513711579221
water_2,0.001107247495240804
tourism_4,0.0011070466205532537
members_3,0.0011059232527051988
short_sell_3,0.0011053653048356705
short_sell_15,0.0011052580210615837
car_5,0.0011051576652546303
rare_earths_5,0.0011038736673021575
justice_11,0.0011037602221996901
unemployment_13,0.0011023932828045035
gain_2,0.0011021415139776947
kentucky_5,0.0011018525235803266
inc_16,0.0011017292573382465
wisconsin_16,0.0011010317760723476
massachusetts_6,0.0011008873436830103
companies_4,0.001100833366722287
georgia_15,0.001099186695200527
buy_1,0.0010988973471508956
food_14,0.0010986216129561966
tourism_8,0.0010981983791932715
opportunity_9,0.0010974929281777125
ring_20,0.001097428625907737
elected_4,0.001097151335766111
unemployment_8,0.0010970826831385948
health_5,0.0010967144739912448
georgia_7,0.0010965796463418887
market_8,0.0010963863805382168
president_8,0.0010956844307631996
trader_7,0.0010956736743409578
rare_earths_2,0.0010954958864666242
fun_18,0.0010950598194840345
economy_18,0.0010943312499083202
stocks_9,0.0010942473802554309
consumption_11,0.0010940809374798022
ministry_10,0.001093991799708971
nasdaq_7,0.0010938958275314103
pennsylvania_11,0.0010935784458439013
transaction_7,0.0010933728692123167
police_15,0.001093224223021294
elections_15,0.0010925075506511782
financial_markets_11,0.0010923067776281048
metals_16,0.0010919280568383982
society_14,0.0010918652444622755
rare_earths_11,0.0010914721608265455
ohio_8,0.0010912605659124442
minister_7,0.0010912075692229184
party_8,0.001090446392038591
rights_18,0.0010894957607476385
ministry_4,0.001089486568394804
present_2,0.0010893316527102793
consume_1,0.0010886751282866314
car_12,0.0010882979040939933
social_14,0.0010879558859315797
environment_15,0.0010878848292228405
wisconsin_13,0.001087871539089158
marriage_9,0.001087814309355073
washington_14,0.0010877626680735775
ring_12,0.0010875034250976024
economics_14,0.0010873695317527466
tennessee_8,0.0010873312459230844
governor_20,0.0010868958493823965
short_selling_13,0.0010864022490185699
ohio_10,0.0010859841664976554
investment_14,0.0010859604864576823
pennsylvania_7,0.0010853726782468654
ring_18,0.0010853648252379111
food_19,0.0010851749886052532
media_20,0.0010845886312109477
politics_3,0.0010842851781587947
voters_4,0.0010838184072955227
war_5,0.0010837378051159474
served_10,0.0010834762948794818
global_4,0.0010834196525514538
tennessee_14,0.0010826259798700998
color_12,0.0010823654770695911
labor_9,0.001081884274033018
money_4,0.001081622384707459
short_selling_14,0.0010804990291702677
case_16,0.001080420419705974
case_13,0.001079601481696657
short_selling_10,0.0010795650261359313
growth_9,0.0010794821909611897
BUY_AND_HOLD_6,0.0010794761171588618
holiday_14,0.001079110972132913
movie_4,0.001079058137140887
car_14,0.0010789630946124618
garden_14,0.001078833105702759
house_14,0.00107876478757154
community_16,0.001078359081125546
transaction_12,0.0010780405682652816
william_5,0.001076770636375657
secretary_19,0.00107656904153004
money_16,0.0010753756122789727
media_10,0.0010751068539205822
case_9,0.0010748627085838125
rich_3,0.0010741534064879986
BUY_AND_HOLD_9,0.0010740802045875464
rare_earths_20,0.0010740634831440722
gold_7,0.001073947147750287
companies_16,0.001073879891948537
party_10,0.0010737998639187118
tourism_11,0.0010733882801881923
returns_15,0.0010733615642783301
party_15,0.0010727531507598088
washington_7,0.0010726205378096098
freedom_14,0.001072148847748622
seats_20,0.0010714258394463939
democratic_3,0.0010710554088738445
risk_15,0.0010705156439019038
financial_markets_1,0.0010697341611893175
short_selling_4,0.0010696800356405412
movement_5,0.001069169893037647
inc_17,0.0010691367469055635
corporation_19,0.0010687293818925526
stock_market_17,0.0010687137718010885
york_16,0.0010678778416930656
chance_20,0.001067687907846704
war_9,0.0010672368190065783
served_3,0.001067026341264543
votes_2,0.0010666610571009373
community_20,0.001066250633552035
food_20,0.0010661294833623548
development_15,0.0010654252863291137
crisis_20,0.0010653377712300572
food_7,0.001065331422684257
police_12,0.0010645807409425333
government_4,0.0010639782215680071
movie_9,0.0010634368258142235
ltd_9,0.001063315327718306
culture_16,0.0010625296188216504
ceo_12,0.0010620004303341756
representatives_4,0.0010619446016911116
act_16,0.0010619168857516127
rare_earths_14,0.0010619031231706045
corporation_5,0.001061396477474208
forex_4,0.0010608184175673109
elected_13,0.0010591445624348772
vermont_14,0.0010591241129766615
business_14,0.0010590538033715235
cash_20,0.0010588758787429598
federal_17,0.0010581957964066247
corporation_14,0.0010574305328109768
bonds_16,0.0010572163270625267
global_18,0.0010567685362417255
trader_17,0.0010563867605307919
products_9,0.001056090808669885
seats_16,0.001055722347319299
default_9,0.0010551716671225008
cash_14,0.0010550999064143697
culture_14,0.0010550768760496875
default_18,0.0010548730873687795
york_19,0.0010547485407828461
stocks_14,0.001054027622513276
buy_4,0.0010538323741751342
earnings_7,0.0010538116652085705
war_6,0.0010537263934449648
law_15,0.0010535484204643897
gains_14,0.0010528024494008913
law_17,0.0010527421426242745
politics_19,0.0010525628350058103
massachusetts_12,0.0010525477918946092
arts_2,0.0010524822132083056
fed_14,0.0010521224799259655
republican_20,0.0010511987778034858
industry_13,0.001050904880951431
derivatives_9,0.0010506887414664546
invest_10,0.001050521671901583
return_6,0.0010503911006097821
food_15,0.0010499316618331812
gold_6,0.0010490663982095417
bubble_14,0.001048207062998663
media_16,0.001048052531633159
color_20,0.001046874399698594
sell_7,0.00104621845503321
carolina_1,0.0010454339645034505
finance_14,0.0010454290834595703
community_5,0.0010454276821150632
war_3,0.0010447092558176774
energy_5,0.001044592292450175
revenue_5,0.0010445012063650338
project_5,0.0010444943308224764
founded_4,0.001044400484474295
carolina_13,0.0010443592487028308
blacklist_4,0.0010443254818459202
bubble_20,0.0010440686334378003
conflict_8,0.0010440630252652073
products_19,0.0010439893211810602
members_9,0.0010437780137507956
sell_5,0.001043619862589651
greed_8,0.001043463993861793
water_3,0.0010433700032917326
companies_12,0.0010430930411574834
rich_10,0.001042605757468551
garden_10,0.0010424546213189557
energy_19,0.0010421718582600992
movement_16,0.0010421608881300503
fine_2,0.001041827959138808
marriage_20,0.0010416928031043548
success_5,0.0010416117213496224
crisis_13,0.0010414246785322545
color_5,0.0010412985196908808
market_13,0.0010409545126609076
lifestyle_10,0.0010407181455614812
buy_6,0.0010401513844658483
fine_11,0.001040073120073748
housing_19,0.0010394327267646553
derivatives_3,0.0010393598985434683
government_7,0.0010391215426001966
freedom_11,0.001038537747697399
rare_earths_16,0.0010384115342093158
georgia_19,0.0010384004186480666
political_4,0.0010383171669506198
house_9,0.001038147340963369
rich_15,0.0010378336070647309
profit_2,0.001037747484051743
investment_15,0.0010372910027214744
products_14,0.001037134452321431
conflict_14,0.001037006794658546
voters_9,0.0010369218166197847
college_18,0.0010367233772274442
tourism_14,0.0010364967070488173
economics_15,0.0010363947734678414
short_selling_8,0.0010363156309818767
ministry_11,0.001036260609828421
rich_2,0.00103605275978349
act_19,0.0010355043434631783
credit_14,0.0010354676003386132
credit_20,0.0010353438971573592
short_sell_4,0.0010350076700528454
war_8,0.0010347000651567573
greed_4,0.0010344652426282463
stocks_19,0.0010343774147296703
missouri_20,0.0010342212036910325
BUY_AND_HOLD_16,0.00103407917556666
buy_10,0.0010337364316852725
lifestyle_7,0.001033705336783708
carolina_14,0.0010332190667185826
investment_11,0.0010329010722689436
police_16,0.0010328293798441911
republican_13,0.0010320646856064597
oil_7,0.0010316127028876965
crisis_3,0.0010316104721413977
war_18,0.0010304932357353635
consumption_3,0.0010303443209257023
fine_6,0.0010300786782023285
default_11,0.0010300220663035375
stats_16,0.0010296417680506042
society_1,0.0010295738470066373
companies_5,0.0010294262481095108
justice_12,0.0010293910759534342
greed_9,0.0010290365763279575
president_6,0.001029029991182595
rare_earths_15,0.0010283907640377787
elections_3,0.00102819985360747
inflation_5,0.0010279695044773662
ceo_10,0.0010275839682928334
car_13,0.0010274560266440025
legal_16,0.0010271682843838946
garden_2,0.0010270767920482538
short_selling_18,0.0010270314723211048
community_18,0.0010267996645916045
committee_13,0.001026733427886084
massachusetts_5,0.0010267183164058614
car_1,0.0010264217160812716
sell_14,0.0010264213943232514
debt_15,0.0010261066850714372
police_6,0.0010253123262277785
legal_7,0.0010251093854517501
minister_13,0.0010245408607201466
food_12,0.0010238435897952814
kitchen_17,0.0010232065398337654
consumption_2,0.0010231054456858457
stock_market_9,0.0010230238568923467
trader_5,0.0010230170852652209
conflict_20,0.0010225745311374767
service_19,0.0010224721228096144
car_3,0.0010221518656744477
york_14,0.001022055244154263
risk_4,0.0010218501375943933
cancer_5,0.0010213570371293112
blacklist_19,0.001021307977968866
war_20,0.0010211633405233568
religion_18,0.0010208146534377515
ltd_16,0.0010206835921168667
debt_2,0.0010204800905265544
car_19,0.0010202264163120534
political_5,0.0010199399747803594
georgia_14,0.0010193158051096773
william_14,0.0010191455545337069
community_4,0.0010189754989251344
carolina_5,0.0010189537482256262
success_11,0.0010180618469080027
council_20,0.0010180574957417532
court_14,0.0010179374678688014
committee_10,0.001017688596544386
oil_16,0.0010176399848431882
holiday_15,0.0010174572546173487
court_9,0.0010172482125243797
BUY_AND_HOLD_17,0.0010172282012350432
money_5,0.001016889999908166
ring_14,0.0010167490868765894
greed_16,0.001016612022431662
rare_earths_19,0.0010163283108961308
freedom_8,0.0010160467901086268
government_15,0.0010157194818616988
founded_2,0.0010154283025334055
returns_11,0.0010153747338127682
social_19,0.0010147909602018501
virginia_6,0.001014763256355722
environment_2,0.0010146763775447764
corporation_15,0.0010145390558332634
development_9,0.001014463276176869
founded_15,0.0010141476865431543
legal_18,0.0010136621090119703
growth_6,0.0010124789179959848
inc_15,0.0010124031601132844
inflation_18,0.0010119603891114658
return_4,0.0010119140623145117
home_17,0.001011488879472422
global_5,0.0010112737747996591
garden_9,0.001011118260637378
rare_earths_18,0.001011055592868204
votes_8,0.0010109404224827978
ring_5,0.001010189880776635
market_1,0.0010101248514438276
carolina_11,0.0010097359055244004
secretary_18,0.0010093687317919153
case_5,0.00100929798390752
ceo_4,0.001009234242995305
headlines_20,0.0010091852992438976
short_selling_20,0.0010085404967238088
house_19,0.0010083530185498013
judge_3,0.0010082921284875201
stocks_4,0.0010082263985124352
firm_7,0.0010079327454099118
political_19,0.0010074074452677494
short_selling_1,0.0010073474760718738
unemployment_16,0.0010070057196036597
virginia_14,0.0010067822072445053
washington_2,0.001006650003959364
senate_16,0.0010064382906536772
water_8,0.0010063257525812607
buy_19,0.0010062899930923575
bonds_9,0.00100584448749792
pennsylvania_5,0.0010057178190112203
money_6,0.0010053612465815488
cancer_11,0.0010049485871805653
investment_1,0.001004887194817572
restaurant_19,0.0010046751591713976
industry_9,0.0010041051745462548
portfolio_13,0.0010040729603114419
investment_6,0.0010036528065851202
return_7,0.0010034268343775076
house_4,0.0010033295538799836
financial_markets_15,0.00100318836111577
act_18,0.001002975721560917
community_7,0.0010024739950698302
massachusetts_15,0.0010023340223349608
management_14,0.001001567717370988
garden_3,0.0010014841431715382
leverage_2,0.0010007927658012283
markets_14,0.0010003014309646562
union_18,0.0010002225260313136
dividend_14,0.0010002161402943965
judge_1,0.0010000254254684427
chance_19,0.00099878028313527
debt_17,0.0009985379782219584
firm_17,0.0009981965956984862
firm_18,0.0009981568801417985
judge_2,0.0009976669940681582
votes_4,0.0009973465271523763
gold_16,0.0009973121097665016
law_19,0.0009967771173302164
party_3,0.0009966505110294178
ceo_9,0.0009965507830185683
society_5,0.0009961443056120123
missouri_19,0.0009960631968828127
wisconsin_17,0.0009960298155974544
founded_9,0.0009960192857585647
economics_12,0.0009955886696875415
political_7,0.0009955355700740354
happy_6,0.0009952308903645956
happy_10,0.0009950859472420027
federal_19,0.0009949086717590204
court_16,0.0009948375426280577
firm_19,0.0009948318134858525
ohio_14,0.000994745730412916
services_15,0.0009943307923580224
invest_6,0.0009941750045828312
texas_6,0.0009940500982637212
ministry_18,0.0009935788882558193
gold_17,0.0009935639402354423
services_5,0.0009934133641182452
products_17,0.0009927180081819031
fun_16,0.0009921967513676355
economic_5,0.0009921536757773186
service_10,0.000991701362430364
investment_17,0.000991693318612441
politics_7,0.0009916737311057356
elections_7,0.0009913427856495182
development_19,0.0009910539286485998
religion_20,0.0009900700792927041
color_3,0.0009899935413943517
georgia_1,0.0009897006358914994
social_15,0.0009895245506299278
transaction_15,0.0009894811362699985
DOW_JONES_12,0.0009889516355057414
crisis_11,0.0009887215082784672
justice_18,0.0009887000726293005
elections_8,0.000988695696110442
energy_9,0.0009880814138686577
services_17,0.0009878505221962764
short_sell_19,0.0009878486999520542
inflation_9,0.0009875802987405979
present_10,0.0009872975161270725
profit_6,0.000987130397623437
growth_15,0.0009867584850367095
economic_17,0.000986747927160736
short_sell_14,0.0009866355710776542
labor_16,0.0009864182396236432
industry_16,0.0009860283643248868
marketing_12,0.0009858378940062807
case_7,0.0009855837171979908
georgia_17,0.0009851361202000807
inc_14,0.0009837563048084696
war_15,0.000983586903864908
society_6,0.0009834298086093484
restaurant_4,0.0009834152400345797
loss_5,0.0009832786194200027
restaurant_7,0.0009830188323391776
leverage_12,0.0009829438219071784
party_9,0.000982643998698718
greed_2,0.0009826094215054314
water_15,0.000982224716149438
car_16,0.0009820491849149126
health_19,0.0009819565094311366
holiday_20,0.00098071993676212
tennessee_6,0.0009801787899289982
markets_10,0.0009799002030266956
security_16,0.0009792194191022175
judge_7,0.0009791862116830697
lifestyle_14,0.0009790765334704021
short_sell_18,0.000978040414265946
marketing_15,0.000977795404101811
companies_20,0.0009774812764163031
corporation_17,0.000977440684114228
profit_20,0.00097741223461556
travel_12,0.0009771751541989282
finance_10,0.00097699975702501
development_14,0.0009769319528739827
technology_19,0.0009769125812330026
secretary_11,0.000976895852268167
train_15,0.0009767528403999749
fun_6,0.000976635280549254
arts_1,0.0009764715829228887
seats_6,0.0009762058222545055
companies_18,0.000976185012008135
fun_14,0.0009759971628321873
media_6,0.0009755942270001982
legal_3,0.0009748102296561756
media_2,0.0009739352829157388
elections_10,0.0009735724605915985
union_6,0.0009728340869230356
blacklist_7,0.0009726156729995328
legal_2,0.0009725575063449954
legal_11,0.0009722788980434771
home_9,0.000972256959951201
technology_14,0.0009721067962352281
office_16,0.000972039738772601
bonds_6,0.0009719006517768358
economic_16,0.0009718683262673666
republican_15,0.0009717687496433536
illinois_5,0.0009716715932338804
garden_11,0.0009713557552506469
law_16,0.0009712123401018679
returns_3,0.000971120394171332
justice_14,0.0009710722232310731
gold_20,0.0009709629109679429
return_12,0.0009709062495486531
chance_10,0.0009702486969592084
marketing_19,0.0009699477603561047
health_18,0.0009696441589448046
kentucky_12,0.0009696334767283598
financial_17,0.00096962807717631
movement_12,0.000969593345033104
business_5,0.0009691819511799205
blacklist_13,0.000968613392636497
william_16,0.0009681800846314426
rights_19,0.0009681626063206217
massachusetts_8,0.0009676050623032229
transaction_10,0.0009669327746932189
movement_14,0.000966412273962991
media_3,0.0009660874136846909
georgia_6,0.0009660271607304427
rich_16,0.0009658238762412008
kentucky_1,0.0009654023696930025
seats_18,0.0009638761266843376
firm_16,0.0009634443807166049
justice_2,0.0009625833172388187
stocks_5,0.0009623629053546523
credit_5,0.0009619542828134487
fine_3,0.0009618474671765576
cancer_8,0.0009617157580145141
wisconsin_12,0.0009616219831976025
finance_16,0.0009615848774863212
services_19,0.0009614120093437428
massachusetts_1,0.0009612822252665243
religion_7,0.0009603206715193657
religion_5,0.0009601079875431572
return_13,0.0009600476802979596
color_4,0.0009597570244309183
train_18,0.0009596597899388604
inc_19,0.0009595177502231156
politics_20,0.0009594686560544519
housing_15,0.0009593849224857065
economy_19,0.0009593612763747483
car_4,0.0009589957432666774
legal_17,0.0009589475426095895
ring_6,0.0009585635234318213
business_10,0.0009585610992958848
senate_10,0.0009584481270377143
oil_4,0.0009582391194921103
freedom_6,0.0009580403531073145
served_18,0.0009579375805057299
nasdaq_10,0.0009578074338946196
housing_1,0.0009574407887689596
elections_1,0.0009571788235248846
york_6,0.0009570716611819075
investment_16,0.0009564989206717111
marketing_14,0.0009562244939060882
products_16,0.0009560326684391774
georgia_20,0.0009555302158332779
rare_earths_13,0.0009551010932289383
ltd_5,0.0009544849189027759
arts_9,0.0009544822686659016
home_13,0.0009540273854451887
global_16,0.0009531322293896638
development_18,0.0009529764782507444
rich_18,0.0009525562807261023
elected_19,0.0009523309865927087
district_14,0.0009518737561528878
virginia_18,0.0009514233319455112
rich_13,0.0009511926073878741
case_4,0.0009510055633900949
elections_9,0.000950798747231163
finance_6,0.0009507887093746393
portfolio_2,0.0009506789144110739
crash_10,0.000950105802168788
industry_12,0.0009498920425302204
freedom_10,0.0009494202491409532
trader_18,0.0009493865256814838
house_16,0.0009492620101130056
wisconsin_18,0.0009492179147614577
conflict_15,0.0009491535785398186
federal_14,0.000949003384176561
washington_20,0.0009485976832214416
william_2,0.0009485008970982589
members_18,0.0009483185079132373
massachusetts_19,0.0009482401590592549
forex_14,0.0009475029680670932
security_5,0.0009469408525795587
media_13,0.0009467089379620042
nyse_4,0.0009464189673923818
chance_9,0.0009463835205674176
committee_16,0.0009462919218199639
act_2,0.0009457482983410203
greed_14,0.0009457170970065265
council_17,0.000945056084675544
secretary_1,0.0009448876080122792
service_5,0.0009448173046490371
dividend_1,0.0009444443965077153
banking_8,0.0009441213361748524
opportunity_2,0.0009440162637792904
consume_11,0.0009436597252347134
metals_13,0.0009434820875305894
pennsylvania_14,0.0009434392471070474
leverage_8,0.0009433502698798612
voters_8,0.0009432832524726819
media_17,0.0009426109412498107
society_15,0.0009424695440051645
trader_3,0.000942391910738638
sell_11,0.0009419582584840435
served_1,0.0009417346245305325
home_20,0.0009400965402950768
case_14,0.0009395777732727373
wisconsin_10,0.000939545007703102
rare_earths_17,0.0009391568500049408
elected_5,0.0009384307127828561
revenue_19,0.000937960254462622
project_6,0.0009378541927690165
firm_15,0.0009376998285309135
committee_19,0.0009376172718082332
gold_8,0.0009376100217535655
firm_6,0.0009372486497307043
court_19,0.000936397172131187
economics_5,0.0009354493012489363
short_sell_17,0.0009353099839431777
default_13,0.0009351499152685738
massachusetts_9,0.0009337171282407742
culture_7,0.0009336891545034476
arts_19,0.0009334744813760176
color_13,0.0009334657867781093
train_4,0.0009333777267127808
office_15,0.0009325463114614907
washington_4,0.0009321582655447136
case_12,0.0009320017605922049
government_19,0.0009319160028751439
fine_12,0.0009318241475400058
travel_18,0.0009317105820925819
travel_16,0.0009316428527710085
office_19,0.0009314828320421631
consume_16,0.0009314380033435876
greed_13,0.0009313277621183947
global_6,0.0009312491031945536
council_10,0.0009309049736840435
business_17,0.0009309018720227824
present_8,0.0009306903102917818
growth_2,0.0009306805822782094
firm_3,0.0009305669129009431
pennsylvania_15,0.0009303384566564432
secretary_7,0.0009299473261752845
legal_6,0.0009295931119170708
water_6,0.0009287744608430959
tourism_20,0.0009286874439848436
texas_14,0.0009286453953691653
college_2,0.0009285221353662499
war_19,0.0009282491987021579
members_10,0.0009280058339360631
management_17,0.0009277737911758566
nyse_19,0.0009273121106472271
color_15,0.0009268339416463878
tourism_16,0.0009263698174565516
DOW_JONES_7,0.000926288025904043
industry_18,0.0009261597886228712
religion_14,0.0009259337279980517
police_18,0.0009256876023300276
hedge_3,0.0009252089772181282
nyse_14,0.0009251170078079963
ring_15,0.0009250449892332924
society_20,0.0009250435882004248
travel_19,0.0009249377788052681
voters_10,0.0009235108053324171
cancer_2,0.0009234969643873381
county_10,0.0009234437774586323
william_15,0.0009233504694919903
unemployment_4,0.0009232745353923377
georgia_16,0.0009231831672460667
judge_5,0.0009220613695074987
movement_20,0.0009219129153959394
bonds_13,0.0009218661873435785
democratic_16,0.0009214507165894003
world_5,0.000921116628554075
conflict_4,0.0009209981993010041
world_14,0.0009209666526047711
social_7,0.0009189446956535008
short_sell_13,0.0009188527606394769
cancer_17,0.0009188332129016041
restaurant_9,0.0009187693632542792
corporation_18,0.0009186752159391354
governor_11,0.0009185756754406694
washington_18,0.0009181904577776568
republican_11,0.0009181475798377026
missouri_9,0.0009176989179320305
house_13,0.0009174608149252084
served_17,0.0009171463239982635
corporation_10,0.0009167083597965808
finance_19,0.00091627226890163
secretary_12,0.000915495075259809
virginia_5,0.0009152795468428731
BUY_AND_HOLD_4,0.0009151677402584601
markets_19,0.0009150717772763661
train_17,0.0009142660226022725
management_5,0.0009141256658899089
carolina_17,0.0009139592166099275
social_5,0.0009137668746842075
dividend_7,0.0009135536093365371
health_15,0.0009134805294383596
crisis_14,0.0009130662271480405
financial_5,0.000912805890207058
market_18,0.0009126953494228429
bank_19,0.0009121710585435983
members_14,0.000911932004335192
conflict_6,0.0009114303486321473
finance_17,0.0009112885124412662
freedom_5,0.0009111908162833471
massachusetts_11,0.0009111575110114734
ohio_17,0.0009108912156792659
police_8,0.0009108033652729164
returns_10,0.0009103507928307942
law_5,0.0009103326876986007
sell_9,0.0009101559773597723
economics_2,0.0009096527249982111
travel_14,0.0009094621784656142
restaurant_2,0.0009094014575607767
massachusetts_13,0.0009086918413865996
stocks_10,0.0009077478821652996
nasdaq_1,0.0009067188877359023
housing_5,0.0009067108228487664
project_18,0.0009066818611366267
consume_20,0.000906602498264486
war_17,0.0009063971621204425
house_17,0.0009062948880090183
housing_20,0.0009058163656318729
industry_8,0.000905763666338677
market_11,0.000905256487047823
fed_19,0.0009049751591521105
travel_15,0.000904775792635637
seats_13,0.0009045257067745061
federal_16,0.0009040607325356609
illinois_7,0.0009038091041631002
sell_2,0.000903329134183739
money_15,0.0009031500398306802
greed_12,0.0009027921965910401
nyse_11,0.0009023040690296913
committee_14,0.0009021343039220975
lifestyle_6,0.0009019969096322411
leverage_11,0.0009017157613077531
district_15,0.0009016834746755631
industry_19,0.0009015331417990824
judge_14,0.0009015127260841638
earnings_18,0.0009011272777102342
lifestyle_11,0.0009009370190176336
metals_14,0.0009007839983042442
politics_13,0.0009007680376251104
loss_20,0.0009004504262236423
firm_12,0.000900247354998629
color_7,0.0008999707873607709
government_18,0.0008999245713757986
william_13,0.000899730613369254
return_5,0.0008987579346885876
marriage_14,0.0008986173972810541
virginia_15,0.0008985732639475552
virginia_11,0.000898466133038256
technology_17,0.000898356736876349
money_17,0.000898209761544333
case_15,0.0008980991110402181
labor_18,0.0008980429832724512
economy_15,0.0008979537562423756
oil_2,0.000896778805359677
color_8,0.0008962359854133961
committee_5,0.0008956757064863874
wisconsin_5,0.0008952395868557561
world_11,0.0008946983557558186
president_15,0.0008944284731895458
color_16,0.0008943476435065767
invest_18,0.0008942095336090805
federal_18,0.0008942013062309018
community_9,0.0008940511903757775
bonds_19,0.0008935172311586692
social_18,0.000893516212567147
water_17,0.0008933802851586626
ceo_5,0.0008931083753341395
movement_6,0.0008929549303726469
media_11,0.0008927867737125838
justice_6,0.0008921381107757309
loss_19,0.0008919514682992124
greed_17,0.0008916866672044277
office_5,0.0008916305353603882
culture_11,0.0008912894857703524
management_15,0.0008907749141305654
stocks_6,0.0008903260808371449
investment_19,0.0008901720733889285
derivatives_11,0.0008900730995450967
economic_15,0.0008895707134675357
illinois_17,0.0008894749604066776
served_12,0.0008892805520144265
election_7,0.0008891975655731299
court_5,0.0008890817260513995
profit_17,0.0008888100122047326
council_11,0.0008886873567894194
dividend_17,0.0008886867322555724
water_11,0.0008884238855617399
products_4,0.0008882290374703006
washington_6,0.0008879558990367408
cash_16,0.0008879479985282268
ministry_6,0.0008877771913953225
religion_6,0.0008874150056984442
elections_16,0.0008873059401627748
consumption_12,0.0008869096675839572
crisis_8,0.0008867659434560915
secretary_14,0.0008866191430684234
georgia_18,0.0008856463949797666
garden_7,0.0008850615038797915
companies_10,0.0008850386631677587
return_8,0.0008844451029544453
services_12,0.0008844190804277341
virginia_7,0.0008842288545420462
ohio_7,0.0008841296305801327
tennessee_4,0.0008834046314902366
global_20,0.0008830015712221861
fun_5,0.0008829352342122121
global_17,0.0008828474867557335
economic_14,0.00088251465324376
financial_12,0.0008824150542023679
party_11,0.0008823286316456125
inc_20,0.0008819595543013258
government_17,0.0008819306554704864
financial_markets_12,0.0008816335145543253
union_11,0.0008813935596199585
media_12,0.0008812220687553829
carolina_9,0.0008807280043282128
global_14,0.0008804052850382548
justice_20,0.0008802561037389633
markets_4,0.0008798530209543464
cancer_6,0.0008797613056013675
served_5,0.0008795421724381303
illinois_20,0.000879291510054081
party_2,0.0008789507814704444
health_17,0.0008789406354875906
derivatives_14,0.0008786791171991215
happy_19,0.0008786496822350998
college_17,0.0008785224978436146
derivatives_5,0.0008777316671896296
tourism_10,0.0008774409917104542
metals_1,0.0008774053961876805
political_15,0.0008773792761924248
technology_10,0.0008771159285651864
returns_18,0.0008770806233178829
court_18,0.0008769172459373697
illinois_15,0.0008767948673312542
marriage_4,0.0008766068743689237
society_16,0.0008765296206161733
rare_earths_12,0.0008754461101090572
washington_5,0.0008752032023531253
court_15,0.0008750780636178623
government_12,0.0008747091410310492
missouri_1,0.0008735025210745428
global_9,0.0008730154865950856
movement_3,0.0008727450402760351
president_19,0.0008717582980589222
million_15,0.0008715156117561796
police_14,0.0008709402550902912
carolina_2,0.0008705470539202232
pennsylvania_19,0.0008702072277904538
tourism_6,0.0008695125079217104
portfolio_8,0.0008695063800328695
county_14,0.0008694660378622876
police_5,0.0008692275500105983
sell_17,0.0008691850941874967
social_17,0.000869163160207731
global_15,0.0008687774689899675
financial_20,0.0008687448325239488
movie_14,0.000868176734126136
technology_20,0.0008679625676001557
politics_11,0.0008677559195610307
security_15,0.000867332473447302
development_17,0.0008667221324361706
financial_7,0.0008666208703534517
community_15,0.0008663262462745624
success_10,0.0008655381672624029
arts_14,0.0008655281677542037
vermont_16,0.0008652974486664577
profit_15,0.0008646829764195508
crisis_4,0.0008644542670767974
gold_3,0.0008644537851501876
illinois_6,0.0008643654878181195
virginia_19,0.000864102984959092
war_12,0.0008634111569490788
democratic_17,0.0008633610515583978
house_10,0.0008633235597192313
gain_7,0.0008631446919384889
short_selling_19,0.0008627978882497445
million_8,0.0008627747693789933
debt_19,0.000862550120548411
economics_13,0.0008624602894858225
arts_7,0.000862447630150509
hedge_8,0.0008623329826666249
political_20,0.0008621853141074665
holiday_13,0.000861119460587112
marketing_10,0.0008602175101540599
oil_15,0.0008600954710897835
home_19,0.000859886675711552
tourism_13,0.0008598393745535837
success_6,0.0008597475290574197
gold_2,0.0008594408058607339
judge_6,0.000858030593793635
votes_20,0.0008567627116958132
inc_5,0.0008556524522893127
return_19,0.0008549770835323267
council_19,0.0008548530623189831
business_19,0.0008543804224138141
union_1,0.0008534844499450634
economy_5,0.0008528223506962584
party_17,0.0008523669922715805
BUY_AND_HOLD_14,0.0008522696514964067
returns_1,0.0008521119496652574
gain_18,0.0008516888911516363
health_20,0.0008514731005025755
holiday_2,0.0008514647686506116
democratic_2,0.000851260535189069
short_selling_9,0.0008508026670253299
business_7,0.0008504205007817678
judge_16,0.0008502779449799158
present_6,0.0008496951293126776
revenue_12,0.0008495104405829013
kitchen_3,0.0008494685791285983
republican_19,0.0008476786007782788
metals_5,0.0008475583537833842
profit_19,0.0008468337835451534
leverage_5,0.0008467986838862184
color_10,0.0008461849119216324
ministry_2,0.0008461157067502611
growth_12,0.0008459604859661241
lifestyle_13,0.0008455861014733612
republican_5,0.0008455382738946193
society_12,0.0008455067290404905
loss_18,0.0008453444083902584
stocks_15,0.0008452465817191612
missouri_12,0.0008451095877247683
media_18,0.0008450055950172785
rights_17,0.0008446929905137734
short_selling_7,0.0008446923677321028
war_13,0.0008446222737379828
office_17,0.0008445113984982377
stocks_16,0.0008441067654010537
business_20,0.0008440928900198319
lifestyle_9,0.0008438727880366814
home_12,0.0008432691960451599
short_sell_12,0.0008423968950464599
ohio_5,0.0008418802221871191
carolina_7,0.0008417164147219269
headlines_5,0.0008415455415133443
home_16,0.0008406316520189527
committee_17,0.0008398236632199518
fond_13,0.0008394331876463212
act_17,0.0008393361595859794
illinois_16,0.0008386832472081051
investment_5,0.0008373448763564495
movement_9,0.0008373124539008403
voters_1,0.0008368703857795978
investment_9,0.0008364702968165938
tourism_5,0.0008363010982295194
unemployment_1,0.0008361899856635713
consumption_8,0.0008357203717507256
success_17,0.0008355425050364573
gain_3,0.000835346244545243
economics_18,0.0008352861689812086
return_20,0.0008352851480440959
tourism_12,0.0008347329625118194
rich_14,0.0008341518930556457
firm_9,0.0008338501495137373
cash_13,0.0008332868665146709
nasdaq_12,0.0008320797667190182
market_12,0.000832049336135876
forex_10,0.0008316255486691792
default_7,0.0008312384109579795
gains_20,0.0008307193161751547
council_5,0.0008302204886517118
district_20,0.0008299172656155207
world_20,0.0008293962168518965
banking_15,0.0008282027537783732
greed_7,0.0008276310581043722
bubble_4,0.0008275627531712182
investment_13,0.000827540104811253
trader_12,0.0008274449759805736
world_7,0.0008270976698996124
arts_12,0.0008270665108632835
project_14,0.0008269743122185869
success_19,0.0008267079957429369
democratic_1,0.0008266421751231157
ltd_11,0.0008264450546740188
votes_19,0.0008262314778330282
food_17,0.0008259858293959921
government_6,0.0008252168187171671
wisconsin_15,0.0008252134189873584
cash_19,0.0008251945104390535
votes_15,0.0008249467497065454
dividend_6,0.000824888165306481
crisis_18,0.0008247678845949569
economy_11,0.0008246994330133762
housing_11,0.0008236791445529912
act_12,0.0008231821280500374
judge_18,0.0008224623879201198
society_2,0.0008223228021899676
nyse_20,0.0008217959326072722
holiday_6,0.0008215898716163128
management_19,0.0008209837601273806
car_6,0.000820800317312087
portfolio_3,0.0008196810855465309
companies_19,0.0008193410147527835
conflict_16,0.000818526123595209
kitchen_19,0.0008182749282531932
fun_19,0.0008180118872166186
georgia_5,0.0008176542634893647
movie_11,0.000817086140311285
technology_15,0.0008170712693889248
york_13,0.0008166799450732842
financial_markets_18,0.0008165746239917837
carolina_16,0.0008158643049997804
investment_20,0.0008155443443101928
hedge_6,0.0008154610685344066
business_12,0.0008153930445186086
holiday_12,0.0008134466876524194
products_11,0.0008128034392036243
financial_markets_17,0.000812666747515145
financial_4,0.0008126560607826683
environment_13,0.0008125145702169601
carolina_15,0.0008124590810177467
justice_9,0.0008123312288359052
restaurant_13,0.0008120294240943516
financial_markets_5,0.0008114252132009891
hedge_20,0.0008112373089165681
voters_20,0.0008112169542114245
global_7,0.0008106278556825775
lifestyle_2,0.0008101593173729827
water_12,0.000808671397345928
services_20,0.0008081876612448414
federal_15,0.0008081393231070821
elected_8,0.0008076311149614046
tennessee_10,0.0008072346504781613
water_5,0.0008064713078173469
texas_7,0.000806277837874969
loss_10,0.0008059531907432804
growth_17,0.0008058967399297678
gain_17,0.0008051328003203962
inc_10,0.0008051089801629941
ceo_8,0.0008050085836154297
technology_7,0.0008043681536639369
financial_14,0.0008038896050434729
economics_19,0.0008038037535171849
business_4,0.0008036133219434305
financial_18,0.0008034665793197782
wisconsin_1,0.0008033631716461098
economics_16,0.0008031919744200033
pennsylvania_8,0.0008018955600782807
crisis_17,0.0008009921609333226
consumption_19,0.0008001092396688669
party_19,0.0007997383166257422
service_20,0.000799623769718405
society_4,0.0007986659647055028
credit_17,0.000798216384964201
vermont_15,0.0007980009271046473
freedom_4,0.0007976821326470595
county_7,0.0007976363306652745
kitchen_8,0.000797280198552075
arts_3,0.0007969928472355781
money_20,0.0007967249276776168
party_5,0.0007961553874712868
health_14,0.0007960932502166562
labor_12,0.0007939565873593679
restaurant_5,0.0007929014109173904
economic_11,0.0007923317732447588
movie_12,0.0007920112455350071
home_7,0.0007916984561940454
nyse_2,0.0007916155787550449
hedge_18,0.0007914786413469654
management_10,0.0007910512810598957
war_16,0.0007908710269303621
governor_15,0.0007906271299239487
office_18,0.0007893917393820172
house_5,0.0007892736096102526
stocks_13,0.0007882706906493508
million_17,0.0007881684723372473
energy_15,0.0007879721984458188
money_12,0.0007878184051651749
representatives_11,0.0007876406727081786
law_7,0.0007873088667453398
pennsylvania_17,0.0007872183628524932
development_16,0.0007859860865459644
council_15,0.0007854993463410675
marriage_5,0.0007854950197141219
act_6,0.0007850597381209967
governor_14,0.0007850337090534287
blacklist_18,0.0007839133669924169
inflation_17,0.0007837678764833322
car_18,0.0007836234280165222
financial_markets_4,0.0007832323187183965
returns_19,0.0007831780822900481
energy_2,0.0007828771346851448
nasdaq_4,0.0007828293641557682
house_12,0.0007822912890135703
party_18,0.0007821313690943077
carolina_19,0.0007818441252073427
technology_12,0.0007816645503186282
federal_7,0.000781305709750324
members_4,0.0007809911224858634
gain_10,0.0007808535072548972
garden_5,0.0007791035110081169
BUY_AND_HOLD_5,0.0007780101795807015
nasdaq_14,0.0007780045092764087
debt_5,0.0007775278248368211
buy_17,0.000777142565403377
political_9,0.0007769110136902402
college_20,0.0007763587478945677
BUY_AND_HOLD_18,0.0007761731853944909
business_15,0.000776036336522079
security_17,0.0007752495617140865
management_12,0.0007751942203375161
rights_13,0.0007751909345936614
marketing_11,0.0007748224564270822
stock_market_14,0.0007746529601850627
texas_16,0.0007741079597363365
technology_13,0.0007740224814893448
chance_17,0.0007733230554750836
judge_9,0.0007719327017462252
service_18,0.0007714885264766159
environment_5,0.000771386813612307
law_12,0.0007699361292101247
ltd_12,0.0007695662511647772
house_15,0.0007695645826592435
hedge_11,0.0007689477340567131
bubble_16,0.0007687204673991977
sell_15,0.0007682384847174761
ore_7,0.0007678030145132242
gold_14,0.0007677863689319553
union_12,0.0007673735598003661
water_9,0.0007670601495596951
industry_15,0.0007670250305522375
risk_1,0.0007667580474087998
fine_18,0.0007662744078737571
washington_11,0.0007661810246317735
financial_markets_2,0.0007647043854766222
york_8,0.0007646102760836104
food_2,0.0007644953319674297
legal_19,0.0007642402538457383
debt_13,0.0007638305257381406
tourism_3,0.0007634888880506008
justice_15,0.0007634668228913233
restaurant_8,0.000763458437099973
housing_17,0.0007633714349047027
blacklist_5,0.0007628495731751394
success_13,0.0007628335490014404
media_19,0.0007624572416709662
culture_19,0.0007621147397039785
political_12,0.0007620674903664248
council_18,0.0007617921078609368
industry_14,0.000760362017085181
success_7,0.0007600823419666059
william_17,0.0007599321141212645
tennessee_16,0.0007597469073309604
governor_19,0.0007591367448838371
million_5,0.0007589122670527803
secretary_6,0.0007588232789440763
media_8,0.0007587790635283254
conflict_13,0.0007578992026245235
success_18,0.0007578673155649973
finance_7,0.0007572493273736658
texas_5,0.0007571264910189556
william_19,0.0007570162568456106
police_7,0.0007568767177716263
greed_15,0.0007563051602395455
services_18,0.0007554942690485067
million_12,0.0007554679497437933
religion_15,0.0007542198399607125
missouri_17,0.0007538474854958288
metals_4,0.0007534340589087307
culture_17,0.0007527189593641515
members_19,0.0007516701311945262
growth_3,0.0007516077026129553
security_7,0.0007512001125836498
senate_19,0.0007508254215955468
college_6,0.000748473926714932
inflation_7,0.0007475160137253356
leverage_17,0.0007474614297598769
police_2,0.0007470804368215234
illinois_1,0.000746436892847302
ring_16,0.0007461602779940124
debt_7,0.0007453969575957232
nasdaq_15,0.0007449674263446226
train_7,0.0007447924182717891
nyse_13,0.0007444786550462546
BUY_AND_HOLD_11,0.0007439150492503987
chance_6,0.0007436058305708926
return_14,0.0007435656799724022
william_12,0.0007430412630202276
energy_17,0.0007427375498307853
stocks_2,0.0007420878477959914
travel_7,0.0007418671832791546
cash_10,0.0007398728443070324
representatives_18,0.0007396695709509293
service_9,0.00073914077127617
ministry_7,0.0007379079588435644
georgia_12,0.0007375059153530205
ceo_14,0.0007361685715008947
BUY_AND_HOLD_15,0.0007351470068665655
bank_11,0.000734901198654514
color_19,0.0007344462238978444
oil_19,0.0007344298437730101
BUY_AND_HOLD_13,0.0007343405689897997
pennsylvania_6,0.0007343258182759271
million_13,0.0007340664498026728
stats_2,0.0007335061412487188
economics_20,0.000733203953155237
kitchen_7,0.0007331505574830199
loss_4,0.0007331456094952449
metals_17,0.0007327479248928403
DOW_JONES_3,0.0007319385722640126
president_10,0.0007319222469795994
votes_13,0.0007314575479633989
government_20,0.0007310719849257463
vermont_10,0.0007310089976190204
legal_20,0.0007307968381665253
district_19,0.0007303808274589319
revenue_9,0.000730025409706525
marriage_12,0.0007292978081110846
rights_6,0.000728441936314228
energy_14,0.0007274576127578314
nyse_6,0.0007274278119881128
environment_12,0.0007272794102858527
service_14,0.0007270039764297298
police_20,0.0007267530526761101
social_16,0.0007260410477312407
texas_18,0.000725777378780279
republican_18,0.0007255099515221852
portfolio_10,0.0007249977164889953
kentucky_17,0.0007241756066053373
investment_8,0.0007241440972164837
york_18,0.0007232568003844974
crisis_16,0.0007231954746041325
virginia_12,0.000723167738179109
water_18,0.0007223183908180886
secretary_8,0.0007216209826019559
ltd_14,0.0007213390298572486
marketing_18,0.0007205365875798453
law_9,0.0007204352603513486
stock_market_11,0.0007200920833806635
court_10,0.0007198733544099278
court_17,0.0007198093180134979
blacklist_17,0.0007186249016605251
bonds_5,0.000718506609476588
management_11,0.0007181069959523612
council_9,0.0007177304621852843
council_14,0.0007175692728826899
stock_market_12,0.0007171384803299485
elected_2,0.000716705064633838
unemployment_19,0.0007163120313109506
dow_jones_13,0.0007162647317163984
products_7,0.0007162623741308938
voters_6,0.0007162532714201974
massachusetts_20,0.000715980099552227
products_18,0.0007153129521345391
million_16,0.000715182324412833
gains_15,0.0007148241603481154
carolina_12,0.0007146612694300724
food_3,0.0007139710502779062
garden_17,0.0007138214464151194
tennessee_15,0.0007137149574019342
stocks_12,0.000712854519493189
service_16,0.0007116381603369693
case_10,0.0007112215530813426
bonds_4,0.0007106902730350973
products_6,0.0007101633384662964
economic_10,0.0007095144539887687
ohio_2,0.000709174850701455
votes_17,0.0007091207694529089
york_10,0.0007082660689867515
district_11,0.0007067096459186795
firm_13,0.0007054806811839897
environment_16,0.0007051438060186488
headlines_11,0.000705066137133481
ceo_17,0.000704783651639529
cash_12,0.0007036047943067336
gain_5,0.0007034827684438083
markets_11,0.0007033043408137373
service_12,0.0007031701114876832
stock_market_13,0.0007024415185559185
stock_market_6,0.0007006571000732098
technology_1,0.0007002218763412227
society_17,0.0007000563951762518
opportunity_4,0.0006999519746953897
garden_8,0.0006995987008554083
holiday_7,0.0006995408153612548
consume_14,0.0006994928803371936
water_4,0.0006986830522789589
default_1,0.0006984198171358091
stats_7,0.0006970399013386253
technology_16,0.0006967636683797406
default_10,0.0006966224745965199
home_11,0.0006965932903910454
committee_2,0.0006962407308717777
debt_3,0.0006961246131424348
products_20,0.0006947912910277188
elected_14,0.0006947216371736342
food_8,0.0006941518358347887
oil_20,0.0006928292299119398
economic_13,0.0006926773281592969
court_20,0.000692611390393738
transaction_11,0.0006916953405273762
police_4,0.0006909470516393235
federal_10,0.0006907724084307843
district_4,0.0006900548094483927
risk_7,0.0006898339314156621
seats_14,0.0006894352951680949
opportunity_17,0.0006893827880146697
companies_6,0.000689022230832026
crisis_19,0.0006888541916069135
minister_1,0.0006887963251728691
markets_8,0.0006882421751136292
committee_8,0.0006881808838151038
seats_8,0.000687992568582585
inflation_12,0.0006877281162586124
corporation_11,0.0006869080808008299
rich_19,0.0006868115441236667
illinois_12,0.0006867322636165074
elected_3,0.0006853076283134917
home_10,0.0006844838247239027
rights_12,0.0006844717095105147
world_15,0.0006837283495407132
rights_8,0.0006830807274400552
economy_20,0.0006827510304274753
served_8,0.0006825911007208197
fun_4,0.0006815822114743409
arts_20,0.000680758286590244
portfolio_20,0.0006806895841196426
rights_5,0.0006804950879414573
governor_17,0.0006800643872433953
success_20,0.0006785144104599183
district_17,0.0006775146974270952
lifestyle_12,0.0006766852183980321
global_19,0.0006756559565637809
conflict_19,0.0006752278756329444
gains_19,0.0006748050295394492
leverage_9,0.0006739428209374454
election_8,0.0006730291631920516
consumption_9,0.0006725294554680517
kitchen_1,0.0006720165030917214
happy_5,0.0006712633954461644
technology_6,0.0006712005461702697
lifestyle_1,0.0006711575905286483
freedom_13,0.0006705260124258983
fun_8,0.0006703819540781142
home_8,0.0006690735338719112
politics_15,0.0006682654121176635
governor_1,0.0006681976139295998
missouri_18,0.0006677584045435614
seats_15,0.0006677211917554659
federal_6,0.0006675733445222099
committee_18,0.0006675268465861306
inc_12,0.0006664457287557824
loss_12,0.0006661100786248042
washington_9,0.0006654944339036905
market_17,0.000664765732375705
earnings_17,0.0006646832685167414
project_9,0.0006644726293825842
hedge_12,0.0006641360186762979
housing_12,0.0006637827494505588
revenue_10,0.0006625050582988567
environment_20,0.0006622695367713982
credit_1,0.000660352932346786
secretary_9,0.0006599137617480322
marriage_17,0.000659039691300567
happy_14,0.0006567867409389861
investment_18,0.0006564611081094629
culture_3,0.0006560556095715819
district_7,0.0006558016263154664
voters_18,0.0006550579003577805
dow_jones_15,0.0006550372342579491
office_14,0.0006544728175837955
seats_17,0.0006535707554761405
blacklist_12,0.0006533222859554267
train_12,0.000653312695256436
cash_5,0.0006528184951617888
movement_19,0.0006526190965833623
county_5,0.0006521841926468097
governor_6,0.0006512939532229423
trader_13,0.0006512025386545605
financial_10,0.0006508139339264751
million_3,0.0006494882573877758
social_6,0.0006482533957270942
movement_2,0.000647994388717521
movie_16,0.0006479745209444721
transaction_16,0.0006465032473960575
services_4,0.000645706268765811
freedom_19,0.0006456017411287984
management_20,0.0006445423947176954
stats_4,0.0006442506737389664
water_19,0.0006437922996284761
ltd_19,0.0006436301766190366
profit_5,0.00064341735583211
missouri_4,0.0006433202490470302
illinois_18,0.0006431888992854962
consume_3,0.0006423120482653033
transaction_5,0.0006415116700776658
growth_10,0.0006414717880990128
federal_20,0.0006406877409453448
ltd_2,0.0006405739028370494
banking_9,0.0006405060045101552
county_17,0.0006402118551807722
debt_8,0.0006380986337960026
union_17,0.0006378487277688416
holiday_3,0.0006373216491733835
rights_1,0.0006372637414809645
business_6,0.0006370627755746039
restaurant_12,0.0006368928004406582
kitchen_6,0.000636686464059677
debt_18,0.0006359945834738312
default_6,0.0006357068952145273
society_9,0.0006357050793518226
president_12,0.0006356773585889597
ministry_12,0.0006344919844288865
community_17,0.0006329860295508194
judge_15,0.000632723767851151
washington_19,0.0006323541215994544
economics_9,0.000632298244445062
secretary_15,0.0006320240311380232
invest_16,0.0006319676682535081
corporation_1,0.0006315158205456584
buy_8,0.0006313060067999921
unemployment_12,0.0006307170512635629
industry_6,0.0006304025863904661
bonds_10,0.0006297151881199614
sell_18,0.000629404333131478
votes_14,0.0006289608078590802
loss_13,0.0006284994061533488
movement_15,0.0006278885707191373
project_7,0.0006266749496182556
leverage_16,0.0006266040994802769
present_17,0.0006252537705539795
georgia_9,0.000625239252239429
fine_4,0.000624893696442097
return_9,0.0006238599899230479
political_6,0.0006237027099680103
ministry_5,0.0006227294289876895
money_18,0.0006221415975421918
society_8,0.0006220275940168607
judge_20,0.0006219526612664117
inc_18,0.0006213692230224499
management_7,0.00062110068891148
corporation_4,0.0006208958820717481
rich_6,0.000620458723751005
massachusetts_4,0.0006203786110327014
development_12,0.0006198291029152258
train_9,0.0006195884943649421
served_13,0.0006192086627884619
invest_14,0.0006191870967334534
culture_8,0.0006190445399006927
ore_9,0.0006189024334075421
fun_2,0.0006187614915279527
food_1,0.0006180296635511784
risk_12,0.000616954945216408
world_12,0.0006168108021001207
members_16,0.0006168098714965708
tennessee_13,0.0006167978693235376
kitchen_12,0.0006164240922792219
social_20,0.0006162603883154372
food_10,0.0006153212446475598
DOW_JONES_5,0.000614799989539927
travel_11,0.00061447786261557
carolina_3,0.0006141918669521962
bank_15,0.0006131336627445361
ore_15,0.0006117724701812932
risk_5,0.0006112508584623422
secretary_10,0.0006107101469921439
judge_12,0.0006100934515818502
security_18,0.0006092615181670036
banking_11,0.0006089825132486792
governor_8,0.0006086795625344088
community_6,0.000608532389269456
derivatives_18,0.0006084704969253618
served_15,0.0006083875462701948
economics_8,0.0006079844023946235
cash_2,0.0006073991979220095
legal_1,0.000606875621556835
served_20,0.0006059899613605868
loss_6,0.0006052860825276118
bubble_15,0.0006051610292706622
services_10,0.0006040489987949371
travel_3,0.0006035249593015601
profit_12,0.000602757830959888
elections_18,0.000602653417362764
energy_12,0.0006025184212393953
justice_13,0.0006024672676622211
wisconsin_11,0.0006019112387510184
movie_10,0.0006008465187933743
return_10,0.0006007695627438192
crash_1,0.0006002561098659376
movie_5,0.000600250626488097
blacklist_10,0.0005998612734328113
dow_jones_19,0.0005998325045981412
global_12,0.0005994981755503171
security_10,0.0005994622311327414
politics_10,0.0005993575118610872
stats_19,0.0005992410012909399
project_19,0.0005987931622750464
democratic_19,0.0005986418160746076
rich_9,0.0005986016808702255
products_15,0.0005985500594132276
government_9,0.0005973729342750422
consumption_17,0.0005970538847261065
crash_20,0.0005961705018937113
global_10,0.0005952680040231195
county_20,0.0005952284110464668
buy_7,0.000595157298879645
seats_12,0.0005949704420287194
short_selling_12,0.0005948417692306363
movie_19,0.0005947503479264204
metals_7,0.0005947169124125961
act_20,0.0005930588231708889
derivatives_17,0.0005927531412993403
william_10,0.0005920177399049819
cancer_12,0.0005916118584720076
market_6,0.0005905797168745952
president_3,0.0005895727042561693
founded_14,0.0005885290942647004
health_7,0.0005882975241823018
democratic_15,0.0005880374428726576
garden_16,0.0005879320722964154
economic_7,0.000585741920578231
million_1,0.0005857054362777614
freedom_18,0.0005856297747344197
industry_17,0.0005854773216038556
companies_17,0.0005853404444070565
financial_9,0.0005844275249119679
social_4,0.0005838112129785911
business_18,0.0005833138921135905
council_6,0.0005829086822514596
market_7,0.0005828515073025064
returns_7,0.0005824351788419113
virginia_2,0.0005824079070691823
york_2,0.0005817524906647665
federal_12,0.0005805034835277611
ceo_7,0.000580286340745495
housing_9,0.0005800631035895343
legal_14,0.0005795342346690769
wisconsin_2,0.0005790367272914043
corporation_9,0.0005785847039982527
gold_4,0.0005769419970933498
credit_10,0.0005768598856107143
kitchen_13,0.0005767939185295611
pennsylvania_10,0.0005767572394339337
short_selling_17,0.0005760843940703086
unemployment_6,0.0005736316101692563
food_13,0.0005733346354865442
house_20,0.0005728560731020904
products_12,0.0005728408244566108
sell_10,0.0005727927747854799
stats_10,0.0005715505084584072
senate_11,0.0005714003044026361
community_12,0.0005708821440572054
minister_18,0.000570850434271053
fun_11,0.0005706649954139387
illinois_11,0.0005705738273106498
republican_12,0.0005702523185537212
inflation_8,0.0005700695944433676
ltd_10,0.0005698062080747191
vermont_18,0.0005695331129357051
culture_4,0.0005683638440288075
invest_19,0.0005670183506671477
security_9,0.0005668225403981708
technology_4,0.0005667625326189363
lifestyle_20,0.0005665456936494228
business_2,0.0005655119117923934
markets_16,0.0005643053237151419
economics_10,0.0005642625315059214
representatives_7,0.000563798854739872
elected_16,0.0005637080381599047
oil_9,0.0005633171251467229
forex_3,0.0005622869794768004
car_20,0.0005618513508977019
food_5,0.0005617324032684001
firm_5,0.0005615946033869612
minister_19,0.0005615716893658362
union_5,0.0005606203083893702
political_13,0.0005606010407471107
virginia_9,0.0005603806965377211
fed_7,0.0005593003147581266
rights_16,0.0005589747128471156
community_19,0.0005588842960911
bank_5,0.0005576846974667093
revenue_18,0.0005545109636998057
federal_5,0.0005541796909705355
party_1,0.000553614454406648
georgia_10,0.0005535670657430992
corporation_7,0.0005530027050746789
law_4,0.0005527270573417065
housing_6,0.0005522562435146483
finance_12,0.0005514138297989524
arts_6,0.0005508180716464084
success_14,0.0005493422210971266
massachusetts_17,0.0005490337173863713
crisis_15,0.0005485402983880005
loss_11,0.0005478775365062472
portfolio_15,0.0005477976278890129
movement_7,0.0005461115628364154
democratic_13,0.0005451690363395212
consume_12,0.0005448184049292593
fun_13,0.0005445032708286668
culture_20,0.0005444973942472676
invest_17,0.0005441703304796652
conflict_12,0.000543872849988225
travel_6,0.0005437771681582104
washington_1,0.000543739089088846
BUY_AND_HOLD_2,0.0005425544110214453
government_10,0.0005406764747044379
cancer_19,0.0005395514676518997
train_19,0.0005392780760076432
default_17,0.0005388925942851674
invest_9,0.0005386851860169628
ministry_13,0.0005366142294446874
police_1,0.0005365082675034882
served_11,0.0005357011920116728
unemployment_18,0.0005341211019550985
council_12,0.0005334911491013284
leverage_1,0.000533461466733054
college_10,0.0005331064850246259
fine_10,0.0005323297869360255
sell_3,0.0005321571965412498
food_18,0.0005315959151693361
rights_9,0.0005298036185676702
ltd_17,0.0005288461461408378
firm_20,0.0005282657806554569
nasdaq_2,0.0005272333068602642
return_2,0.0005260670892050622
nyse_15,0.0005250831055968019
religion_4,0.0005245793211181793
bubble_12,0.0005236319667156986
rights_20,0.0005231913124094323
texas_15,0.0005230314861479624
environment_18,0.0005224532950138583
present_12,0.000521538633164953
virginia_20,0.0005210268432216836
labor_17,0.0005208318895985941
cancer_9,0.0005203187822009347
debt_6,0.0005191597107969681
government_2,0.0005190225699375883
train_1,0.0005174016990947327
project_16,0.000516970578680076
invest_2,0.0005162099569109513
marketing_7,0.0005161455231001532
economics_3,0.0005156988849883915
committee_11,0.0005150681974936955
minister_17,0.0005145156817822017
tennessee_12,0.0005143761036231487
loss_7,0.0005138338601698988
development_10,0.0005135494916344241
labor_7,0.0005121368460122566
minister_16,0.0005113529456026056
tennessee_17,0.0005109600992652785
stock_market_20,0.0005108199819761517
economic_9,0.0005087188624837369
sell_8,0.000507704552121635
served_7,0.0005073378599947942
bonds_3,0.0005067434084048194
union_9,0.0005040310811827986
virginia_1,0.0005023883796419603
war_11,0.0005018296371913422
vermont_4,0.0005000802762231693
tennessee_20,0.0004994609686616691
restaurant_18,0.0004992605008515616
energy_18,0.0004990450121518553
world_10,0.0004986395797199839
profit_18,0.0004981445964194365
president_20,0.0004980992119259398
consume_13,0.0004976098221266767
gain_14,0.0004961214938520753
banking_4,0.0004957938263832285
crisis_5,0.0004941164460849467
ohio_18,0.0004936547050038653
crash_11,0.0004935277949794425
economic_18,0.0004928112733474155
labor_8,0.0004920727835068473
metals_11,0.0004889551547666126
political_18,0.00048752474451547735
massachusetts_2,0.00048733349823730786
rights_15,0.0004870925198173559
gain_6,0.0004864447997476873
social_12,0.000484843410919189
federal_9,0.000484725619895765
ceo_2,0.00048437162801526765
ohio_4,0.00048428855781754707
law_1,0.0004838547863842413
gain_19,0.00048129525589195586
marketing_1,0.00047999610564355424
governor_18,0.0004797441458080032
founded_1,0.0004790537906433689
service_7,0.0004785246766221496
county_15,0.00047823321623685633
media_14,0.0004781883978266288
carolina_18,0.00047778892414924724
growth_16,0.0004777287823753973
technology_2,0.0004776008454505876
texas_20,0.000477483567279946
court_12,0.0004771480636350578
security_11,0.00047617651571361106
management_6,0.0004755299159588944
economics_11,0.0004754808334749061
earnings_13,0.00047498430081893694
georgia_2,0.0004730388934353957
fun_1,0.0004729874233136977
conflict_9,0.0004726661668498666
revenue_11,0.0004725203163149283
economy_13,0.00047232257288776225
banking_18,0.0004708644184700628
investment_10,0.00047022267218579385
opportunity_7,0.00046877023198574894
york_15,0.00046873028539125007
service_17,0.00046870584619287394
transaction_3,0.00046848913918970945
police_9,0.00046790032814914007
bank_17,0.000467777053787799
economy_16,0.0004668064183965592
restaurant_17,0.0004661686501638007
financial_6,0.00046557981538331017
served_4,0.00046550877309390335
energy_6,0.00046418946540478513
crash_19,0.0004640770303826258
market_20,0.00046365699552017856
train_3,0.0004632617178841114
restaurant_1,0.000460775580596251
governor_13,0.00046068027777319555
justice_5,0.0004594861404912054
travel_10,0.0004592728270768065
crash_13,0.0004580145647540723
market_9,0.00045602298307194643
credit_19,0.0004560049857490478
hedge_5,0.00045495924676337564
court_7,0.00045433715930895955
governor_12,0.00045043853571336
elections_13,0.00045006873972808226
gold_15,0.0004495180843726354
housing_2,0.00044948159817683744
corporation_12,0.00044841539941327114
economic_12,0.00044785183854907374
consumption_13,0.00044564497402324046
conflict_3,0.000445079829813122
act_10,0.000444661749873565
ohio_12,0.00044420225017127724
religion_2,0.00044300622271997714
college_7,0.0004428169193531728
vermont_19,0.000442131968663495
office_7,0.0004417644337414872
college_15,0.00044160736503071616
nyse_18,0.0004415535260561265
nasdaq_18,0.0004405100141749108
investment_12,0.0004404820144443988
gain_8,0.0004403736687548676
ceo_6,0.00044010107935230634
DOW_JONES_4,0.00043915829802456676
unemployment_2,0.0004387540680413471
crisis_10,0.0004379186482015962
secretary_17,0.000436940284898113
holiday_11,0.00043621494252150673
credit_7,0.00043559055764950114
william_11,0.00043416820058612694
holiday_16,0.00043265669153940144
police_10,0.0004325974556407708
secretary_5,0.0004321710930968559
products_10,0.0004292584911165465
revenue_2,0.00042838464029586464
energy_20,0.0004279849920250767
election_2,0.0004258432783297517
returns_12,0.00042540419236618553
democratic_9,0.0004232681901922497
union_16,0.0004228317480039712
DOW_JONES_17,0.00041989250144018885
war_10,0.00041907122560247423
dow_jones_5,0.0004180233568829905
markets_20,0.00041757541848106425
opportunity_13,0.0004171070592154713
ceo_20,0.00041690106386076397
texas_4,0.00041658345067467905
politics_1,0.0004159978237494588
marketing_6,0.0004156427715309885
kitchen_4,0.0004139941077963005
ore_18,0.0004133754747991603
security_6,0.00041257423769285316
missouri_16,0.0004118456544978555
marketing_5,0.0004069206375825196
tennessee_9,0.0004068425982547419
dow_jones_9,0.00040501283865184144
environment_7,0.00040427465635495263
elected_11,0.0004024109513575347
texas_9,0.00040135183294824904
car_10,0.00039956047286664463
holiday_17,0.00039850918248214296
wisconsin_14,0.0003973843426341883
fed_11,0.0003970629306585316
corporation_6,0.00039302595087706835
fond_18,0.0003891281762086196
kentucky_6,0.000388293488652125
kitchen_5,0.000388136919025861
success_8,0.0003854662872129211
trader_4,0.00038322178867367107
portfolio_6,0.0003826597568948431
world_17,0.0003825081558830101
president_1,0.00038114862391152026
washington_3,0.0003809700934541249
college_19,0.00038042960476929454
consume_15,0.0003791512783064332
garden_12,0.0003784800516074993
illinois_9,0.0003775979044252864
stocks_18,0.00037661225625917893
opportunity_5,0.00037656653163238297
holiday_5,0.00037615076189301266
ring_9,0.0003759569082696368
stats_5,0.0003742607473288251
housing_16,0.00037373767596924343
stock_market_2,0.0003733447417717306
ceo_11,0.00037262977831598043
world_13,0.00036900625239011386
york_9,0.000368763464562516
banking_14,0.00036866232589347623
movement_11,0.00036834531723299867
credit_6,0.0003679808258405082
restaurant_20,0.00036727537954228673
management_16,0.0003666742275921786
management_1,0.0003656020857563336
federal_1,0.00036496835073911437
health_6,0.00036410692983139813
stock_market_10,0.00036381743658786547
happy_13,0.0003630684606720669
senate_2,0.00036304928705148675
marketing_9,0.0003607507529957754
hedge_4,0.00036067698431818673
governor_10,0.00036039703982500005
inflation_16,0.00035998910626222624
senate_7,0.00035644929631493125
bank_6,0.0003564079513195484
kentucky_14,0.00035522022147245204
success_3,0.0003551022533204495
federal_11,0.00035329162366397603
founded_13,0.00035322809174036517
law_6,0.00035279936540386634
vermont_9,0.00035178897779848396
service_6,0.000350340524051318
hedge_2,0.00034812507587014265
justice_1,0.00034699372694504407
union_7,0.0003468676034277918
office_10,0.00034617462538675257
dow_jones_17,0.0003415079085511641
debt_20,0.0003412829086927527
headlines_1,0.00034032847477833973
invest_13,0.00034015545230414723
fond_8,0.0003381965491350503
representatives_2,0.0003362776899497044
earnings_16,0.00033588668527995136
world_4,0.00033523116390683506
opportunity_8,0.0003348098706997149
party_12,0.00033087515862979534
union_19,0.00033076153188851267
fine_19,0.0003302731858424446
food_11,0.0003294772006063873
ohio_9,0.0003281286746305456
health_10,0.0003278161353669873
arts_11,0.0003270031925204142
hedge_7,0.00032677100208247103
companies_1,0.00032558429723348323
york_17,0.0003254050459255975
color_2,0.00032514502827758475
project_17,0.00032307808696308005
democratic_8,0.0003216847522335531
opportunity_12,0.0003216235868826356
inc_1,0.0003215666387744731
global_2,0.00032147331460052886
law_2,0.0003214320112047586
ore_13,0.0003212416455520506
default_12,0.0003204566955238741
service_4,0.00032031676141677237
service_2,0.00031945388867404834
housing_10,0.00031942556802477817
development_6,0.0003183582249850048
act_3,0.00031741238556943775
stocks_17,0.0003161617139031625
police_17,0.0003153040740410118
texas_1,0.00031419492520954326
money_10,0.00031022752254710183
office_11,0.0003098784417514988
college_11,0.0003092950308885234
missouri_6,0.00030709141486677803
blacklist_9,0.00030671090694320833
illinois_3,0.00030666241640082693
missouri_11,0.00030623010471757527
gold_5,0.00030450183652384053
elected_10,0.00030445255552442597
hedge_14,0.00030423178573357745
service_1,0.0003029529232740913
project_8,0.00030287331023295396
banking_12,0.00030275045186485273
health_12,0.0003021673861281826
president_14,0.00030086962163935473
debt_12,0.0003006221711851609
inc_6,0.00029996058527803626
economy_12,0.0002998654447782689
default_5,0.00029974198479629786
car_15,0.0002994449566446677
inflation_11,0.00029937018946446514
sell_19,0.0002992395092671574
texas_12,0.00029822089333981784
movie_13,0.0002978405476236956
massachusetts_3,0.00029471347351830437
chance_15,0.0002944012456788103
fine_5,0.00029339500529625975
minister_12,0.0002933313822429673
vermont_13,0.0002930485150937523
energy_7,0.0002929522622306946
election_6,0.00029293088891033656
car_2,0.0002922016378940517
markets_7,0.0002915606537818194
marriage_16,0.0002906591761952626
credit_18,0.0002899037993336906
election_10,0.00028962932946583473
forex_1,0.0002882187460464758
forex_2,0.0002863762777326029
consume_2,0.0002858930382486635
credit_12,0.00028580467066072754
chance_5,0.0002842333018856502
texas_2,0.0002841812396988441
management_4,0.00028351940124211606
ohio_15,0.00028333240752154154
gains_9,0.00028190225923592217
happy_18,0.00028053244130239464
credit_16,0.00028034312726792353
ore_14,0.0002797150762405609
government_11,0.0002796343617649022
revenue_1,0.00027757239452905755
headlines_2,0.000277206503459948
movement_18,0.00027590754816098073
trader_2,0.00027478724688734246
democratic_14,0.0002732982483141244
nyse_5,0.00027270284450668924
inc_7,0.0002723073910915641
fed_12,0.00027202089247655434
marriage_1,0.00026792259941466057
virginia_16,0.00026734055991965987
washington_10,0.000267329805805816
health_4,0.00026708790918241745
district_10,0.0002655865363537568
project_12,0.0002648572400871352
financial_15,0.00026397137451530386
community_10,0.00026395322417096525
office_6,0.0002638526600253543
district_6,0.0002636317119097065
fond_9,0.00026290250784497535
invest_11,0.0002618753520536865
trader_6,0.00025958192021966473
crash_3,0.0002584572372400729
million_19,0.0002556631576653201
house_18,0.0002556076068823243
garden_4,0.0002551832707109458
council_1,0.0002540294663085696
energy_10,0.0002540188135159438
development_1,0.0002528915042704138
holiday_18,0.00025040373605005327
dow_jones_16,0.0002497176890877917
act_11,0.0002493347791532319
home_4,0.0002457686894588473
texas_17,0.00024464367496841445
business_1,0.00024336067445991373
committee_7,0.00024244108892259585
county_12,0.0002413877899901218
wisconsin_7,0.00024114116336206858
world_9,0.00024080586197454678
ceo_18,0.00023988770025615836
gold_10,0.00023970878783101667
DOW_JONES_9,0.00023726280287046376
cash_11,0.00023719749273238834
forex_19,0.00023610241051279511
election_13,0.00023601261711827525
consumption_7,0.00023487954285057456
oil_17,0.00023139485526515457
dow_jones_18,0.00023136114280841724
stock_market_4,0.000231042200266085
oil_12,0.00023083187312722409
community_11,0.00023080892930327224
society_18,0.00023003114676054537
kentucky_20,0.0002293606982687546
marriage_15,0.00022892378765850818
office_12,0.00022726835697781667
movie_17,0.0002256794472582646
invest_4,0.0002233204630457619
service_11,0.00022272656661594947
district_12,0.0002226621594377365
development_20,0.00022258659804974545
companies_2,0.00022239274808526498
movement_4,0.0002211157368441352
greed_18,0.00021960009432298033
senate_13,0.00021892159609113727
development_2,0.00021712291477262723
ohio_20,0.00021573399512304637
dow_jones_20,0.0002155336090115867
metals_9,0.000215496758267264
movement_17,0.0002147587396072792
nasdaq_11,0.0002132111845737805
car_8,0.0002125689594655755
president_17,0.00021180217796858968
founded_12,0.0002112765303035058
cash_8,0.00021060475375918043
illinois_10,0.00020940487812599607
economic_6,0.00020932047182915526
environment_6,0.00020920074369961127
banking_17,0.0002090289409615309
legal_12,0.00020892378120913603
minister_14,0.00020878748994297426
economic_4,0.0002075836878895121
success_9,0.00020743837406498323
president_16,0.0002053139215990374
arts_15,0.0002029435582816985
election_3,0.00020211681496069557
present_3,0.00019822563401077352
federal_4,0.00019606006448402713
water_10,0.00019416398134715075
unemployment_17,0.00019285214454434207
revenue_15,0.0001919130737036312
york_12,0.0001889230446967316
present_14,0.0001883002292889069
politics_17,0.00018821660934722483
society_11,0.00018449642364402053
earnings_9,0.00018373562758593475
crash_6,0.0001832951073047262
restaurant_11,0.00017966536753908358
money_11,0.00017933124423830105
vermont_17,0.00017659476791911377
buy_13,0.00017441020910375916
office_20,0.00017322400854611342
security_1,0.00017283370619012307
unemployment_10,0.0001707676493076349
washington_12,0.0001706634640068039
firm_4,0.00017055697933894277
blacklist_6,0.00017027497467476672
council_7,0.0001698974485168314
court_4,0.00016945494636124713
risk_18,0.00016939028873075301
washington_15,0.0001689021297248461
crisis_1,0.0001658229242335052
york_20,0.00016511109976893312
ltd_1,0.00016155598654032932
nasdaq_17,0.00016129340159833915
leverage_15,0.0001581676460692627
movie_7,0.00015578680090002627
government_1,0.00015500265838042093
revenue_6,0.00015360936332067254
tourism_2,0.00015327050276958687
minister_4,0.00015247344716691203
union_15,0.00015228344817892482
garden_13,0.00014884937108285978
hedge_16,0.0001484696284302256
consumption_16,0.00014212793688217484
rights_11,0.00014177050608856767
industry_10,0.00014155256058323573
voters_17,0.0001400870426216283
earnings_19,0.00013801777467268295
sell_1,0.00013699702572134154
invest_5,0.00013486392713364382
cancer_18,0.00013399090115022715
inc_4,0.0001332949533193295
court_6,0.00013266333783068518
travel_17,0.00013260436208366587
freedom_9,0.0001322457066505578
ltd_6,0.0001322117079996632
growth_20,0.00013184259598923996
pennsylvania_20,0.00013037539149085564
economic_1,0.00013016768689038115
home_15,0.0001280328083350879
metals_18,0.00012786518874199348
industry_2,0.0001262557715251855
banking_7,0.00012575824107647905
hedge_19,0.0001219790507665186
office_9,0.0001217901552358569
happy_12,0.0001151540800293338
energy_4,0.00011496885611759212
fun_17,0.00011481436612978957
marriage_11,0.00011473555103713728
founded_19,0.00011429833405283141
metals_6,0.00011362025495049721
law_11,0.00011300660187096856
seats_10,0.00011176516449842299
college_9,0.00010931007493988342
committee_12,0.00010859006777943491
trader_8,0.00010782823836721355
lifestyle_16,0.00010772135958196927
market_5,0.00010752919804537519
minister_5,0.00010713716336090418
headlines_19,0.00010624834906354241
tennessee_2,0.00010467668790008489
bank_18,0.00010179741311153734
gains_6,9.814506046927907e-05
law_14,9.772738752744647e-05
investment_4,9.650857374139399e-05
services_14,9.573016130683953e-05
pennsylvania_2,9.514478797483239e-05
voters_2,9.439494627059287e-05
gains_7,9.431541826578904e-05
fine_7,9.237857098689516e-05
derivatives_19,9.199409366094091e-05
religion_17,9.164507352783513e-05
ohio_11,8.93291598581536e-05
election_15,8.900177251491836e-05
earnings_6,8.797789680679014e-05
ore_12,8.77754824558874e-05
kentucky_16,8.437022772953551e-05
management_9,8.102714069295747e-05
ring_3,7.97022771775513e-05
labor_6,7.790855100757721e-05
vermont_11,7.7282609390239e-05
political_17,7.662534861774262e-05
nasdaq_5,7.564463116407349e-05
arts_18,7.485773529738448e-05
minister_11,7.42549428743633e-05
trader_19,7.162806931899634e-05
fed_1,7.143513964624759e-05
project_13,6.790951391886236e-05
housing_7,6.764330479835934e-05
color_1,6.735518054254986e-05
labor_19,6.608811783825885e-05
return_18,6.466858584939228e-05
committee_1,6.459998572840852e-05
opportunity_14,6.38494592828831e-05
restaurant_6,6.281437252462219e-05
carolina_10,6.184826137423105e-05
president_7,6.157487902400672e-05
war_2,6.068139484454172e-05
million_6,6.057149405285234e-05
elected_9,5.544645864079545e-05
marketing_20,5.5053850708608466e-05
massachusetts_10,5.256021919604059e-05
industry_11,5.0368830562375064e-05
inflation_10,5.016503514925219e-05
profit_4,4.8461219195217176e-05
cash_9,4.811946890141972e-05
bubble_17,4.524492712800754e-05
finance_20,4.353219432569055e-05
DOW_JONES_6,4.22394582745067e-05
nyse_1,3.911620951304595e-05
judge_17,3.903315348676717e-05
vermont_8,3.785444488424439e-05
government_3,3.567463742080168e-05
governor_9,3.465813551362107e-05
corporation_20,3.4203209589489526e-05
office_1,3.1079645802423174e-05
district_1,2.991661365425724e-05
fine_16,2.8352091826500114e-05
finance_1,2.6409722258602387e-05
freedom_1,2.5722007022821457e-05
nyse_7,2.4664290842335566e-05
lifestyle_18,2.43340308511808e-05
bubble_2,2.4119606831285444e-05
carolina_6,2.355289774202962e-05
present_16,1.9001951477415346e-05
college_12,1.8225865527865537e-05
forex_6,1.4993711734634374e-05
default_15,1.2405993455466557e-05
members_2,1.1187769772647015e-05
cancer_14,8.422448972411622e-06
members_1,5.651501394687841e-06
unemployment_14,2.043890499714429e-06
firm_1,2.0096626506926894e-06
party_20,-5.031434817670544e-07
missouri_3,-6.624856236259191e-07
served_9,-3.2140448633866115e-06
county_11,-3.228231960705763e-06
banking_10,-9.871250283510768e-06
crash_9,-9.937814318083938e-06
market_10,-1.0160924960089801e-05
firm_2,-1.1940844337865464e-05
unemployment_20,-1.3467414896539686e-05
committee_9,-1.3602039092441841e-05
opportunity_15,-1.3716719085632435e-05
county_18,-1.572186198781633e-05
risk_9,-1.5961506307915486e-05
financial_16,-1.6729881012467195e-05
fond_16,-1.9432504064331724e-05
movie_18,-2.0495792783226107e-05
ohio_1,-2.1646993551605042e-05
consumption_14,-2.370176415145142e-05
society_10,-2.382291461577868e-05
elected_17,-2.4189124783946524e-05
ltd_7,-2.5620037107043636e-05
dow_jones_14,-2.909181089756352e-05
buy_2,-2.9254187399385677e-05
nyse_3,-2.955792955112724e-05
security_12,-3.0020172742184493e-05
stock_market_1,-3.224276563316142e-05
DOW_JONES_15,-3.2595069227081555e-05
members_11,-3.305568060854025e-05
garden_19,-3.364142152506577e-05
tourism_19,-3.5513292912314755e-05
metals_2,-3.5585013331096425e-05
consume_18,-3.784533158102121e-05
consumption_18,-3.836497323901344e-05
crash_8,-3.8935464455680525e-05
senate_9,-3.9923267447039555e-05
inc_11,-4.322730916019868e-05
nasdaq_19,-4.3512338533457926e-05
fed_20,-4.749104591412756e-05
health_9,-4.87366350288454e-05
movie_20,-4.875695657533541e-05
republican_14,-4.9301418506275677e-05
members_12,-5.1900852780484284e-05
returns_17,-5.4645186784285646e-05
technology_11,-5.4872497119906606e-05
district_9,-5.888947880701156e-05
fun_12,-6.112070456469887e-05
train_2,-6.15610272046041e-05
dow_jones_4,-6.188163436564587e-05
house_2,-6.244860054855916e-05
markets_3,-6.931570199091297e-05
ohio_6,-7.102362893591785e-05
election_11,-7.325577455623567e-05
revenue_7,-7.328350839945763e-05
illinois_2,-7.513328469055391e-05
tennessee_7,-7.59628882183172e-05
dividend_12,-7.619613965890171e-05
unemployment_5,-7.818307754623444e-05
tourism_18,-7.824469773769494e-05
companies_9,-7.84750445465665e-05
social_1,-7.853217882565211e-05
crisis_12,-8.070297659930059e-05
business_9,-9.230466704965857e-05
bank_4,-9.418665607545673e-05
votes_5,-9.681637025282797e-05
metals_12,-0.00010144588868108429
ore_19,-0.00010179432200974059
judge_10,-0.00010570046457696325
lifestyle_5,-0.00010729601193113503
fond_19,-0.00011049573357768683
ministry_8,-0.00011204404219684605
earnings_2,-0.00012111120846771683
color_18,-0.00012190576706372358
inflation_19,-0.00012216568021887752
fond_5,-0.00012419795772879993
crash_18,-0.00012702493960226047
earnings_15,-0.00012703133622651296
bank_20,-0.000127252151161672
services_7,-0.00012769744258160908
cancer_7,-0.0001286743067949736
community_1,-0.00012892243485045362
million_20,-0.00013186955160242596
default_14,-0.00013281491416750058
technology_9,-0.00013499172223965238
georgia_3,-0.00013872990956074194
million_14,-0.00013938722224120513
gains_16,-0.00014238405285986743
gains_5,-0.00014307597833349562
political_11,-0.00014309424160003915
management_2,-0.0001448587778699606
derivatives_1,-0.0001454016494308652
global_1,-0.00014695144324268218
services_1,-0.00014874885089390943
ministry_19,-0.00015004148167789831
home_18,-0.00015043428491192667
party_4,-0.00015154420329950292
metals_8,-0.00015208307806358068
vermont_6,-0.00015355928610445436
william_3,-0.00015363554586547145
unemployment_9,-0.00015432720808310484
social_10,-0.00015454226559621364
act_1,-0.000156169522220595
investment_7,-0.00016021949984612593
finance_4,-0.00016130522227595368
headlines_16,-0.00016289290452635717
election_20,-0.00016666101872577776
pennsylvania_12,-0.00016825385500525148
financial_11,-0.00017107884061833277
labor_2,-0.00017529124610515812
office_4,-0.00017702307705538267
conflict_1,-0.00017861044381799472
health_1,-0.00018278427049558398
representatives_5,-0.0001835131767698339
dividend_20,-0.00018421538034316676
dow_jones_6,-0.00018424239601710912
virginia_10,-0.00018473458104379948
energy_16,-0.00018491327250917954
arts_17,-0.00018858302393987003
returns_4,-0.0001933648682117983
elections_20,-0.000194177242526683
county_4,-0.00019650553015737593
holiday_4,-0.00019863074665451563
bank_14,-0.00019926991403653726
opportunity_19,-0.00020298900515896
fine_14,-0.00020575085493665935
war_1,-0.00020647003635465566
greed_1,-0.00020824195349977703
election_4,-0.00020890458229101406
restaurant_10,-0.00020952774702258646
trader_20,-0.00021022305137456953
stocks_20,-0.00021174492860160933
services_6,-0.00021246860906014574
project_10,-0.00021829260244006222
markets_9,-0.00021929092117329853
garden_20,-0.00022043794314114963
oil_3,-0.00022480891375338264
president_5,-0.00022494790738689652
happy_9,-0.00022571634918142625
ministry_14,-0.00022590699770796974
judge_11,-0.00022642266072847583
earnings_14,-0.00022825949059142038
train_8,-0.00023040882451541567
fed_4,-0.00023126076569324194
market_4,-0.00023246042234215114
voters_12,-0.0002350826789818239
elections_11,-0.00023523448534608083
founded_3,-0.00023536370149623842
court_1,-0.00023657760607376233
wisconsin_4,-0.00024015431990771497
forex_20,-0.00024318742780984337
judge_8,-0.0002452439819095265
elections_4,-0.0002480955649137195
council_2,-0.00025310860747636
crash_7,-0.00025380476867804537
unemployment_7,-0.00025413377812562034
million_2,-0.0002566178184651768
services_9,-0.00025827981519086494
bonds_8,-0.00025873230721660254
secretary_20,-0.00025876276155927246
served_14,-0.0002599662008846426
security_2,-0.0002613185989315481
elected_1,-0.0002629081427666824
environment_9,-0.00026602646718312253
bubble_19,-0.00027638202053539287
fun_10,-0.00027710577946973294
financial_1,-0.0002777104167301037
economy_9,-0.0002796854090304279
risk_19,-0.000281661462621563
county_9,-0.0002859201896371566
returns_5,-0.0002885273011252965
lifestyle_17,-0.00029171084020298557
headlines_17,-0.00029709969882871776
court_2,-0.0002977747826012456
kentucky_10,-0.000302484726330321
nyse_12,-0.0003039339086537529
bank_7,-0.00030489108460773906
stats_6,-0.0003055681957844225
invest_8,-0.00031242479902240385
metals_10,-0.0003130275527814419
kitchen_18,-0.0003197632086180624
forex_17,-0.0003267278971113896
buy_16,-0.0003289087900249399
nasdaq_9,-0.0003289881335196032
transaction_19,-0.00032923363612500365
fine_20,-0.0003354269239380425
missouri_10,-0.00033701777840076106
headlines_8,-0.0003435706632985092
union_2,-0.00034550759754667924
political_1,-0.00034684506875579666
wisconsin_6,-0.0003480919297602858
opportunity_11,-0.0003502440383032379
garden_18,-0.0003527451182136376
bank_1,-0.0003578926421905715
texas_11,-0.00036125580818342496
BUY_AND_HOLD_19,-0.0003622959622964217
cancer_1,-0.00036515179317846423
labor_5,-0.00036742052826082005
development_11,-0.000369542319936822
hedge_10,-0.00037038038870453873
global_11,-0.0003709656945947382
fond_11,-0.00037360133595265577
ore_17,-0.0003736584479607119
companies_11,-0.0003796963599043801
trader_15,-0.00038467855246859806
holiday_1,-0.0003855845119608681
transaction_9,-0.00038842746638698686
business_11,-0.00038878411469420724
dow_jones_11,-0.00038976308625837675
chance_13,-0.00039014742412313286
governor_7,-0.00040054824735564766
profit_3,-0.0004032148228576782
gain_15,-0.00040449624728382537
inflation_6,-0.00040974970072797933
happy_11,-0.0004117567991517079
cancer_3,-0.0004146894259908551
investment_2,-0.0004156435593907659
secretary_4,-0.00041600331931963553
inflation_4,-0.0004221771365625404
tourism_1,-0.0004230511419359706
portfolio_1,-0.0004233741671936242
movie_8,-0.00042341799011671457
gain_16,-0.00042855153876775187
freedom_15,-0.0004292347403103136
crisis_6,-0.0004326843001960512
happy_8,-0.00043713441654895656
water_1,-0.0004411040241768527
dividend_8,-0.0004456283506462322
served_2,-0.0004488836361127513
fed_16,-0.000449865303539676
services_11,-0.0004522054602356773
headlines_3,-0.00045349962020404535
buy_18,-0.0004539161353682486
banking_19,-0.0004606935530730327
stocks_7,-0.0004613913032988082
world_2,-0.0004662392329836562
bank_10,-0.00048773590701876033
case_1,-0.0004895522668078245
stocks_1,-0.0004900812629323071
labor_10,-0.0004911088232046445
industry_20,-0.0004935581815752154
labor_3,-0.0004997881170631269
buy_15,-0.000501531404276645
blacklist_20,-0.0005021355671380289
founded_7,-0.0005023451979497163
kentucky_3,-0.0005103863645481877
risk_11,-0.0005114603172293286
health_11,-0.0005118800553584046
bubble_9,-0.0005164676436197225
banking_1,-0.0005169752744053735
corporation_2,-0.0005175129271182355
politics_14,-0.000518279542270883
vermont_7,-0.0005261178223914698
labor_20,-0.0005274738397036183
BUY_AND_HOLD_1,-0.0005345025345934173
environment_1,-0.000538808921410805
bubble_5,-0.000546155614238275
present_13,-0.0005466433195772779
inc_9,-0.0005481216166740799
democratic_10,-0.0005547969530073082
forex_13,-0.0005569799440647838
credit_9,-0.0005608734692423845
ring_2,-0.0005612861620087894
republican_8,-0.0005651213679302769
gains_8,-0.0005669447772985947
county_1,-0.0005672881007218411
DOW_JONES_10,-0.0005673006259090619
opportunity_16,-0.0005676157654408876
project_20,-0.0005679738557949676
credit_15,-0.0005717699528344777
governor_5,-0.0005745920889903777
arts_10,-0.0005858433313207456
seats_2,-0.0005908563391412214
forex_16,-0.0005914212952385478
chance_16,-0.0006033652056258943
freedom_16,-0.0006089901571970424
debt_1,-0.0006125485321536006
economic_3,-0.0006203252871278542
ministry_9,-0.0006256081444948825
credit_11,-0.0006260452593859877
finance_11,-0.0006308874386937502
media_1,-0.0006433713048954459
markets_12,-0.0006442016633791293
oil_1,-0.0006470466910407868
elections_2,-0.0006488072325370409
markets_18,-0.0006499276427622159
ministry_20,-0.0006521750793198056
banking_5,-0.0006542738254736058
financial_2,-0.0006565780943813104
forex_15,-0.0006667333758836547
returns_2,-0.0006741547999315145
culture_10,-0.0006746263141996333
freedom_3,-0.0006796953925535032
founded_17,-0.0006807650342853134
voters_14,-0.0006825339484365811
DOW_JONES_13,-0.0006842539064459529
elections_19,-0.0006881701639182447
ltd_4,-0.0006920311796611234
opportunity_20,-0.0006940784046210125
senate_12,-0.0007011846686843625
world_8,-0.0007055577440067129
returns_13,-0.0007061914823793591
happy_1,-0.0007083067151756328
products_2,-0.0007084368705291943
texas_10,-0.0007099107027954465
banking_13,-0.0007135930228648224
crash_16,-0.0007209908700985368
fond_1,-0.0007211875957736646
sell_16,-0.0007251220825320815
transaction_17,-0.0007252707632841249
nyse_10,-0.0007267076021745921
transaction_2,-0.0007369401402719244
companies_7,-0.0007369587157822321
crash_12,-0.0007437528764971058
union_10,-0.0007460435122438547
dividend_2,-0.0007541896781422918
county_6,-0.0007614852762080293
committee_6,-0.0007654458028557354
minister_20,-0.0007673844753224967
seats_19,-0.0007872896755352077
cash_1,-0.0007889674565334515
kentucky_2,-0.0007895345247690422
fine_13,-0.0007909767034206761
elections_5,-0.0007940829233946233
metals_3,-0.0007953832614512324
movie_15,-0.0008014906276555545
metals_19,-0.0008063872931756589
fond_3,-0.0008169133045466293
ore_3,-0.0008263420501722907
committee_4,-0.0008291523925631816
nyse_17,-0.0008301370892811244
food_4,-0.0008331436096226996
nasdaq_13,-0.0008345075395667978
project_2,-0.0008412077764110126
marketing_2,-0.0008497825100304057
representatives_9,-0.0008509008923357264
representatives_10,-0.0008570147098996284
present_1,-0.0008721901075745331
fed_6,-0.0008755280138988075
leverage_10,-0.000878378519892764
social_9,-0.0008784524353151913
committee_3,-0.0008920807764157379
ministry_1,-0.0008975132377963879
culture_1,-0.0009009944233924428
representatives_1,-0.000902981176456752
finance_9,-0.0009055354463890053
dividend_4,-0.0009091658962751658
transaction_1,-0.0009150186672454818
fed_9,-0.0009269836524942399
ministry_16,-0.0009355253916215167
banking_3,-0.0009568202242738799
DOW_JONES_16,-0.0009664009292213782
stats_11,-0.0009742471081171766
invest_12,-0.000974541893623404
consumption_10,-0.000976927432106378
ltd_20,-0.000977202252229259
banking_2,-0.000987401389518605
elected_7,-0.001001080890134043
transaction_18,-0.0010023613474345438
dividend_18,-0.001010734314539663
elected_12,-0.0010299277328976065
trader_10,-0.0010342985197755894
rich_8,-0.0010484676094240752
conflict_2,-0.0010488053100973893
fine_17,-0.0010558122659408919
movement_1,-0.0010606830429386483
project_11,-0.0010626599623136945
bank_9,-0.0010668953212238153
bank_12,-0.0010706298010855653
marriage_10,-0.001072440434577815
world_16,-0.0010866100798649692
leverage_4,-0.0010927159539178889
finance_2,-0.001110510167519152
environment_3,-0.0011123697431917323
energy_11,-0.0011224765772113621
returns_14,-0.0011369172881835032
pennsylvania_3,-0.0011401305247645376
president_9,-0.001148148866705645
industry_3,-0.0011483994932597109
dividend_5,-0.001157911946691792
development_3,-0.0011610710731369655
republican_17,-0.0011612496488312863
ore_16,-0.001161503133684949
gains_17,-0.0011647961760778535
profit_11,-0.0011649774030407345
bubble_13,-0.0011650875188845555
police_3,-0.001170751151278493
nasdaq_6,-0.001173185149084599
gains_18,-0.0011737929592600337
office_2,-0.0011877567081174157
seats_1,-0.0011898831954028743
gold_1,-0.0011950516164756174
virginia_4,-0.0012071255475425203
dividend_10,-0.0012105527634221236
credit_2,-0.0012112297452141706
revenue_20,-0.001219743238724158
senate_20,-0.0012317459005474652
republican_6,-0.001231853449179443
hedge_1,-0.001233437371471058
ring_1,-0.0012400454323107768
leverage_18,-0.0012427154097401695
stock_market_16,-0.0012459680902601634
markets_17,-0.0012465392781086937
ore_1,-0.0012611572361740375
project_15,-0.0012691249071328015
marketing_4,-0.0012746610673245672
headlines_4,-0.0012795144161510397
society_3,-0.0012816391849420627
risk_20,-0.0012936155166992202
fond_6,-0.001298076635583123
project_4,-0.0013156428383795272
security_3,-0.0013345843551989755
movie_6,-0.0013478829523820624
revenue_3,-0.0013483128397967059
bonds_18,-0.0013503910518724682
gain_1,-0.001354324634991344
politics_9,-0.0013609230729022758
risk_6,-0.0013689410627106158
served_19,-0.0013737321554379233
returns_20,-0.0013915487927685267
risk_3,-0.0013989250323525493
unemployment_3,-0.001419144609740397
million_4,-0.001425698232770678
DOW_JONES_18,-0.001439097164074954
DOW_JONES_11,-0.001456285968099169
DOW_JONES_19,-0.0014682405853044366
environment_11,-0.0014826536785793598
governor_3,-0.0015156791630622334
derivatives_2,-0.0015283558006820464
federal_2,-0.0015451165483612694
health_2,-0.001551685660271307
fond_4,-0.001569775553509367
success_16,-0.001581538027410212
union_3,-0.0016070451146444008
bonds_11,-0.001615131111991075
gain_13,-0.0016295251334349948
forex_18,-0.0016654451689755545
happy_7,-0.0016711670642308273
founded_11,-0.0016717646600732162
inflation_2,-0.0016777663055085323
energy_1,-0.0016882911489218167
inflation_1,-0.0016935305680346956
bonds_17,-0.0017064427134323213
portfolio_17,-0.0017119802290296083
law_3,-0.0017257083610273671
services_2,-0.0017410154199151596
stock_market_5,-0.0017497444869718714
opportunity_18,-0.0017552837258451247
election_1,-0.0017674534012873666
default_3,-0.0017782112505569491
earnings_3,-0.0017802256505938363
gain_12,-0.0017823976380803685
seats_3,-0.001802311058225703
fond_12,-0.0018024075671991824
founded_18,-0.0018216271922766758
derivatives_8,-0.0018404616355979675
forex_8,-0.0018414014409432688
ministry_3,-0.0018528574288748435
stock_market_18,-0.0018699105724705011
district_2,-0.0018774116555339226
gains_2,-0.0018852750623701065
tennessee_3,-0.001960224903035912
inc_2,-0.0019740968399909464
social_3,-0.0019815406165977654
happy_3,-0.0019941020619680173
stock_market_15,-0.001997122871001622
voters_15,-0.0019983140965545544
senate_15,-0.0020106366520313834
stats_12,-0.002068176258218912
return_1,-0.002070812624848162
secretary_2,-0.002084705217106153
bonds_1,-0.0020956952739970003
bonds_15,-0.002111149164370096
inflation_3,-0.0021154187026537264
founded_20,-0.0021237174962626115
transaction_8,-0.00212389248371343
ore_4,-0.002130034920802282
gain_4,-0.0021404219300797055
ceo_3,-0.0021429846484073644
social_11,-0.0021693983275334226
fond_7,-0.0022171720819229358
gains_12,-0.0022216860169594456
project_3,-0.0022218121409839585
county_2,-0.0022239751408724253
investment_3,-0.002247315897080093
republican_9,-0.0022571070838318884
representatives_14,-0.002263923539856316
ore_2,-0.00229133912723678
fed_17,-0.002293201716658233
gains_1,-0.0023025084728126146
wisconsin_3,-0.002332850333057479
representatives_17,-0.002335053348983962
growth_11,-0.0023420474229344014
technology_3,-0.0023441457123863476
representatives_13,-0.0023578473281634206
council_3,-0.002380805407967368
headlines_12,-0.0023824254055676785
profit_9,-0.002463432471332361
portfolio_9,-0.002464154575196864
movie_1,-0.0024795875665420074
markets_2,-0.002560317896686715
fed_2,-0.0025828136958483405
election_17,-0.002588966380248503
ceo_15,-0.0026226905172023864
chance_1,-0.002655906264947339
community_2,-0.002671790811774777
york_3,-0.002714308957687739
stats_1,-0.002727014287565677
derivatives_10,-0.002737816098412238
financial_3,-0.0027478053976041526
district_3,-0.0028035896275906635
default_4,-0.002818514027481145
portfolio_11,-0.002819055985990815
elected_6,-0.0028542044785144103
rich_1,-0.0028618067362042423
court_3,-0.0028887501328388465
management_3,-0.0028962643751675675
invest_1,-0.0029242795105896445
derivatives_4,-0.0029251201301920826
senate_3,-0.002953070591883633
business_3,-0.0029825633619011693
housing_3,-0.0029977633438721175
debt_16,-0.002998632992206729
election_16,-0.003003475310152837
companies_3,-0.0030122415371526268
service_3,-0.0030249756826032257
founded_16,-0.0030560084921141817
secretary_3,-0.0031035399754312243
derivatives_20,-0.003116557597455283
fond_17,-0.0031905911145950093
police_11,-0.0032072318677569545
DOW_JONES_14,-0.0032591185148711068
headlines_18,-0.0032685479304037203
virginia_3,-0.0033784632563968577
happy_2,-0.0034838279707152474
senate_5,-0.003514682432064009
crash_17,-0.003520433250319788
leverage_19,-0.0035699915624475055
ltd_3,-0.0035940803399379996
earnings_4,-0.0036296023279340115
members_13,-0.003656588051213183
federal_3,-0.00370815206840871
leverage_20,-0.003710052181608825
bank_2,-0.0037537512417167296
dow_jones_10,-0.003769986165558614
college_1,-0.003778481187203098
movie_3,-0.0039253285243445735
college_3,-0.0039439890777324795
products_3,-0.003953025883235162
headlines_14,-0.003972609015835693
chance_3,-0.003989681678563106
senate_17,-0.004012823164289614
election_19,-0.004013654567769298
corporation_3,-0.0041050457002149935
senate_4,-0.004245685079665962
community_3,-0.004249103951785261
texas_3,-0.004292654394081307
credit_3,-0.004293492685320777
ore_20,-0.004387066980471643
fond_2,-0.004395239325395162
metals_20,-0.0044421736517586295
chance_2,-0.0046302443272969954
forex_12,-0.004664584728778798
global_3,-0.00466699306102134
headlines_7,-0.004678550193129993
returns_16,-0.004800676938647363
nasdaq_20,-0.004909704193848041
ohio_3,-0.004919016388524144
chance_4,-0.004958239543896359
office_3,-0.004964801325811452
representatives_15,-0.005028555353210673
marketing_3,-0.005071840080689794
nasdaq_3,-0.0050896693316172525
ceo_16,-0.00513006910226268
DOW_JONES_1,-0.005141628916913254
founded_8,-0.005239195360652671
inc_3,-0.00526332242036649
energy_3,-0.005290844934523764
forex_9,-0.005295607575762506
fed_3,-0.00545558305737095
movie_2,-0.005522467140950349
chance_12,-0.005542281795268123
fond_10,-0.005701498430841024
elections_17,-0.005713139808292378
services_3,-0.005869653092903615
derivatives_12,-0.00600643778066885
dow_jones_1,-0.0062011698725283225
chance_11,-0.006279887564300357
senate_14,-0.0062987738157183285
opportunity_1,-0.006321320052250612
DOW_JONES_20,-0.006829007052492853
health_3,-0.006993638973483196
portfolio_16,-0.007800241069045866
finance_3,-0.00793460767586709
forex_11,-0.008196055423228566
derivatives_13,-0.008810499813921435
county_3,-0.009935388282364777
bank_3,-0.00997530693332005
elections_14,-0.010161346126655913
senate_1,-0.010231132880336235
election_14,-0.010295839812613816
