feature,feature_score
markets_6,0.0037860401058965377
dow_jones_19,0.003575706036279369
missouri_14,0.003431105594625028
global_14,0.0032035141410238443
profit_20,0.002895329732092655
marketing_20,0.002831500955021582
health_20,0.0028201957231815066
dow_jones_10,0.0028004376447106514
legal_20,0.002752939986697722
texas_14,0.0026552510279718835
derivatives_16,0.0025574669832439945
dividend_19,0.0024775856304956934
missouri_15,0.002464164996660556
senate_14,0.0023861981078287407
stock_market_16,0.0023566138120630687
DOW_JONES_10,0.0023299796500819035
fed_20,0.002315166077278663
gold_2,0.0022975300358636817
labor_11,0.002290514495592322
nyse_13,0.0022698050038631123
minister_4,0.0022482116227369843
cancer_20,0.00223954898637897
bubble_3,0.002210564772451895
carolina_14,0.0021930684078992125
bonds_13,0.0021631508614684105
present_20,0.002147951843843132
restaurant_19,0.0021387000691017954
chance_20,0.0021225890413470784
fine_10,0.0021119961346399265
conflict_3,0.00208002341253839
home_16,0.0020479235793959384
derivatives_6,0.0020376748369506092
service_13,0.002016848372799962
election_12,0.0020166527720912207
business_20,0.002004244110106179
illinois_14,0.0019746340644715586
forex_5,0.00196301394929832
cash_2,0.0019518992821916826
market_10,0.001939860360785506
government_14,0.0019364122485712176
risk_10,0.0019241273519551515
earnings_11,0.0018946104043202627
investment_20,0.0018833032169964126
law_20,0.0018826743272844838
global_20,0.0018735001838399378
stock_market_10,0.0018704295485573175
chance_6,0.0018467145495257853
bonds_14,0.0018431275480785825
hedge_13,0.0018352285491030074
services_20,0.0017910959708687725
political_14,0.0017743884741448612
transaction_6,0.0017628210514938126
housing_14,0.0017459532336926652
chance_18,0.0017323700982489142
security_20,0.0017280079635060065
governor_14,0.0017207521347411881
train_19,0.0017193415797803536
movie_19,0.0017170689226524648
bonds_20,0.0016944186152779484
government_20,0.001686510707430866
vermont_14,0.00168650577432079
cancer_14,0.0015993601131962577
ceo_19,0.0015920647950432576
act_20,0.0015911654773052898
massachusetts_7,0.0015751839790591581
community_20,0.0015700594524918898
debt_4,0.0015668117491816958
society_14,0.0015647048316506985
court_20,0.0015563986159057742
tennessee_14,0.0015392539763935177
act_14,0.0015305477574930394
world_10,0.0015286228432553229
stocks_9,0.001525480311629579
county_19,0.0015125216751125548
social_14,0.001501129478065688
sell_2,0.0015003763744532383
massachusetts_14,0.0014893848858268833
stock_market_18,0.0014888170472789897
products_18,0.0014881098394243341
president_6,0.0014845386512346349
hedge_18,0.0014805482523145396
world_16,0.001467637598153515
development_20,0.0014622973971260222
project_20,0.0014590695941267384
law_14,0.001458220926041709
derivatives_7,0.001444922853293451
dow_jones_18,0.0014348119023210204
invest_13,0.001418561209821112
trader_2,0.0014158143362732688
conflict_4,0.0014144135337878394
nyse_16,0.0014112236456793824
kitchen_17,0.00140928242732532
train_17,0.0014081932025693967
crash_17,0.0014044083469686663
movement_1,0.001382350154631462
oil_14,0.0013760961377769164
missouri_16,0.001365580719025683
ohio_13,0.001349688446565933
wisconsin_18,0.0013484009420450028
headlines_18,0.001340680032416075
restaurant_9,0.001339636483083395
ceo_14,0.0013351757996011183
global_18,0.0013299322157393379
founded_19,0.0013280545728233894
college_20,0.0013273362678655643
firm_9,0.001327190963126701
marriage_14,0.0013253346430091683
arts_18,0.0013246820157922778
health_19,0.0013129557355557654
illinois_4,0.0013105236999521042
economics_17,0.0013102126442837703
economics_18,0.0013096283875863924
tourism_11,0.001306814595161021
ore_1,0.0012989447822579602
cash_7,0.0012922056346395428
million_1,0.001291236174092303
culture_20,0.0012886361987798135
short_selling_16,0.0012883777088761317
voters_5,0.001287396548521258
social_20,0.0012844558867918243
inc_20,0.0012831410543600486
legal_15,0.001280922442138821
finance_13,0.0012776758680257626
ltd_20,0.001275947819276335
votes_6,0.0012752651749525779
economy_6,0.0012663708777137296
governor_4,0.0012376822758417782
act_4,0.0012359282401170236
tennessee_13,0.0012307678357120987
business_14,0.0012306788773545519
DOW_JONES_9,0.0012283744084996995
legal_14,0.001226261012738461
garden_19,0.001223711880964995
business_13,0.001212452546164222
kitchen_9,0.0012106494732665452
texas_18,0.0012025021352377817
kentucky_20,0.0011994733196477592
stats_2,0.001187454402099264
social_13,0.0011855960633367912
ministry_14,0.00117891569994224
technology_14,0.001175942342732439
consume_8,0.0011702973420149698
office_13,0.0011678935931999535
food_17,0.0011671055637569872
district_20,0.0011643819483628138
food_2,0.0011610075184370183
food_3,0.0011588016402529267
culture_15,0.0011567048090887154
cash_19,0.0011521474455565839
stocks_19,0.0011469582087014984
products_20,0.0011457985120398417
conflict_11,0.00113443517983034
economic_4,0.0011303993084252673
rich_18,0.0011160536125621734
unemployment_13,0.0011158728387627326
financial_20,0.0011116764417947954
gains_4,0.0011086473120838435
ministry_17,0.0011049143632603897
cash_20,0.001098240300955533
management_20,0.00109584410076764
credit_18,0.0010918201871823242
arts_16,0.0010874349521692972
opportunity_13,0.001083515389929457
money_14,0.001082950272831207
default_10,0.0010768263484608686
illinois_3,0.001076260273669738
economic_14,0.001075336721635911
william_20,0.0010748521472416339
earnings_7,0.0010735573779119933
housing_16,0.0010689931813309794
cash_14,0.0010671503388590686
served_3,0.001065031591493759
investment_19,0.0010609095052857898
republican_20,0.001059197909349674
economics_20,0.001055621105875515
cancer_1,0.0010493949362989862
finance_19,0.0010491222313661064
crash_19,0.00104627733818492
companies_20,0.0010443343525593952
sell_17,0.0010435412303175574
nasdaq_18,0.0010425016354070672
wisconsin_20,0.001041508452264428
labor_14,0.0010381060252189656
credit_20,0.0010331326372683414
products_14,0.0010309694384052158
marketing_14,0.0010295654359448348
virginia_15,0.0010292814656455151
DOW_JONES_19,0.001027358956711044
fun_2,0.0010263360504277896
derivatives_5,0.0010256547035033092
nasdaq_3,0.001025418125428179
tennessee_18,0.0010225084268820738
government_13,0.0010210258881737876
rights_14,0.0010163439486328585
stock_market_6,0.0010126699751683787
oil_19,0.001008817441863985
restaurant_17,0.0010085708632737943
fine_11,0.0010073894955000995
stocks_4,0.0010062215432783185
fine_16,0.0010051484769982633
technology_20,0.0009917838933390488
movie_20,0.0009850518041365052
banking_4,0.000979419251152347
business_19,0.0009777742694011104
consumption_2,0.0009746253764503443
service_20,0.0009742947859406659
dividend_20,0.0009695129318822993
texas_20,0.0009684983805742231
environment_6,0.0009637642388642176
economy_14,0.0009636826890561778
buy_5,0.0009543223133886336
present_11,0.000953974899709853
case_1,0.000952760803660535
vermont_18,0.0009488276667707796
police_13,0.0009452445381990416
portfolio_3,0.0009442454482718743
opportunity_14,0.0009410142591739223
bank_18,0.0009402687734260118
religion_8,0.000938455730377008
republican_14,0.0009374930271720316
million_7,0.000932756034500315
health_13,0.0009240102948313122
kitchen_6,0.0009185286259534298
crisis_12,0.0009179546188719633
tourism_12,0.0009163163594680723
consumption_6,0.0009157486368931211
investment_15,0.0009148947353676106
rich_2,0.0009142785518479801
william_18,0.0009082052750783775
york_13,0.0009055527878953029
president_4,0.000903669281395425
financial_18,0.0009028350863351964
lifestyle_10,0.0009019367391075228
police_14,0.0009002548623362916
district_13,0.0008997981030498981
sell_14,0.0008935087829210709
tennessee_16,0.0008934693852235886
stocks_20,0.0008913516593188175
markets_7,0.0008894503920435781
democratic_18,0.0008871838015614309
lifestyle_7,0.0008837104398818019
georgia_4,0.0008830132507394728
ceo_20,0.0008823817648429654
community_18,0.0008811951921475547
banking_3,0.0008810873811140096
federal_18,0.0008810527079941233
market_17,0.0008806858730368017
markets_12,0.0008791316839678708
william_16,0.0008754047122017994
transaction_1,0.0008683146089856653
bubble_12,0.0008656167273802362
global_13,0.0008627185598923948
risk_14,0.0008626950108836517
inc_14,0.0008564477418542493
illinois_18,0.0008517625626098813
wisconsin_14,0.0008465806415852261
ceo_15,0.0008395111535665966
illinois_15,0.0008370142233300682
republican_19,0.0008336854583377296
rich_17,0.0008300909136836454
democratic_17,0.0008284828364771401
trader_19,0.0008255131376530445
tourism_2,0.0008242141498330247
chance_17,0.0008179338025050553
police_16,0.0008147476846029677
world_14,0.0008132330371874774
risk_13,0.0008115324266796398
opportunity_18,0.000809897158164663
washington_18,0.0008094037442028856
oil_20,0.0008069571371934093
kitchen_19,0.0008012998794075576
freedom_18,0.0008009921886175331
crisis_19,0.0008002993962356708
debt_20,0.000799281620221981
federal_20,0.0007985526683964794
chance_2,0.0007976010794756627
corporation_20,0.0007951906988432178
transaction_10,0.0007924972924513663
act_13,0.0007918163972827852
investment_1,0.0007915278746382537
invest_4,0.0007910249259138746
washington_13,0.0007901252493084154
elections_12,0.0007889494759176552
members_15,0.0007837713420860481
office_18,0.0007808722179560856
crisis_1,0.0007775869390901358
metals_16,0.0007759672987669441
travel_20,0.0007734095192017288
environment_1,0.0007717144528683218
train_11,0.0007690623539726493
returns_4,0.0007648428472107893
technology_18,0.0007638746829853549
economic_13,0.000760595326797242
environment_14,0.0007600204812475475
fond_15,0.0007547874217705752
economy_20,0.00075365374425016
culture_14,0.0007522891260268949
ring_1,0.0007444051935373119
debt_14,0.0007431271572809983
loss_5,0.0007411325989594708
financial_13,0.000740862435946732
elections_14,0.0007408550395798574
religion_7,0.0007395413532899741
holiday_13,0.0007388930251011283
million_8,0.0007334436465147087
pennsylvania_18,0.0007322629136892634
lifestyle_6,0.000732235410529003
police_6,0.0007309884465719785
revenue_13,0.0007294874128527029
house_11,0.0007291093721167208
war_7,0.0007269350099769368
vermont_10,0.0007247500193650058
opportunity_19,0.0007227823197582417
union_13,0.0007206549895326875
earnings_18,0.0007179335061936909
housing_1,0.0007127624394383635
william_14,0.000708435189477008
party_6,0.0007079767114725577
home_14,0.0007077868522076036
texas_16,0.0007065130868776359
bank_13,0.0007059251516282839
happy_8,0.0007031300047931621
portfolio_20,0.0007021278632510563
lifestyle_15,0.0007005099763775169
sell_6,0.0007003980089474781
water_20,0.0007002495487379523
energy_20,0.0006990311148879824
members_12,0.0006981463055874438
court_13,0.0006953965100183757
vermont_16,0.0006915495434949515
nasdaq_9,0.0006910128045483299
minister_15,0.0006902750528555047
banking_1,0.0006872438685299187
political_20,0.0006869277052750534
holiday_17,0.000685275601511659
housing_13,0.0006852177519983904
finance_20,0.0006834990592853752
elected_6,0.0006824658065160749
community_14,0.0006818771598360307
happy_11,0.0006818651439156609
federal_13,0.000680811287221772
dividend_3,0.0006807799914553047
invest_8,0.0006807770530903534
holiday_18,0.0006795649213648947
missouri_13,0.0006778639161013622
missouri_18,0.0006778045157642909
social_4,0.0006771089179363088
crash_20,0.0006760989832788056
labor_4,0.0006722359667792555
services_13,0.0006717891632495032
democratic_14,0.0006710515534105622
office_20,0.0006708964972781395
credit_13,0.0006705413207151567
risk_16,0.0006689530211060557
ceo_9,0.0006687081260904782
election_19,0.0006668230736522451
crisis_13,0.0006665037311694766
buy_16,0.0006654947523914822
seats_2,0.0006637196495569375
gain_6,0.0006633114897555137
court_18,0.0006618822915235078
gain_7,0.0006603377314782222
growth_20,0.0006592244089270949
kitchen_1,0.00065789706987609
party_5,0.0006571945334773232
security_3,0.0006540554621375261
debt_10,0.0006520204381518235
color_7,0.0006508923139743938
revenue_8,0.0006493118179982105
return_2,0.0006483220981822857
corporation_13,0.0006441124897965667
world_20,0.0006440763608449362
pennsylvania_4,0.0006440078335326893
society_13,0.0006433529653442349
money_13,0.000642503379769055
secretary_20,0.0006390761823303226
ltd_5,0.0006387721707410865
corporation_18,0.0006375360079367232
development_1,0.0006370742375062077
train_2,0.0006370048225927017
conflict_2,0.0006368057685188333
war_4,0.0006361070081440046
present_10,0.0006357719159364895
tourism_1,0.0006330483265759357
arts_20,0.0006323843423071684
secretary_18,0.0006296726150527121
nyse_8,0.000629341996445576
buy_2,0.0006273554964166816
environment_15,0.0006271219846532228
restaurant_18,0.000626561688977878
rich_13,0.0006245203020160295
rights_1,0.0006235776628784606
success_19,0.0006232378006958639
inc_18,0.0006194770728521481
act_15,0.0006154274558370698
served_17,0.0006149599971067676
vermont_19,0.0006137714661237581
freedom_10,0.000611900058433057
kitchen_14,0.0006118157181187022
democratic_10,0.0006116136479235035
industry_14,0.0006111708657142945
derivatives_18,0.0006105162859216806
car_7,0.0006098038755702583
justice_19,0.00060955909554965
return_20,0.0006057908407735235
services_18,0.0006028538989534926
war_1,0.0006019781225909294
oil_16,0.0006015767011454676
risk_4,0.0005998079979484316
business_18,0.0005995566208448321
project_5,0.0005987945416165541
kentucky_13,0.0005982803939316161
derivatives_10,0.0005972659012537518
gain_18,0.0005971373642321476
pennsylvania_14,0.0005968761010143542
party_4,0.0005945107433030561
secretary_13,0.0005941868677482142
cash_4,0.0005928715989159227
garden_9,0.0005905762851178276
voters_6,0.0005894176965697495
elected_15,0.000587739070334603
inc_13,0.0005860325871231753
secretary_14,0.0005840896985789712
environment_20,0.0005837463664265741
unemployment_8,0.0005830856566536146
fed_19,0.0005816942933329905
holiday_16,0.0005788422981001906
million_11,0.0005776019619081918
economy_9,0.0005771361599631985
tennessee_5,0.0005764042274955195
portfolio_1,0.0005762151877660049
derivatives_15,0.0005745916523189898
short_sell_12,0.0005723562541855243
food_1,0.000571225466592451
fun_19,0.0005701445398222704
county_20,0.0005694986652271083
travel_14,0.0005693709698049831
georgia_14,0.000567809086575255
political_19,0.0005648791042788259
carolina_16,0.000564721934061141
society_20,0.0005642004380089327
garden_20,0.0005631966441512093
members_13,0.0005625597535751315
carolina_15,0.0005618115081597486
washington_20,0.0005608531861172938
ohio_14,0.0005605075534323989
trader_3,0.0005597007485336425
missouri_20,0.0005572047099578592
judge_18,0.000557123880248911
founded_5,0.0005562659176119533
conflict_8,0.0005550135596500861
police_1,0.0005549782505831491
buy_4,0.0005548270683820578
inc_19,0.0005530927923184548
invest_1,0.0005525275629151727
growth_6,0.0005511138572779739
ohio_18,0.0005494014843442585
forex_18,0.0005486264839550837
law_8,0.0005459174890865004
car_2,0.0005443330847567873
washington_14,0.0005392919896079817
freedom_15,0.0005383624308506141
political_13,0.0005379133200981157
trader_20,0.000537831496025265
food_19,0.0005377271681946683
georgia_15,0.0005375644366631515
technology_19,0.0005353434263726031
society_4,0.0005345230178257498
georgia_20,0.0005343366266622462
return_8,0.0005308217810495064
management_13,0.0005297154875288479
pennsylvania_16,0.000529012715675492
housing_4,0.0005282896087124734
ring_17,0.0005265710657327727
banking_7,0.00052613513571238
illinois_13,0.0005260173707841709
growth_18,0.0005256777167957028
energy_13,0.0005236007780489826
oil_13,0.0005222713014678027
stats_13,0.0005205455111608303
companies_4,0.0005204980436593453
chance_14,0.0005203326398752761
committee_20,0.0005180482800085206
police_18,0.0005149210237457736
served_13,0.0005134696846843312
bubble_11,0.0005126946879264515
bank_12,0.0005125945060346693
risk_1,0.0005115960815757159
market_4,0.0005091412595406685
returns_10,0.0005091397000125397
returns_12,0.000509135602127575
economics_15,0.0005083558292588552
politics_10,0.0005060654070212056
arts_14,0.0005034001592884918
georgia_18,0.0005013831243067645
fun_14,0.0005010758299874851
consumption_16,0.0005009911142679346
stocks_13,0.0004994448937240215
greed_17,0.0004990746523036327
labor_9,0.0004988330922899742
movement_2,0.000497731744809915
fed_12,0.0004973635031404689
loss_14,0.0004953988818896526
markets_2,0.0004890096060509608
war_14,0.00048765693704202475
fed_2,0.00048719887812762595
market_3,0.0004861916237651531
gain_19,0.00048592051465192745
pennsylvania_12,0.00048124367090234265
culture_4,0.0004809346541927217
transaction_2,0.00048048052678231203
republican_4,0.00048042227358784383
party_16,0.0004796456562556672
unemployment_18,0.0004795986282622344
transaction_14,0.0004784013214119254
finance_8,0.00047710411514203523
media_11,0.00047691939842637866
present_5,0.00047599651553473785
republican_3,0.00047567081259070054
garden_4,0.00047524088902215487
unemployment_19,0.0004740671961519727
community_13,0.0004737729110952271
trader_15,0.0004733244423194005
ltd_15,0.00047279347545983177
security_14,0.0004722369365969925
return_13,0.00047187981380543144
return_15,0.0004711912232529203
energy_19,0.0004702709831639007
case_18,0.00046951435648685537
car_5,0.0004691672140445524
political_17,0.0004688557356273382
carolina_20,0.0004660522857335758
chance_10,0.0004652831064873686
holiday_8,0.0004649718326458441
debt_6,0.00046464155271597196
freedom_3,0.00046458295408386975
buy_20,0.0004631694101961736
legal_3,0.00046312356262496747
markets_11,0.0004630226015454264
economic_20,0.00046261290144358205
cash_8,0.00046029782625585104
crisis_9,0.0004597832769567711
stock_market_1,0.00045658602802038927
default_2,0.0004564301461049469
holiday_15,0.0004564170374314003
color_3,0.0004562815489987937
health_16,0.0004558605441264296
hedge_2,0.00045541450646278123
car_17,0.0004553674776701655
democratic_15,0.00045383203315179087
technology_15,0.0004527870436405124
council_20,0.0004523939964502288
blacklist_17,0.0004518238840034661
rights_20,0.00045153762695562263
gold_16,0.0004490195928734231
BUY_AND_HOLD_1,0.00044883763952743296
rich_1,0.00044868657659213884
development_13,0.00044602912450000256
water_3,0.0004452731678996624
financial_14,0.0004437080816179995
present_15,0.0004420285944208846
illinois_20,0.00044194451684045346
tourism_3,0.00043978892242506616
founded_9,0.00043971490760479347
car_16,0.0004384926262945843
ohio_12,0.00043819396665503165
health_18,0.0004380009281841346
office_3,0.0004354164919462944
DOW_JONES_5,0.00043485507777254464
william_13,0.0004347828110710328
york_3,0.00043349118002737884
georgia_8,0.0004331338876690571
virginia_18,0.0004328422096465001
hedge_14,0.0004328129321610641
founded_4,0.0004324202300624913
voters_15,0.0004317237451332945
sell_18,0.00043165336438180104
district_19,0.00043077796721926467
wisconsin_13,0.000428337802189005
house_3,0.0004277147037446971
finance_1,0.00042770695924225776
bubble_15,0.0004274257665680903
garden_1,0.00042683650034245344
trader_8,0.00042546851824925013
government_19,0.0004253748979454297
carolina_18,0.0004250988846358661
transaction_11,0.0004234497068564824
investment_6,0.0004228573921825518
development_18,0.00042242797327847194
war_20,0.0004223659894129872
investment_13,0.00042117364311842207
served_5,0.00042117145085831533
industry_20,0.0004199130589518818
kitchen_2,0.0004198800210580611
pennsylvania_20,0.0004198099268540423
derivatives_3,0.00041960938590817064
color_2,0.00041917938977911187
buy_1,0.00041904719360874587
service_14,0.0004187594496211977
politics_2,0.0004180699889795303
short_selling_15,0.0004173762831663153
car_9,0.000417106978051085
arts_8,0.000416787604344826
movement_19,0.00041672895885687123
community_19,0.00041640614694287147
debt_16,0.0004153158046515948
society_1,0.0004147169145652274
blacklist_5,0.0004138412136440728
food_10,0.00041370717846920255
return_18,0.000413123893422096
loss_20,0.00041278282085261965
political_18,0.0004116198728256304
short_sell_1,0.0004113868748752525
politics_8,0.0004092686283629243
forex_19,0.00040848510541866554
invest_15,0.00040781448227869
bonds_1,0.00040700132918960465
invest_5,0.0004064864145991276
BUY_AND_HOLD_20,0.0004062458305177152
district_14,0.00040586177035635275
global_15,0.0004055113256516751
travel_4,0.00040470031288031283
labor_18,0.00040262409039246714
society_15,0.00040251900175913846
police_15,0.00040179266293067785
metals_6,0.0004014297594492122
cancer_3,0.0004011773338813196
profit_14,0.0003979523068178725
conflict_20,0.0003972887242294831
justice_20,0.00039594946792216313
garden_17,0.00039580934357466015
consume_3,0.0003951176173897952
gains_3,0.0003932626106318837
consumption_1,0.0003927286593719659
house_2,0.00039210186321103624
pennsylvania_3,0.0003920107595920541
cancer_18,0.0003903416416683347
bubble_9,0.0003895397503891784
blacklist_2,0.0003879673393931915
nasdaq_2,0.00038767121655713943
BUY_AND_HOLD_4,0.0003870138110926735
returns_16,0.0003855259324860638
social_8,0.0003851346660343147
portfolio_15,0.00038488795794557886
metals_12,0.0003847721950720029
law_13,0.00038460275255447485
home_2,0.0003845428541184415
legal_1,0.00038436426374313106
washington_3,0.00038269610170602595
politics_3,0.0003814044194774935
ring_15,0.000381072699794327
federal_12,0.0003803616510087204
consumption_3,0.0003778527072374915
ring_4,0.0003776978073886994
cancer_2,0.0003774662495329206
vermont_13,0.0003748912869792731
energy_18,0.0003746979169039877
leverage_7,0.0003723324619618662
companies_14,0.0003715419270655662
washington_4,0.00037084909114961653
case_13,0.0003707359114974551
justice_12,0.00037039794488200604
cash_6,0.00037030654432179677
companies_13,0.00037029015796281596
council_13,0.00037020057107157723
oil_8,0.00037007417286971656
stock_market_19,0.0003698276843786985
financial_markets_3,0.00036962064615155834
management_14,0.0003695789431005014
profit_19,0.00036903691634053714
vermont_3,0.000368995182910381
market_15,0.00036712126818967407
profit_8,0.0003666448544361378
tourism_4,0.00036662151837629775
tennessee_4,0.000366262829796149
community_3,0.0003658226142084775
stats_16,0.0003657267531809172
arts_2,0.00036557414694808886
vermont_1,0.0003646949367644758
social_18,0.00036451917787392316
rich_15,0.0003640323036007809
loss_1,0.0003638198646386037
success_16,0.00036368504571320236
profit_18,0.0003620361385877402
elected_20,0.00036189177349359446
bubble_17,0.0003617362638294264
massachusetts_18,0.00036163007745793063
world_13,0.00036094004390012645
market_20,0.0003605152161889169
present_13,0.0003592883677465908
rights_9,0.00035924665924400576
kentucky_17,0.0003587989535459135
blacklist_6,0.0003584244887237853
seats_13,0.0003575933717550273
energy_3,0.0003555399916941093
minister_18,0.0003552945457623746
returns_8,0.00035507667951659714
ohio_19,0.00035304823341095746
fun_13,0.0003527449121149662
consumption_10,0.00035205633177144425
conflict_14,0.0003516852120985403
virginia_17,0.0003515538041371835
security_18,0.00035122411287047406
fine_1,0.00035113833839028885
holiday_3,0.0003510461338740889
case_3,0.0003509635401979461
missouri_2,0.0003499026443996467
short_sell_20,0.0003496407812245472
texas_13,0.0003495522448799804
nyse_9,0.00034861747990015956
train_4,0.000348271716530113
justice_18,0.0003482689055616994
politics_13,0.000347707606851011
party_1,0.0003470175094908212
travel_1,0.00034644359092732556
blacklist_4,0.00034605910201728206
ring_3,0.00034590905302083196
home_3,0.000344936336368451
management_18,0.0003445984225972865
culture_12,0.0003441341226791961
tennessee_8,0.0003429272477965428
car_12,0.0003416126050070911
metals_20,0.00034146765857356876
bank_19,0.00034103003904513153
markets_20,0.00034093415419798043
consumption_14,0.000340585942184779
development_19,0.0003405730174829147
society_18,0.00033963720921130757
fine_19,0.0003395668226125803
debt_19,0.00033878698314733225
votes_4,0.0003386517710597392
marketing_13,0.0003379418039077153
court_19,0.00033772998064480754
garden_11,0.00033743659505167665
ore_16,0.000336730122474127
elected_8,0.00033605239763472293
transaction_3,0.00033565999648621503
present_9,0.0003346071800553574
money_20,0.0003344317051328538
act_18,0.0003315141683517098
carolina_4,0.00033122750766361174
illinois_16,0.00032980104596553873
york_16,0.00032899819767686635
firm_19,0.0003276419189743862
governor_13,0.00032763366681363146
firm_13,0.00032688801473366167
arts_13,0.0003268865081918149
marriage_9,0.00032685359895510133
social_3,0.00032676115828860207
short_selling_12,0.0003251319565665156
house_19,0.00032360447935824154
arts_4,0.0003233068932062988
service_8,0.0003229352370504035
secretary_19,0.00032195884849544053
sell_7,0.0003218750518974911
rich_14,0.0003217483660500342
stock_market_2,0.0003212446476926756
massachusetts_16,0.00032123677401876274
tennessee_15,0.0003205250300384099
cancer_12,0.00032051489622084703
short_selling_2,0.0003197715583350691
consume_2,0.00031872370513181815
water_9,0.00031858916272975435
secretary_6,0.0003185274904121016
gold_1,0.00031805674827383167
community_16,0.0003177161852720545
firm_4,0.00031740487141109777
finance_3,0.00031712756196728976
crisis_3,0.00031602805243748924
crisis_20,0.00031543676949399304
credit_16,0.00031424141323597163
movement_18,0.00031358152612812604
vermont_4,0.00031297664359195563
investment_18,0.0003128701640776832
markets_3,0.0003117562575236654
york_20,0.0003114017807958946
financial_markets_13,0.00031113713513386543
case_9,0.00031040290876775954
movie_9,0.00031028688131333747
media_1,0.0003102718225251211
house_9,0.00030993856549597074
water_4,0.0003093801070025881
stats_12,0.00030925760872557717
restaurant_1,0.00030791868628958773
garden_3,0.0003069104109030718
short_selling_14,0.0003066645524457012
housing_18,0.0003057494493374557
crash_16,0.0003051819441876713
train_13,0.0003050914162652463
chance_19,0.0003045821903200352
financial_markets_14,0.0003043003817364331
health_8,0.0003037327956622926
crash_4,0.00030320341766416626
default_19,0.0003015203638523811
financial_markets_2,0.0003011479139895856
management_19,0.00030034087031238776
tourism_17,0.00029836037412889205
war_10,0.0002983280356623208
housing_9,0.0002981309027738632
consume_1,0.0002978080495066093
democratic_1,0.0002976449368407907
union_18,0.0002974281126000955
house_10,0.00029721054611087094
crisis_7,0.00029598062614821785
election_4,0.000295878179562159
greed_20,0.0002951406586199967
committee_13,0.0002941133735415047
sell_9,0.00029355673987643274
marriage_3,0.000292655446307033
tourism_7,0.000292427776137516
war_9,0.00029227415378099144
ministry_18,0.0002921587265750647
house_15,0.00029140072661626437
revenue_2,0.00029073622650896966
leverage_1,0.0002900733163432312
gain_12,0.00029002672579501174
short_sell_3,0.0002886372882053401
transaction_12,0.0002877458718987036
car_20,0.0002865714177938905
rare_earths_20,0.00028614349064486343
consume_7,0.0002853288659049102
portfolio_14,0.000285187233778017
financial_markets_12,0.0002844808844050917
garden_18,0.0002842835233184848
color_8,0.0002828517444892542
security_9,0.000282646214415494
short_sell_6,0.0002824499005557035
government_8,0.00028205498506364004
color_6,0.0002815002805759637
legal_19,0.0002804767991236856
bank_20,0.0002802688423211963
voters_12,0.00027876653419915963
sell_16,0.00027865333452457006
york_1,0.0002759025240598456
council_18,0.0002759007807824787
president_1,0.00027589144735336025
companies_3,0.0002754942539807237
marketing_4,0.00027544368933212214
ring_11,0.00027519666166508916
kentucky_2,0.00027478631835442524
metals_13,0.0002742655343553224
debt_1,0.0002738182560219071
crisis_6,0.0002735088997166679
federal_8,0.0002730283754236451
politics_17,0.0002726234633888103
train_12,0.0002725571314278419
rich_4,0.0002721836250865639
house_14,0.0002720596182508972
blacklist_16,0.0002719194637743616
blacklist_14,0.0002718961472800707
social_9,0.00027165637502404307
house_17,0.0002713717502941471
train_14,0.00027033303757511006
social_19,0.00027024917823110784
greed_12,0.00027009530900159453
bonds_19,0.0002695031579031948
financial_markets_18,0.0002694590112343187
media_2,0.00026888151298580797
restaurant_4,0.00026883073076779953
labor_12,0.0002684887439068584
portfolio_2,0.0002684874386223113
kitchen_7,0.00026785365050594476
act_12,0.0002677320040640918
economics_2,0.0002664859242009765
nasdaq_8,0.00026580025899738404
religion_9,0.0002657596931392225
georgia_13,0.0002642620030664622
trader_5,0.0002642493883554087
william_4,0.0002637816993936948
ohio_9,0.00026366667493114
blacklist_12,0.00026339868807498943
consume_4,0.0002632817527193909
office_8,0.00026295899817159186
fun_15,0.0002628183167316944
BUY_AND_HOLD_13,0.00026193373789662466
industry_13,0.0002607908124873104
judge_17,0.0002606315348965715
debt_17,0.0002603307813691336
council_10,0.0002597263234540126
development_4,0.0002582193391118093
train_9,0.00025805155280189673
nasdaq_5,0.00025772661007343877
economic_3,0.00025738669510693145
industry_16,0.000257145964398231
minister_20,0.0002562133221458929
votes_12,0.0002551844545886084
arts_19,0.00025491559974062384
politics_7,0.00025460935709300527
georgia_3,0.00025434821257934724
served_8,0.0002530560887873845
fine_17,0.00025304487735562376
votes_8,0.0002529656638370348
market_5,0.000252625952402874
industry_8,0.0002521475738882062
consumption_20,0.00025196115791503715
greed_10,0.00025149243112672083
business_16,0.00025117429546792633
marriage_16,0.0002511724600987142
society_9,0.00025051880408479834
money_17,0.0002499704683576187
holiday_4,0.0002486736920852994
home_17,0.0002482266280278811
gains_6,0.0002481103822195019
seats_20,0.00024798123208915614
media_7,0.000247453561373967
tennessee_20,0.00024686880278448344
democratic_8,0.00024651669655475497
markets_10,0.00024560916540383726
million_16,0.00024535764695932105
global_12,0.0002448768486445152
rare_earths_2,0.0002442396501361133
ltd_3,0.0002441195314115685
seats_18,0.00024386369780677876
present_18,0.000243571549676469
loss_19,0.00024286028285005478
senate_12,0.00024276224638135612
rights_4,0.00024248385126577344
committee_6,0.0002424667770287492
oil_1,0.00024230284168842432
seats_12,0.00024204235661000605
leverage_11,0.00024179950201521638
home_1,0.00024098371559879705
short_selling_6,0.0002408872980756538
conflict_13,0.00024054023877830843
security_16,0.00024033749468113096
georgia_16,0.00023944652492384754
rare_earths_1,0.0002393868733897575
train_18,0.00023888363602788675
garden_14,0.00023779744691847514
portfolio_19,0.00023728501833317762
short_sell_2,0.00023726257781084837
politics_20,0.0002372419659045333
home_13,0.00023614102274382986
ohio_8,0.00023610087012506664
republican_2,0.00023580873662589762
bonds_7,0.00023539838619575094
voters_2,0.00023534404644782737
marriage_19,0.00023475546308437956
kitchen_20,0.0002347184302763816
inflation_6,0.00023422098661123324
served_16,0.0002341537875152566
case_20,0.00023395866577804458
stocks_3,0.00023391037272897376
republican_6,0.00023368915313806137
global_8,0.00023318973711949909
vermont_5,0.0002320830832638343
ring_20,0.00023150807215945867
district_3,0.00023127400782307905
products_8,0.00023120681969872602
consume_19,0.00023110611044920847
security_13,0.0002303108655283159
home_5,0.00022995089811892467
world_4,0.00022953269401286834
law_3,0.00022787427896164836
case_14,0.0002276784722177405
sell_5,0.00022753665239561016
market_12,0.00022747316482141233
chance_4,0.00022744540270003277
debt_13,0.00022735121903370015
markets_14,0.00022705550875405932
BUY_AND_HOLD_19,0.0002269138488970812
gold_20,0.00022674170906138434
revenue_9,0.00022587583468771654
committee_9,0.00022476242197111418
invest_19,0.00022404397487205686
marriage_8,0.00022401817943067391
movie_13,0.00022398567620609544
default_9,0.00022392623569522652
college_19,0.00022345307844271468
financial_markets_19,0.00022207524489699094
transaction_16,0.00022203165077283593
rare_earths_19,0.00022134540078606603
religion_11,0.0002210902581089913
gains_13,0.00022094487867618806
revenue_18,0.00022072165488218332
votes_18,0.00022066989906786017
water_16,0.00022063751383492037
financial_markets_1,0.00022005848258104254
color_1,0.00021919743363860711
growth_8,0.00021898841262191215
travel_3,0.00021893639829222432
headlines_1,0.00021887322748126437
votes_1,0.00021853296127334333
economy_10,0.00021747485929368704
service_18,0.00021659334415777832
blacklist_20,0.00021600473297149757
economics_9,0.00021568524079560448
water_13,0.00021529889573637106
financial_3,0.00021529519937264486
act_9,0.00021510916125975222
fun_11,0.00021460849631489421
rare_earths_18,0.0002140264500889222
short_selling_1,0.0002137401611851164
district_18,0.00021369642194712934
fun_5,0.00021319496134610815
financial_markets_17,0.00021268430456160558
kitchen_18,0.0002123568136860765
rare_earths_17,0.00021228968916100487
members_16,0.00021139019112570434
DOW_JONES_16,0.00021062468620862694
industry_19,0.00021030247438038607
service_19,0.0002102193001159769
rare_earths_3,0.00021020667800151216
tourism_14,0.0002101906036482859
missouri_12,0.00020966505154611513
religion_3,0.00020964746469336325
massachusetts_20,0.00020937664248961153
police_8,0.00020913815349887788
water_1,0.00020912554063017285
default_16,0.00020851916320598906
tourism_13,0.0002079815555906306
revenue_14,0.00020739736919390684
votes_3,0.00020733436574025266
society_8,0.00020694858246905756
consume_18,0.00020674378913749792
derivatives_19,0.00020640875899917698
cash_9,0.000206293167962035
members_1,0.0002055738780125438
money_10,0.00020535038066000767
elections_15,0.0002046700928407974
short_selling_18,0.0002046564519390337
sell_20,0.00020449425447948143
million_6,0.00020382591612158051
default_8,0.00020362134763880492
return_1,0.0002035361337005881
buy_19,0.00020336757984800168
media_18,0.00020258656924865281
short_sell_16,0.0002025283147527368
rights_8,0.00020222544198291725
global_1,0.00020217841290290917
markets_18,0.00020217642651638724
global_9,0.00020211763029542862
rich_5,0.00020203742983651018
minister_7,0.0002020368652897897
marriage_7,0.0002019136606391081
rare_earths_16,0.0002016041622380449
transaction_19,0.00020141865257388146
voters_1,0.00020119114674332916
financial_markets_8,0.0002010910365010554
greed_11,0.00020062715854223255
gain_1,0.00020053123559020668
fun_1,0.00020036488697028343
culture_1,0.0001997870183284789
color_17,0.00019937724933452027
banking_12,0.00019933266909655245
million_15,0.00019932567914304755
rare_earths_4,0.0001986858670627978
members_11,0.00019845940583009813
forex_17,0.00019720496029589362
bubble_4,0.00019715893467211476
voters_13,0.00019713362883979623
democratic_6,0.00019658015274888198
union_12,0.00019546722648111636
rare_earths_15,0.00019538016665914258
trader_17,0.00019533718058852844
media_3,0.00019479273226283845
inc_16,0.00019474153895719936
car_4,0.00019467150548724277
york_19,0.00019462046294560498
stocks_5,0.00019447361121209815
short_sell_15,0.0001940063588664165
massachusetts_6,0.00019378196553987426
garden_15,0.00019369516248133323
ltd_18,0.00019333508207037832
kentucky_3,0.0001931840127582962
governor_3,0.0001929978299042956
gold_15,0.00019262200527854213
opportunity_2,0.0001925843750419931
unemployment_7,0.00019227424477996635
bubble_1,0.00019226043988458398
secretary_16,0.00019214020230247099
companies_16,0.00019174700477495588
politics_14,0.00019138285133892818
members_17,0.00019079777943593613
industry_12,0.00019076915259093053
marketing_18,0.0001905030181402978
short_selling_4,0.00018973806662576643
forex_15,0.00018955956931254736
religion_4,0.0001891720824406029
marketing_9,0.00018896047045660058
industry_4,0.00018883304451984274
short_sell_4,0.00018880003916110777
house_7,0.00018870397234087565
illinois_19,0.00018789730414123796
fine_20,0.00018783866477054545
stats_19,0.00018768076282853484
finance_9,0.00018719131889686214
food_20,0.00018707438890799288
stats_20,0.00018701028877758928
fine_12,0.0001869494657791071
gains_15,0.00018692417378105564
financial_markets_9,0.00018689149445758613
chance_5,0.00018675525438787143
management_12,0.00018578617039859412
william_10,0.00018541149209230223
ring_9,0.0001849557063321239
car_11,0.0001847404816343712
rights_18,0.00018473136928123245
democratic_7,0.00018458512352630406
water_8,0.00018430128388220447
BUY_AND_HOLD_14,0.00018398047189835954
office_16,0.00018379681425622073
judge_9,0.00018287655590321084
short_sell_5,0.00018284805751742628
headlines_20,0.0001828406911509539
massachusetts_4,0.00018270381102176715
kentucky_12,0.00018249123461944183
act_16,0.00018246826811554317
lifestyle_4,0.00018228523531478303
massachusetts_9,0.00018202764505419465
economic_18,0.0001818105167967543
case_17,0.0001814178727179705
water_12,0.00018134173490165218
law_1,0.00018133699937072922
stocks_10,0.00018028252914936704
car_3,0.000180225386182431
police_3,0.0001800270637619894
stats_6,0.00017967571131594084
media_20,0.00017966078333637726
media_4,0.00017929439283275171
members_4,0.00017901217990561323
ohio_20,0.00017867338829313795
return_7,0.00017850466115438836
blacklist_1,0.00017794111172759753
freedom_14,0.00017775277527043443
district_9,0.00017759759169755363
virginia_16,0.00017748221444149336
massachusetts_8,0.00017724410109207778
unemployment_2,0.00017657368697507892
consumption_9,0.00017640255318542852
technology_13,0.00017589139998777092
council_3,0.0001757225385611072
judge_12,0.00017516693069976607
services_12,0.00017471791000349678
political_1,0.00017470229542448923
DOW_JONES_2,0.00017458883235095258
rare_earths_14,0.0001744230848230055
voters_20,0.00017386459924713106
products_12,0.00017341983675156492
president_10,0.00017339560030111835
success_13,0.00017316308999895113
returns_15,0.00017315887474540493
headlines_5,0.00017280929507992315
judge_5,0.00017258111156805977
ring_18,0.00017245893700930105
representatives_14,0.0001723951348724384
government_18,0.00017224081230065024
rights_19,0.00017218210057379224
BUY_AND_HOLD_6,0.00017210466919421742
corporation_14,0.00017148409417402365
fed_3,0.00017110853024604467
financial_10,0.00017057739678640881
short_sell_19,0.0001694877307512499
ohio_15,0.0001689814837365411
massachusetts_11,0.00016888529697758336
cash_17,0.0001686193088449306
oil_17,0.00016848480716942228
business_8,0.0001683661684257931
case_5,0.00016827324777271002
global_19,0.00016818300983638678
president_19,0.00016777890406596274
war_3,0.00016753271254248413
money_8,0.00016719848254600488
travel_18,0.00016659710611399703
texas_15,0.00016655658536217642
rights_3,0.00016652274377053632
office_19,0.0001661077345070705
BUY_AND_HOLD_9,0.00016578642847671078
consume_6,0.00016572445499034582
tennessee_3,0.00016570406491271948
media_17,0.00016566056338087609
energy_8,0.00016529636974795813
government_9,0.0001652871122568067
train_5,0.00016517847716703837
tourism_19,0.0001650922372886443
economic_7,0.0001650290490752049
elections_1,0.00016452575943501913
vermont_20,0.00016414522090670846
house_20,0.0001637529611359101
restaurant_15,0.0001629454251474982
companies_15,0.00016279292418674984
secretary_3,0.000162657122641896
water_15,0.00016222035747577302
federal_9,0.00016178580763335227
democratic_9,0.00016163169667775533
texas_12,0.00016134109750780555
gains_14,0.0001611377046421003
community_8,0.0001601546353386718
conflict_15,0.00016000083436360502
missouri_3,0.0001599440245971806
greed_16,0.00015990168722017638
arts_12,0.00015985836924858887
elections_8,0.00015966786439587378
travel_13,0.00015931104291384558
media_15,0.00015852249100616332
buy_3,0.00015847997733851039
tourism_10,0.0001581984103265821
texas_8,0.00015758741352875916
gains_10,0.00015752610748471786
rare_earths_12,0.00015746972418178017
rare_earths_5,0.00015743691947454064
case_11,0.00015717840610995903
voters_10,0.00015689019392504112
college_18,0.00015681622047396536
political_7,0.000156727925226674
representatives_11,0.00015658475995397047
short_sell_18,0.00015653965061148689
gold_17,0.00015637009964175608
media_14,0.00015611479308637045
cancer_8,0.00015608584470250264
companies_18,0.00015564398382013068
color_10,0.0001555717344284391
carolina_5,0.00015469184958618598
sell_8,0.00015456857144555692
consume_12,0.00015443762312674635
served_4,0.00015431054453574067
marriage_13,0.0001533980776910804
development_16,0.00015292995065814275
short_selling_5,0.0001528846689257346
short_sell_17,0.00015279848899234504
money_12,0.00015273346479478534
inflation_18,0.0001524310839563725
kentucky_19,0.00015236614001552519
political_6,0.00015208432933626613
served_9,0.00015191552907631856
inflation_20,0.0001516013556313256
sell_15,0.0001514417037543625
consume_17,0.00015023966880425287
rare_earths_6,0.0001499305491930114
justice_5,0.00014953790451199822
stocks_12,0.00014949368090282354
trader_4,0.00014934657574723343
illinois_8,0.0001490875658909596
money_1,0.00014775948849179432
voters_4,0.00014755280530034386
restaurant_14,0.0001472641855739809
media_9,0.00014726277751764272
war_11,0.00014712038552431306
invest_20,0.00014673684771333574
rare_earths_8,0.00014631683747050593
short_sell_8,0.0001460294364927117
federal_3,0.00014593332488335164
rare_earths_7,0.00014582464022643292
financial_12,0.00014559308305694962
oil_4,0.0001453396957672215
headlines_4,0.000145224796833876
georgia_12,0.00014515371305969804
economics_6,0.00014504071553669284
BUY_AND_HOLD_12,0.00014480117617161615
house_6,0.00014471236598285754
train_1,0.00014458262258991715
travel_8,0.00014457841887347556
votes_14,0.00014437874557122755
restaurant_8,0.00014401926231035755
food_12,0.0001438076502963348
growth_14,0.00014350617638503316
media_6,0.00014335735094932466
short_sell_13,0.00014333610304353427
water_5,0.00014328409300148336
garden_2,0.00014297512340599727
technology_3,0.00014286926403079826
rare_earths_13,0.00014284934885593347
firm_20,0.00014241078721810574
conflict_19,0.00014240524153472656
ring_12,0.00014236929700368607
gold_19,0.00014234598461415615
seats_5,0.00014193110448477154
default_13,0.0001415844543361855
legal_16,0.00014149078415133244
blacklist_3,0.00014145289252949224
services_16,0.00014079836772322717
crash_14,0.0001405673285720166
district_8,0.00014051268349530855
restaurant_3,0.00014036346853931735
massachusetts_3,0.00014002283554144236
market_7,0.000139814697420082
food_9,0.00013979790803864134
georgia_1,0.0001396160313453576
car_14,0.00013958545616163943
democratic_4,0.0001393393291258871
short_sell_7,0.00013892824947134841
financial_markets_7,0.00013865062646103432
buy_14,0.0001384005826035706
senate_13,0.0001381782034166612
election_20,0.00013817488307594773
votes_7,0.00013809848348018684
housing_3,0.00013800486544071066
loss_9,0.0001377909783893072
government_3,0.00013769793659146323
movement_20,0.0001375993276211629
rare_earths_9,0.0001375264849549973
committee_8,0.00013746681562831764
color_14,0.0001372947735851504
development_9,0.00013700447142306338
york_18,0.0001369194419941211
oil_18,0.00013665689734703167
firm_18,0.00013652812497122468
cash_10,0.00013646789961241357
development_8,0.00013624687568942752
ltd_19,0.00013610155218837238
culture_18,0.00013606572939051098
rights_6,0.00013559621717902371
rare_earths_11,0.00013498564014202685
fine_6,0.00013496556035759167
greed_7,0.00013484816065900684
seats_1,0.00013470041243734965
short_sell_9,0.00013461813388646605
car_6,0.00013434622956809417
movement_6,0.00013429881820372635
case_4,0.0001341756240912151
media_12,0.00013400419405755758
project_8,0.0001336639846845733
oil_6,0.0001335754412147727
profit_9,0.00013335118609147933
global_16,0.00013327650310084315
buy_18,0.00013319298247682632
corporation_10,0.00013249916225002156
rare_earths_10,0.0001321698004540517
ltd_13,0.0001315461061787815
short_sell_11,0.00013125541398630868
travel_16,0.00013107845472251078
party_17,0.0001308257427135473
fed_16,0.00013027605583457725
service_16,0.00013019557379911895
justice_16,0.00013015343174196392
cancer_6,0.00012981551484698707
freedom_2,0.00012972957355210645
republican_1,0.00012969812621279608
home_18,0.0001296038146710643
blacklist_7,0.00012920903016966356
party_15,0.00012920394880244768
union_3,0.00012915408523459516
president_7,0.00012889668327813463
global_4,0.00012820210174120384
judge_19,0.00012811994417278872
fun_12,0.00012806727274194962
default_17,0.0001274289640952997
votes_15,0.00012699424709501362
short_selling_9,0.00012678261494465383
seats_11,0.00012605823785571957
york_14,0.0001259206690317427
home_4,0.00012564792211340327
BUY_AND_HOLD_10,0.00012533251710880044
loss_3,0.00012533244401733424
law_16,0.00012528505090469988
economics_13,0.0001250902169252388
rich_20,0.00012504397521144738
economy_13,0.000124949133672847
political_4,0.00012459014123336054
financial_markets_5,0.00012453731641992594
washington_9,0.00012402492507259665
gold_4,0.00012401284578384965
food_13,0.0001238189260360789
society_16,0.00012344792351857148
unemployment_12,0.0001234036177738096
senate_8,0.000122926492944031
party_3,0.0001227605652335928
service_3,0.0001227255721824694
stats_18,0.00012259876488507349
greed_6,0.0001224003768244497
greed_8,0.00012207087184386013
water_18,0.00012185787863598918
greed_13,0.00012169172146412333
restaurant_2,0.00012162338560781639
legal_13,0.00012144361036536822
default_18,0.00012084875385747207
invest_14,0.00012058013342650665
bank_3,0.0001201068430714658
votes_19,0.00012007645669223077
massachusetts_12,0.00011995742912949137
short_selling_13,0.00011991998973748252
law_9,0.00011991072337469433
votes_9,0.00011969727604341785
voters_14,0.00011904669356928021
gains_8,0.00011809716296649065
ring_13,0.00011800484547077605
york_8,0.00011793353457558719
water_2,0.0001177842613835356
political_9,0.00011730506277858321
money_6,0.0001172752667145005
metals_1,0.0001167460931289721
representatives_17,0.00011674304805735503
media_5,0.00011631082501839529
virginia_12,0.0001162649338500188
conflict_1,0.00011623730130918552
wisconsin_9,0.00011600719842383978
ohio_17,0.00011579442336742129
global_3,0.00011572126268857285
services_9,0.00011532405689498315
president_3,0.00011514185399863486
nyse_10,0.00011399098086881665
kentucky_16,0.00011360636920927369
judge_13,0.00011344574720819622
million_13,0.00011312319436009854
consumption_18,0.00011304181523161816
county_9,0.00011295286737829091
management_3,0.00011273515052001581
inc_8,0.00011271631132425686
virginia_2,0.0001123771905637394
virginia_3,0.00011218861027777472
justice_1,0.0001121613387010001
served_12,0.00011211821589498516
development_14,0.00011169538763629027
freedom_12,0.00011122244132699688
district_12,0.00011121574906312049
ore_6,0.00011086618643159074
stats_14,0.00011044680168454945
government_12,0.00011025532055979337
texas_9,0.00011005265945522869
return_4,0.00011002818515368774
rich_3,0.00010975136376851768
judge_16,0.00010955332960709274
stock_market_20,0.00010930849049572977
gains_7,0.00010927761558521265
corporation_8,0.00010870512399530075
republican_17,0.00010850095824130879
products_16,0.00010837066552367158
financial_markets_10,0.00010821480409564099
ministry_1,0.00010793198749050603
fine_4,0.0001078709110126086
BUY_AND_HOLD_2,0.00010777940793618157
freedom_1,0.00010729312408988
fed_18,0.00010723442343605339
case_2,0.00010694877660410995
tennessee_12,0.00010675926898238153
legal_4,0.00010641693404584984
voters_8,0.0001063201828286342
virginia_9,0.00010611078760820458
votes_2,0.00010591961961028406
stock_market_17,0.00010505017251369875
million_3,0.00010497464593075544
consume_13,0.00010496040146408258
investment_16,0.00010440602978716296
committee_14,0.00010439249498992443
elected_10,0.00010409629653331808
gold_9,0.00010389347465882271
ltd_16,0.00010383021202438058
county_18,0.00010278379205430621
home_9,0.00010262596126038303
court_3,0.00010257269895064258
bubble_14,0.00010256192017079612
arts_9,0.00010247412767889763
color_9,0.00010239959455644598
water_14,0.00010217688560074656
massachusetts_13,0.00010180438661191448
financial_8,0.00010156156568552621
fun_3,0.0001015453075546402
growth_11,0.00010149007821944612
oil_5,0.00010087632398314561
wisconsin_3,0.00010019641129361822
bubble_18,0.00010012999489594776
vermont_9,9.961713608170885e-05
votes_10,9.952175160399257e-05
financial_markets_11,9.948461979347734e-05
justice_4,9.944363585709937e-05
marketing_3,9.914010254590267e-05
home_20,9.907116792970961e-05
markets_16,9.777071015262261e-05
illinois_9,9.612796263731571e-05
home_7,9.606012445977364e-05
case_6,9.561072708446084e-05
kentucky_1,9.541539011224121e-05
court_8,9.51243811000646e-05
success_18,9.502058625578957e-05
wisconsin_16,9.495156516359238e-05
car_1,9.405654730572088e-05
york_9,9.31160137263909e-05
economic_10,9.301774793912809e-05
BUY_AND_HOLD_7,9.29881913506625e-05
security_8,9.296415501998112e-05
growth_9,9.293987836995754e-05
trader_18,9.26704917550314e-05
bank_16,9.261890748555324e-05
return_3,9.203865515585718e-05
environment_16,9.182433129779621e-05
transaction_7,9.160697731591672e-05
sell_10,9.160661179690166e-05
founded_17,9.071911283737854e-05
project_12,9.049438335182459e-05
missouri_9,9.042366645468647e-05
DOW_JONES_18,9.031711929181618e-05
loss_8,8.971386007055049e-05
texas_19,8.970602890898683e-05
wisconsin_17,8.948332169995687e-05
financial_markets_15,8.942401720626325e-05
elected_7,8.895726457374132e-05
holiday_12,8.79772996975836e-05
nasdaq_12,8.732776681927846e-05
party_19,8.704277149018669e-05
short_selling_11,8.683274464245105e-05
blacklist_10,8.682883237856042e-05
media_19,8.679698634721511e-05
stats_4,8.627288958158452e-05
missouri_8,8.60328688285561e-05
travel_9,8.584447495894044e-05
water_7,8.581575548036736e-05
massachusetts_10,8.498057550916371e-05
consumption_17,8.486851602311774e-05
rich_8,8.377995949517824e-05
washington_16,8.362880995544941e-05
technology_16,8.31729956654259e-05
food_4,8.304329843817903e-05
firm_6,8.296100392926053e-05
sell_4,8.259491668893837e-05
portfolio_17,8.249542286289379e-05
gold_14,8.228716398119839e-05
religion_1,8.212885130793879e-05
seats_15,8.195631874210462e-05
management_8,8.173486015419228e-05
present_6,8.173386334935362e-05
government_4,8.15764689118481e-05
fun_4,8.154550510888203e-05
economic_9,8.121869927579795e-05
act_8,8.119039105056736e-05
crash_1,8.10856735484311e-05
marriage_4,8.094588905662725e-05
society_3,8.082781399174622e-05
portfolio_10,8.005658840204433e-05
movie_1,7.9704346553644e-05
minister_16,7.928384009536771e-05
rights_10,7.927341727731463e-05
college_8,7.894802198167294e-05
votes_13,7.868612842529821e-05
dow_jones_9,7.852191441160006e-05
environment_18,7.812749281241871e-05
gold_6,7.77090878697706e-05
credit_12,7.753119881852566e-05
carolina_9,7.712831072108628e-05
republican_5,7.648294365849572e-05
party_14,7.629774898312291e-05
tourism_9,7.593029614447744e-05
voters_19,7.546888805809449e-05
college_9,7.524898765025601e-05
marketing_8,7.499979213312357e-05
markets_19,7.493084166023677e-05
freedom_16,7.474518007257735e-05
freedom_5,7.467269992713632e-05
governor_12,7.460932358416272e-05
growth_5,7.44816997236386e-05
fed_8,7.427471128846896e-05
economics_3,7.41738949868953e-05
million_20,7.402461026460028e-05
industry_5,7.371256776800283e-05
project_9,7.362103626156191e-05
happy_7,7.347662381367304e-05
return_9,7.32775942629882e-05
happy_12,7.29466282523683e-05
loss_18,7.277005688572924e-05
BUY_AND_HOLD_16,7.257739819492848e-05
ministry_9,7.256079870461285e-05
ministry_13,7.225480851453802e-05
happy_5,7.200158061320128e-05
members_9,7.154690188526658e-05
success_3,7.148435275299292e-05
act_6,7.139586380506824e-05
opportunity_16,7.104602364771395e-05
products_17,7.089462683003145e-05
money_11,7.075131218285957e-05
loss_16,7.06792391967026e-05
buy_7,7.063658917529913e-05
gold_12,7.014182636300159e-05
media_13,6.941444305610389e-05
return_12,6.930728125578156e-05
business_9,6.927574205910503e-05
georgia_9,6.889972284258583e-05
republican_15,6.884260539048448e-05
religion_17,6.869256358215115e-05
fed_13,6.868840677078935e-05
police_9,6.818398359871302e-05
rights_16,6.772607257892194e-05
security_12,6.701194774312302e-05
financial_markets_4,6.681483865571547e-05
ring_8,6.676526830611263e-05
massachusetts_15,6.667192280065403e-05
banking_6,6.619777744736322e-05
senate_9,6.615487054839608e-05
cancer_9,6.538127016952888e-05
crisis_14,6.537865492024508e-05
conflict_16,6.503138518307861e-05
york_12,6.461074481225459e-05
governor_19,6.448732467354557e-05
greed_14,6.442037567264692e-05
war_19,6.420123016146473e-05
seats_7,6.393052525039966e-05
party_8,6.387875654723096e-05
rich_9,6.361638721192886e-05
returns_13,6.325902011719008e-05
housing_20,6.314575179322546e-05
companies_8,6.27704945712848e-05
law_18,6.253670751115159e-05
fun_7,6.251847025533497e-05
president_20,6.22558779686866e-05
happy_19,6.197346053420372e-05
marketing_16,6.153724933524173e-05
opportunity_3,6.138850592249945e-05
council_16,6.117876066460414e-05
elections_19,6.081266581701161e-05
republican_16,6.046258134229099e-05
buy_9,5.992193304753535e-05
cancer_5,5.988979309401454e-05
office_9,5.968702298386752e-05
house_5,5.964492207690686e-05
train_3,5.941849859423254e-05
inflation_13,5.913566948665405e-05
opportunity_6,5.885508091345582e-05
voters_11,5.788289151320569e-05
trader_11,5.770228151831258e-05
unemployment_3,5.748493152759604e-05
secretary_9,5.746925075125198e-05
short_selling_3,5.711904588008298e-05
rich_11,5.676349900043398e-05
labor_2,5.6533309315454085e-05
energy_14,5.639188455970334e-05
train_6,5.637896558527977e-05
forex_7,5.62623148637087e-05
greed_19,5.603735882917515e-05
revenue_12,5.57729687713282e-05
council_1,5.561370837572355e-05
war_6,5.557713752311066e-05
color_4,5.5120200253111484e-05
nyse_3,5.4767877190631255e-05
court_16,5.4402749308257727e-05
corporation_9,5.42275417997784e-05
crash_11,5.4004817784147895e-05
greed_15,5.388582278600396e-05
justice_10,5.3770252095031165e-05
industry_18,5.367555524589118e-05
revenue_20,5.310218504888109e-05
million_12,5.295080633465066e-05
gains_20,5.262557569658543e-05
leverage_9,5.240974707168e-05
judge_8,5.239181140155313e-05
train_20,5.205489265225349e-05
revenue_3,5.2009791253126994e-05
founded_18,5.1821699088039354e-05
return_16,5.172554102983451e-05
nyse_20,5.165319719224737e-05
union_8,5.110800499668056e-05
case_8,5.089449925295142e-05
government_10,5.052142168617824e-05
council_9,5.05076548560357e-05
virginia_8,5.0376766988202706e-05
members_10,4.9912650557537575e-05
stats_5,4.979441838905974e-05
community_9,4.938617699263847e-05
products_13,4.927299724686307e-05
loss_12,4.92555876981049e-05
travel_6,4.850743474513752e-05
members_8,4.84565827528316e-05
fine_5,4.831782317828992e-05
union_20,4.823209144100282e-05
financial_markets_6,4.813987616179016e-05
marriage_12,4.812224907884133e-05
arts_1,4.7381678300584265e-05
pennsylvania_8,4.712596102462996e-05
stats_3,4.643495491898353e-05
democratic_19,4.638905238847357e-05
cancer_13,4.634187798473466e-05
william_12,4.6319939020733615e-05
conflict_12,4.614927816053438e-05
transaction_13,4.6101286366084794e-05
present_4,4.598072652157725e-05
bubble_8,4.585568844659438e-05
kentucky_18,4.582841415099459e-05
garden_7,4.5727543154350236e-05
house_4,4.5646946856781054e-05
votes_11,4.47123293677798e-05
massachusetts_5,4.425265169507586e-05
republican_12,4.367743747843988e-05
served_2,4.3596681613755625e-05
return_14,4.320587487336436e-05
nyse_6,4.297155215104986e-05
case_10,4.26374159928411e-05
portfolio_4,4.2628043835013506e-05
marriage_18,4.2000689309662495e-05
case_7,4.163487903503515e-05
economic_12,4.1007082356081524e-05
arts_3,4.076451658210356e-05
religion_20,4.057467287297278e-05
pennsylvania_9,3.999741843094817e-05
labor_6,3.981809411535142e-05
greed_4,3.974003708400176e-05
crisis_4,3.9519471494209316e-05
garden_6,3.944723301709807e-05
BUY_AND_HOLD_15,3.938988010439015e-05
corporation_19,3.899206504540675e-05
bank_2,3.8506894681433756e-05
technology_10,3.807326911191567e-05
society_10,3.790356678914364e-05
economy_8,3.788506569306627e-05
technology_9,3.7514115148695734e-05
nyse_18,3.745770190823894e-05
council_8,3.726011550502229e-05
consume_16,3.72351274364302e-05
college_3,3.711294279962196e-05
investment_4,3.6942135288264843e-05
money_9,3.6236346514795234e-05
war_18,3.611231806983639e-05
world_7,3.6104521736990415e-05
culture_9,3.4867881182720775e-05
nasdaq_7,3.4325603572304964e-05
senate_7,3.421608545892685e-05
elections_20,3.394446374318516e-05
seats_9,3.359014872170718e-05
rights_13,3.289201731373481e-05
blacklist_18,3.267312082966267e-05
case_15,3.253781121894672e-05
committee_1,3.246810977504122e-05
travel_17,3.2399138075356324e-05
union_16,3.1408572678870425e-05
elected_2,3.0552145658813144e-05
elected_16,3.0361233323228376e-05
service_9,3.01771310008192e-05
BUY_AND_HOLD_5,3.004658304790464e-05
law_12,2.9948956098424517e-05
kitchen_11,2.9187522478402174e-05
seats_8,2.9161001138811038e-05
profit_4,2.9111901093226145e-05
consumption_5,2.8935800359519704e-05
gain_9,2.8910793200753736e-05
invest_17,2.783171609317403e-05
project_4,2.7706091207901907e-05
georgia_5,2.766530996383132e-05
ring_10,2.742426473254511e-05
texas_5,2.7058194188445127e-05
banking_9,2.7032841731799985e-05
returns_7,2.6853076756672146e-05
elections_10,2.5934022287876778e-05
ohio_3,2.5600386234847506e-05
management_9,2.5404390568550818e-05
legal_9,2.5192598961742975e-05
religion_14,2.47350336427532e-05
stats_15,2.425115563060576e-05
corporation_3,2.397190313221387e-05
virginia_1,2.387013437954444e-05
ltd_9,2.31399962098644e-05
inc_10,2.2923937461838406e-05
secretary_7,2.286655918917191e-05
republican_18,2.27812437519459e-05
world_15,2.2619414508340264e-05
money_4,2.255234941159756e-05
members_7,2.2358584939330407e-05
house_12,2.1923710400328922e-05
voters_18,2.1462030324626015e-05
society_17,2.1249963390923554e-05
college_13,2.1099158160131638e-05
carolina_13,2.0968985061897706e-05
council_12,2.0559308287770862e-05
metals_10,2.022588221139987e-05
market_2,2.0082972377899468e-05
missouri_4,2.0067384062216752e-05
fond_12,1.991719807383774e-05
home_6,1.9128956422265198e-05
financial_markets_20,1.8693470378972066e-05
ring_19,1.8521298767426585e-05
secretary_10,1.8210548240715775e-05
money_19,1.799358479332991e-05
color_12,1.7771204084793268e-05
consume_11,1.7705746453300363e-05
conflict_7,1.6909382740326605e-05
gold_18,1.6588737519862562e-05
products_3,1.6562325132696287e-05
economics_16,1.5887103946177206e-05
travel_12,1.5761793098878486e-05
car_15,1.5644216145016542e-05
garden_16,1.548605003316439e-05
party_7,1.4802183215878451e-05
movement_14,1.4256172311011283e-05
william_1,1.4190284503334816e-05
justice_8,1.3835974826870156e-05
act_3,1.3642430082771994e-05
industry_15,1.3468037322117433e-05
minister_14,1.2587565550981062e-05
world_11,1.2550116641496522e-05
fond_7,1.2098404811711206e-05
marriage_1,1.1782438953344965e-05
committee_18,1.1045421751987306e-05
wisconsin_5,1.0186698463421351e-05
nasdaq_16,1.0173987423134356e-05
present_7,1.0155688753332725e-05
stock_market_8,9.979568285323203e-06
religion_12,9.955734098254787e-06
cash_18,9.896720896973577e-06
seats_16,8.705360085325964e-06
court_12,8.663593835644967e-06
fed_10,8.254570035837183e-06
kitchen_15,7.684452135237053e-06
cancer_4,7.57835557578801e-06
color_20,7.556589345369957e-06
politics_5,7.32629471951185e-06
stocks_2,7.0002642722055695e-06
global_10,6.86251155428419e-06
election_14,6.74288069937301e-06
stock_market_5,6.577239801464074e-06
blacklist_15,6.558787440158476e-06
wisconsin_12,6.533178185819111e-06
secretary_12,6.406567134287222e-06
wisconsin_15,5.7769730329004785e-06
investment_3,5.4217276306056664e-06
loss_10,5.3516580611701056e-06
earnings_1,5.2917955042364184e-06
council_14,3.8806205713948215e-06
movement_3,3.7420608462568337e-06
texas_3,3.6617107293634986e-06
return_11,3.5716680600650363e-06
financial_markets_16,3.0451317354796005e-06
color_13,2.8553479587856147e-06
industry_17,2.3793895374879525e-06
carolina_19,2.348923288941762e-06
default_12,2.1724332940342705e-06
religion_6,1.894607109598212e-06
growth_13,1.6247389254431254e-06
present_14,1.242251629651747e-06
success_2,5.324476816337409e-07
ltd_17,4.595383988448276e-07
tourism_18,3.8369600108278945e-07
technology_8,3.5808981511120665e-07
governor_9,-1.666526227017684e-07
environment_9,-6.141532941983385e-07
arts_7,-6.372042051561167e-07
success_12,-7.501799109910223e-07
financial_19,-1.105991855365751e-06
fine_13,-1.6047394482798794e-06
buy_12,-1.6794190261348874e-06
management_10,-1.8905689107562296e-06
metals_18,-2.2091488009134964e-06
health_3,-2.4533097870316213e-06
blacklist_11,-2.6293685613465457e-06
marketing_12,-2.724550883681509e-06
lifestyle_2,-3.1459099983699445e-06
management_1,-3.306903804389805e-06
success_6,-3.6188730699437953e-06
ministry_8,-3.666274420921489e-06
BUY_AND_HOLD_11,-3.821223736877322e-06
returns_1,-3.853321782387731e-06
seats_10,-3.869410700874098e-06
culture_5,-3.992549704445736e-06
earnings_6,-4.064568167105875e-06
fed_9,-5.755119413164422e-06
police_12,-6.243018491103314e-06
project_1,-6.463882999074855e-06
election_9,-6.88151804120185e-06
marriage_2,-6.888272457716837e-06
BUY_AND_HOLD_8,-7.273857326950406e-06
wisconsin_8,-7.786664902909023e-06
pennsylvania_13,-7.89611750069419e-06
members_14,-8.119773457138102e-06
leverage_19,-8.82316374233305e-06
revenue_1,-8.995217582263848e-06
transaction_9,-9.984345944147321e-06
freedom_13,-1.004637886716786e-05
environment_8,-1.0118946071013824e-05
returns_19,-1.0836403829528329e-05
war_5,-1.1281085704872851e-05
kentucky_6,-1.18270697113676e-05
present_16,-1.2323781800338552e-05
committee_3,-1.255695271800139e-05
food_11,-1.2992151800106377e-05
metals_14,-1.3004515953318752e-05
ministry_15,-1.3528064191969946e-05
economy_18,-1.3720506510184194e-05
leverage_12,-1.3750707269588603e-05
color_18,-1.4307613416142395e-05
greed_2,-1.4510431524872303e-05
business_3,-1.4605449505822321e-05
william_17,-1.4681654408121858e-05
car_18,-1.4975991070254047e-05
food_16,-1.5384858099376508e-05
services_3,-1.567604930292621e-05
growth_15,-1.649770308718157e-05
religion_19,-1.687714953821917e-05
district_5,-1.702041340010396e-05
risk_8,-1.8583113710013422e-05
inflation_17,-1.9172228971919836e-05
district_10,-1.9603760015307614e-05
housing_12,-1.988593646089498e-05
ministry_3,-2.0202892105469772e-05
nasdaq_13,-2.1229296126756837e-05
vermont_12,-2.139809768904044e-05
movement_4,-2.143441684367975e-05
served_1,-2.1648705671939438e-05
leverage_18,-2.1911037228838916e-05
default_7,-2.245289578737264e-05
travel_15,-2.2609220336322623e-05
ceo_12,-2.273209538370402e-05
default_20,-2.3002946296202254e-05
oil_3,-2.3049887552195614e-05
religion_10,-2.3604882182692856e-05
short_selling_10,-2.397697312366276e-05
products_2,-2.3990209512025905e-05
members_2,-2.4386159360889614e-05
earnings_3,-2.4416571149843415e-05
ceo_10,-2.4967142490894823e-05
food_18,-2.52300626424784e-05
products_15,-2.5329085128689143e-05
garden_8,-2.570834182655801e-05
credit_3,-2.622757516366203e-05
ceo_16,-2.6671919010690105e-05
million_4,-2.697163581262263e-05
movement_8,-2.7025963116233954e-05
ltd_4,-2.7089905265076376e-05
culture_16,-2.710779015551168e-05
justice_3,-2.7183848562484236e-05
york_2,-2.7257695908344815e-05
transaction_8,-2.765610379789063e-05
economic_1,-2.767510566743514e-05
tennessee_9,-2.7733650826755607e-05
social_16,-2.815412795886818e-05
bonds_6,-2.830239114244293e-05
freedom_4,-2.8950315991949084e-05
growth_16,-2.922244544250052e-05
money_15,-2.930886953314005e-05
hedge_9,-2.9816474685073757e-05
washington_10,-2.9819886554172116e-05
tourism_8,-3.010407591401698e-05
kentucky_5,-3.031697677733369e-05
economics_12,-3.1841481958272413e-05
nasdaq_17,-3.191307828720458e-05
invest_6,-3.2003840669658776e-05
social_10,-3.223790207211863e-05
crisis_15,-3.277250200401926e-05
bonds_8,-3.3119308873752475e-05
founded_2,-3.315035110444953e-05
election_15,-3.327842255465008e-05
votes_5,-3.3477331783693386e-05
growth_1,-3.3692494865311674e-05
consume_5,-3.4316275922607883e-05
metals_7,-3.460696447306066e-05
crash_13,-3.55303882890734e-05
services_8,-3.5593330711547465e-05
inflation_10,-3.609472098515809e-05
buy_8,-3.636415043868357e-05
money_3,-3.661235788099404e-05
products_1,-3.718108921570984e-05
judge_20,-3.7218946154982116e-05
william_6,-3.7518116413415294e-05
dividend_8,-3.7731109463878806e-05
republican_7,-3.774684059401068e-05
judge_1,-3.805265231522359e-05
loss_17,-3.821329226738612e-05
nasdaq_11,-3.842791171162485e-05
sell_3,-3.879305731493421e-05
headlines_10,-3.919342010760829e-05
loss_15,-3.9607253382989424e-05
nyse_14,-4.025632902162624e-05
oil_9,-4.0796259934539056e-05
illinois_12,-4.104902300421376e-05
portfolio_11,-4.1641191044128335e-05
bubble_10,-4.1790962201893044e-05
marketing_10,-4.22770112524784e-05
vermont_2,-4.249778855729414e-05
world_19,-4.401329478220806e-05
default_4,-4.4086827758271775e-05
legal_12,-4.411381087388033e-05
party_11,-4.4281007942581493e-05
representatives_4,-4.430294552624225e-05
county_13,-4.446352448745916e-05
loss_13,-4.460414522704515e-05
blacklist_9,-4.464666957464392e-05
happy_6,-4.527630481232503e-05
inc_3,-4.547442858946482e-05
culture_10,-4.5685721241284226e-05
greed_5,-4.627932836656079e-05
energy_12,-4.7451990973179645e-05
restaurant_13,-4.81942536952662e-05
nasdaq_15,-4.821983798304341e-05
train_8,-4.849204851751221e-05
hedge_5,-4.8985416618441134e-05
loss_11,-4.9479566464749604e-05
cash_3,-4.96193565152625e-05
success_8,-5.068061487778497e-05
stats_11,-5.084300707740575e-05
voters_17,-5.09563847195027e-05
debt_8,-5.147129051745747e-05
inflation_19,-5.230170113186272e-05
business_1,-5.2825779888654446e-05
committee_10,-5.387278755710767e-05
forex_10,-5.422487301780521e-05
financial_1,-5.423813717220227e-05
culture_13,-5.4249187673516276e-05
energy_9,-5.444259576112831e-05
ring_7,-5.451092430786009e-05
president_8,-5.4734983255100286e-05
minister_19,-5.486814106161475e-05
service_12,-5.499359127809633e-05
ohio_2,-5.512015212547627e-05
housing_8,-5.565089124255351e-05
freedom_9,-5.591401094227066e-05
money_7,-5.6405301141526645e-05
restaurant_7,-5.696642152446252e-05
bubble_2,-5.724936316635621e-05
federal_19,-5.742748377499662e-05
federal_14,-5.8053328786789035e-05
bonds_12,-5.8142528234772506e-05
dividend_5,-5.8146577187634386e-05
fun_20,-5.837114402142962e-05
gains_11,-5.846797141988436e-05
society_12,-5.9009049084779444e-05
color_19,-5.906185347099857e-05
kitchen_5,-5.906730413656192e-05
carolina_12,-5.9385125272548575e-05
political_10,-5.964304949062083e-05
wisconsin_1,-5.979543388996422e-05
president_13,-6.043986881141272e-05
banking_16,-6.077001452415853e-05
risk_9,-6.201373492189521e-05
washington_15,-6.23461695197669e-05
travel_19,-6.24794583272692e-05
greed_3,-6.252041122665198e-05
movement_13,-6.321137280174138e-05
profit_16,-6.382046401278706e-05
william_8,-6.465755641795745e-05
technology_12,-6.473510303903752e-05
holiday_6,-6.484764047078872e-05
garden_5,-6.527055170877372e-05
management_16,-6.582096289646789e-05
return_6,-6.618209020898824e-05
DOW_JONES_1,-6.652111948548533e-05
buy_17,-6.65688774398987e-05
markets_5,-6.670884053077142e-05
bubble_20,-6.675206884563246e-05
consume_15,-6.744278447474716e-05
ring_2,-6.890959716119305e-05
dividend_15,-6.937200732004545e-05
market_16,-6.94429201665514e-05
dividend_11,-6.947646030486254e-05
minister_9,-6.959248219833292e-05
gold_13,-7.040639517508218e-05
hedge_7,-7.05047188737984e-05
headlines_11,-7.080479259056194e-05
blacklist_19,-7.113395907090147e-05
blacklist_8,-7.145361307889787e-05
holiday_20,-7.14787024790553e-05
arts_5,-7.20969754618661e-05
movement_11,-7.234462633547434e-05
happy_9,-7.363730295659732e-05
fine_9,-7.390397400341975e-05
cash_12,-7.419895187299463e-05
district_16,-7.442524009015905e-05
fun_17,-7.462160518456606e-05
dow_jones_1,-7.485497298609367e-05
economics_4,-7.528649923500552e-05
earnings_4,-7.550162773941604e-05
transaction_15,-7.569673625338336e-05
voters_9,-7.579230921439528e-05
portfolio_8,-7.589972401385036e-05
washington_8,-7.595576709351626e-05
tourism_20,-7.623181425064907e-05
gold_3,-7.65426590399354e-05
lifestyle_5,-7.731132382391426e-05
kitchen_4,-7.742632821468032e-05
media_8,-7.748276593637638e-05
act_19,-7.749819595792573e-05
project_19,-7.831382047509549e-05
council_19,-7.856994775772286e-05
metals_17,-7.870486386976072e-05
democratic_2,-7.872694115800272e-05
movie_14,-7.938337741417723e-05
secretary_2,-7.94179386584215e-05
inflation_15,-8.00552749729233e-05
housing_2,-8.033713446047308e-05
inc_9,-8.05523959653387e-05
carolina_17,-8.099921558808454e-05
elected_14,-8.134807035589108e-05
house_1,-8.144381946193491e-05
short_selling_19,-8.163744984557297e-05
market_14,-8.249117106338134e-05
missouri_10,-8.249538402691493e-05
market_9,-8.274239901751024e-05
environment_12,-8.298497310654795e-05
president_14,-8.324935956085521e-05
fine_7,-8.328972686966196e-05
dividend_18,-8.369580910945195e-05
environment_10,-8.629382970701816e-05
trader_12,-8.631821107740745e-05
cash_1,-8.640451724304388e-05
marketing_2,-8.680073863731597e-05
religion_18,-8.779726211844973e-05
government_16,-8.818593217836401e-05
ministry_5,-8.871305997153467e-05
stock_market_15,-8.874620878307482e-05
fond_19,-8.885302015892993e-05
inc_1,-8.925456891026862e-05
health_10,-8.977234314133664e-05
county_8,-9.022223168293486e-05
wisconsin_4,-9.041705547401247e-05
members_20,-9.06787355769989e-05
risk_12,-9.183682180222697e-05
world_9,-9.192581962202961e-05
short_selling_8,-9.264351091264889e-05
banking_5,-9.281251594179807e-05
return_10,-9.318724118467792e-05
car_13,-9.319971731736043e-05
ceo_13,-9.35147673748471e-05
justice_9,-9.41132759536778e-05
ohio_16,-9.510613185761407e-05
war_17,-9.552398102079529e-05
unemployment_20,-9.585810189134402e-05
ceo_17,-9.5941062816296e-05
earnings_12,-9.596180971798152e-05
world_18,-9.701787153388874e-05
environment_17,-9.728377895634743e-05
services_2,-9.81678659427887e-05
gain_20,-9.820246680005695e-05
inflation_5,-9.861453766344397e-05
senate_19,-9.87558860218396e-05
fine_14,-9.89588286882448e-05
success_5,-9.908346707225846e-05
returns_14,-0.00010017025355153475
leverage_15,-0.0001002900467228951
political_3,-0.00010048054471025746
economics_5,-0.00010065272598727137
illinois_5,-0.00010076198712127837
party_2,-0.00010116089817382434
pennsylvania_15,-0.00010246557727779936
markets_15,-0.00010260152241210463
party_9,-0.00010278538061532227
firm_14,-0.00010299396648254522
present_1,-0.00010346676473560468
texas_4,-0.00010455768317605419
court_10,-0.00010470740728105721
federal_2,-0.00010542643189830337
trader_14,-0.00010555508252176881
short_sell_10,-0.00010595097094387996
crisis_11,-0.00010619183219173767
gain_17,-0.0001064435196543645
seats_4,-0.00010659921765734381
headlines_13,-0.00010666020475302851
movement_15,-0.00010715975123407607
development_12,-0.0001074588053080916
democratic_12,-0.00010766896650200586
elections_13,-0.00010769480700723033
investment_9,-0.00010771566285125989
dividend_2,-0.00010908526850126333
union_2,-0.00010923358238583703
fine_3,-0.0001095405595824106
ministry_16,-0.00010959518951898506
freedom_6,-0.00010979583527095382
carolina_1,-0.00010999429497953184
crisis_16,-0.00011020163307413622
politics_4,-0.00011021412090077565
culture_3,-0.0001104113500238979
holiday_14,-0.00011216194546870284
illinois_6,-0.00011229516027584374
home_19,-0.00011251314771061338
senate_10,-0.0001126376926364303
president_9,-0.0001133415580766739
fun_6,-0.000113663026866484
BUY_AND_HOLD_18,-0.00011387992346234554
bank_9,-0.00011447487956703917
crash_8,-0.00011507618682757848
markets_1,-0.00011548216998555905
corporation_1,-0.00011600537688170043
forex_12,-0.00011630121572958618
unemployment_16,-0.00011704620393566678
finance_18,-0.00011722810207317468
banking_17,-0.00011798940482836695
missouri_1,-0.00011808114228806232
inc_12,-0.00011853085925659368
project_14,-0.00011857609861058993
bonds_16,-0.00011900571935143933
portfolio_13,-0.0001194985562276596
cash_11,-0.00011957276406535656
union_10,-0.00011958751636176324
inflation_2,-0.00011975526907772593
legal_10,-0.00011993000817360766
companies_9,-0.00012057656119812687
georgia_19,-0.00012070031016542249
credit_9,-0.00012081216092552083
war_13,-0.00012092838902615366
act_1,-0.00012101509855493298
marriage_6,-0.00012106665251501169
democratic_20,-0.00012128308812722199
debt_18,-0.0001223326728180041
war_12,-0.00012240243680545771
consume_10,-0.00012274619991239354
market_6,-0.00012301104641039285
senate_1,-0.00012330537289853005
water_11,-0.00012334256254540322
media_10,-0.0001240875496144822
corporation_12,-0.00012431943882769138
returns_9,-0.000125163040366294
republican_9,-0.00012551380487866304
elections_11,-0.00012556680188080538
union_14,-0.00012559570581012204
senate_16,-0.00012607322862840943
wisconsin_6,-0.00012632416796294345
party_13,-0.00012756131896718426
corporation_16,-0.00012766157771337827
washington_12,-0.00012792387334035205
religion_13,-0.0001285530333288598
lifestyle_3,-0.00012947484281846666
pennsylvania_5,-0.0001308069983768645
elected_5,-0.00013195519497524177
county_3,-0.00013322811194336204
crash_9,-0.00013481046257042274
risk_19,-0.00013484643028836008
crash_10,-0.0001351619816899907
york_5,-0.0001360384512777646
debt_15,-0.00013614842915921077
democratic_13,-0.00013640198388165103
development_5,-0.0001373850208974625
color_15,-0.00013739519584277105
case_12,-0.00013740202358178966
health_9,-0.00013792118897166806
returns_18,-0.00013808108677704212
restaurant_5,-0.00013904488896983037
conflict_10,-0.00013947900462525366
governor_8,-0.00013949072309682453
stats_10,-0.0001395954768320884
leverage_14,-0.00013961682768448558
law_15,-0.00014000391296804527
oil_12,-0.000140438584852709
returns_17,-0.0001410692418522208
massachusetts_1,-0.00014133144089840678
financial_9,-0.000141732538035777
leverage_3,-0.0001419112158713265
law_4,-0.00014336312574685371
holiday_19,-0.00014449050008047415
police_20,-0.0001447814829636851
party_12,-0.00014539627667509158
invest_9,-0.0001463020925717373
risk_18,-0.00014723743780071797
technology_1,-0.0001479578089382372
fond_6,-0.0001492902372239202
republican_13,-0.0001493410783519167
earnings_10,-0.00014957582015102667
management_4,-0.0001499345840362487
rights_15,-0.0001500425471780531
banking_20,-0.0001504726554809377
million_18,-0.00015072740223722735
buy_15,-0.00015168449882430046
oil_2,-0.00015221782384553518
members_5,-0.00015294245371793024
ministry_12,-0.00015343837800130267
food_14,-0.00015458045238567753
firm_17,-0.0001556993673206275
members_3,-0.00015607138489466267
holiday_1,-0.00015671988548273674
wisconsin_2,-0.00015726258882100552
food_6,-0.00015796845086957223
marriage_20,-0.0001579777045709996
profit_1,-0.00015811310656426157
forex_4,-0.0001581337841887631
returns_2,-0.00015984061641409751
lifestyle_8,-0.00015991261356216314
chance_12,-0.00016052029169537628
conflict_6,-0.00016114398876549975
risk_15,-0.00016271725089196388
buy_13,-0.00016287938574885975
banking_18,-0.0001633297301696368
finance_14,-0.00016369626285623885
ministry_2,-0.00016577583690988718
virginia_13,-0.0001657781268958658
market_1,-0.00016678021199061365
house_16,-0.0001673818021995954
vermont_17,-0.00016774116780378102
ore_17,-0.00016789110551693743
william_3,-0.00016936161930920514
bubble_6,-0.00016963094720672255
party_20,-0.0001697332981428046
fine_15,-0.00017031916288392512
home_15,-0.00017051381247887854
votes_20,-0.00017076488585785477
election_1,-0.00017095156306667914
vermont_8,-0.00017154178302132285
gold_5,-0.00017187867966710345
law_19,-0.00017233204927495914
economy_3,-0.00017302824835176977
pennsylvania_6,-0.00017336410498638432
investment_14,-0.00017344223561781557
opportunity_17,-0.0001735227773858039
lifestyle_13,-0.00017361283354344614
sell_12,-0.00017440111976176897
politics_18,-0.00017451179055643083
cash_15,-0.00017462529263285732
illinois_7,-0.00017470607575456042
happy_14,-0.00017479251120096074
william_9,-0.00017535582423326978
metals_9,-0.0001759942985903651
opportunity_5,-0.0001764935982805804
legal_6,-0.00017702702261592762
restaurant_11,-0.0001797037777214072
economics_14,-0.00017984689135783772
police_4,-0.00018034168422327302
security_4,-0.00018041457832864704
minister_2,-0.0001806885241435019
dow_jones_2,-0.00018077636536093511
investment_12,-0.00018115874476716255
freedom_20,-0.00018123910724103797
environment_13,-0.00018126486238048133
transaction_5,-0.00018362426681326483
market_8,-0.00018373527731077032
marriage_15,-0.00018432211153287525
metals_19,-0.0001851342441036019
portfolio_12,-0.00018538016993396855
economy_19,-0.00018627964204007697
council_2,-0.00018631545145237905
transaction_20,-0.00018698047468093115
voters_3,-0.00018704363211721197
federal_16,-0.0001871226695861372
stocks_6,-0.00018744396000085483
virginia_19,-0.00018822135341829417
vermont_6,-0.00018829885816651348
leverage_8,-0.00018890033143981189
office_12,-0.00018991673327606318
missouri_5,-0.00019009437003199016
vermont_7,-0.00019015784009930315
profit_6,-0.00019017286936928723
ministry_10,-0.0001902013351316345
corporation_4,-0.0001904777775326272
police_10,-0.00019501516820008558
served_14,-0.00019871225713272712
economics_19,-0.00019889822750012164
washington_5,-0.00020096180977253743
ltd_8,-0.0002013073516772046
social_1,-0.00020155503498029415
college_16,-0.00020163583755714587
profit_5,-0.00020182974641720365
project_15,-0.00020191120662609307
firm_7,-0.00020254496260287968
finance_16,-0.00020311804929900034
debt_7,-0.0002032414572606278
cancer_16,-0.00020343868187366887
democratic_3,-0.0002037021048373111
nyse_19,-0.00020467786494533514
representatives_13,-0.00020576089530928155
kitchen_13,-0.00020607779202785892
gold_7,-0.0002067062652759688
economic_16,-0.0002068246501527815
elections_3,-0.00020707270684625634
virginia_20,-0.00020730685252265957
community_10,-0.0002079641507484853
fun_18,-0.00020841390002235283
justice_15,-0.00020980366415739303
carolina_3,-0.00021107520190859485
massachusetts_2,-0.00021186716715881904
labor_3,-0.00021208722251304658
democratic_16,-0.0002124710932974727
chance_1,-0.00021280857255541187
water_6,-0.00021348661243842938
world_5,-0.0002140869454810179
justice_13,-0.0002141482563883912
ring_5,-0.00021420757509842402
society_5,-0.00021450428308504853
color_5,-0.00021545832324387781
seats_19,-0.0002155149066133788
political_2,-0.00021619377378037096
ohio_5,-0.00021639363142493816
profit_17,-0.00021820329489685708
chance_3,-0.00021844315832908467
cancer_10,-0.00021847723886549985
economic_8,-0.0002185963224950349
short_sell_14,-0.0002195142906490144
ceo_3,-0.00022077610854767115
culture_6,-0.0002217545339147975
ceo_18,-0.00022191475020438833
leverage_20,-0.0002225191724478659
credit_8,-0.00022539780161692224
industry_6,-0.00022560566353082567
happy_20,-0.0002263522857830491
community_4,-0.00022694423977447363
movie_3,-0.00022939318104500117
rich_12,-0.00022991831417089602
environment_19,-0.00023004551830485553
services_14,-0.0002300968325850139
politics_19,-0.00023013656445391995
georgia_2,-0.00023015793475458234
representatives_5,-0.00023089676924481495
revenue_10,-0.00023225982247385702
college_1,-0.00023407932971530876
kentucky_10,-0.00023411902861800727
judge_4,-0.00023422035351940984
democratic_5,-0.00023459179537050902
investment_8,-0.0002346066322496565
services_10,-0.00023500375021596743
growth_12,-0.00023516443743989423
county_12,-0.0002353426326235697
hedge_19,-0.0002359639730463714
law_6,-0.00023737131628096542
case_19,-0.00023747964766751561
law_10,-0.0002377425714656045
gains_17,-0.00023794885191641413
million_19,-0.0002380240051231608
representatives_9,-0.0002382174416436067
marketing_6,-0.0002383394556582097
pennsylvania_2,-0.00023849124170016722
world_6,-0.00023868482948332658
trader_9,-0.00023898437227856117
portfolio_6,-0.00023955430122937215
media_16,-0.0002397497338555432
ltd_1,-0.00024079539376220538
gains_16,-0.00024091445592353545
court_9,-0.000241655401726093
texas_6,-0.00024200334860655648
invest_18,-0.00024225988457158288
kentucky_8,-0.00024273607513030092
movement_16,-0.00024286890471463262
financial_4,-0.0002437230345206709
kentucky_15,-0.00024375899635369346
rich_16,-0.0002439170638004695
markets_9,-0.0002443500083736394
short_selling_20,-0.0002449597312796037
kentucky_4,-0.00024546317921565476
fine_8,-0.00024583912324500635
kitchen_12,-0.0002458633637486329
global_6,-0.0002460481659613656
elected_13,-0.00024673167281368257
success_14,-0.0002468849416709995
freedom_17,-0.0002476731109298358
stats_17,-0.00024767327917099016
fun_9,-0.00024777217744378357
tennessee_10,-0.0002478347596515995
headlines_14,-0.00024785911575355703
finance_2,-0.0002479432504773005
conflict_18,-0.0002480610952594553
labor_1,-0.0002487711298347683
committee_4,-0.0002491871204301388
car_19,-0.00024976242808523176
ltd_10,-0.00024994314207851256
nasdaq_20,-0.0002500500017216023
products_19,-0.0002500604286166386
banking_8,-0.0002525596704457289
market_19,-0.0002526325151140263
nyse_15,-0.00025280099836755276
restaurant_12,-0.0002529449652716398
rich_6,-0.0002536888155774353
elections_2,-0.0002537979977327076
movement_7,-0.00025423692453125924
security_10,-0.00025471636709601954
forex_9,-0.00025490142293616014
rights_12,-0.0002551611715555513
project_11,-0.0002554643675998669
crisis_5,-0.0002562231150798233
world_2,-0.00025679429812621726
home_8,-0.0002577712218965633
rich_10,-0.00025798147855344845
credit_4,-0.00025984637405762623
tourism_5,-0.00026017174729027205
carolina_7,-0.00026020229767225177
energy_10,-0.0002618839479840762
bonds_3,-0.0002624756699911579
movie_2,-0.0002629526761507295
government_7,-0.0002633481239554536
car_8,-0.0002635587216917257
ltd_12,-0.00026415310519696257
economy_5,-0.000264549907532996
seats_17,-0.00026578457211605676
virginia_5,-0.00026626195183492295
profit_13,-0.00026719987940322377
conflict_5,-0.00026818617590700365
energy_16,-0.0002683490672297006
court_2,-0.00026954631077573675
services_1,-0.0002698124470741359
credit_10,-0.000270050634733221
opportunity_15,-0.0002731549902838193
markets_4,-0.0002738020957261389
police_2,-0.00027407478396854754
religion_16,-0.0002753012082900907
marriage_17,-0.0002754392346886236
representatives_18,-0.00027598596446607446
economy_7,-0.00027615726262648633
elections_17,-0.000277139697143447
nyse_2,-0.00027789880982511674
dividend_1,-0.00027875704377637865
president_18,-0.00027935324847485623
tennessee_19,-0.0002816172687011953
holiday_5,-0.0002819370197097326
fine_18,-0.000282102207222823
governor_16,-0.00028417698625511357
government_1,-0.0002857944262310896
inc_15,-0.00028614428358340047
short_selling_7,-0.00028629601045055965
federal_4,-0.00028642273887622414
derivatives_14,-0.0002882466117892779
revenue_7,-0.0002882700010258032
sell_11,-0.00028855070372821865
risk_3,-0.00028941549279284386
elected_17,-0.00029020201480263187
movie_18,-0.0002902145954743141
consume_20,-0.0002911367366793982
opportunity_4,-0.0002913434805283499
william_2,-0.0002925441650455385
dow_jones_3,-0.000292721046691935
products_10,-0.00029284315380950776
society_11,-0.0002930981366200625
economy_15,-0.0002942249988860723
senate_18,-0.0002943104955009268
holiday_9,-0.00029468475040366203
train_16,-0.00029521317269318723
stock_market_14,-0.0002952365382155042
hedge_16,-0.0002956902078218082
war_16,-0.00029575461089796916
home_12,-0.0002961673590695213
election_18,-0.0002975117418685169
gains_18,-0.00029923833429599254
loss_4,-0.00029936763261211307
color_16,-0.0003008525430676201
voters_7,-0.0003024074967767243
union_9,-0.000302927056150204
portfolio_18,-0.0003039860387264559
success_1,-0.0003047927642112924
gold_8,-0.00030497692579700697
cancer_15,-0.00030551038705077803
greed_9,-0.0003060012925225397
derivatives_2,-0.00030651346048906627
nasdaq_1,-0.00030717111284832565
debt_2,-0.000307823825626774
york_15,-0.0003081408669705299
elections_5,-0.000308645318130818
money_18,-0.00030962087667070205
kitchen_8,-0.00031025112472566897
war_2,-0.00031164541551225166
present_3,-0.0003130333891708581
world_12,-0.00031306211598880473
chance_8,-0.00031320114073110086
act_17,-0.00031361643711078633
rich_7,-0.0003140668515664746
oil_15,-0.00031473579656946524
secretary_15,-0.000316056507968554
happy_17,-0.00031638660232169435
cash_16,-0.0003169417559932386
crisis_18,-0.00031766826464332267
market_11,-0.0003184584321036743
carolina_11,-0.0003190662243502507
pennsylvania_17,-0.0003192915898461157
holiday_2,-0.00031993728620591797
blacklist_13,-0.0003205185901711038
transaction_4,-0.00032081253484859127
travel_11,-0.0003215738946533042
wisconsin_19,-0.0003222617872207012
act_10,-0.0003224246905787043
present_8,-0.00032269062591929745
gain_3,-0.0003232496235758164
default_6,-0.0003250221733179792
markets_8,-0.0003251802177211882
world_17,-0.000325299543529356
invest_12,-0.00032583482150874146
society_2,-0.0003281019880335023
loss_2,-0.00032956103616559317
food_8,-0.0003296911275264769
justice_11,-0.00033040126457302145
arts_11,-0.0003308507002157679
inflation_16,-0.00033116691131584997
million_9,-0.00033229266658771903
gains_19,-0.00033257191305373633
ore_7,-0.00033313652449722396
development_2,-0.0003363302624346254
carolina_8,-0.00033710310636454467
vermont_11,-0.00033729114054528166
elections_4,-0.00033738577946653694
kitchen_16,-0.0003385557145446638
home_11,-0.00033857278809719117
BUY_AND_HOLD_3,-0.00033991444701271246
success_20,-0.000340278641454228
business_12,-0.00034121540142986186
debt_9,-0.0003419773560156658
industry_11,-0.00034222097574536646
politics_12,-0.00034230097223471035
legal_18,-0.00034233462552890614
environment_11,-0.0003425100398548597
stocks_14,-0.00034294297893116
representatives_10,-0.00034326342574146905
chance_15,-0.0003434776216887592
union_19,-0.00034382912998798254
default_1,-0.00034531016671561775
happy_3,-0.0003454005071260813
hedge_3,-0.0003457060894544783
stock_market_3,-0.00034585770950199544
minister_1,-0.0003459399902634219
dividend_10,-0.00034659781089272366
transaction_17,-0.00034678350253187774
health_1,-0.0003470074156098235
consumption_11,-0.00034809135373821133
representatives_7,-0.0003488584253895421
dividend_9,-0.00034994892056350313
marriage_5,-0.0003518981520741038
seats_6,-0.00035197437998999435
metals_3,-0.00035246389472383123
dow_jones_17,-0.0003526061547287629
unemployment_5,-0.0003540689616924553
trader_13,-0.000354113626385355
sell_1,-0.0003542846364390062
inflation_14,-0.0003550176577060693
office_14,-0.00035568471038160965
massachusetts_19,-0.00035697393048812477
leverage_13,-0.0003578632382478464
returns_3,-0.000357967291437844
firm_10,-0.0003585040921753269
stocks_7,-0.00035893722560207395
products_4,-0.0003606084856375924
greed_18,-0.000361081337396274
services_4,-0.00036257322826989126
crash_5,-0.0003626918778900423
society_6,-0.00036360979119811623
minister_11,-0.00036416734313471366
war_15,-0.0003653453823169839
political_8,-0.00036612898426902074
leverage_4,-0.0003675884754541503
government_11,-0.00036814459671816733
dividend_14,-0.0003695930666224978
money_16,-0.0003709074347241437
opportunity_1,-0.0003709858219998807
kentucky_9,-0.0003733897428312982
elections_18,-0.0003743797934441684
voters_16,-0.00037528949337293225
legal_2,-0.0003756684537519206
business_10,-0.0003769681991782958
housing_6,-0.00037733351574922305
debt_3,-0.00037792032769319307
rights_17,-0.00037809398332804277
committee_16,-0.00037854614279022594
housing_19,-0.0003786218730074564
ring_14,-0.0003786538542668305
fond_20,-0.0003796070727016154
house_18,-0.0003797081278032355
happy_15,-0.0003801586450185912
housing_15,-0.0003808839519493512
water_17,-0.0003809407146777133
gain_8,-0.0003821928507381278
business_4,-0.00038230818961453305
firm_2,-0.0003826138903077592
firm_8,-0.00038424197350253044
profit_12,-0.00038500684172488865
william_7,-0.0003852996103635098
crash_6,-0.00038580520969671016
earnings_16,-0.00038788259518423017
transaction_18,-0.00038829404159161917
crisis_10,-0.0003884128638414142
security_6,-0.0003887695725057538
consume_14,-0.0003891050974788923
security_19,-0.0003894141488906433
trader_7,-0.0003897274363110492
market_13,-0.00039059518312711816
chance_16,-0.00039160927993866503
banking_15,-0.00039170628641362895
markets_13,-0.00039190601704086614
house_8,-0.0003923339863359798
political_16,-0.00039303840663651446
founded_3,-0.00039518014516364274
risk_6,-0.00039556650520533587
restaurant_16,-0.00039682907812625955
governor_10,-0.00039689257020845135
economic_6,-0.00039927930017704674
fed_17,-0.0003994263306800194
hedge_15,-0.00040045689670353823
metals_15,-0.0004017219695604535
senate_5,-0.0004020710917390424
crash_7,-0.0004022198186145687
headlines_19,-0.00040233242414415836
sell_13,-0.0004030349685327339
economy_17,-0.00040312230099233127
kitchen_3,-0.00040330018547476423
elections_9,-0.0004047792830927266
college_14,-0.0004049318936858004
court_14,-0.000405009084779806
movie_8,-0.0004050471842093062
trader_1,-0.000405700144336385
ministry_19,-0.00040640157919800133
buy_11,-0.00040649724446950586
gain_10,-0.0004065180873665364
happy_18,-0.000406552636741031
movie_11,-0.0004065721550071011
election_7,-0.0004069527865675493
william_15,-0.00040714354241533357
inflation_3,-0.000407239233950496
stats_9,-0.00040745487565931884
community_12,-0.00040754163841716373
technology_4,-0.0004077580534678882
minister_3,-0.00040973591588806536
leverage_6,-0.0004105426633522535
consumption_4,-0.00041088683583403454
federal_10,-0.0004109783630035224
fond_8,-0.0004121309992883626
senate_11,-0.0004121814835047921
development_6,-0.0004124272974959098
project_3,-0.0004126358666448171
election_13,-0.00041406165594524145
gains_9,-0.00041436532358491985
house_13,-0.0004144084624251532
firm_16,-0.00041561036457418157
firm_12,-0.0004156635162134714
community_2,-0.0004170682840835882
rights_2,-0.0004184414657980362
headlines_15,-0.00041969577365827957
water_10,-0.0004199674551459198
credit_14,-0.00042066876414093013
growth_7,-0.0004211845883876464
travel_2,-0.0004215113281056837
food_15,-0.0004215293347905158
consume_9,-0.0004221443751190712
risk_20,-0.000422483903267068
elected_4,-0.0004226678827159658
travel_7,-0.00042388486621858235
profit_10,-0.00042412202918518105
justice_14,-0.0004241680983125162
companies_10,-0.00042502902086691827
fed_5,-0.00042580931270292944
credit_2,-0.00042591041642034975
arts_17,-0.0004260650112299258
secretary_4,-0.0004267514964815478
union_4,-0.0004272053240478524
products_6,-0.0004283262940780963
seats_14,-0.0004294641271203048
corporation_2,-0.00042984036437496707
minister_17,-0.0004304077018089547
office_2,-0.0004305399742403182
votes_17,-0.0004307319913370744
washington_19,-0.00043090011453441603
growth_10,-0.00043345662600777766
invest_7,-0.00043418315931658124
credit_19,-0.00043451391891040635
firm_3,-0.0004355398887766038
color_11,-0.0004359303939897474
labor_15,-0.00043614585585336483
legal_17,-0.0004364768414383935
oil_11,-0.00043672224982000963
council_4,-0.0004373100712789624
economic_19,-0.0004376290141632655
election_10,-0.0004380456965461521
cancer_19,-0.0004384808079709979
judge_10,-0.00043996572753772777
justice_7,-0.00044032293046658566
energy_4,-0.0004423139944354393
secretary_17,-0.0004424576851042472
fond_10,-0.0004425879068236771
consumption_15,-0.0004440440551591429
republican_11,-0.0004443993812868863
politics_15,-0.0004445307698649259
movement_12,-0.00044513895619202604
founded_10,-0.0004471324916319741
sell_19,-0.0004479553506833156
culture_8,-0.00045578086653488283
profit_15,-0.0004566557182358766
world_3,-0.00045693789038243616
politics_1,-0.0004575949678541358
health_12,-0.00045900252691890577
debt_12,-0.0004640027045723194
nyse_4,-0.0004643919749990566
georgia_17,-0.0004660440909318497
virginia_7,-0.0004670520179625104
community_1,-0.0004682795794371808
pennsylvania_1,-0.0004686951670632267
security_15,-0.00047027510978496777
growth_19,-0.00047225806544295426
social_12,-0.0004733431098159713
bubble_19,-0.00047378910437245736
market_18,-0.0004746525005957736
leverage_16,-0.0004753635835523573
georgia_6,-0.00047553235991213414
industry_1,-0.00047560689074335196
finance_10,-0.00047924634699509917
service_4,-0.0004795927089733754
case_16,-0.00047972242915683694
portfolio_16,-0.00047976718462527934
growth_17,-0.00048049131225005317
finance_12,-0.0004805571181669688
investment_10,-0.0004811413327262537
bubble_7,-0.0004823449199708563
labor_19,-0.0004843501516448745
corporation_5,-0.0004850408802609341
companies_19,-0.0004854658865628414
movement_10,-0.00048668180440631926
gain_16,-0.0004872654198978532
project_13,-0.0004897751319698385
fun_10,-0.0004912358878715883
money_2,-0.0004926452380170865
members_18,-0.0004942076131139617
return_5,-0.0004946841639158706
investment_17,-0.0004965808860773358
democratic_11,-0.000497871937298644
community_5,-0.0004985507678292756
marriage_11,-0.0004998398703655483
headlines_16,-0.0004999926180294434
inc_2,-0.00050011441608373
profit_3,-0.000500391957774271
travel_5,-0.0005008114205699909
bank_8,-0.0005025677310226851
ore_9,-0.0005042806187692594
headlines_7,-0.0005056833138937566
republican_10,-0.0005074143063015457
politics_16,-0.0005083775820516445
washington_2,-0.0005087357669162796
representatives_1,-0.000511993440794245
law_2,-0.0005125522543317107
ceo_5,-0.0005146250889062065
opportunity_12,-0.0005150097560576272
greed_1,-0.0005153091504012996
governor_17,-0.0005187124874999061
chance_9,-0.0005197504241894579
stocks_1,-0.0005202268185033221
senate_15,-0.0005206731811437492
fond_9,-0.0005209112492280399
loss_6,-0.0005211586269770141
bubble_13,-0.0005216526765113195
political_12,-0.0005219086879718615
invest_16,-0.0005235370759703262
technology_17,-0.0005236870354051737
war_8,-0.0005249448353170205
consumption_19,-0.0005268866773871838
court_1,-0.0005284634676699041
county_16,-0.0005287012738948383
nyse_5,-0.0005310629394095878
earnings_8,-0.0005311635528963299
ring_16,-0.0005323249348258896
movie_5,-0.0005328332878511421
missouri_19,-0.0005353310663855249
financial_2,-0.0005369543606435822
crisis_8,-0.0005374871850873708
served_20,-0.0005389367040804282
headlines_9,-0.0005397373261526228
security_2,-0.0005421222092224065
risk_11,-0.0005421902265458467
environment_7,-0.0005445710207845345
ore_13,-0.0005446980849487693
dividend_7,-0.0005450435155185396
culture_7,-0.000545302102295997
energy_1,-0.0005457096652912829
technology_2,-0.0005464471252078163
republican_8,-0.0005466438077236013
freedom_8,-0.0005467965133347796
nasdaq_14,-0.0005474448053228498
consumption_13,-0.000547582639197719
members_19,-0.0005491271510434492
governor_5,-0.0005517243987215759
food_7,-0.0005524351598904965
ring_6,-0.0005527113192804079
ore_2,-0.0005536568343061044
crisis_17,-0.0005539585727921015
dividend_4,-0.0005539666105350838
default_15,-0.0005543866888938709
fond_14,-0.0005555139204979298
success_15,-0.000555663182427013
district_4,-0.0005581212331032149
train_7,-0.0005581575779196601
portfolio_9,-0.0005587037976619635
bubble_5,-0.0005593493394931981
invest_10,-0.000561077451367109
federal_1,-0.0005629998886263366
stock_market_4,-0.0005641159535007878
fed_1,-0.0005643792817286331
inflation_1,-0.0005650817374224015
representatives_19,-0.0005662288405649862
union_1,-0.0005668221674363539
project_16,-0.0005669155806895754
party_18,-0.0005674950023728309
court_15,-0.0005675978396022519
environment_2,-0.0005690459177998486
fine_2,-0.0005700427489047533
returns_20,-0.0005705503072630291
products_9,-0.0005721910407312514
wisconsin_11,-0.0005724466335446321
restaurant_20,-0.0005728751827938971
economics_7,-0.0005740191163101649
portfolio_5,-0.0005740855493486352
wisconsin_7,-0.0005745845840865238
returns_5,-0.0005751451378264383
college_12,-0.0005792494999462327
opportunity_11,-0.0005826746528489801
elected_9,-0.0005827762316552576
derivatives_17,-0.0005835953512639102
stock_market_7,-0.0005850170649551956
global_17,-0.0005850933031844807
opportunity_20,-0.0005865359241573164
virginia_14,-0.0005876986114358163
gain_11,-0.0005877768702967412
lifestyle_9,-0.0005897720719485466
revenue_15,-0.0005962759848099797
religion_15,-0.0005966519815393534
labor_13,-0.0005969945973820723
banking_2,-0.0005979148620662622
stocks_8,-0.0005985172728964816
service_2,-0.0005992897607304925
legal_8,-0.0006006642032173159
ministry_4,-0.0006044991603978645
labor_10,-0.0006048185305785658
movie_6,-0.000605106279702583
returns_11,-0.0006066100615093051
president_17,-0.0006079907875583101
politics_11,-0.0006094059141957154
inc_4,-0.0006102003784982157
economic_5,-0.0006102051146115838
gold_11,-0.0006104657220608933
world_8,-0.0006104784192663803
firm_15,-0.0006108799100502438
million_2,-0.0006123586454267027
freedom_19,-0.0006150722654837182
service_1,-0.0006151724811291226
police_19,-0.0006169595352151447
missouri_7,-0.0006171180740334403
present_19,-0.0006178006706918815
housing_7,-0.0006234222080158336
stats_1,-0.0006239932716044727
companies_6,-0.0006252578691109623
society_19,-0.0006257042204253826
growth_2,-0.0006262125783084605
representatives_8,-0.0006303899174700201
hedge_6,-0.0006305371188134901
risk_7,-0.0006307575057975078
college_4,-0.0006312831847588684
movement_9,-0.0006333312353431931
founded_20,-0.0006340387385117107
secretary_1,-0.0006351533018883248
financial_15,-0.0006360010768969194
economy_1,-0.0006390318634166059
marketing_5,-0.000640130568700048
DOW_JONES_3,-0.0006402606879006179
washington_17,-0.0006403939482173326
bank_5,-0.0006408814137378371
buy_6,-0.0006415932029047777
rights_11,-0.000642668908941646
economic_11,-0.0006426815600821146
success_10,-0.0006429804668345973
judge_2,-0.0006435865292502285
ore_5,-0.000644148181879367
leverage_17,-0.0006441982662503731
ore_3,-0.0006464540838820642
federal_15,-0.0006470197568138935
marketing_17,-0.0006470305795587717
firm_11,-0.0006475635591342233
present_2,-0.0006479368328522695
project_18,-0.000650976945391002
kentucky_7,-0.0006510096027595447
community_15,-0.0006527714194363377
movie_17,-0.0006531888516052575
movement_5,-0.0006537664786862463
restaurant_6,-0.0006537668847326871
development_15,-0.0006546734342965487
crash_15,-0.0006554832200419191
ltd_6,-0.000655741429643486
crash_2,-0.0006564558473164617
garden_13,-0.0006589505002294827
banking_10,-0.0006598082260707682
derivatives_9,-0.0006616355843062748
products_11,-0.0006620059703025483
fond_13,-0.0006626234810982234
council_11,-0.0006633739684279494
tennessee_17,-0.0006647598534619936
garden_12,-0.000666446251961661
project_2,-0.0006691543684773426
illinois_1,-0.0006692490855078504
million_10,-0.0006693291483544028
hedge_20,-0.0006699846235799888
act_7,-0.0006701285365348752
william_5,-0.0006707619475899707
present_12,-0.0006710146971516506
unemployment_10,-0.0006717316837829612
illinois_2,-0.0006719088054575551
banking_13,-0.0006724217538962351
train_15,-0.000672626601367976
ohio_1,-0.0006743786525013285
economy_16,-0.0006750326614520131
president_11,-0.0006762615312598585
money_5,-0.0006772709282508282
dividend_12,-0.0006783554670461101
products_5,-0.0006788678991299646
founded_13,-0.0006846208724088143
development_3,-0.000685534561623058
energy_2,-0.0006855634510287256
fond_18,-0.0006860366134567641
culture_11,-0.0006876386033048299
inc_17,-0.0006887610593397265
pennsylvania_10,-0.0006895122788866948
elections_16,-0.0006898957539934302
committee_11,-0.0006912801377469968
union_5,-0.0006949201759674395
forex_1,-0.0006951575615591121
act_2,-0.0006963110459878407
missouri_17,-0.0006970033885934646
world_1,-0.0006982676380262065
seats_3,-0.0006996636205339968
default_11,-0.000700405378111113
elections_6,-0.0007018587691737688
gain_15,-0.0007022098456821224
economics_8,-0.0007029853856575618
invest_3,-0.000704277846291701
forex_2,-0.000704464115787573
technology_5,-0.000704664356410456
virginia_11,-0.0007062142323322584
marketing_19,-0.0007066147427643221
york_4,-0.0007074515309929641
judge_11,-0.0007076750127633424
kitchen_10,-0.0007096302807001687
service_10,-0.000709984612561021
return_19,-0.0007102646824993286
project_17,-0.0007102876941994296
cancer_7,-0.0007116670214139642
credit_1,-0.0007146695286797567
headlines_3,-0.0007148151483303611
project_6,-0.0007183318292577568
financial_5,-0.0007185104013183397
rich_19,-0.0007185973356495845
tennessee_11,-0.0007205090737331555
fond_2,-0.0007214734918801424
federal_5,-0.0007248252012501677
lifestyle_11,-0.0007290084096736038
housing_10,-0.0007294381106222936
president_12,-0.0007294485382919325
lifestyle_1,-0.0007295527822241743
marriage_10,-0.0007332927625921304
gain_2,-0.000734516859160883
freedom_11,-0.0007367335898250449
social_6,-0.0007375536725848786
gains_12,-0.0007377432480309088
development_17,-0.0007392906655713016
social_15,-0.0007404240256096761
finance_6,-0.0007405511636367157
management_15,-0.0007416159215648088
lifestyle_20,-0.00074254016146853
financial_16,-0.0007437838607871727
washington_6,-0.0007440326442619716
minister_13,-0.0007450481940168618
dow_jones_14,-0.0007473004689525053
nasdaq_6,-0.0007489675208827151
management_2,-0.000749631762663161
earnings_13,-0.0007498338994685438
gold_10,-0.0007505042174996479
court_4,-0.0007507597578777058
wisconsin_10,-0.0007514805927423928
energy_5,-0.0007528659611105715
million_5,-0.0007554138910269792
washington_1,-0.0007582869225816857
companies_5,-0.0007585826209593139
carolina_2,-0.0007596090052181647
industry_9,-0.0007599787261541424
companies_1,-0.0007643856190705067
chance_7,-0.0007654932042152396
derivatives_20,-0.0007667825412870144
profit_7,-0.0007696899000636081
stock_market_9,-0.0007718860226104685
unemployment_4,-0.0007732795475368981
firm_1,-0.0007748394548115379
labor_20,-0.0007752613617068027
unemployment_9,-0.0007765439997387879
secretary_8,-0.0007769936581902171
bonds_17,-0.0007770246298102635
cancer_17,-0.0007778890913108238
votes_16,-0.0007781208822474905
ceo_1,-0.0007785426295306985
hedge_4,-0.0007795506834602506
political_5,-0.0007803541777583912
ceo_8,-0.0007807595768001274
business_2,-0.0007821746941895525
justice_17,-0.0007860008519992246
committee_17,-0.0007872996670158728
missouri_6,-0.0007902944754746954
elected_1,-0.0007905393989700471
members_6,-0.0007906271074597182
lifestyle_17,-0.000791823824006177
DOW_JONES_6,-0.000793942254857094
minister_10,-0.0007948092162175735
services_19,-0.0007952011886076971
consumption_7,-0.0007966263765387893
representatives_20,-0.0007967879711584525
election_17,-0.0008003983341550169
economic_15,-0.0008014285664717846
energy_15,-0.0008032882292355881
government_15,-0.0008039248007551513
gains_2,-0.000804223677800553
senate_4,-0.0008132501819299697
economy_2,-0.0008138449106304346
inc_5,-0.0008159401677668932
health_17,-0.0008164062132678396
project_10,-0.000817032536985729
lifestyle_18,-0.0008176265535961181
kentucky_11,-0.0008209271285898768
chance_11,-0.0008211629638431806
profit_2,-0.0008224527518791991
pennsylvania_19,-0.0008229649322020416
culture_19,-0.0008249318057734322
committee_12,-0.0008253615872146236
metals_2,-0.0008276907586829641
revenue_4,-0.0008332777601248286
bonds_10,-0.0008333381324901357
committee_15,-0.0008339855710018495
nyse_7,-0.0008344046381927539
ltd_14,-0.0008359295446119797
society_7,-0.0008366898412805579
economic_17,-0.000837686126186421
companies_17,-0.0008393525708019877
health_2,-0.0008399042523904221
tourism_15,-0.0008404521506163443
DOW_JONES_4,-0.0008409277167136687
minister_5,-0.0008410661059859992
housing_11,-0.0008412026048432164
government_2,-0.0008422786207211708
judge_15,-0.0008430261403469252
founded_15,-0.0008468627894859804
government_17,-0.0008472154407539012
default_3,-0.0008484198040163094
minister_6,-0.0008495504338818849
council_5,-0.0008530895654131898
finance_15,-0.0008533104418522841
ohio_4,-0.0008604173483740763
leverage_2,-0.0008611237832395257
crisis_2,-0.0008624959776079022
senate_17,-0.0008635250797119021
industry_7,-0.0008665150280995348
industry_10,-0.0008687145654213913
act_5,-0.0008701720896079123
court_17,-0.0008716124912260704
law_17,-0.0008717617126251298
fun_16,-0.0008730001896853912
tennessee_1,-0.0008735044678772841
oil_7,-0.0008752927772384567
gains_5,-0.0008766760161885267
success_11,-0.0008770273500306791
york_17,-0.0008770783967731122
ore_8,-0.0008803482717195665
dow_jones_15,-0.0008816184625463963
ltd_2,-0.0008834259324600913
revenue_5,-0.0008851466697216148
tennessee_6,-0.0008851560625792176
elections_7,-0.0008856709902132831
earnings_9,-0.0008856854627335098
consumption_12,-0.0008859974521182368
gain_13,-0.0008870493517134425
derivatives_1,-0.0008884511772354164
forex_16,-0.0008885401882403387
growth_4,-0.0008894248967355356
happy_4,-0.0008918595291027565
william_19,-0.0008951609512526604
environment_4,-0.0008957205607110108
default_14,-0.0009007193489773746
credit_5,-0.000904971476997618
court_5,-0.0009052171875790993
derivatives_4,-0.0009053897756790441
economy_11,-0.0009058229705945165
party_10,-0.0009110269993934273
nyse_17,-0.000911051044161959
minister_12,-0.0009124228040312321
office_10,-0.0009128055537184654
success_4,-0.0009152494601055938
labor_5,-0.000915389302593117
fond_3,-0.000915740949446997
management_6,-0.0009169386567554394
union_7,-0.0009187543055584557
short_selling_17,-0.0009203525261025191
hedge_10,-0.0009204295067207103
freedom_7,-0.0009211229640892604
office_1,-0.000922306382170257
social_17,-0.0009229106284936561
headlines_6,-0.0009276197684946252
arts_10,-0.0009284304588738079
inflation_4,-0.0009302488920028384
leverage_10,-0.0009332851577731783
legal_5,-0.0009338192194258577
movement_17,-0.0009338884185825291
police_7,-0.0009359601125148887
marketing_1,-0.0009372032597775748
government_5,-0.0009373721707549354
tourism_6,-0.0009414043422109275
trader_6,-0.0009502412704459617
security_1,-0.0009515605353523249
cash_13,-0.0009543358763505428
cash_5,-0.0009552197070431979
virginia_10,-0.0009577524441414687
ltd_7,-0.0009593372983959902
arts_6,-0.0009609066248938758
representatives_6,-0.0009609494833923593
government_6,-0.000960979626791203
fed_4,-0.000961349085420915
credit_17,-0.0009628119890852105
garden_10,-0.000963257978392984
secretary_5,-0.000966486948012557
labor_16,-0.0009681649572166329
industry_3,-0.0009691287104970803
DOW_JONES_7,-0.0009704747612429232
investment_2,-0.0009718143852911921
county_2,-0.0009719871731221019
police_17,-0.0009773481496808234
crash_18,-0.000977738057561539
global_2,-0.0009811256328311258
elected_12,-0.0009813701978083512
portfolio_7,-0.000982690226085503
movie_15,-0.0009908654945215644
cancer_11,-0.0009957346152351444
police_5,-0.000996650188710113
judge_3,-0.0009974127092205575
fond_16,-0.0010001059775319953
fun_8,-0.0010003089214518201
holiday_7,-0.0010020962868475315
corporation_15,-0.0010037789631551996
virginia_4,-0.0010038420297662886
bonds_11,-0.001005383612546673
bonds_2,-0.0010083981081872918
act_11,-0.0010084187995779593
restaurant_10,-0.0010087334038529016
DOW_JONES_14,-0.001009145766314723
DOW_JONES_12,-0.001009450527153999
security_5,-0.001010802977368086
economics_1,-0.0010129059103664239
return_17,-0.0010131596693390365
political_15,-0.0010148472318391333
elected_19,-0.0010188923698431385
religion_2,-0.001021731995433184
district_1,-0.0010224350401981442
justice_6,-0.0010234235882498055
housing_5,-0.0010257135682505635
inflation_12,-0.0010274179661494466
marketing_15,-0.0010286225841959595
inflation_11,-0.0010328942380084527
bonds_18,-0.0010348323049577334
illinois_17,-0.0010385954654744012
religion_5,-0.0010405225943980855
senate_6,-0.0010429396660043056
environment_3,-0.0010430007005095775
politics_9,-0.0010430784641406675
georgia_10,-0.0010437815639583238
industry_2,-0.0010438489036933341
development_10,-0.001044250797740154
unemployment_17,-0.0010454273927465118
business_15,-0.0010484369035157926
train_10,-0.0010506568342117494
DOW_JONES_8,-0.0010523773561767814
tourism_16,-0.0010534071806618916
council_15,-0.0010544240216229905
council_17,-0.0010544729788720896
georgia_7,-0.0010569932682636062
investment_5,-0.0010575834943620244
district_2,-0.0010590729418848755
fond_17,-0.0010592890174347057
representatives_3,-0.0010603243950991549
vermont_15,-0.0010610918805326497
president_2,-0.0010622032884285426
carolina_6,-0.0010747098835081515
conflict_9,-0.0010774826911077006
bonds_4,-0.0010789825523501051
health_6,-0.0010792080348713373
risk_17,-0.0010811509162567568
success_9,-0.0010813477481912636
arts_15,-0.0010819173288572515
service_6,-0.0010917485775088442
growth_3,-0.0010949451110108034
district_7,-0.0010956405001768532
founded_11,-0.0010977216495882125
technology_6,-0.0010994408568891778
president_5,-0.0011014847418054918
stocks_18,-0.0011018506868285317
social_5,-0.0011019368743763636
service_5,-0.0011020627871761279
founded_8,-0.0011045955703314903
BUY_AND_HOLD_17,-0.0011091406233044055
revenue_16,-0.0011153781942180973
firm_5,-0.001116059611774034
forex_14,-0.0011164222040126904
fond_1,-0.001117134427417521
management_17,-0.0011175107913071526
social_7,-0.0011189389904880053
earnings_5,-0.0011196181593222665
founded_14,-0.0011225940197644225
unemployment_15,-0.001126006640813193
governor_6,-0.0011273476523878001
health_4,-0.0011279627498015144
profit_11,-0.0011290987021018938
loss_7,-0.0011312260559750876
council_6,-0.001131507940624088
fed_14,-0.001135488912008298
county_1,-0.0011362527925820487
happy_2,-0.0011365532060190198
election_3,-0.0011384135044952837
fed_6,-0.001139750110522053
illinois_10,-0.0011413971488804854
governor_20,-0.0011507745195981967
economic_2,-0.0011520206344216132
stocks_16,-0.0011530291262319635
district_15,-0.0011551080865619845
risk_2,-0.0011557955553150867
minister_8,-0.0011584091741709823
legal_7,-0.0011595474312488863
service_15,-0.0011606058522994455
served_7,-0.0011626680066106454
committee_5,-0.00116528287073272
nasdaq_10,-0.0011654439846251695
kentucky_14,-0.0011712702075944216
present_17,-0.0011713315254044065
forex_8,-0.001172264384774535
college_2,-0.0011752453166319122
union_11,-0.0011771189992038967
business_6,-0.001179270715181846
dow_jones_6,-0.0011792902858383414
invest_11,-0.0011797738594433228
dow_jones_16,-0.0011807422628127505
lifestyle_19,-0.0011855747136174876
texas_2,-0.0011897539720274076
risk_5,-0.0011947862244212626
earnings_14,-0.0012001116996132044
companies_12,-0.0012030238850813113
dow_jones_4,-0.001207216661037136
lifestyle_12,-0.0012085181001744605
dow_jones_5,-0.00120916272581022
law_11,-0.0012121494373683595
community_6,-0.001212777703244483
pennsylvania_7,-0.0012177845146511324
founded_12,-0.001218588537287002
ministry_7,-0.0012198211500667132
security_17,-0.0012235745418331945
services_5,-0.0012253405968947195
judge_14,-0.0012330393176348542
health_14,-0.0012337325816469623
metals_11,-0.001236392427791455
ceo_4,-0.0012364605942175367
trader_10,-0.0012396271186898788
inc_6,-0.0012410856567536045
million_14,-0.0012441170249020805
texas_1,-0.0012573826094919084
energy_17,-0.001259587637391757
oil_10,-0.0012648436469245405
secretary_11,-0.0012663353755774987
management_5,-0.001276176992062661
services_17,-0.001276441163129327
massachusetts_17,-0.001276739767876811
governor_11,-0.0012782338343584553
ohio_11,-0.0012876572254932439
social_11,-0.001289276230253944
revenue_6,-0.0012929619372459068
justice_2,-0.0012934794651964677
nasdaq_4,-0.0012942044309397494
nyse_11,-0.001294344216113763
chance_13,-0.0012947318162987997
holiday_10,-0.0012954850422147279
committee_7,-0.0012958653328405845
political_11,-0.0013031369415385185
metals_8,-0.0013035757082570099
nyse_1,-0.0013044882401659131
banking_14,-0.0013105834822770613
trader_16,-0.0013136686297927857
district_11,-0.0013184199439242096
unemployment_11,-0.0013191690391101795
metals_4,-0.0013202701146277861
credit_15,-0.001320981362689233
dow_jones_7,-0.0013242439105297654
federal_7,-0.0013332855449504244
legal_11,-0.0013372402645398518
judge_7,-0.0013451534950893241
finance_4,-0.00134706076058575
conflict_17,-0.0013494073911157977
stocks_11,-0.0013586447389344115
texas_17,-0.0013595358993498063
served_19,-0.0013598190096165697
union_6,-0.0013620594449751167
dow_jones_8,-0.0013654251949373418
served_11,-0.00136621672682955
stats_7,-0.0013682439342962427
politics_6,-0.0013722892721049762
travel_10,-0.0013732906396932032
governor_7,-0.00137673662157487
earnings_19,-0.0013789064082249114
senate_20,-0.001379388404338533
credit_7,-0.0013798204335775833
economy_4,-0.0013805506853935777
services_6,-0.0013842299235194977
ohio_7,-0.0013927885679501316
social_2,-0.0013999031410115493
washington_11,-0.001400886664683032
derivatives_8,-0.0014039478923086658
office_4,-0.0014059629252537453
dow_jones_20,-0.0014084830430765249
district_17,-0.0014093727375942499
fed_15,-0.0014108006081088088
carolina_10,-0.001411561129716321
representatives_12,-0.0014117266598745904
labor_8,-0.0014180911450679457
law_5,-0.0014218428485948565
global_5,-0.0014264546612442475
security_7,-0.0014277216587297303
hedge_12,-0.0014279534118688763
global_7,-0.001429406993462612
washington_7,-0.0014306458801359944
movie_4,-0.0014328987782685986
federal_17,-0.0014361748600818958
governor_18,-0.0014400150343427676
texas_10,-0.001440743708495429
happy_10,-0.0014422568240188172
holiday_11,-0.0014445618877341859
union_15,-0.0014461608481880495
health_5,-0.001454576020324927
governor_1,-0.0014569032607806732
stocks_15,-0.0014611017798647151
economy_12,-0.0014653238680349067
invest_2,-0.0014689150293202501
headlines_17,-0.0014696322712516086
dow_jones_12,-0.0014705756866727037
bonds_9,-0.0014728065273975632
missouri_11,-0.0014730471988522176
court_7,-0.0014744406559694223
office_6,-0.0014746153172550125
community_17,-0.0014774525983139552
happy_16,-0.0014805795123628007
services_15,-0.0014873734122268444
president_15,-0.001491926078953032
office_15,-0.0014930085230658863
corporation_17,-0.0014938949837364878
nasdaq_19,-0.0014961245042570902
banking_11,-0.0015012503251239152
representatives_15,-0.001505989774479799
law_7,-0.001514992706273599
earnings_17,-0.0015190972165253225
credit_11,-0.0015197422689369633
service_17,-0.0015319416176602153
consumption_8,-0.0015419875330159095
hedge_17,-0.0015475989232103028
federal_6,-0.0015565055282186658
college_5,-0.0015593063824682618
opportunity_8,-0.0015609414964291135
hedge_8,-0.0015621948364199056
pennsylvania_11,-0.0015650882336001315
ministry_11,-0.0015677044758041435
lifestyle_16,-0.0015741562516321972
georgia_11,-0.0015778237737445577
elected_3,-0.0015806095313746216
earnings_20,-0.0015848381755578123
york_7,-0.001585709518859124
county_4,-0.0015880197923057616
dividend_13,-0.0015986100582002782
bonds_5,-0.001598789585733118
ltd_11,-0.001602296011442217
credit_6,-0.0016031647511945079
committee_2,-0.0016035681939232215
business_5,-0.0016061888866349071
forex_6,-0.0016163338280134275
senate_3,-0.0016173034243769813
election_2,-0.0016216136829923845
debt_5,-0.0016273194395454605
companies_2,-0.0016300591886166504
county_5,-0.0016372326868425934
unemployment_6,-0.0016415448462564265
college_17,-0.001642301941160129
county_10,-0.0016658984379850361
opportunity_10,-0.0016696729927052178
home_10,-0.0016715157794131795
bank_4,-0.0016739555361496184
police_11,-0.0016769409134130386
project_7,-0.001695319794690886
happy_13,-0.0017029183852386386
culture_17,-0.0017109821363667343
tennessee_7,-0.0017129023428616552
gains_1,-0.0017134796544068021
default_5,-0.0017202763599217796
stock_market_12,-0.001724745807593786
served_10,-0.0017298056661868345
ore_18,-0.0017308040444474094
returns_6,-0.0017404188974947444
college_10,-0.0017415283881515142
security_11,-0.0017415759864235936
ministry_6,-0.0017420926887910416
representatives_16,-0.001742682795061068
development_7,-0.0017437283304662543
bank_10,-0.0017439944711534316
election_16,-0.0017604854437088813
culture_2,-0.00176849051528436
management_7,-0.001772402269431228
rights_7,-0.001779214444291788
food_5,-0.0017810857761397347
global_11,-0.0017825325527575319
water_19,-0.0017901382508678232
nyse_12,-0.0017944503373331865
movie_16,-0.0018015610148321537
environment_5,-0.001803173177045081
products_7,-0.0018038471260076294
served_15,-0.0018042987209313966
ohio_10,-0.0018067730581234453
office_5,-0.0018083933068981707
stats_8,-0.0018118758850933947
community_7,-0.0018118860314812134
technology_11,-0.0018148659226911335
inflation_9,-0.0018160015150074705
buy_10,-0.0018163063355571163
college_15,-0.0018216045011726577
investment_7,-0.0018221323497576991
judge_6,-0.0018428472906494963
election_11,-0.0018449238733961204
lifestyle_14,-0.0018452467057151311
crash_12,-0.001845794457847627
fond_5,-0.001848298927486325
service_7,-0.0018486938484100434
leverage_5,-0.0018542791195718111
financial_6,-0.0018599552937795805
investment_11,-0.0018730085350671555
forex_3,-0.0018849827256223195
court_6,-0.0018887035490450454
derivatives_11,-0.001889507024237358
college_7,-0.0018899856604480236
representatives_2,-0.0018964148925673329
york_6,-0.0018995763759997563
markets_17,-0.0018996390448011492
business_17,-0.0019041637022070956
founded_7,-0.001910127533457473
dividend_16,-0.0019114248619559904
district_6,-0.0019294614494453244
finance_5,-0.0019343407536944524
gain_4,-0.001938803517190535
debt_11,-0.0019478424220020995
tennessee_2,-0.0019519088487036872
inc_11,-0.0019599705000619807
college_6,-0.001966725817789139
election_8,-0.001968506464226105
companies_11,-0.0019708413459619935
elected_18,-0.0019769997697803186
rights_5,-0.0019853603919284036
william_11,-0.001996476790325885
forex_13,-0.0020111430087265346
committee_19,-0.0020140718532981826
economics_11,-0.002018330833605275
ohio_6,-0.002024375977682813
ministry_20,-0.002043961938500316
founded_6,-0.00205055612380598
texas_7,-0.0020541351107500327
virginia_6,-0.002054603079449402
fond_11,-0.0020632524819380604
opportunity_9,-0.002066470845546986
technology_7,-0.002076938155192143
community_11,-0.0020903560249682764
headlines_12,-0.002092622962915791
management_11,-0.002110955697006345
forex_11,-0.0021115446246411152
election_5,-0.0021145307451091223
office_17,-0.0021160044434709534
energy_6,-0.0021198066267523073
bubble_16,-0.002141446757574261
business_7,-0.002151188430628048
crash_3,-0.002180289269073121
council_7,-0.002184673698081019
million_17,-0.0021903134545971036
marketing_7,-0.0022046300326785894
governor_15,-0.0022063184442953966
bank_14,-0.002207883303170943
union_17,-0.0022090917672198617
corporation_11,-0.0022241383520806846
ore_20,-0.002232961683050827
york_10,-0.0022507415572500466
earnings_15,-0.0022567750953841337
corporation_6,-0.0022612784750329906
headlines_8,-0.002269303252634547
texas_11,-0.0022838822636769953
president_16,-0.0022867065589142533
bank_1,-0.002292163107852585
ceo_2,-0.0023386712257230657
forex_20,-0.002346850023768887
labor_17,-0.0023469906046398093
ore_10,-0.002358683138703599
energy_11,-0.0023597095282408944
unemployment_1,-0.0023651636948890387
health_11,-0.002379140227399379
stock_market_13,-0.002384556372277258
york_11,-0.00238729072570949
services_7,-0.002388751180464177
dow_jones_13,-0.002395761805290264
ore_11,-0.002398257641386725
ore_15,-0.002399339276781465
DOW_JONES_17,-0.002401317513224588
labor_7,-0.002401335579741826
health_15,-0.0024176930226982086
hedge_1,-0.0024363309987330607
bonds_15,-0.0024442068209897584
election_6,-0.0024560102855453623
financial_17,-0.002458162155471122
energy_7,-0.0024586617985255187
ore_12,-0.002460533911539775
movie_12,-0.0024688641240429464
DOW_JONES_13,-0.002473760172302009
opportunity_7,-0.0024794184504768335
dividend_6,-0.00249205350991355
derivatives_13,-0.0024964487893730956
companies_7,-0.0025096549001815795
federal_11,-0.0025134083939186923
served_18,-0.002528733903504099
stocks_17,-0.002531916484410357
inflation_8,-0.0025413264545516958
unemployment_14,-0.0025580545389401353
inc_7,-0.0025848477243160415
success_7,-0.002602473065065114
illinois_11,-0.0026047850287900685
housing_17,-0.0026126560226606755
ore_4,-0.002619918689780265
county_14,-0.002626531698350143
fond_4,-0.0026473001284097685
car_10,-0.0026508167392155224
founded_1,-0.0027196152232300762
ceo_6,-0.0027278375681269117
inflation_7,-0.0027485178240260976
movie_7,-0.0027678170045080997
bank_17,-0.002773250005967132
ceo_11,-0.00277596206001447
corporation_7,-0.002811754863650107
revenue_19,-0.0028251044508005975
financial_7,-0.0028398136176325693
bank_15,-0.0028858329408327334
dow_jones_11,-0.0029160434390555156
finance_11,-0.0029388720634376366
health_7,-0.0029472437927216878
DOW_JONES_15,-0.002999528466983059
business_11,-0.00302828149984673
metals_5,-0.003036519132687698
ore_14,-0.0030711325919635215
court_11,-0.003121867416333912
revenue_11,-0.003134618664128208
finance_17,-0.0031684521750270146
marketing_11,-0.0031848991172526596
DOW_JONES_20,-0.0031908292823360274
headlines_2,-0.0031974442148223537
fed_7,-0.003220839864424585
happy_1,-0.0032372847879418966
gain_14,-0.0032484524071517916
DOW_JONES_11,-0.0032662852898280416
dividend_17,-0.0032714174507697535
economics_10,-0.0032742740366054957
services_11,-0.0032950627008159874
fed_11,-0.0032961793044548717
elected_11,-0.0033003022874084965
bank_7,-0.003312760599386322
derivatives_12,-0.0033578019893211407
earnings_2,-0.0033760993799204497
service_11,-0.0034432518079101637
banking_19,-0.0035636850188458303
founded_16,-0.003600494652091135
financial_11,-0.0036489085020775746
ore_19,-0.003661036273973561
bank_11,-0.003696043911507063
finance_7,-0.003782324039871576
office_7,-0.0038460995335309446
development_11,-0.0038943238099830024
success_17,-0.003959537917601707
gain_5,-0.004000186749736989
county_7,-0.004079472194596323
office_11,-0.004096948559219893
county_11,-0.004278236133918067
county_6,-0.004334569325872351
hedge_11,-0.004365671584994413
movie_10,-0.00459105267346851
bank_6,-0.005000425940871156
college_11,-0.0051264277935030075
served_6,-0.005189063448865961
ceo_7,-0.0052221337468032255
county_15,-0.005249974836003401
senate_2,-0.005728594841551993
revenue_17,-0.0058341188617754055
governor_2,-0.006133801948593587
stock_market_11,-0.006365883970288167
county_17,-0.00653175201314875
