feature,feature_score
crash_16,0.002996800395056698
portfolio_3,0.00271328745419388
consumption_16,0.0025890556854597955
hedge_1,0.0024560761830920708
forex_15,0.002231919391679771
DOW_JONES_15,0.0022056373990788857
dow_jones_15,0.002049212618876628
stocks_13,0.0019150521515919339
return_13,0.0017840290194526265
blacklist_10,0.0017562279570696227
consumption_15,0.001678217509664237
cash_6,0.0015381385163009576
bonds_7,0.0015106882721856562
served_10,0.0014892713083942243
ohio_12,0.0014789684456179453
minister_20,0.0014407021177347934
ore_20,0.0013821356253054696
fed_8,0.0012488832225639567
metals_7,0.001239077501128083
crash_13,0.001219817375093224
conflict_5,0.0012002441551761667
business_3,0.0011913744041262663
opportunity_4,0.0011470846305385418
inflation_2,0.0011377588314263275
served_1,0.0011282809520393622
fond_4,0.001104413919248448
investment_13,0.0011042832999289098
religion_14,0.0010827709026239418
cash_18,0.0010681583700133945
health_3,0.0010405045014598713
democratic_2,0.001012697010646435
consumption_17,0.0009890988248526078
crisis_9,0.0009670058625949274
forex_16,0.0009248044447936587
sell_13,0.000899174723858387
cancer_20,0.0008737350439325775
investment_20,0.0008483040812511389
unemployment_19,0.0008404098302904117
happy_17,0.0008162413707947236
invest_3,0.0007607159414402042
dividend_6,0.0007403172942039848
unemployment_9,0.0007352917261747472
trader_17,0.0007207597743517757
hedge_15,0.0007171049375542582
forex_7,0.000713737856358776
hedge_20,0.0007041353028771402
leverage_9,0.000697356535024074
fond_19,0.0006817519573766306
rights_3,0.0006791097115644628
gains_13,0.0006504172460100932
headlines_10,0.0006366557047352783
court_3,0.0006319225522858129
county_8,0.0006054671693373371
environment_10,0.0005947473022398508
chance_9,0.0005767498120292202
financial_markets_3,0.0005756223855912568
gains_19,0.0005596181513609855
risk_5,0.0005462088792067999
elections_12,0.0005460800094096996
seats_6,0.0005428322664358997
stocks_11,0.0005373247972635831
earnings_14,0.0005328813542633482
unemployment_4,0.0005284755070094294
earnings_17,0.0005232420414860606
elected_10,0.0005207684576292281
rich_9,0.0005178760100850166
dividend_8,0.000513097075251423
politics_13,0.0005044987271989098
ltd_5,0.0005033155652885313
conflict_16,0.0004995763608519165
movement_8,0.0004940065079491962
trader_14,0.0004689178490019152
fed_10,0.0004684023675700866
money_18,0.0004623756911537047
gain_5,0.0004623419489037994
labor_11,0.0004499042076503201
government_3,0.0004448181218907665
crash_12,0.0004415751467807816
vermont_15,0.0004321945881920142
marriage_20,0.00042233473281745316
texas_19,0.0004208119986742753
hedge_7,0.0004125900315429476
color_9,0.0004124723923520923
earnings_18,0.00040590478386666186
members_15,0.00040488286348911996
returns_12,0.00040136782165813847
gold_20,0.0003881287618130669
markets_10,0.0003789944101308063
fun_10,0.0003699934880568856
energy_3,0.0003676738091690446
trader_10,0.000362778240631445
profit_3,0.0003560139812917473
fed_18,0.00035538096129277273
members_18,0.0003540225435086919
profit_5,0.00035390184857690964
metals_16,0.0003536528914005688
risk_12,0.0003368904406946038
social_3,0.0003174139713301383
earnings_11,0.0003149123058753478
representatives_13,0.0003120329131561128
happy_16,0.0003105661600484977
freedom_4,0.0003100716457571817
ltd_6,0.0003094079713021003
nyse_15,0.0003081275032987829
portfolio_7,0.00030676232247381916
votes_12,0.0003057823183991282
debt_10,0.00030264507139659
markets_9,0.00030199824612135994
freedom_5,0.00029407628215485373
opportunity_13,0.00029237967608626293
ore_6,0.0002921391421369712
served_11,0.000285532490826812
gains_1,0.00028392954244071955
present_19,0.0002837847454413067
derivatives_9,0.0002819228065541024
stocks_12,0.0002817387117086678
ministry_9,0.0002796742800194929
tennessee_3,0.0002776066236402031
lifestyle_11,0.0002719362109863344
economics_20,0.00026539104528442434
governor_20,0.00026162578953676797
opportunity_5,0.00025985538652912866
missouri_19,0.00025812459781264784
tourism_12,0.00025609635536940625
stocks_4,0.0002553695822575364
housing_8,0.00024996824579046615
ohio_5,0.0002496566261874555
housing_16,0.000244630601641016
chance_18,0.00024204244584129507
judge_17,0.00023656780133363142
earnings_3,0.00023575721875870314
banking_1,0.00023568590095628393
opportunity_10,0.00023290861053009148
votes_20,0.00023242177997599977
bubble_12,0.00022483995790285595
BUY_AND_HOLD_9,0.00021432190513590577
ministry_6,0.0002134604135042739
consumption_5,0.0002118213737099639
chance_20,0.00021170998220447766
fine_18,0.00020843180993386224
corporation_16,0.00020836138133302208
seats_3,0.00018737932502108646
hedge_14,0.00018596332805325132
rich_10,0.00018535826864627403
color_10,0.00017711906362929408
inflation_7,0.00017479833831237634
economy_5,0.00016913146134089896
unemployment_12,0.00016895672171590714
bubble_9,0.00016794042157222133
justice_11,0.00016574978233887538
william_3,0.00016403478952875528
hedge_10,0.0001572874528271928
war_16,0.000156973074799871
earnings_1,0.00015132004265092647
bubble_2,0.0001509072391683075
industry_16,0.0001508973828926674
bubble_20,0.00014760708808956303
marriage_9,0.00014690968717994134
security_16,0.0001439877211701912
crash_6,0.00014283580494776072
seats_13,0.00014120234448624646
war_10,0.0001355266957913992
companies_3,0.00013429788539027766
members_12,0.00013360523761305477
fed_14,0.00013249599821087976
governor_6,0.00013235555911150776
county_3,0.00012844884106830712
pennsylvania_8,0.0001241644072352166
energy_20,0.00012171786284971286
profit_11,0.00012105736783085685
investment_19,0.00011925926380935703
rich_6,0.0001109718395104542
BUY_AND_HOLD_5,0.00011089456143136278
growth_14,0.00010963572247226771
ceo_3,0.00010929372428389872
chance_8,0.00010681653161859206
ore_5,0.00010602021882846202
credit_3,9.907195100546939e-05
holiday_19,9.591112082572018e-05
travel_5,9.555255496280779e-05
leverage_1,9.146405162221427e-05
representatives_20,9.106597616854728e-05
service_16,9.044507860411777e-05
nasdaq_18,9.021371443183047e-05
market_1,9.00204468349708e-05
ore_3,8.135464143679271e-05
DOW_JONES_2,8.118999932189563e-05
service_20,8.00153586338892e-05
restaurant_11,7.929637145478451e-05
kitchen_14,7.763784578103116e-05
leverage_20,7.510973670854515e-05
returns_13,7.180012146164038e-05
senate_12,6.826252954688084e-05
services_3,6.605037422535709e-05
stock_market_5,6.367821622224045e-05
return_17,6.367097747830285e-05
tennessee_5,6.221957348906404e-05
project_5,6.0636720839468695e-05
ceo_12,6.0456433193301073e-05
marketing_20,5.889691916733941e-05
garden_4,5.864998726761162e-05
headlines_6,5.727362555207893e-05
economy_15,5.5438990090350695e-05
county_12,5.494194769042338e-05
inc_16,5.34798007661097e-05
council_16,5.245904277511038e-05
seats_4,5.076328578128564e-05
world_12,5.018187900309723e-05
council_12,4.959738105425604e-05
pennsylvania_12,4.9232167154755754e-05
tennessee_20,4.865366554338557e-05
success_13,4.690444581580966e-05
conflict_17,4.359320313471748e-05
carolina_18,4.299913172780556e-05
house_20,4.2636350074043426e-05
headlines_5,4.25781467855213e-05
success_18,4.204628137747246e-05
products_8,3.811685701360368e-05
risk_3,3.791105352561886e-05
office_16,3.727499576229309e-05
invest_2,3.644105110760521e-05
minister_4,3.532480288539475e-05
service_13,3.195653415304367e-05
service_12,3.106217436243952e-05
default_7,3.0189855926066045e-05
risk_9,2.962090110638638e-05
ministry_14,2.7366661939987048e-05
leverage_5,2.7192440826784293e-05
office_3,2.4704402887731904e-05
ring_15,2.3208249606465615e-05
ministry_13,2.3157017849917415e-05
marriage_17,2.0572395478946072e-05
seats_15,1.6137999533660797e-05
security_12,1.5207986299370369e-05
stock_market_16,1.1941989137342901e-05
secretary_7,1.0283756976670055e-05
returns_17,9.589172976132154e-06
politics_12,4.0596541010407e-06
rich_2,1.2690421224315073e-06
stock_market_9,-1.8754056222647365e-06
council_8,-2.65672244366133e-06
color_13,-3.7217063797889695e-06
default_19,-3.7483630547452408e-06
committee_20,-6.176658749845743e-06
stats_1,-8.041099641342698e-06
consume_16,-1.0399112979087021e-05
derivatives_5,-1.1004509528245166e-05
health_16,-1.1338932601390184e-05
movie_12,-1.274682534222471e-05
markets_11,-1.4177588549912912e-05
ring_3,-1.485118993773682e-05
world_19,-1.71362915961204e-05
house_18,-1.748878078506877e-05
missouri_12,-1.9399222236038405e-05
finance_9,-1.985044912857781e-05
police_12,-2.2060775516896668e-05
project_19,-2.3563332815412787e-05
global_3,-2.4794004543737812e-05
dow_jones_2,-2.6161366024402e-05
profit_9,-2.8881781481371328e-05
housing_3,-2.9544011738225074e-05
home_13,-3.04422444521224e-05
economics_11,-3.1533753579338075e-05
case_3,-3.2533010293467334e-05
opportunity_9,-3.372659941267564e-05
crisis_7,-3.5671471084519624e-05
cash_17,-3.682400809579267e-05
ministry_17,-3.7056609477637005e-05
products_16,-3.9193960542927006e-05
lifestyle_8,-3.978765375842741e-05
markets_18,-4.154624427963327e-05
dividend_7,-4.3151690595499834e-05
economics_18,-4.32879771534278e-05
returns_10,-4.396652018994196e-05
buy_14,-4.447398784868106e-05
trader_6,-4.6185032435852594e-05
management_3,-4.7521822608320716e-05
missouri_3,-5.0437505486899956e-05
ltd_20,-5.220147287776644e-05
freedom_13,-5.2629617880906034e-05
massachusetts_3,-5.271077342741126e-05
kentucky_20,-5.5986422829601426e-05
stocks_9,-5.85616320602611e-05
judge_14,-5.861547530396916e-05
ltd_13,-6.011068799638419e-05
illinois_5,-6.100991422741675e-05
police_7,-6.279655516003846e-05
blacklist_15,-6.443623538274768e-05
government_12,-6.477223546401678e-05
travel_8,-6.764762307589489e-05
sell_2,-6.802069517035658e-05
unemployment_20,-7.31579438269403e-05
revenue_16,-7.40636375337278e-05
texas_16,-7.505312888191895e-05
party_17,-7.612219026098543e-05
nasdaq_1,-7.714149169548711e-05
justice_3,-8.02885906802997e-05
success_7,-8.098243643839265e-05
return_5,-8.120359923358134e-05
democratic_15,-8.381959798804406e-05
rights_12,-8.442192604256604e-05
economy_8,-8.459570182166587e-05
police_9,-8.491421586294123e-05
portfolio_5,-8.524737702773067e-05
headlines_11,-8.529666104524214e-05
security_5,-8.58186451865084e-05
metals_15,-8.686655202014837e-05
global_13,-8.692297829038242e-05
food_20,-8.716194827118606e-05
justice_5,-9.106101349891649e-05
trader_18,-9.135161855662321e-05
rich_12,-9.153484493078512e-05
cash_1,-9.204859158737922e-05
ring_16,-9.225359979547765e-05
fun_6,-9.246362994812518e-05
services_16,-9.254874404813762e-05
democratic_16,-9.503219327258172e-05
service_8,-9.516921734160632e-05
fine_14,-9.697729100754948e-05
republican_9,-9.732897514460603e-05
movement_1,-9.793376631268557e-05
bubble_5,-9.956010524039271e-05
rich_7,-0.0001001727248817863
growth_18,-0.00010128364111892108
vermont_16,-0.00010176967569661688
world_16,-0.0001029766492073536
present_7,-0.00010327466173345456
marketing_16,-0.00010566990071132487
water_19,-0.0001062648334093419
washington_19,-0.00010662905070568662
ore_1,-0.00010757019424756376
leverage_6,-0.00011133033785222235
hedge_2,-0.0001114556573001968
growth_15,-0.00011443049986077369
services_12,-0.00011510524406250777
transaction_3,-0.00011619285387356459
police_6,-0.00011756250104448807
banking_13,-0.00011772989479343909
freedom_18,-0.00011860991791619035
fed_3,-0.00011943005659860173
votes_13,-0.00012036432555280196
bank_12,-0.00012164610353575523
massachusetts_12,-0.00012254609849782216
BUY_AND_HOLD_19,-0.0001230394124736689
earnings_13,-0.0001231384874126329
invest_13,-0.00012678617340371455
trader_5,-0.00013090316173358651
market_10,-0.00013348838737494705
fine_9,-0.00013451572705820426
banking_3,-0.00013716058426986865
home_11,-0.0001375195988321032
financial_markets_4,-0.00013902375810677104
financial_markets_1,-0.0001390845280597075
economic_13,-0.00014011448162112305
security_3,-0.000141806469735406
crisis_4,-0.00014300372815887475
case_9,-0.00014424793727432216
bubble_7,-0.0001452588481811734
council_3,-0.0001503550323845193
fond_12,-0.00015232626299701568
growth_10,-0.00015438462068886327
labor_18,-0.00015497182619494954
war_15,-0.0001557757808126059
government_13,-0.00015721195161295666
founded_15,-0.0001575807375217897
fun_3,-0.0001578604353262847
society_3,-0.0001590992379388645
financial_markets_14,-0.00016172463394787951
gain_6,-0.00016241394882940963
marketing_3,-0.00016248777620735398
political_6,-0.00016330112515738904
rights_4,-0.0001639749353697928
culture_13,-0.00016416536695227358
rights_11,-0.0001642066270893361
fun_2,-0.00016436738986762566
college_5,-0.00016477280287774398
housing_19,-0.00016630940488773227
office_8,-0.0001673659775161429
inflation_6,-0.00016826859993543942
media_10,-0.00017318904453544892
nyse_3,-0.00017386653176021394
stock_market_15,-0.0001739380531218915
office_12,-0.00017508784822519718
seats_16,-0.0001760346409417357
energy_12,-0.00017625092026167798
wisconsin_19,-0.00017775317066763828
pennsylvania_16,-0.00018119312976954126
conflict_7,-0.000181772553316506
opportunity_14,-0.0001818887377433187
secretary_12,-0.00018332962860920788
elections_18,-0.00018430344411157762
conflict_4,-0.00018478667872574573
cancer_3,-0.00018758774611611352
fed_12,-0.00018835301267314808
products_11,-0.00018849769435529405
chance_7,-0.0001894175315208635
corporation_18,-0.00019198443721106794
texas_3,-0.00019219457132415573
banking_20,-0.00019282588244751153
carolina_19,-0.00019292956986809439
environment_8,-0.00019350105296740417
security_18,-0.0001953817088688803
texas_18,-0.00019776918839524703
environment_12,-0.00019797745587530892
court_12,-0.00019833457256424047
million_10,-0.00019959731456127284
ltd_7,-0.00019992924793246213
world_6,-0.000200438457948926
conflict_14,-0.00020066271965994974
movement_4,-0.000201037730550091
gold_17,-0.00020155455983423832
ore_10,-0.00020341455917016749
oil_8,-0.00020503702782608267
corporation_12,-0.00020586312312551592
politics_11,-0.00020672809957591464
president_15,-0.00020754824607265298
banking_12,-0.00020959312835864275
case_13,-0.00020994081833365376
growth_5,-0.0002100215236712888
members_7,-0.00021056008416944216
carolina_8,-0.0002109717989750015
color_5,-0.000211270106827266
greed_17,-0.0002118664619835453
governor_14,-0.0002119993962896638
finance_12,-0.00021382902509980983
politics_10,-0.00021450073334581266
stocks_19,-0.00021783732384850207
county_7,-0.00022120365496760552
ceo_13,-0.0002213473720460213
cancer_5,-0.00022149627200471756
union_12,-0.0002229755580885451
return_15,-0.00022497167854629296
housing_2,-0.00022558152021103783
default_8,-0.0002266746864892033
forex_12,-0.00022883949577316985
firm_2,-0.0002290119722642814
revenue_17,-0.00022949467782240607
money_17,-0.00022961705980186763
house_1,-0.00023018498180880088
committee_11,-0.0002331654626646751
banking_17,-0.00023329627278092512
products_20,-0.00023401409658456717
food_11,-0.00023480444599981442
college_3,-0.00023514628264744707
gains_12,-0.0002353798634648907
representatives_8,-0.00023672964570953248
greed_14,-0.00023861674458161008
economy_9,-0.00023872185933637713
bank_16,-0.00024022417328832811
fun_15,-0.00024055250490977452
movement_16,-0.00024067564769811867
credit_7,-0.00024099819309106874
companies_20,-0.00024121343792016248
color_18,-0.00024246652995540963
cancer_16,-0.0002442929413021044
community_9,-0.00024515431793208363
gain_8,-0.00024535783923171903
georgia_9,-0.0002462243063085623
leverage_12,-0.00024761754079349885
culture_5,-0.0002484306719309881
democratic_10,-0.0002494767799413822
members_19,-0.0002502977477704782
blacklist_12,-0.0002508693415518515
illinois_16,-0.0002510060877516596
government_14,-0.0002520533808717529
security_7,-0.0002527397838449241
default_16,-0.00025299833952576736
BUY_AND_HOLD_6,-0.0002549855174952986
judge_18,-0.00025575411783060884
present_20,-0.00025730993320167707
industry_7,-0.0002585522801489937
unemployment_14,-0.00025871963829566803
gains_18,-0.0002597749588814535
food_9,-0.00026042615553449887
york_5,-0.00026051431605584875
court_18,-0.0002608252361178787
return_4,-0.00026110115755988427
chance_6,-0.0002633516425472937
water_10,-0.0002635261467797578
society_20,-0.0002638331349742451
party_13,-0.0002639614489124753
kitchen_6,-0.00026407682413143174
services_20,-0.0002647449928244727
dividend_14,-0.0002654295923634642
crisis_16,-0.00026637171908396875
inc_18,-0.00026668778581810936
members_2,-0.00026798749365719576
marriage_8,-0.00026840849939626656
marketing_8,-0.0002695182384927053
tennessee_19,-0.00027038419416021143
return_6,-0.00027054896404947736
vermont_7,-0.0002724809908768444
republican_19,-0.0002728883263978021
corporation_3,-0.00027307606907174266
missouri_7,-0.0002734064480604204
committee_17,-0.00027395495049076235
credit_20,-0.0002744133686062744
office_20,-0.0002752537976378422
illinois_19,-0.000275650386480919
dividend_20,-0.000275783261576934
headlines_12,-0.0002758645352845202
money_20,-0.0002762528085801019
federal_3,-0.00027782472045210225
york_3,-0.0002793637068510657
train_5,-0.0002797114680882729
economics_1,-0.00028009563105331204
travel_9,-0.0002803219837153703
inc_8,-0.00028130719053012234
credit_16,-0.00028151029289527065
food_2,-0.000282574538046787
marriage_12,-0.00028409668416100596
stats_12,-0.0002846728859809744
gains_2,-0.000284967721709406
crisis_17,-0.0002852627187371892
social_20,-0.0002861723387789672
social_12,-0.0002867858581335314
political_3,-0.00028720449767627443
consume_17,-0.00028749581391256384
housing_18,-0.0002887125956724912
financial_12,-0.000290090276946664
market_16,-0.0002904341286831924
return_12,-0.0002909641374396754
case_11,-0.0002916714798613329
government_11,-0.0002923556642711933
members_1,-0.0002934291692154423
ministry_7,-0.00029462481213127223
economic_12,-0.0002946617668583507
government_8,-0.0002952439237525528
religion_12,-0.00029567017847522694
judge_2,-0.00029806263124139144
loss_3,-0.00029823647203761625
return_20,-0.0002985715668236022
tourism_2,-0.00029919424937001614
york_19,-0.00029922725156590336
illinois_6,-0.00029984039985964106
ring_12,-0.0003002553704970046
seats_5,-0.00030206801068717316
default_5,-0.00030221186387831
virginia_13,-0.0003022615855631905
food_16,-0.00030317873740637324
water_18,-0.00030377274824915367
happy_1,-0.000303983650132178
housing_9,-0.0003066538580713818
community_12,-0.00030739579125109716
rich_3,-0.0003076329942432343
money_16,-0.0003077801711752315
money_15,-0.00030882489550416726
bubble_6,-0.0003094596188655041
blacklist_8,-0.00031238704115812423
energy_10,-0.00031255055431651525
washington_12,-0.00031327464255164194
management_16,-0.0003133566619442529
ltd_3,-0.0003134520202845659
economics_3,-0.0003138267939253314
revenue_20,-0.0003139654207328091
return_18,-0.0003141133119184403
illinois_20,-0.00031482086693723765
world_17,-0.0003149144173808516
rich_4,-0.0003157437454849088
loss_10,-0.0003158419199890128
ore_11,-0.000316071406256424
ceo_5,-0.0003162160653952473
tourism_8,-0.0003163181986158836
president_6,-0.000317441029336174
invest_20,-0.000317636514682218
derivatives_20,-0.00031790057627927303
financial_markets_8,-0.0003179019874441025
consume_14,-0.0003179229039937725
served_12,-0.00031811567652839656
buy_3,-0.0003198954388567099
color_20,-0.0003208098222466704
profit_12,-0.00032202647115178176
society_12,-0.000324981448839079
inc_3,-0.0003258516712824289
act_12,-0.00032625519232956093
housing_7,-0.00032654984653994744
politics_7,-0.00032739767683156453
products_18,-0.0003279509420807569
products_5,-0.00032933109851827067
tourism_17,-0.00033032524623146655
federal_16,-0.00033181750464748026
ring_10,-0.0003319315680277546
firm_16,-0.00033194810551731015
community_20,-0.0003320675572087817
unemployment_3,-0.00033255767369040347
carolina_12,-0.0003325679187260455
illinois_18,-0.00033421735674863393
movie_18,-0.0003345385994779182
million_1,-0.00033483318711069465
cash_9,-0.00033612957847106717
governor_12,-0.00033673922043615524
republican_18,-0.00033679175795811036
restaurant_16,-0.0003368126301526608
politics_14,-0.00033838583420491285
financial_markets_7,-0.0003397463686588997
justice_19,-0.00033978636017562014
political_18,-0.00034016840626438505
management_18,-0.0003411397444497588
train_12,-0.0003412363007384789
house_17,-0.0003412772298496014
seats_7,-0.00034227970333491344
bonds_11,-0.00034267351627697006
president_5,-0.00034282705537938
blacklist_17,-0.0003428335162686702
credit_12,-0.00034337587090822464
greed_13,-0.000343893457386657
earnings_20,-0.00034453320813689905
bubble_4,-0.00034495020592124616
wisconsin_12,-0.0003455297117232581
train_17,-0.000345662447876105
forex_18,-0.00034602202379536707
stock_market_4,-0.0003463538990043036
massachusetts_16,-0.0003470119455787346
community_5,-0.00034713553030418787
stocks_18,-0.00034726270856182405
freedom_17,-0.00034799868657506836
massachusetts_6,-0.00034826982948854557
law_3,-0.0003484382891673965
president_7,-0.0003485224001218201
default_14,-0.0003485380342486133
massachusetts_1,-0.00034945080693675744
religion_15,-0.00034947620048451087
fun_16,-0.00035024535785823654
consumption_14,-0.00035029160006943004
technology_12,-0.0003509858069651095
party_18,-0.00035240181795219704
tennessee_14,-0.0003531552811518068
portfolio_13,-0.0003535754365393773
marketing_14,-0.00035391396718913447
business_20,-0.00035402004191145144
invest_4,-0.00035452692380555373
crash_5,-0.0003547315625645364
consumption_4,-0.0003552011753153339
energy_7,-0.00035646198164847044
garden_19,-0.00035761365296853586
stats_15,-0.00035839648718123397
members_4,-0.0003590476530515918
kitchen_3,-0.00035907104306380776
virginia_12,-0.00035911196138731504
success_11,-0.0003591342462670566
bank_20,-0.0003596958431673736
freedom_8,-0.0003598907261976869
ring_5,-0.0003603002517540865
fond_7,-0.00036048741571497177
debt_17,-0.00036069242288323534
world_8,-0.00036084228754500457
william_9,-0.0003610362687894719
justice_17,-0.0003611110327307543
food_4,-0.0003613206521670742
elections_8,-0.0003615662015739263
conflict_15,-0.00036236976819610246
judge_11,-0.0003629451578069709
home_17,-0.00036353204203047883
senate_19,-0.00036356107525203907
arts_14,-0.0003636833468891432
case_19,-0.0003641430276641211
headlines_1,-0.00036418015167671847
votes_5,-0.00036431688666220817
illinois_8,-0.0003643198381064083
world_5,-0.0003643574329597277
car_16,-0.00036520440994909366
BUY_AND_HOLD_20,-0.00036540139884513325
garden_7,-0.0003657306352488288
members_9,-0.0003657530875173398
economy_3,-0.00036670641098521803
republican_11,-0.00036677824208513065
rich_8,-0.00036683270713047114
consume_8,-0.0003672511580832483
carolina_5,-0.00036819439398310115
voters_13,-0.00036841381122942884
political_5,-0.00036959010954422665
metals_1,-0.0003703537669369261
tennessee_12,-0.0003709141333899657
debt_14,-0.00037096669663445604
conflict_3,-0.0003710034217003999
massachusetts_20,-0.0003720524630140387
stocks_3,-0.0003721055678087559
car_12,-0.0003735021560994145
finance_16,-0.0003737427408693872
holiday_20,-0.00037508215956512104
energy_5,-0.00037704555473596637
inflation_14,-0.0003771168824682203
district_12,-0.0003771601040005512
opportunity_19,-0.00037744019223391324
marriage_2,-0.0003792228970290301
york_14,-0.00037928037130765537
virginia_3,-0.0003811213170517469
house_11,-0.0003815045722256327
case_5,-0.0003817203393801538
security_2,-0.00038213943704992206
travel_19,-0.0003825695650000238
virginia_11,-0.0003832561021597236
loss_5,-0.000383602542482997
minister_18,-0.0003844311813709478
gold_2,-0.0003849365318330467
BUY_AND_HOLD_4,-0.00038658748104853925
firm_13,-0.00038673188863653786
crash_1,-0.0003871657821533425
industry_13,-0.0003873478973321021
water_17,-0.0003876136727249069
technology_8,-0.0003891641104254662
financial_markets_6,-0.00038924273505214213
development_18,-0.00038957550707581224
energy_16,-0.00038983397209615413
kentucky_9,-0.00039096073060440606
committee_7,-0.00039107454995017664
gold_13,-0.00039145384203349566
court_20,-0.0003919272995613676
economic_9,-0.00039219951370861317
movie_16,-0.00039236294605902164
dividend_19,-0.0003924858705413037
war_5,-0.00039265172495266397
council_14,-0.0003927573279220553
leverage_18,-0.0003931569161001791
william_20,-0.00039451017290910163
rich_5,-0.0003954505117669704
elections_19,-0.0003954687468270546
water_6,-0.00039631405660129905
fun_14,-0.00039722128061632224
society_13,-0.0003975511294253664
oil_5,-0.0003980055890489442
movement_6,-0.00039913295016880124
society_19,-0.00039932714799633117
politics_1,-0.0003997112729299701
bubble_18,-0.00040004022426383125
loss_1,-0.00040126351302125494
blacklist_7,-0.0004020296653925559
return_7,-0.00040477358806427776
served_7,-0.0004053274530431139
business_7,-0.0004053720346919532
party_14,-0.00040552652967071887
political_12,-0.00040600678952118496
union_20,-0.0004060695562076555
tourism_10,-0.00040653047051926184
union_19,-0.0004068663171681752
gain_1,-0.0004069919257266408
greed_12,-0.00040723573152632306
members_17,-0.0004075002013589124
republican_16,-0.00040756455472095164
security_20,-0.00040823791588744384
governor_4,-0.0004082450564544482
home_12,-0.0004083794564573084
color_15,-0.00040861567708296855
pennsylvania_13,-0.00040869720224796514
garden_12,-0.0004087438781697372
carolina_16,-0.0004088011717982232
nyse_13,-0.0004095968260388716
social_16,-0.00040988590302644124
committee_12,-0.0004101331220531357
marketing_2,-0.0004104114774100331
vermont_4,-0.000410931163878403
BUY_AND_HOLD_18,-0.0004112985043212669
service_9,-0.00041229971809944035
BUY_AND_HOLD_17,-0.0004131798488330229
judge_12,-0.0004133007592836746
nyse_14,-0.0004137677820697849
market_8,-0.00041381184098250313
economics_6,-0.0004146907458260518
revenue_19,-0.00041529317539179544
restaurant_7,-0.00041533803020272765
services_18,-0.00041541870935639657
gold_18,-0.00041574176528507144
buy_12,-0.0004161776361063296
environment_18,-0.0004162386287570374
democratic_19,-0.0004163055040124375
act_14,-0.00041677726949920226
tourism_18,-0.00041810394906933724
vermont_14,-0.0004186014950806838
legal_2,-0.0004188667842896621
finance_7,-0.0004194513031086977
invest_15,-0.0004197881717050045
invest_14,-0.0004198263420193138
companies_12,-0.00042001739011001684
rights_13,-0.0004200254224854483
ministry_3,-0.00042030269000830066
bonds_19,-0.00042052545838620057
profit_16,-0.00042076408638387354
lifestyle_6,-0.00042111668994271323
union_3,-0.00042134790906986905
justice_9,-0.0004215353122504206
happy_11,-0.0004222792935005826
carolina_9,-0.0004225432549882058
labor_12,-0.0004226837923489102
development_12,-0.0004227905326003922
risk_2,-0.0004230002835026836
york_11,-0.00042323475290031445
william_17,-0.00042334107132011576
dividend_10,-0.00042406824376930443
buy_2,-0.00042460937816464207
fine_1,-0.0004256268704407429
federal_12,-0.00042674418063346484
house_14,-0.0004273055900070544
headlines_7,-0.00042730610833867643
hedge_8,-0.0004275540408200218
culture_17,-0.0004276357175875267
society_7,-0.0004282139703413179
illinois_7,-0.0004285790664961153
security_9,-0.0004287287146102381
nyse_9,-0.0004296151304177931
house_6,-0.0004299374655357457
derivatives_7,-0.00043065197540561597
happy_5,-0.00043110852158285696
world_13,-0.00043116451503890654
market_6,-0.0004313723077565834
transaction_4,-0.0004315443952136455
financial_16,-0.000431901800553347
members_14,-0.00043222631107666667
act_19,-0.00043249012486521463
car_19,-0.0004324965791258517
economy_14,-0.0004333148736104686
consume_15,-0.0004337135060812791
financial_markets_17,-0.00043502442679530515
economics_10,-0.0004350335210453027
gain_4,-0.00043554157706120477
debt_16,-0.00043589125452718757
marriage_1,-0.0004359425762511915
economy_17,-0.00043651792509749046
chance_16,-0.00043675713238933156
headlines_8,-0.00043697794969708157
financial_14,-0.00043749595534028354
tennessee_18,-0.0004374986662009306
leverage_4,-0.0004378147061022242
voters_16,-0.0004387462711723966
profit_4,-0.0004388230535206317
environment_3,-0.0004392373087535262
business_13,-0.00043957340181277615
president_17,-0.00043969798958087836
missouri_13,-0.0004397798105555184
food_12,-0.0004397951801912159
consume_19,-0.0004399314729809811
BUY_AND_HOLD_11,-0.00044003773829350836
firm_8,-0.0004410723085053858
party_2,-0.00044116393669104694
travel_11,-0.00044116763447450414
kitchen_11,-0.0004416356603734739
risk_4,-0.00044206946905671617
vermont_20,-0.0004422753946134783
missouri_18,-0.00044254179958864716
massachusetts_19,-0.00044298882127846717
garden_16,-0.0004430759026431419
ministry_5,-0.00044333041376380943
restaurant_6,-0.00044337728067214146
travel_15,-0.0004434429434432063
conflict_18,-0.0004437957895681244
county_5,-0.0004438190941999487
banking_7,-0.000443848932631008
virginia_16,-0.0004440361492058065
short_sell_2,-0.0004452329459942561
tourism_4,-0.00044532256871503416
garden_3,-0.00044546772360813945
economic_6,-0.0004457991857715893
risk_14,-0.00044591605153945226
representatives_10,-0.0004459778433926198
inflation_1,-0.0004464916464257618
money_1,-0.00044697725693358946
religion_10,-0.00044758473925425867
transaction_14,-0.00044981552292744365
act_6,-0.00045005115678058426
arts_13,-0.0004500871241619242
society_16,-0.0004503920479871137
justice_10,-0.00045065830378658854
judge_6,-0.00045069786171241243
ring_17,-0.00045081871806409437
cancer_18,-0.0004509752328795136
elections_17,-0.0004513427523244795
william_5,-0.0004514961287698016
short_selling_16,-0.00045172148085801387
rich_20,-0.0004518969566252418
culture_11,-0.00045201506026035785
invest_17,-0.0004520198347258475
tennessee_16,-0.00045220206581702004
garden_17,-0.000452288112931587
opportunity_8,-0.00045268032278869
firm_12,-0.00045388181335046516
companies_2,-0.00045542341886282143
war_12,-0.0004558947607377961
college_20,-0.000455938359178143
gold_10,-0.00045598604603667157
case_20,-0.00045705249413583446
secretary_9,-0.0004571698222672227
trader_19,-0.0004572855729993774
elected_3,-0.0004574827107429069
georgia_18,-0.00045816825986160213
global_19,-0.00045863792768885414
media_16,-0.0004588986984827237
garden_2,-0.0004596020264054479
greed_16,-0.00045988147784974397
returns_11,-0.0004603879680108003
earnings_6,-0.0004605989637235464
growth_9,-0.00046074821991519687
election_8,-0.00046172801987869326
companies_14,-0.00046217437506541615
success_3,-0.00046300046122316196
voters_19,-0.00046363209524240555
greed_5,-0.00046419200532286096
consume_12,-0.0004645806682848086
car_13,-0.000464633883654364
judge_3,-0.0004648758215432647
senate_11,-0.00046522319970134787
fed_2,-0.0004652957791947632
technology_16,-0.00046571334985301416
fed_13,-0.0004659395409642553
environment_17,-0.0004674507777254311
case_4,-0.00046753627854123625
house_7,-0.00046762655792547124
present_14,-0.00046802022272522946
metals_20,-0.0004681088088549723
crisis_13,-0.0004688239830560548
texas_12,-0.0004689285933279663
financial_markets_10,-0.0004691090046441415
present_1,-0.00046916873109659196
unemployment_5,-0.00046929099348567147
conflict_10,-0.000469414989915351
portfolio_20,-0.00046997623027436044
financial_markets_15,-0.0004700576587915783
greed_11,-0.0004702168274322016
food_1,-0.00047024719092194636
votes_8,-0.00047042560979611016
greed_8,-0.0004706599601792094
holiday_3,-0.00047081310811072365
gold_16,-0.0004708445225445557
derivatives_6,-0.00047088029819635223
ring_13,-0.0004712259785289996
crisis_6,-0.00047157886386599567
secretary_13,-0.00047195866954405916
housing_20,-0.00047202469885700984
judge_13,-0.0004722536598616545
chance_10,-0.0004722773286925053
blacklist_18,-0.0004728524702057424
war_3,-0.00047324092315128576
return_3,-0.00047334880044846983
money_4,-0.00047340170318461717
short_selling_4,-0.0004741860965529199
media_3,-0.0004743612615982329
president_1,-0.00047445239859296163
ring_2,-0.0004746285481095569
war_8,-0.00047472089412230466
happy_12,-0.00047493511053349203
metals_10,-0.0004749577464525867
voters_1,-0.00047555486293926474
short_selling_15,-0.0004759706112236195
market_15,-0.0004761395645128452
freedom_1,-0.000476406781436034
short_selling_6,-0.00047668953163131355
blacklist_11,-0.00047669510318355536
economics_14,-0.00047681916579485063
social_18,-0.0004768237982015311
pennsylvania_5,-0.00047693903630925406
inflation_12,-0.0004775693714939466
arts_18,-0.00047788895342280033
restaurant_10,-0.00047799927126130904
trader_2,-0.00047820885207559003
economics_19,-0.00047833200896056914
gold_3,-0.00047865444619399344
arts_7,-0.0004790898160852208
democratic_14,-0.00047922027773419364
short_sell_15,-0.0004801060873563134
train_19,-0.0004801250282401526
movement_5,-0.00048042620107890954
police_11,-0.00048065549454421317
republican_6,-0.0004810734201490696
crash_19,-0.0004811963473724479
fine_3,-0.0004818465142715445
cash_10,-0.0004818859260027564
finance_5,-0.000482108238255341
culture_12,-0.0004821184995291494
economics_8,-0.0004821239639303698
war_1,-0.00048242086412169093
present_18,-0.0004824392505674346
tennessee_11,-0.000482819409600066
house_2,-0.0004835926953561387
companies_18,-0.0004839765623763759
republican_8,-0.00048450864925069225
products_3,-0.00048452664841061035
lifestyle_18,-0.0004848749657271778
war_14,-0.0004854754782384063
vermont_11,-0.0004855605210367653
rights_2,-0.000486157044524127
marriage_13,-0.00048621140524105486
federal_20,-0.00048697833356858844
party_1,-0.00048699929936659727
consume_9,-0.0004870627849652864
rights_17,-0.0004874043028896935
train_11,-0.00048755367737232105
culture_20,-0.0004876994144376257
house_19,-0.0004878277439621215
committee_3,-0.00048816294834084226
william_18,-0.0004885959005613393
short_selling_12,-0.0004887690291458746
returns_18,-0.0004892485973561067
project_1,-0.0004894588547584622
case_14,-0.0004896964552427274
products_14,-0.0004900161348695642
economy_4,-0.0004902029730858626
financial_markets_2,-0.0004902932785835867
cash_8,-0.0004905290249333838
leverage_14,-0.0004905781611600046
global_12,-0.0004910669708567461
money_3,-0.0004911881933290507
returns_16,-0.0004912014873324378
votes_19,-0.000491328923376888
media_18,-0.0004914156046622375
legal_9,-0.0004915657720226286
community_16,-0.000491681623823892
world_7,-0.0004920943095661823
elections_6,-0.0004922522219334757
consumption_13,-0.000492416011586183
firm_14,-0.0004926885082492616
consume_6,-0.0004927419987463599
arts_10,-0.0004928691035848587
markets_6,-0.0004930607913591345
act_16,-0.000493144296680903
ltd_16,-0.0004937508022256453
short_selling_13,-0.0004938370512352685
seats_12,-0.0004941780265380169
cancer_11,-0.0004942219074309584
law_20,-0.0004942822952236136
war_9,-0.0004944196488415598
william_2,-0.0004948356173550827
law_5,-0.0004948409837726375
short_sell_1,-0.0004949560847263612
crisis_10,-0.0004952400530972234
district_16,-0.0004953137966807076
short_sell_5,-0.0004953773071076251
cash_20,-0.00049537934374555
consume_13,-0.0004954473887134103
stocks_1,-0.0004954611634566897
financial_markets_13,-0.0004955627131957962
carolina_7,-0.000495816995721543
society_10,-0.0004964924350585153
georgia_12,-0.0004973532738617781
bubble_16,-0.0004975414716385185
blacklist_5,-0.000497543401017575
culture_3,-0.0004975875059473278
massachusetts_2,-0.0004975877312034305
marketing_12,-0.0004978759432888502
water_9,-0.0004979687357492324
train_6,-0.0004988478514921457
union_7,-0.0004989146328129524
cancer_12,-0.0004990866733015853
finance_3,-0.0004994365371386422
seats_8,-0.0004995860322216661
justice_14,-0.0004996323605125586
products_12,-0.0005001641557451642
carolina_15,-0.0005005395833752813
kentucky_8,-0.0005008007431607675
war_20,-0.0005009396665638155
texas_5,-0.0005010061240174446
short_selling_3,-0.0005010256281909875
ltd_11,-0.0005010611490171568
secretary_10,-0.0005012306370423047
inflation_16,-0.0005013281173664952
trader_20,-0.0005014439539706705
wisconsin_9,-0.0005015657768274506
judge_4,-0.0005016680186433975
votes_7,-0.0005016789449006964
william_7,-0.0005017697676224398
opportunity_11,-0.0005018788485516401
kentucky_18,-0.0005018873322249151
portfolio_11,-0.0005019093541128062
movement_17,-0.0005022335186926519
car_2,-0.0005023604163118201
arts_9,-0.000502421465857017
law_12,-0.0005027689466268193
rare_earths_1,-0.0005032703508550896
money_12,-0.0005040152665645392
virginia_20,-0.0005041329158359086
ohio_7,-0.0005042634435720395
secretary_15,-0.000505195955821236
labor_16,-0.0005052070457565394
housing_12,-0.0005052097244057085
kentucky_12,-0.0005052143255521946
water_13,-0.0005054127749656745
case_2,-0.000505539764882812
debt_8,-0.0005071744375818143
metals_11,-0.0005074292142869697
arts_1,-0.0005074532832799016
blacklist_6,-0.0005075727015426912
act_11,-0.0005079471828665305
BUY_AND_HOLD_3,-0.0005083712686419162
rare_earths_2,-0.0005083931848200995
carolina_13,-0.0005084559103336828
transaction_5,-0.0005085027796103647
rare_earths_11,-0.0005086591551596076
voters_5,-0.000508743991311178
service_3,-0.0005087470991334886
revenue_12,-0.0005088028217472118
war_7,-0.000508807219389018
debt_1,-0.0005088658239400968
rare_earths_10,-0.0005088661764367508
BUY_AND_HOLD_13,-0.0005094560892815458
media_5,-0.0005095935977401878
rare_earths_12,-0.0005098596120116872
restaurant_1,-0.0005102234755629098
returns_8,-0.0005103186664756176
district_18,-0.0005104872270282445
portfolio_1,-0.0005105918618386385
rare_earths_9,-0.0005106272061744521
carolina_11,-0.0005108800439080019
voters_20,-0.0005109790229741451
rare_earths_5,-0.0005111443227579171
rare_earths_15,-0.0005111979428743529
war_2,-0.0005111988635797982
william_12,-0.0005112804968754548
train_1,-0.0005113260501767192
rare_earths_3,-0.0005115303606542776
products_7,-0.0005116241740299899
short_sell_4,-0.0005117232798736327
rare_earths_13,-0.0005118052142183416
inflation_4,-0.0005118204503581136
texas_8,-0.0005118893375974043
stats_2,-0.0005119570125959427
loss_11,-0.0005119941814669904
republican_3,-0.0005121176887775914
media_2,-0.0005122288617976478
oil_3,-0.0005122377439941595
elections_15,-0.0005122922584236189
rare_earths_4,-0.000512311694209644
market_12,-0.0005126676676147302
short_sell_10,-0.0005128111716743655
tourism_3,-0.0005128628724164086
rare_earths_18,-0.000513078764549757
massachusetts_18,-0.0005131716990519397
short_sell_3,-0.0005132958980091695
gain_16,-0.0005133013732458336
rare_earths_16,-0.0005133285787404018
loss_9,-0.0005134182505767803
short_sell_6,-0.0005134470791132939
ohio_20,-0.0005134647067211784
management_12,-0.0005136134922491431
democratic_17,-0.0005136916196659014
york_18,-0.000513889019293301
police_2,-0.0005139189000848531
fine_17,-0.0005140531472128229
holiday_5,-0.0005142808100922381
revenue_9,-0.0005144603569419814
greed_15,-0.0005144738434223583
rare_earths_19,-0.0005145925378504668
party_9,-0.0005146633897791242
short_selling_10,-0.0005146782117376958
rare_earths_20,-0.0005151434585276115
fine_13,-0.0005151444036125774
movement_14,-0.0005152109359655155
rare_earths_14,-0.0005152128900103969
freedom_10,-0.0005154711439020243
food_14,-0.0005156622337024741
massachusetts_10,-0.0005159906279986748
financial_markets_20,-0.0005159948777581303
inflation_20,-0.0005162172848731883
water_15,-0.0005162608008622005
political_1,-0.000516608934644025
tourism_19,-0.0005168018470251612
democratic_3,-0.0005169602660030304
representatives_6,-0.000517225066748983
short_selling_1,-0.000517429367001676
travel_10,-0.0005180839751736555
voters_6,-0.0005180897639073256
bank_8,-0.0005181894866584047
president_11,-0.0005185226708443568
culture_15,-0.000518960468543761
voters_10,-0.0005189857734902992
rare_earths_17,-0.0005191542687530415
train_4,-0.000519349812555836
party_11,-0.0005194614205619175
fun_13,-0.0005195989792389887
rare_earths_8,-0.0005198373103435961
district_20,-0.0005201186721680795
color_12,-0.0005204539084132209
crisis_14,-0.0005206447375279532
risk_11,-0.0005208440782080714
sell_6,-0.000522008351480463
short_sell_17,-0.000522192829496948
vermont_1,-0.000522404516332764
ceo_19,-0.0005225479348240913
restaurant_2,-0.0005227342089521248
debt_13,-0.0005229016140218867
labor_17,-0.0005231564835616487
car_17,-0.0005232235579863298
illinois_12,-0.0005232254379077927
short_selling_7,-0.0005232559751999988
financial_markets_16,-0.0005234617726065371
case_12,-0.0005237460021201068
war_4,-0.0005239018956480823
bonds_1,-0.0005240544134875735
rare_earths_6,-0.0005241964191531779
votes_9,-0.0005245609881561642
judge_1,-0.0005247868654645771
market_9,-0.0005248454619434905
housing_6,-0.0005248848738238054
industry_6,-0.0005254130423662185
marriage_18,-0.0005254975713483656
short_sell_7,-0.0005255164998369643
short_sell_8,-0.0005256736227917224
house_12,-0.0005256759507171304
media_6,-0.0005257159759189944
gold_12,-0.0005258484542741027
travel_20,-0.0005260851108551678
greed_3,-0.0005261352903891625
oil_11,-0.0005261843606495953
kitchen_7,-0.0005264773927796895
return_2,-0.0005265558857449725
court_14,-0.0005270083597500363
short_selling_19,-0.0005271246308597322
rights_8,-0.0005272724473015522
secretary_3,-0.0005272889233676415
media_13,-0.0005275126192695101
justice_7,-0.0005275328494968479
democratic_8,-0.0005279141825028644
police_8,-0.0005279588213525476
consumption_20,-0.0005280027936085396
marriage_10,-0.0005280856938512102
short_sell_19,-0.0005281379883617987
risk_16,-0.0005281794666232243
tourism_1,-0.0005284501573096456
train_7,-0.0005285984672898758
development_20,-0.0005286349397506385
short_sell_18,-0.0005287817011644602
sell_11,-0.0005289349479589811
washington_16,-0.0005290231216583674
rare_earths_7,-0.0005291367877801045
money_8,-0.0005292366900907286
law_16,-0.0005292611640983713
money_2,-0.0005294472425866559
banking_14,-0.0005295065475364958
william_19,-0.0005295714919721029
home_2,-0.0005296647433482349
missouri_10,-0.0005296967250030705
home_14,-0.000530030852149399
products_13,-0.0005300954833504124
home_19,-0.0005301516867005418
votes_14,-0.0005302318312553789
cash_12,-0.0005305277547332565
project_12,-0.0005306466829991363
business_14,-0.0005307428086021249
metals_8,-0.0005307432731609163
freedom_12,-0.0005308024649968823
gain_7,-0.0005308461194079905
million_15,-0.000530884414413535
fine_16,-0.0005310270251011051
debt_12,-0.0005315519747439267
votes_10,-0.0005317752837405765
services_14,-0.0005321214250702643
money_6,-0.0005321773346201875
act_9,-0.000532262461857691
sell_19,-0.0005322713173876003
founded_12,-0.0005324112081076749
car_14,-0.0005325407951615402
social_5,-0.0005326914077718348
society_11,-0.0005328699818766047
consume_4,-0.0005331562363045216
financial_markets_12,-0.0005332462637359647
wisconsin_16,-0.0005342803189871015
returns_19,-0.0005342891033717656
blacklist_14,-0.000534336370566213
fun_20,-0.0005345788206446489
legal_3,-0.0005351726845233661
health_12,-0.0005354948307424445
marketing_9,-0.0005356665145558326
debt_4,-0.0005360342755277969
energy_11,-0.0005364055636553511
missouri_6,-0.0005364269343284489
nasdaq_6,-0.0005368670507808426
travel_13,-0.0005369244051880662
law_18,-0.0005371260148294476
technology_13,-0.0005371611345184491
train_14,-0.0005379812155405838
color_17,-0.0005381435651631517
short_sell_12,-0.0005385585585967023
services_13,-0.0005385923044428864
movement_2,-0.0005388179840339236
short_sell_20,-0.0005388833248336055
ltd_4,-0.0005394105132183302
federal_9,-0.0005395543585582585
freedom_14,-0.0005400467808674758
vermont_9,-0.0005400720122887614
president_8,-0.0005402105077415342
consume_11,-0.0005402380753806613
kentucky_2,-0.0005404153697730508
washington_18,-0.0005407660523801816
tennessee_9,-0.000541090077384232
economics_16,-0.0005411105492487689
dividend_5,-0.000541333062329219
political_16,-0.0005413769165689475
return_16,-0.0005416582027238936
companies_9,-0.0005416616581986888
marriage_3,-0.0005417184661746566
william_1,-0.0005420298102311927
trader_7,-0.0005427834010619303
republican_7,-0.0005428620081955549
tennessee_8,-0.000543036043709555
case_16,-0.0005431260241052672
fun_1,-0.0005432006411773438
carolina_1,-0.0005434240957019609
william_15,-0.0005436973666790746
short_sell_13,-0.000543945934474932
food_8,-0.0005440048068171555
firm_18,-0.0005440070767224414
voters_9,-0.0005440250792355661
voters_11,-0.0005441728049216721
federal_14,-0.0005441788654835022
media_20,-0.000544205756447269
rich_11,-0.0005445292098106957
cancer_7,-0.0005447594619918839
travel_18,-0.0005449612815394689
revenue_14,-0.0005450246522266333
elected_9,-0.0005450922706718098
car_8,-0.0005454485727054648
happy_4,-0.0005455453796661125
returns_2,-0.0005455482979617399
train_18,-0.0005457923513149998
global_16,-0.0005458141989100884
georgia_7,-0.0005458882850752689
rights_14,-0.0005461321963627696
republican_2,-0.000546844423841586
political_17,-0.0005468814462151528
loss_16,-0.0005469641903067535
greed_18,-0.000546966304380847
dow_jones_16,-0.0005470244936800261
short_selling_2,-0.000547074402547243
food_18,-0.0005472790132195593
travel_7,-0.0005473233602065975
inc_13,-0.0005473243560507157
political_15,-0.0005475659449438064
act_7,-0.0005476996222608665
firm_5,-0.0005477211217948863
world_20,-0.0005477497416493948
crisis_15,-0.0005478360966129969
political_4,-0.0005478579844010678
votes_17,-0.000547890281802177
greed_19,-0.000547998325792598
kentucky_14,-0.0005483020902749214
war_17,-0.0005484121723422719
massachusetts_9,-0.0005487350771511412
products_10,-0.0005488594246903844
inc_12,-0.0005489001714005459
culture_9,-0.0005489558287388174
pennsylvania_18,-0.0005491323894176947
restaurant_12,-0.0005495095880523104
earnings_5,-0.0005497904254405439
served_4,-0.0005498612874828667
economics_7,-0.0005502135722256218
fed_20,-0.0005502981099958948
health_18,-0.0005503648078551082
products_6,-0.0005504115017611388
health_14,-0.000551476422487851
environment_9,-0.0005516470874512124
economy_16,-0.0005517667201594634
money_10,-0.0005519182388810107
missouri_14,-0.0005520001897327154
short_sell_16,-0.0005525231686916321
travel_14,-0.0005527786049611238
rich_17,-0.0005527792162017597
stats_4,-0.0005527807626181325
judge_20,-0.0005529583845709452
arts_11,-0.0005531470593601373
court_16,-0.0005531778826401545
financial_markets_19,-0.0005533921174122103
community_3,-0.0005533993541849469
culture_8,-0.0005535049381105717
loss_14,-0.0005545077034794232
management_10,-0.000554914508379345
political_19,-0.0005549412830103462
district_5,-0.0005553908764935666
financial_markets_11,-0.0005555049199008844
short_selling_9,-0.0005555397300117448
community_18,-0.0005557240907815286
conflict_2,-0.0005557870552773903
crisis_11,-0.0005566637271436026
technology_14,-0.0005570067513726463
case_7,-0.0005573794136229049
market_5,-0.0005575489184723725
william_6,-0.0005578671749276954
marketing_5,-0.000557867735632045
seats_10,-0.0005579249013595078
wisconsin_11,-0.0005580990301694566
votes_2,-0.0005583259228811421
democratic_5,-0.0005583351879903109
stats_14,-0.0005585461557087834
ltd_1,-0.0005586041185127843
portfolio_15,-0.0005588885635137375
minister_13,-0.0005591156018041055
votes_16,-0.0005591204474317601
oil_9,-0.0005592661202771465
elections_13,-0.0005595892160876082
holiday_12,-0.0005597630553866751
politics_16,-0.0005598895559218109
blacklist_1,-0.000559900037326222
elected_2,-0.0005602282814241244
washington_3,-0.0005606603953479227
short_selling_5,-0.0005616173577834172
present_12,-0.0005617699476734739
election_18,-0.000561935888857934
media_4,-0.0005621553771851362
vermont_12,-0.000562161475149403
society_9,-0.0005622158460531601
politics_17,-0.0005626217362809882
return_11,-0.0005626413913766504
home_4,-0.000562648029978563
environment_15,-0.0005629074065025774
transaction_15,-0.0005629551457400295
act_3,-0.0005629699937907517
markets_5,-0.0005630811520725976
founded_17,-0.0005631266358567588
council_13,-0.0005632552309335681
success_9,-0.0005633449516892596
derivatives_12,-0.0005635583696585788
court_8,-0.0005635851089364596
party_4,-0.0005636060635094475
home_18,-0.0005637398007792393
firm_4,-0.0005640163015897981
products_9,-0.0005640281222593746
fun_4,-0.000564084880859439
present_10,-0.0005641023232215269
william_16,-0.0005641794769597475
fine_4,-0.0005643239792287424
members_13,-0.0005648984608051854
holiday_6,-0.0005658520185349181
industry_2,-0.0005664145718858648
lifestyle_14,-0.0005664402036435146
loss_13,-0.0005666877994502606
ohio_19,-0.0005672128011094735
water_1,-0.0005672998774510108
color_2,-0.0005674759297716658
market_18,-0.0005677208990600979
return_8,-0.0005687633917605516
texas_14,-0.0005688327473415189
gold_4,-0.0005690534994965857
voters_14,-0.0005693042625546374
house_5,-0.0005698943858325923
nyse_17,-0.0005699651294903907
return_9,-0.0005699818360601183
greed_4,-0.0005701844807982192
elected_8,-0.0005703814477720171
government_18,-0.000570405087597603
votes_1,-0.0005705205076929065
culture_18,-0.0005705939866778476
restaurant_4,-0.000571019428790387
sell_4,-0.0005711275416437678
massachusetts_15,-0.0005712913883868076
fun_5,-0.0005712950681213691
financial_markets_18,-0.0005714799211289368
color_4,-0.0005720057719844851
market_11,-0.0005723819606201719
metals_13,-0.0005726019340988708
investment_3,-0.0005731459779395153
ring_7,-0.00057351909764356
party_6,-0.0005736135971404988
financial_markets_9,-0.0005744171078406301
arts_17,-0.0005745062538428769
garden_18,-0.000574895430608624
industry_3,-0.0005749063468758475
law_7,-0.0005752490550590128
illinois_11,-0.0005753146437384338
return_10,-0.000575370519705487
police_14,-0.0005754167090113116
rich_15,-0.0005754521665916501
government_19,-0.0005757600831279852
vermont_13,-0.0005758107142234126
development_2,-0.0005760034504066258
case_15,-0.0005760271152182473
washington_14,-0.0005760549611318
ring_4,-0.0005762326792867256
media_19,-0.0005763587741754783
law_13,-0.0005764843265682274
technology_18,-0.0005769704772465856
democratic_12,-0.0005770379769689526
dividend_1,-0.0005772801878505263
votes_4,-0.0005775555342325322
votes_18,-0.0005778187972349524
kentucky_1,-0.0005780070887076105
case_1,-0.0005780687371633065
vermont_6,-0.0005781201862121276
color_16,-0.0005783013268935821
washington_11,-0.000578410415902253
global_6,-0.0005785345084491578
companies_11,-0.0005787028146698736
government_9,-0.0005793765933118866
district_9,-0.0005796326012959651
kentucky_10,-0.0005796872392566321
water_20,-0.0005797639981775182
fine_10,-0.0005799654259686316
industry_1,-0.0005799798449649396
color_14,-0.0005800082263712536
georgia_5,-0.0005800184967568623
republican_4,-0.000580290365156677
pennsylvania_20,-0.0005810246542856002
freedom_20,-0.0005818540308768049
elected_12,-0.0005821657793463108
risk_1,-0.0005822199855173738
members_6,-0.0005822975070303826
happy_20,-0.0005824517875784973
york_16,-0.000582488613417409
tourism_9,-0.0005831867085221987
votes_15,-0.0005832883973870828
banking_19,-0.0005833224180801011
oil_16,-0.0005834253623126617
environment_11,-0.0005834918791743249
car_7,-0.0005838067605251407
illinois_14,-0.0005839087760125094
religion_18,-0.0005840139212355044
corporation_9,-0.0005846866186543398
markets_4,-0.0005847074693982046
voters_8,-0.0005847823717493927
georgia_16,-0.0005852326448749778
health_20,-0.0005855979812117385
revenue_13,-0.0005857099035955438
oil_18,-0.0005857985920106445
members_11,-0.0005859241699173401
travel_3,-0.0005862087240128044
kitchen_2,-0.0005863257954838331
market_19,-0.0005865810601839661
blacklist_2,-0.0005868919587075805
politics_19,-0.0005871496145643862
voters_7,-0.000587539468353837
metals_9,-0.0005876231919855534
president_16,-0.0005876338256855628
rights_10,-0.0005881236980925575
ring_6,-0.0005883004399304337
senate_16,-0.0005883895591500821
happy_9,-0.0005886844844968042
business_18,-0.0005887119164029953
media_12,-0.0005891756888410038
religion_9,-0.0005892782443690959
wisconsin_5,-0.0005894509456680908
buy_17,-0.0005896257244773828
consume_7,-0.0005898174830628377
vermont_2,-0.000589934821237037
massachusetts_13,-0.0005902106828250097
consumption_10,-0.0005907083802483726
senate_14,-0.0005917525056255313
color_8,-0.0005920262673202225
college_9,-0.0005925232384017987
economy_12,-0.0005925903611886385
voters_4,-0.0005930174711873848
fine_15,-0.0005933365766382037
legal_1,-0.0005934044113403925
greed_10,-0.0005941773643185044
stats_17,-0.0005942163373639841
technology_3,-0.0005945948899912957
ring_11,-0.0005946466439421983
stocks_7,-0.0005946813090394132
social_11,-0.0005946926534413421
business_16,-0.0005947639474613853
forex_17,-0.0005952482849920226
labor_9,-0.0005956042410299789
representatives_9,-0.0005960294173546598
legal_13,-0.0005963131977648084
minister_17,-0.000596567432008066
short_sell_9,-0.0005972803276924176
society_6,-0.0005973507754972518
york_12,-0.0005976218877461248
oil_6,-0.0005981232215829691
home_6,-0.0005981438393180216
labor_19,-0.0005982916131822335
train_2,-0.0005983072163593395
law_14,-0.0005985369996384104
tourism_13,-0.0005987545893697099
media_7,-0.0005990829453641711
growth_19,-0.0005991898775353111
act_18,-0.0005993408498181418
money_19,-0.0005996200857739442
energy_9,-0.0006001039326020586
voters_17,-0.0006004016776294918
pennsylvania_9,-0.0006006161118566444
georgia_20,-0.0006012459209061349
election_4,-0.0006020580906485939
gains_5,-0.0006025355344254857
secretary_20,-0.000602603949106939
culture_1,-0.0006026117696042333
color_19,-0.0006029616670268023
greed_9,-0.0006033523308942357
voters_15,-0.0006036038001678845
council_9,-0.0006039027980098144
lifestyle_20,-0.0006046628869606607
industry_12,-0.0006048868400529983
society_1,-0.0006050232593617144
inflation_5,-0.0006050531112252067
william_10,-0.0006051673134838343
elected_1,-0.0006054069362799952
investment_12,-0.0006062226740676912
restaurant_9,-0.0006065147181032682
water_8,-0.000606759366812315
party_8,-0.0006068368410051761
project_10,-0.0006070785677447788
chance_11,-0.0006076723520142657
revenue_6,-0.0006083966981563105
success_19,-0.0006084582923906456
water_3,-0.0006085158210176189
car_5,-0.0006089288344009125
travel_6,-0.0006098253928065844
marriage_15,-0.0006099663129631061
ohio_4,-0.00061010140171176
religion_7,-0.0006106744880728599
happy_10,-0.0006108633431677335
growth_17,-0.0006108849845043451
wisconsin_14,-0.000610958022105601
garden_20,-0.0006114209604758614
growth_8,-0.0006114729071354796
fine_2,-0.0006115475772936696
market_7,-0.0006115727139649252
leverage_3,-0.00061215325634274
financial_2,-0.0006121849410566816
council_1,-0.0006122141821357285
markets_14,-0.000612499231223218
voters_18,-0.0006127217511228799
credit_14,-0.0006127793236990087
act_8,-0.0006128733176349987
ohio_11,-0.0006129708370752995
water_16,-0.0006132614912254919
return_19,-0.0006136157660082464
global_17,-0.0006136431235054252
votes_11,-0.000613757333194509
nyse_18,-0.000613919760256576
rights_18,-0.0006139793270632854
growth_12,-0.0006140524570205974
headlines_15,-0.0006140901562220247
water_11,-0.0006154501694449754
seats_14,-0.0006155553736331365
committee_9,-0.0006159477445893291
holiday_10,-0.0006160432638178115
credit_1,-0.0006160554775329841
missouri_11,-0.000616415095453493
ltd_10,-0.0006170976126009364
wisconsin_13,-0.0006174024311173199
business_12,-0.0006175074012701343
labor_6,-0.0006176310606712754
firm_11,-0.000618095941585417
returns_5,-0.0006182021598902133
debt_11,-0.0006184174913003382
marriage_5,-0.0006190640774222267
environment_16,-0.0006190972468355759
wisconsin_4,-0.0006192888571902699
media_17,-0.0006195643290577424
travel_1,-0.0006196090610221195
buy_13,-0.0006197089738469996
food_19,-0.0006198311646889776
food_10,-0.0006204507268736004
home_1,-0.0006205705510730075
conflict_6,-0.000620793278384868
security_14,-0.0006209019945892846
color_3,-0.0006209233944877379
crisis_8,-0.0006212382486447509
freedom_15,-0.0006213501860623305
DOW_JONES_18,-0.0006213787384142134
police_16,-0.0006214268563439651
sell_10,-0.0006214965301549081
business_2,-0.0006215822026097051
food_7,-0.0006216137467774275
inc_9,-0.0006219842858336655
georgia_11,-0.0006223423969511144
companies_8,-0.0006224027346060756
republican_17,-0.0006224532230315827
inc_5,-0.0006224891352581308
elected_14,-0.0006231787169630465
social_7,-0.0006234598601054353
loss_12,-0.0006237876381354424
fed_7,-0.0006238773981927404
chance_5,-0.0006240719199280597
house_16,-0.0006249547165204427
world_10,-0.0006249638550634096
secretary_14,-0.0006249947007092915
car_11,-0.0006254159385171931
marriage_19,-0.0006258261012551669
nyse_7,-0.0006261803549312495
college_19,-0.0006262525407120023
election_6,-0.0006266360085401379
inflation_15,-0.0006268303881556747
party_3,-0.0006269299558583797
environment_2,-0.0006269568328005626
illinois_9,-0.0006272214976909884
washington_20,-0.0006273535788807294
default_1,-0.0006273814949351974
trader_12,-0.0006279649428757361
lifestyle_10,-0.000628032733705064
holiday_11,-0.0006281649299340941
justice_1,-0.0006282505308528696
returns_15,-0.0006285106676944708
william_8,-0.0006286256955547298
georgia_1,-0.0006287764792395345
virginia_8,-0.0006288855593666431
senate_9,-0.0006291184795866212
economic_14,-0.0006294430681117013
oil_1,-0.0006294663385122412
nasdaq_15,-0.0006298220515290164
ministry_4,-0.0006304350246081336
economy_11,-0.0006305986137529196
arts_19,-0.0006306541503638297
unemployment_16,-0.0006306918734150013
gold_6,-0.0006307656766805891
car_1,-0.000631317908430118
conflict_1,-0.0006314446120373018
republican_5,-0.0006315384361627707
business_9,-0.0006319461620988953
oil_4,-0.0006322854465708794
greed_1,-0.0006330299089791769
conflict_9,-0.0006330386194525639
BUY_AND_HOLD_2,-0.0006333202230981883
seats_17,-0.00063393042133435
home_9,-0.000634106950092117
fine_8,-0.0006341402685292819
ceo_20,-0.0006343036372184807
consumption_1,-0.0006344309236909984
law_9,-0.0006345441410335661
sell_17,-0.0006345678030977853
short_selling_8,-0.0006345971731811728
religion_17,-0.000634617854040842
social_13,-0.0006349055424931915
movie_20,-0.00063510991981377
risk_18,-0.0006352804571736703
elected_13,-0.0006353208379793029
services_7,-0.0006356106069976386
pennsylvania_1,-0.0006361593116048115
profit_8,-0.000636510034365756
short_selling_17,-0.0006367009876961482
banking_11,-0.0006368027879409599
holiday_14,-0.0006372366467711111
legal_16,-0.0006372764881019455
project_18,-0.0006373616719910658
committee_15,-0.0006373807669311394
loss_7,-0.0006376237147354136
legal_18,-0.0006376462970782537
federal_18,-0.0006377830064934864
minister_11,-0.0006378081593656715
law_6,-0.0006380331927446692
financial_20,-0.0006381388820061007
default_11,-0.000638877281678818
return_14,-0.0006389079176000844
loss_17,-0.0006398060425932383
short_selling_20,-0.0006398596909981125
illinois_3,-0.0006400297443339032
cash_14,-0.0006402992277318997
votes_6,-0.0006405019525861811
world_3,-0.0006408133888464729
rich_14,-0.000640849728630899
georgia_15,-0.0006409849035606374
economic_3,-0.0006412988635569272
returns_6,-0.0006414977824679812
investment_6,-0.0006420525167595947
service_7,-0.0006421802653704178
missouri_9,-0.0006422545924821055
representatives_14,-0.000642421344074684
sell_20,-0.0006424697431775428
dow_jones_14,-0.0006426513931231392
governor_18,-0.0006429423143548884
financial_5,-0.0006436175912226227
dow_jones_4,-0.0006436514862226961
wisconsin_2,-0.0006438539068920113
greed_20,-0.0006443228195292195
massachusetts_8,-0.0006445186862173768
representatives_11,-0.0006445840749883747
office_14,-0.0006449191293467216
society_18,-0.0006449651283526592
investment_14,-0.0006454187991796978
returns_3,-0.0006455731494355854
war_6,-0.0006458958717555196
management_20,-0.0006460010812440409
transaction_19,-0.0006461626687780164
short_sell_14,-0.000646804306546378
risk_6,-0.0006470076406152936
money_7,-0.0006473108517764282
marriage_4,-0.0006477105235322301
political_7,-0.0006478720602667298
restaurant_17,-0.0006480983109660388
war_11,-0.0006486092734046434
global_9,-0.0006486652324732889
economy_13,-0.0006492336508275188
marriage_6,-0.0006496843437107768
college_11,-0.0006497089917680609
republican_20,-0.000649751185712244
stock_market_1,-0.000650190296018649
society_14,-0.0006503059020504853
kitchen_12,-0.0006511011618295593
leverage_10,-0.000651457692915769
energy_19,-0.0006515107442261359
services_2,-0.0006515741823673205
religion_1,-0.0006517870532145142
oil_2,-0.0006519161252774852
wisconsin_6,-0.0006520765499768766
federal_5,-0.0006527771769996304
industry_10,-0.0006528629384255025
rights_9,-0.0006530053005779468
oil_7,-0.0006535843310629952
energy_18,-0.0006542524668965655
seats_18,-0.0006545503554654886
virginia_1,-0.000654636093536265
lifestyle_7,-0.0006546601466996371
stats_10,-0.0006547452389438435
arts_20,-0.0006552539937618507
movie_3,-0.0006554539734259901
social_9,-0.0006558454839709516
returns_1,-0.0006559501524114663
senate_8,-0.0006560342368743921
gain_11,-0.0006561464802627315
pennsylvania_19,-0.0006564473423896544
war_18,-0.0006568997047893044
council_18,-0.0006575696039390789
inflation_19,-0.0006575907057625674
revenue_1,-0.0006578487783266196
served_17,-0.000657873533629294
virginia_7,-0.0006582513994604522
home_5,-0.000658450997043647
justice_13,-0.0006584551507358594
society_2,-0.0006585914412771343
voters_12,-0.0006588971426408685
marketing_18,-0.0006593419635199993
return_1,-0.0006594951691817786
gold_9,-0.0006595364890961131
consume_2,-0.0006596603757143438
inc_2,-0.0006598122107549509
political_11,-0.0006598875792877656
stock_market_8,-0.0006603027289889596
present_13,-0.0006606315054764611
media_11,-0.0006613230188234232
present_4,-0.0006614308170738159
georgia_6,-0.0006619157658574349
union_14,-0.0006623982950328067
health_5,-0.0006627745682062924
office_18,-0.0006630637539052575
washington_8,-0.0006633879072045712
risk_15,-0.0006635835439181114
hedge_9,-0.0006641835271499641
transaction_7,-0.000664574317112221
cancer_8,-0.0006650617460910224
democratic_20,-0.0006653792762097988
cancer_19,-0.0006656691475776189
industry_8,-0.0006671261357366731
district_7,-0.0006671873855383037
rights_1,-0.0006676310552725884
culture_19,-0.0006683269586253094
markets_7,-0.0006688036369319805
earnings_7,-0.0006689152754939976
dividend_11,-0.0006689802741619121
ohio_8,-0.000669519307058386
politics_8,-0.0006707159820629638
missouri_2,-0.0006707241022807509
justice_8,-0.0006708203538557944
firm_3,-0.0006715753144066027
oil_12,-0.0006718215463058508
returns_9,-0.0006718401711140575
technology_20,-0.000671917991458848
success_6,-0.0006720047793773443
bubble_17,-0.0006720251832078805
economy_10,-0.0006720427832907827
profit_7,-0.0006721879767255468
fun_12,-0.0006724617003730282
union_11,-0.000672542175017865
kentucky_16,-0.0006726443172792917
seats_1,-0.0006727132838660222
project_16,-0.0006729453463408585
marriage_16,-0.0006729842663180996
missouri_1,-0.0006733842944744994
elected_7,-0.0006735105923791451
massachusetts_14,-0.0006739352520175323
georgia_2,-0.0006743829191093286
debt_20,-0.000674663174518253
car_6,-0.0006757670305039154
political_10,-0.0006758417083580603
government_20,-0.0006758845713456419
bubble_1,-0.0006762439995423586
party_19,-0.0006762764611432326
ring_18,-0.0006765510591832058
court_5,-0.0006765931310267259
leverage_19,-0.0006765951653409097
act_13,-0.000676962735715625
global_11,-0.0006770547195459109
virginia_9,-0.0006780700480854884
arts_8,-0.0006783642261591893
rich_18,-0.0006793759119610776
oil_17,-0.0006797129398393942
media_14,-0.0006799998507299954
industry_18,-0.0006803075763099908
short_sell_11,-0.0006803230760373368
home_3,-0.0006805657169354884
headlines_9,-0.0006807147967558436
profit_20,-0.0006810908604230059
million_19,-0.0006811922371639633
money_14,-0.000681554823110897
environment_1,-0.0006815932020590498
cash_15,-0.0006816404693814837
conflict_13,-0.0006817188553804199
cash_7,-0.0006817356766919191
votes_3,-0.0006826714889127227
garden_5,-0.0006828505695056109
community_8,-0.0006832155411474972
companies_13,-0.0006833098905001834
garden_13,-0.0006835156838319145
short_selling_14,-0.0006837146070898692
financial_18,-0.0006840162153542329
secretary_16,-0.0006840274228099297
business_8,-0.0006842373365816723
illinois_4,-0.0006843073103533603
media_1,-0.0006850146453127425
arts_6,-0.0006857301667696269
social_2,-0.00068600128258407
pennsylvania_6,-0.0006867153891030764
growth_11,-0.0006868043130989987
social_8,-0.0006868986236336471
economic_17,-0.0006871589603968164
environment_6,-0.0006872615317881081
companies_16,-0.0006873974340648736
democratic_18,-0.000687712049347411
sell_3,-0.000688165679999031
tourism_7,-0.0006886352775780091
buy_7,-0.0006891795565098224
fond_17,-0.0006893590149990025
labor_8,-0.0006894409350651553
industry_17,-0.0006899379202414124
travel_12,-0.000690022595567541
committee_8,-0.0006900490936651238
inc_7,-0.0006900929470803785
sell_16,-0.0006903287236398326
success_17,-0.0006911097730894599
governor_3,-0.0006911427794251245
ohio_18,-0.0006919499775808636
college_7,-0.0006920098909519945
security_13,-0.0006922905719936034
gold_11,-0.0006928367371462852
legal_5,-0.0006930853674322668
global_18,-0.0006933292411552827
trader_15,-0.0006934108582549614
dividend_3,-0.0006936013674750496
companies_7,-0.0006943543891028802
development_1,-0.0006944681444133405
carolina_17,-0.0006949154046977047
consume_1,-0.0006951572373315784
labor_4,-0.0006955588259547563
BUY_AND_HOLD_7,-0.000696458277387535
bubble_13,-0.0006965792560007956
county_18,-0.000696632127226926
minister_12,-0.000696728341098396
technology_10,-0.0006970010484882661
market_13,-0.0006970940717504704
buy_10,-0.0006972193660838899
movie_5,-0.0006972326237274062
invest_5,-0.000697950243921408
returns_7,-0.0006990732890597596
marriage_14,-0.0006997602383507662
crash_18,-0.0007000375248393809
marriage_11,-0.0007002796817141554
BUY_AND_HOLD_1,-0.0007009080409555279
stock_market_17,-0.0007009141671681762
conflict_8,-0.00070092147767431
freedom_9,-0.0007009595578493899
representatives_4,-0.0007009664883937949
short_selling_11,-0.0007010940355769435
politics_18,-0.0007011208095650589
served_13,-0.0007011613984985399
stock_market_10,-0.0007011889662510651
york_4,-0.0007012302744027421
community_2,-0.0007014609424030649
community_19,-0.0007019365437481495
credit_18,-0.000702053037897965
federal_15,-0.0007023233536243678
social_14,-0.0007023876263881235
DOW_JONES_11,-0.00070255445517311
religion_11,-0.0007027085411258849
gold_8,-0.000702912054414706
wisconsin_20,-0.0007030328528389029
missouri_16,-0.0007030519285564863
legal_12,-0.0007033026063765435
economy_7,-0.0007035834881929492
secretary_6,-0.0007037245151011006
market_20,-0.0007037952726931084
labor_14,-0.00070412119648251
minister_3,-0.0007045437672820621
religion_2,-0.000704558305710501
development_14,-0.0007046414804081191
freedom_16,-0.0007047380373236933
stats_9,-0.0007048557649095066
metals_14,-0.000705000681322332
act_2,-0.0007050977521873225
william_4,-0.0007052473717845898
government_1,-0.0007063568635716111
act_20,-0.0007067868135047561
elections_5,-0.0007070555373624998
present_8,-0.0007072677473651367
industry_14,-0.0007073054074106189
inc_20,-0.00070755930662878
freedom_19,-0.0007078434453807514
minister_2,-0.0007084493357071286
sell_12,-0.0007088593036310486
energy_14,-0.0007089214434989222
government_5,-0.0007091908467708353
present_2,-0.0007093219652558824
college_12,-0.000709684440797087
environment_4,-0.0007109129401796866
market_2,-0.0007114667448905543
legal_20,-0.0007117810510099299
markets_13,-0.0007121518564284113
economics_2,-0.00071231904744542
rights_19,-0.0007124490759109036
nyse_8,-0.000712754559972617
fun_7,-0.0007129926858825408
nasdaq_3,-0.0007134733436690687
short_selling_18,-0.0007137773001565595
business_11,-0.0007147116438121603
party_16,-0.0007149324613180852
union_9,-0.0007149956895266651
justice_4,-0.0007160898862089482
success_1,-0.0007165890939504482
housing_13,-0.0007166409788352146
dow_jones_11,-0.0007175222409857351
movement_11,-0.0007176510830901872
minister_5,-0.0007177524903657862
justice_20,-0.0007177726376952131
pennsylvania_3,-0.0007177739782877168
health_8,-0.000718053006981445
present_15,-0.0007181112332379502
representatives_1,-0.0007182396768633303
economy_20,-0.0007189929533194972
political_2,-0.000719650801532179
members_3,-0.0007199410269358886
debt_9,-0.0007200258096239142
investment_4,-0.0007200862559398668
republican_13,-0.0007205625578098563
cancer_9,-0.0007206542140192118
war_13,-0.0007208633976654166
elected_4,-0.0007208996717115613
york_20,-0.0007213410741068848
water_5,-0.0007214274401744047
profit_13,-0.0007217759437648131
union_5,-0.0007218261922061319
stats_11,-0.000722383092222434
ministry_8,-0.0007223935281338356
war_19,-0.0007224104169470724
project_3,-0.0007225049376188731
buy_5,-0.0007232337860301641
financial_13,-0.0007232363030220679
business_6,-0.00072426174007858
county_13,-0.0007245873545629778
world_4,-0.0007247128587652529
arts_12,-0.000724840213510447
marriage_7,-0.0007252808751998518
opportunity_1,-0.0007258147707099206
million_20,-0.000725879994616796
technology_9,-0.0007261243365269676
project_7,-0.0007261844198086731
risk_17,-0.0007261870683791915
case_18,-0.0007265528681193123
default_10,-0.0007266784194476905
invest_18,-0.0007272368455248479
management_11,-0.0007274429978832541
project_2,-0.0007279533965259156
police_5,-0.000728009944765673
vermont_10,-0.0007280388755573685
inflation_13,-0.0007286096785850349
investment_8,-0.0007287026589038792
community_14,-0.0007288020760802816
water_12,-0.0007292315120825066
oil_14,-0.0007299030705245179
ring_20,-0.0007300041059786988
travel_2,-0.0007303314808324801
cash_19,-0.0007303459750367836
housing_11,-0.0007313539046607476
york_8,-0.0007317255852725246
justice_18,-0.0007319213548919734
lifestyle_5,-0.0007319676942398213
stocks_17,-0.0007321675586341225
markets_1,-0.0007321909518700931
revenue_11,-0.0007323196970406177
freedom_6,-0.0007323857070251849
movement_13,-0.0007327914717580875
crash_20,-0.0007329474496309718
district_14,-0.000733147041650839
growth_7,-0.000733243977976028
project_11,-0.0007335003491602654
served_6,-0.0007351679846623549
stock_market_14,-0.000735354946517619
political_14,-0.0007353641509405762
case_6,-0.0007356707367395688
trader_1,-0.0007363936825532935
police_15,-0.0007364592940281911
money_5,-0.0007372004075985261
senate_7,-0.0007383137769075398
democratic_13,-0.0007383207749792397
president_14,-0.000738392030581747
cancer_1,-0.000738486481363676
college_4,-0.0007386180044714585
elected_19,-0.0007387410807870199
nyse_16,-0.0007388226217230232
representatives_3,-0.0007392410184733356
hedge_11,-0.00073970781225976
project_14,-0.0007397149143149484
union_2,-0.0007397517222665906
washington_6,-0.000740208975340062
gains_6,-0.0007408154246818066
judge_9,-0.0007409662918350435
committee_16,-0.0007410157018757912
religion_16,-0.0007410921852115448
housing_14,-0.0007412042866603574
movement_18,-0.0007413765584596943
portfolio_4,-0.0007415546737761902
risk_7,-0.0007429425676594992
carolina_3,-0.0007435265424060589
served_9,-0.0007438817784480633
holiday_8,-0.0007445308237257198
bonds_5,-0.0007445615347291934
metals_18,-0.0007446781422846049
garden_6,-0.0007447468390033407
risk_8,-0.0007449901996928743
car_18,-0.0007451844971010146
million_11,-0.0007452778210516708
nasdaq_19,-0.0007453677659606806
security_8,-0.0007454059462851603
development_13,-0.0007455969672364837
police_3,-0.0007463136181470986
industry_9,-0.0007465892487193316
debt_2,-0.0007469781952158972
kitchen_1,-0.0007472608290898464
ministry_18,-0.0007477416451385554
case_17,-0.0007482450544652241
act_1,-0.0007485648252825161
happy_3,-0.0007486806670779389
ceo_14,-0.0007488262212046682
union_1,-0.0007491122907715475
governor_9,-0.0007493555543936381
house_4,-0.0007495279868445781
kitchen_17,-0.0007504326278990447
ltd_18,-0.0007505471037083655
legal_14,-0.0007508622598507486
service_14,-0.0007509409894253194
hedge_17,-0.0007510185543275316
gain_14,-0.0007523576271712517
minister_15,-0.0007525333870785911
metals_19,-0.0007525437263399048
nasdaq_9,-0.0007533575149752725
products_1,-0.0007535486543914117
DOW_JONES_16,-0.000753706886599792
representatives_18,-0.0007553820068260331
carolina_10,-0.0007554442819872609
culture_10,-0.0007561474864835382
corporation_20,-0.0007563582562075455
firm_9,-0.0007566169429475301
management_14,-0.0007574086529446245
society_5,-0.000757425441262205
technology_2,-0.0007574753293138059
massachusetts_7,-0.0007586315880876882
voters_3,-0.0007586893953569262
ring_1,-0.0007603176672933643
finance_18,-0.0007603188059279286
party_5,-0.0007607927960978644
oil_15,-0.0007612989178157337
politics_20,-0.0007614125012433082
dividend_18,-0.0007618069097547808
service_18,-0.0007628074072700608
development_9,-0.0007636047557737947
virginia_15,-0.0007636456995026464
republican_10,-0.0007648201826761847
crash_17,-0.0007651188753948102
act_17,-0.0007656459407625382
cash_4,-0.0007661258027780616
secretary_11,-0.000766181749950512
secretary_2,-0.0007662553344588652
governor_16,-0.0007666781071721251
banking_5,-0.0007668451871605031
inflation_8,-0.0007668752235496345
markets_20,-0.0007671959910885429
minister_19,-0.0007688735099269817
invest_7,-0.0007694825720578891
credit_9,-0.0007698686197738835
food_6,-0.0007703544295364573
cancer_13,-0.0007708768041812198
georgia_3,-0.0007710583686311168
economic_18,-0.0007712785249048171
management_13,-0.0007713002562774296
market_17,-0.0007719180144872162
arts_16,-0.000772357272239499
vermont_19,-0.0007723784529592104
earnings_10,-0.0007725141553799775
credit_19,-0.0007732463380437426
inflation_3,-0.0007736963402437569
election_17,-0.000774752717074123
development_3,-0.0007749602982454418
religion_13,-0.0007750294767964405
firm_1,-0.0007753858179690099
elections_7,-0.0007755047576363916
missouri_8,-0.0007755400593832728
governor_8,-0.000775837477475716
portfolio_12,-0.0007773862788011066
council_15,-0.0007779835761147602
kentucky_13,-0.0007782097654208009
tennessee_13,-0.0007785217240517505
marketing_11,-0.0007786332554473363
members_8,-0.0007799340090147266
buy_4,-0.000781261960386459
washington_9,-0.0007814211754734179
earnings_2,-0.0007820148122487103
bank_14,-0.0007824582004693382
economic_7,-0.0007828613715398225
world_14,-0.0007828766941610832
blacklist_3,-0.0007838513929705471
investment_1,-0.0007841538642485935
money_13,-0.0007853184156930259
tourism_20,-0.0007854929812424416
technology_11,-0.0007862802721979812
house_3,-0.0007862944204583666
wisconsin_1,-0.0007863238628595282
chance_14,-0.0007870873527273447
ohio_6,-0.0007871924113753703
blacklist_19,-0.0007877451046219397
technology_1,-0.0007883281751986271
wisconsin_15,-0.0007890513571416014
governor_7,-0.0007891334326824318
founded_10,-0.000789455162941266
york_6,-0.000789762210903433
representatives_16,-0.0007913079177699567
court_11,-0.0007913398531771643
products_19,-0.000791369853808277
nasdaq_13,-0.0007916047043502016
development_15,-0.0007916705786463751
management_8,-0.0007922729852516853
hedge_12,-0.0007927620877296482
bubble_19,-0.0007932314481272184
ltd_19,-0.0007934169750200449
arts_15,-0.0007935665910597578
kitchen_18,-0.0007936470725813383
ohio_16,-0.0007939029669971287
kentucky_7,-0.0007940779986018498
william_13,-0.0007940918158241717
companies_1,-0.0007941017655585636
president_18,-0.0007944263008914154
voters_2,-0.0007961681398964471
cancer_17,-0.0007962832758789951
carolina_6,-0.0007965481198882518
car_3,-0.0007966142849876068
representatives_7,-0.0007970456755957533
elected_6,-0.0007971023668856603
blacklist_9,-0.0007976103164680115
committee_10,-0.0007988536404479607
government_7,-0.0007988593545337874
metals_12,-0.0007991143223606611
dividend_9,-0.0007994870683415423
companies_10,-0.0008000807242066976
bonds_16,-0.000800343669895276
service_2,-0.0008012439698853902
william_11,-0.0008017417720819209
committee_1,-0.0008022630212935588
federal_11,-0.0008024318931809215
carolina_14,-0.0008027335592777352
police_1,-0.0008029950176366984
portfolio_14,-0.0008033031213985576
economy_6,-0.0008034595923450238
governor_17,-0.0008035876711506518
money_9,-0.0008041648043803695
ceo_9,-0.0008047794376980777
political_13,-0.0008053563145204113
trader_11,-0.0008058798677887724
market_3,-0.0008062671902114626
present_17,-0.0008063719133382996
rights_15,-0.0008068565504196767
federal_1,-0.0008071869964344947
global_10,-0.0008073710952895441
nasdaq_20,-0.0008083739624263009
washington_13,-0.0008084917242777489
culture_16,-0.0008085374664273282
fun_18,-0.000808896214924415
culture_2,-0.0008089457653795096
washington_4,-0.0008089853415517379
illinois_1,-0.0008102248071841567
elections_3,-0.0008102798859897619
nyse_1,-0.0008103870180682593
movement_15,-0.000811131925305042
ceo_10,-0.00081124577070395
gain_2,-0.0008116664998173651
growth_20,-0.0008117817771988945
default_9,-0.000812403491625302
virginia_17,-0.0008131510353488025
pennsylvania_11,-0.0008131631139716378
forex_14,-0.0008132169871485351
missouri_20,-0.0008143121115024687
pennsylvania_2,-0.000814592727156227
democratic_6,-0.0008149726888178721
police_13,-0.0008151359832704097
seats_20,-0.0008165753333259973
secretary_8,-0.0008165769670690937
holiday_18,-0.0008167355945043031
market_14,-0.0008168438149615653
law_11,-0.0008168677004997793
stocks_6,-0.0008169500304446853
served_20,-0.0008170331511287099
products_17,-0.0008173717567425909
case_10,-0.0008175816277197878
dividend_4,-0.000818485833302951
economics_15,-0.0008194237902402035
leverage_17,-0.0008195689441497401
ministry_15,-0.0008197919634845175
media_9,-0.0008225954436396954
loss_20,-0.0008234777509352309
minister_6,-0.0008240944892261126
council_20,-0.0008242218237277888
arts_2,-0.0008246220065971866
stocks_2,-0.0008255188165115168
health_7,-0.0008259368658768418
energy_8,-0.0008268243041056778
stats_16,-0.0008269345481181744
development_16,-0.0008271208207953018
car_4,-0.000827217167683747
firm_10,-0.0008274650254548766
transaction_1,-0.0008276436988625457
politics_3,-0.0008285875681376176
republican_1,-0.0008286179763813628
ohio_3,-0.0008293745565269628
transaction_16,-0.0008295342638916736
georgia_8,-0.000829597307588692
inflation_10,-0.0008297601249865671
fine_19,-0.000829771948551139
banking_10,-0.0008300303460253566
blacklist_16,-0.0008304890313618696
labor_13,-0.0008305457965025242
illinois_10,-0.0008311930499177
founded_2,-0.0008313444210152898
economic_16,-0.0008318635350982983
investment_7,-0.0008321014477965294
seats_9,-0.0008327435711015685
fun_17,-0.0008327762099191282
tourism_14,-0.0008329189600179365
lifestyle_19,-0.0008336419820759389
virginia_2,-0.0008342978596046713
greed_7,-0.000834496218305647
cancer_6,-0.0008346491276076673
corporation_11,-0.0008346754160193815
government_17,-0.0008352572327482655
tennessee_15,-0.0008355616756713591
unemployment_18,-0.0008356760902903604
markets_12,-0.0008361664369818111
million_18,-0.0008365741611997324
financial_markets_5,-0.0008366684147510517
inc_14,-0.0008372768136137188
corporation_15,-0.0008382669516731944
management_7,-0.0008397168629276974
service_1,-0.0008412130448382626
kentucky_3,-0.0008421424805757916
revenue_10,-0.000843807817627984
firm_7,-0.0008439620200430875
senate_10,-0.0008444031524951878
case_8,-0.000844453786527688
chance_17,-0.0008445546939828796
corporation_2,-0.0008450588017649529
government_10,-0.0008452771158859118
business_1,-0.0008460147708659882
bonds_15,-0.0008461839347307043
law_8,-0.0008462770462136504
holiday_17,-0.000846731283817892
committee_5,-0.0008475617016504789
law_1,-0.0008480681934061041
inc_11,-0.0008484314560544659
revenue_2,-0.0008490156637158241
DOW_JONES_1,-0.0008491380849422025
gold_7,-0.0008505307014949892
management_1,-0.0008506897376717504
house_13,-0.0008508382937076009
present_11,-0.0008509488954045574
loss_15,-0.0008509718018574475
wisconsin_7,-0.0008514941592602465
government_15,-0.0008523179610694598
loss_6,-0.0008524586780896293
services_8,-0.000853253431815304
food_3,-0.0008533674541150394
buy_19,-0.0008543026034796508
office_9,-0.000854810650838278
georgia_10,-0.0008551108741225333
service_5,-0.0008554277159000589
crisis_18,-0.0008555178971729749
wisconsin_3,-0.0008557163456497819
justice_12,-0.0008559746198293805
court_7,-0.0008563000372221241
credit_11,-0.000856928678543678
social_4,-0.0008577826113989939
stock_market_19,-0.0008578971614188191
gain_12,-0.0008584834316071488
cash_2,-0.0008586525271177869
finance_11,-0.0008586591426544832
greed_2,-0.0008588064731618328
firm_15,-0.0008611639273943927
stock_market_18,-0.0008614537329048044
health_9,-0.000861876878387191
kentucky_11,-0.000862158222634779
president_9,-0.0008622135364675376
government_16,-0.000863227082662732
nasdaq_4,-0.0008637094187080585
political_9,-0.0008644833552386988
kitchen_4,-0.0008644952851945886
college_16,-0.0008645611216907767
president_4,-0.0008648505983660515
served_14,-0.000864962729278096
invest_6,-0.0008659266525742782
community_1,-0.000866552036185797
health_11,-0.0008668385797812927
corporation_14,-0.0008676745801836194
texas_20,-0.000867767775810524
garden_10,-0.0008685219674764655
financial_9,-0.0008687516923756133
blacklist_20,-0.0008690346346716726
stocks_8,-0.0008691362672608837
food_13,-0.000869639073573425
holiday_1,-0.00086983383773247
default_18,-0.000870365146245522
minister_1,-0.000870716778783609
dividend_12,-0.000870974824108317
justice_6,-0.0008711003855945698
products_2,-0.0008711810304940393
inflation_18,-0.0008722905266098646
investment_18,-0.0008725769119410254
home_20,-0.0008737501226674827
social_1,-0.0008742235612122062
management_2,-0.0008742835227599554
success_5,-0.0008755123265882236
world_2,-0.0008757111488470581
government_6,-0.000878355959119026
economic_8,-0.0008792648121021207
DOW_JONES_6,-0.0008819771742236248
oil_13,-0.0008838711252260767
bank_3,-0.0008843764522773023
freedom_2,-0.0008848755824046428
holiday_9,-0.0008852856546710753
movie_2,-0.0008853183398449316
service_19,-0.0008853321792197555
government_2,-0.0008860815035538483
washington_1,-0.0008861717682414171
illinois_2,-0.0008863715462308352
wisconsin_10,-0.0008879095079268983
founded_9,-0.0008879144310147025
fed_15,-0.0008887397150494358
transaction_9,-0.0008903376404217455
default_6,-0.0008906991921538765
police_19,-0.0008908244849056724
politics_5,-0.0008915105838833038
ceo_16,-0.0008915777155069637
judge_16,-0.0008919009053585559
kitchen_10,-0.0008929114067412591
crisis_12,-0.0008929367611525407
texas_10,-0.0008931113885249919
dow_jones_13,-0.0008931742989749747
leverage_7,-0.0008936330480187715
law_2,-0.0008939958427135908
federal_7,-0.0008941688579546137
council_10,-0.0008942341554227795
texas_11,-0.0008942986162000066
opportunity_20,-0.0008945770935475216
members_5,-0.0008946159218910843
economics_4,-0.000894679512219243
office_13,-0.0008950718349416187
project_9,-0.0008951179499198991
forex_19,-0.0008955878524344651
founded_20,-0.0008957975722599487
york_9,-0.0008959178165519166
bonds_10,-0.000896470044652875
stats_20,-0.0008978861006584627
hedge_6,-0.0008979450427935021
oil_19,-0.0008981613587838889
ministry_12,-0.0008990453047850843
million_13,-0.0008993477278004924
chance_15,-0.0009000137760773796
council_11,-0.0009001242787752606
oil_10,-0.0009017580006875026
transaction_2,-0.0009019941509184948
consume_18,-0.0009031021481646251
consumption_3,-0.0009034360928857676
lifestyle_13,-0.00090346244102808
growth_13,-0.0009034946508585717
opportunity_2,-0.0009038915147165039
stock_market_3,-0.0009043004028896018
ceo_2,-0.0009050270294406193
party_12,-0.0009050439657058096
media_8,-0.0009050875295373517
house_15,-0.0009054565927573144
financial_3,-0.0009056523087031642
society_8,-0.0009059735483301524
credit_5,-0.0009071393396980598
elections_10,-0.0009078729540147546
services_9,-0.0009079492162230807
texas_9,-0.0009081047633206163
color_6,-0.0009088577159334754
representatives_15,-0.000909167182437054
washington_7,-0.0009092897729876537
democratic_7,-0.0009098386699957439
office_7,-0.0009108105449613824
banking_6,-0.0009119057269024067
ring_14,-0.0009119064253497067
federal_13,-0.0009120821583095129
global_20,-0.0009126340295392054
virginia_5,-0.0009126490211207816
conflict_20,-0.0009127125041842766
secretary_1,-0.0009133756765568491
home_10,-0.0009137540636789731
elected_11,-0.0009139457317231869
ohio_9,-0.0009141559844175973
bonds_4,-0.0009145894610756544
management_9,-0.0009149014463083916
act_15,-0.0009156362535835738
sell_1,-0.000916429507010097
ceo_11,-0.0009177375546384869
stats_7,-0.0009186174339876896
consumption_6,-0.0009187868397783738
community_11,-0.0009193591685085379
virginia_14,-0.0009203277039932179
founded_6,-0.0009216145929970221
DOW_JONES_14,-0.0009216937741022502
tennessee_1,-0.000922043284683327
representatives_12,-0.0009221922790660475
rich_16,-0.0009229033805610243
ltd_8,-0.0009234332782003917
marketing_13,-0.0009234594208388236
ministry_16,-0.0009238123691323264
labor_5,-0.0009239270577430014
york_1,-0.0009242281260249952
gains_20,-0.0009243153280682481
york_7,-0.0009246274064631521
health_13,-0.0009246431393333587
labor_15,-0.0009247716834137609
gains_9,-0.0009254543812244442
movement_3,-0.0009270782872689232
garden_14,-0.0009272620628167694
lifestyle_9,-0.0009283924575198332
carolina_20,-0.0009296782493507516
global_2,-0.0009296961687053296
society_17,-0.0009321023660918692
default_2,-0.0009321553711919339
legal_11,-0.0009326133756715649
debt_6,-0.0009326930048324522
color_7,-0.0009334506903484474
movie_10,-0.0009339015009210971
portfolio_16,-0.0009342102178457434
political_20,-0.0009342519202549804
gain_3,-0.0009343659252482927
fine_11,-0.0009345170182980311
growth_6,-0.0009345662138377841
economy_18,-0.0009350986576403874
political_8,-0.0009352431677230655
dow_jones_17,-0.0009360786745013838
trader_8,-0.0009362774739964719
ohio_14,-0.0009363157871511429
cash_11,-0.000936838050324651
restaurant_14,-0.0009375008368261994
house_10,-0.0009387230433506533
committee_6,-0.0009388744093063561
world_9,-0.0009390596074105417
marketing_10,-0.0009392499217917294
committee_14,-0.00094005867883733
success_8,-0.0009411283543925508
forex_3,-0.0009418151489998472
tourism_5,-0.0009420416090909045
senate_6,-0.0009440422746167743
train_8,-0.0009441339730858811
rich_1,-0.0009443593007703255
senate_13,-0.0009445148112431579
train_16,-0.0009452403341464244
tourism_11,-0.0009464406317588381
economic_19,-0.000946464510802314
project_20,-0.0009474385892732195
judge_8,-0.000947723336523687
color_1,-0.0009480971398581506
election_7,-0.0009481819334657082
sell_7,-0.0009489447603684642
district_2,-0.0009490559785404918
happy_6,-0.0009499560353167125
fed_6,-0.0009502460191914697
economic_11,-0.0009523914082833152
hedge_4,-0.0009525750870051474
gold_19,-0.000954783534545145
stats_8,-0.0009556779265925463
lifestyle_15,-0.0009558879039907265
credit_6,-0.0009566827391127797
fine_5,-0.0009567032090505023
movement_10,-0.00095720618178603
transaction_10,-0.0009575368794730865
security_11,-0.0009576105946157432
train_3,-0.0009576673123635971
gold_14,-0.0009579401989864955
cancer_14,-0.0009580956211129976
project_6,-0.000958457326442308
ore_14,-0.0009590222124528314
crisis_19,-0.0009590285976402546
president_3,-0.0009592218773102346
community_15,-0.0009599353407909073
risk_20,-0.0009599544457892462
industry_15,-0.0009601759499456187
risk_10,-0.0009603225199537935
present_3,-0.0009604362943014477
elections_2,-0.0009606318943975011
greed_6,-0.0009608247756423882
gains_14,-0.000961669246205199
lifestyle_4,-0.0009617179002911591
crisis_1,-0.0009622550707117483
derivatives_15,-0.0009637160005387058
kitchen_5,-0.0009637267789042614
wisconsin_8,-0.0009637449327552395
county_11,-0.0009643232873387753
gain_13,-0.0009669503317027761
profit_19,-0.0009677145154456612
council_2,-0.0009682628021527862
elections_20,-0.0009691806619632315
cancer_10,-0.0009693252047834999
development_8,-0.0009697406437274569
happy_7,-0.0009708101472899689
texas_2,-0.0009710917075651082
project_8,-0.0009725196201681774
water_7,-0.0009729190365825203
washington_5,-0.0009733200418714505
ohio_2,-0.0009741300738396186
bonds_12,-0.0009744815952751118
management_15,-0.0009744909617418918
massachusetts_5,-0.0009752281784108918
global_8,-0.0009752966008983455
car_9,-0.0009756241065304261
chance_13,-0.0009759797119183622
politics_15,-0.000976523226835413
york_15,-0.0009774844744731893
society_4,-0.0009777067883977697
financial_10,-0.000978115767088128
financial_1,-0.0009790049006265012
financial_11,-0.0009802472050347787
virginia_18,-0.0009804295611371971
representatives_19,-0.0009812941983005086
markets_2,-0.0009813669667675829
companies_6,-0.000981486946540233
democratic_11,-0.0009833360437315308
ring_8,-0.0009837054110848787
pennsylvania_17,-0.000983828339964199
crash_10,-0.0009838349748305442
stocks_5,-0.0009846920652883506
religion_19,-0.0009849184578603286
credit_2,-0.000985588846138663
lifestyle_3,-0.0009858034045274744
court_9,-0.0009860072578699696
democratic_4,-0.0009864763351840277
water_2,-0.0009865195557855477
markets_3,-0.0009867258129628187
nyse_10,-0.0009868230659969778
revenue_3,-0.0009868401265381798
democratic_1,-0.0009874506502960845
housing_4,-0.0009878215824828285
economics_13,-0.0009878358028311053
inc_15,-0.00098787833782501
politics_2,-0.0009882920940050388
seats_2,-0.0009883302455637511
legal_15,-0.0009885413437467072
missouri_5,-0.0009899315557833298
investment_17,-0.000990015626983798
restaurant_13,-0.0009903578673754686
bank_2,-0.0009916389149874805
bank_18,-0.0009917764086496915
buy_6,-0.0009923139315497931
nasdaq_10,-0.0009938407560167173
revenue_15,-0.000993879098603978
house_8,-0.0009947260074615106
minister_7,-0.000994932766410206
train_13,-0.0009950806924982959
bank_7,-0.0009953126994223017
social_10,-0.000995561836128922
corporation_1,-0.0009955922952503248
present_9,-0.000995840312300622
loss_19,-0.0009961310502068165
fun_11,-0.000996723480632511
consumption_7,-0.00099875697465599
federal_2,-0.000999297106619035
investment_9,-0.0009996629868750829
social_6,-0.001000687559530311
sell_5,-0.001001106227737747
risk_19,-0.0010024244816523975
governor_15,-0.001003218463907385
markets_17,-0.0010034484239302755
trader_9,-0.001006648473238414
police_18,-0.0010076586651978081
metals_6,-0.0010078269024074605
ore_16,-0.001008248897816344
community_17,-0.00100937445764111
texas_13,-0.0010103231109555243
derivatives_13,-0.0010129350255152047
security_19,-0.0010136284651448778
pennsylvania_7,-0.0010152121952083704
kitchen_13,-0.0010155357900796247
million_6,-0.0010156120605458562
conflict_12,-0.0010160876715421096
headlines_3,-0.0010169340189698285
marketing_4,-0.001017817544178934
development_5,-0.0010179103451425585
nyse_19,-0.0010184842736659094
party_10,-0.0010187730828488562
founded_11,-0.0010192028167193001
elections_16,-0.0010192422868219087
world_18,-0.001019243588868557
housing_10,-0.0010196991983479008
senate_17,-0.0010205021485117705
bonds_9,-0.001021719534488219
marketing_19,-0.0010219168275484858
council_6,-0.0010225249810455583
gains_4,-0.0010227370180603268
founded_1,-0.0010230570638227077
crisis_20,-0.001023199596486779
social_19,-0.0010238729573448957
metals_2,-0.0010256798658819122
water_4,-0.0010262955756287662
consume_20,-0.0010264005235500085
car_10,-0.0010275351970209456
buy_18,-0.0010277845885049875
returns_4,-0.0010281649795580883
marketing_7,-0.0010283603756513048
college_18,-0.001028892572978135
senate_1,-0.0010289656685459115
trader_13,-0.0010291832497649534
government_4,-0.0010299236217687024
office_2,-0.001029927820911114
project_4,-0.001030494436642182
corporation_13,-0.001031882357041547
gains_3,-0.0010325626421039402
money_11,-0.00103264739974811
hedge_19,-0.0010346558349754397
energy_2,-0.0010348256386074396
oil_20,-0.0010354085338009078
washington_2,-0.0010395494228125468
color_11,-0.0010397820547471293
loss_8,-0.0010421085669148455
holiday_2,-0.0010426410787893526
buy_1,-0.0010434740324932745
kitchen_16,-0.0010449953232785302
gold_5,-0.0010452454347881003
election_19,-0.001045252897779947
travel_17,-0.0010458926089098152
service_6,-0.0010481544895760697
unemployment_8,-0.001048605561526994
world_15,-0.0010488229341654386
hedge_16,-0.0010501780173116427
transaction_17,-0.0010512252879267825
business_4,-0.0010516642503572537
trader_16,-0.00105193800531731
development_6,-0.0010520171340846264
companies_4,-0.0010528209322544057
culture_4,-0.0010544481826867847
politics_4,-0.001055192549139039
ohio_13,-0.0010561289124318084
growth_1,-0.0010575386979466916
dow_jones_1,-0.0010584511579941225
ohio_1,-0.001058872594981808
carolina_4,-0.0010614440905360122
headlines_2,-0.0010624752286307437
travel_16,-0.001063772235827365
loss_4,-0.001065046099790279
elected_17,-0.0010653698518998222
president_10,-0.0010658287633170892
founded_8,-0.0010682629318819804
movement_19,-0.0010683158697578187
profit_2,-0.0010687140049925991
fine_12,-0.001070219528373584
court_10,-0.0010718998531771494
global_1,-0.0010721601079724864
energy_17,-0.0010728153732719736
earnings_19,-0.0010745806732070484
financial_19,-0.001075061264713173
train_10,-0.0010753586045619378
gain_10,-0.001076402380347674
party_15,-0.0010774618474246544
fine_20,-0.0010775841382688167
headlines_18,-0.0010777298401986267
massachusetts_11,-0.0010780923620253625
global_14,-0.0010783306665798076
nasdaq_7,-0.00108112566221501
tourism_16,-0.0010825020805452557
present_6,-0.001082633686188794
nasdaq_8,-0.0010827585108853066
movement_7,-0.0010829528119111753
president_19,-0.00108387718870544
ltd_9,-0.0010847471652935426
corporation_10,-0.0010862082193530797
success_2,-0.0010863907865986012
credit_4,-0.001086757759601653
pennsylvania_10,-0.0010869213017494772
forex_6,-0.0010875228997122121
buy_20,-0.0010877392561305487
project_15,-0.0010884579186289712
movie_14,-0.0010895742758164628
rights_20,-0.001090364616748607
police_20,-0.0010908998350278142
home_8,-0.0010909934996886194
BUY_AND_HOLD_16,-0.0010915896302646332
growth_2,-0.0010933603708898954
members_10,-0.001093487426884332
health_2,-0.0010937395085242718
rights_6,-0.0010956532241631401
earnings_16,-0.001096950446594258
religion_4,-0.00109726951434026
election_9,-0.0010978508342131877
environment_20,-0.0010984962750339555
management_5,-0.0010993774784357814
culture_7,-0.001099832091437003
world_1,-0.00110032504188442
texas_4,-0.0011023954492041632
union_6,-0.0011040031629073078
governor_11,-0.00110618523673347
blacklist_13,-0.0011073876756682033
georgia_4,-0.0011130894408724278
services_6,-0.0011140843926743971
lifestyle_1,-0.0011143050566207568
BUY_AND_HOLD_15,-0.0011150569967538714
inc_1,-0.0011155085630198958
fed_9,-0.0011163171129439098
marketing_1,-0.0011194633192910474
labor_10,-0.0011199187871314242
community_13,-0.0011214355955455168
president_20,-0.0011222622499992285
legal_7,-0.0011244022040205915
derivatives_8,-0.0011246833887619268
opportunity_17,-0.001125283328826332
republican_15,-0.0011262897273613959
rights_5,-0.001127364773816053
rich_13,-0.0011275017348015837
derivatives_3,-0.0011280869868872446
environment_13,-0.0011288254407407327
stats_19,-0.001128918667583112
freedom_3,-0.0011325193302735848
success_10,-0.0011329054531792337
crisis_5,-0.0011334077104249163
environment_14,-0.0011338027397716833
ministry_20,-0.001133978626793941
home_16,-0.0011344719473232346
senate_3,-0.0011354585291364129
served_2,-0.0011366020151722944
missouri_4,-0.001136957719362086
consumption_12,-0.0011374815603296673
stats_18,-0.0011376700616918978
county_20,-0.0011387475581229323
justice_16,-0.001139448705279822
hedge_5,-0.0011415156119143565
ring_19,-0.0011417728374611747
markets_8,-0.0011439326652810332
portfolio_6,-0.0011443437240906019
stocks_10,-0.0011457880039759337
stocks_20,-0.0011464338893754534
food_17,-0.0011472285501730628
kentucky_6,-0.0011486397555981575
served_19,-0.0011489474609017503
office_11,-0.0011498705035146938
election_13,-0.0011503496918652712
economic_4,-0.0011506750051013758
act_10,-0.0011507386752781733
federal_17,-0.0011521106883872756
corporation_8,-0.0011536890099941744
founded_19,-0.0011537671906755697
council_7,-0.0011543318708464145
virginia_6,-0.001155858799012921
house_9,-0.0011565893521167992
opportunity_3,-0.0011571835250302031
banking_2,-0.0011579422571645014
college_14,-0.0011580303962750893
legal_17,-0.0011590033299670344
blacklist_4,-0.0011596201148760476
election_5,-0.0011619181135854584
bank_5,-0.001161994163762148
county_16,-0.0011624323555827765
members_20,-0.0011633063358476915
profit_15,-0.0011640120630403983
restaurant_19,-0.0011640199115229067
vermont_3,-0.001164046615130232
services_5,-0.0011641295232813764
present_16,-0.0011654123390678617
garden_9,-0.0011660435039774208
million_14,-0.0011664352171385506
DOW_JONES_12,-0.0011669607560271355
elections_14,-0.0011671083936330095
marketing_15,-0.0011671324273591522
technology_5,-0.0011683252357209684
hedge_3,-0.0011706090177383333
banking_18,-0.001170657623092941
portfolio_2,-0.0011708424036979803
debt_15,-0.0011714829446721308
missouri_15,-0.0011716620562402414
county_9,-0.001172933013525368
garden_1,-0.0011743881818974788
BUY_AND_HOLD_12,-0.001175183266674873
industry_11,-0.001175276665189995
crash_7,-0.0011768882770520016
rights_16,-0.0011778924822123838
elections_9,-0.0011788735245817916
invest_19,-0.001178900070779365
georgia_13,-0.0011790966353622423
carolina_2,-0.0011811132861931917
ltd_15,-0.0011837727036697165
tennessee_4,-0.0011839026402880482
legal_6,-0.001184248537810162
chance_12,-0.0011849350367699961
union_18,-0.0011853373280207968
cancer_2,-0.001186414215044973
inflation_17,-0.0011889882195911916
opportunity_12,-0.0011893721092152364
tennessee_7,-0.001192040447361631
labor_7,-0.0011930558892997655
food_15,-0.0011942057868098211
services_1,-0.001196751955933295
office_1,-0.001197057940031776
fed_4,-0.001198210303302405
default_4,-0.0011993239787345678
bubble_15,-0.0012000862346289054
president_2,-0.001200199675643554
industry_19,-0.001201614604419099
profit_6,-0.0012024573652992033
fond_1,-0.0012024750570923891
car_20,-0.0012032626774431954
bank_13,-0.0012035723759815208
bubble_10,-0.0012035871343627712
committee_2,-0.0012057285013290287
founded_4,-0.0012072065080045214
bank_11,-0.0012077268734735024
invest_16,-0.0012077514184066552
consume_10,-0.0012082358893099388
leverage_8,-0.0012097042244586741
texas_7,-0.001210620902976034
justice_15,-0.0012107984831386976
college_8,-0.0012108231137818004
returns_20,-0.0012108928354177318
texas_17,-0.001211807994537395
finance_2,-0.0012133138947540978
credit_8,-0.001213488532508844
present_5,-0.0012136836535980855
risk_13,-0.0012138453779865887
development_7,-0.0012154885673033133
happy_2,-0.0012157614727474008
nasdaq_2,-0.0012162147467740692
election_16,-0.001218634983588518
vermont_5,-0.0012194651726887607
election_20,-0.0012196404751031674
gain_18,-0.001221465794782306
metals_5,-0.001222092776127659
technology_7,-0.0012227165504033577
kitchen_8,-0.0012247552143187068
gold_1,-0.0012252993328361272
holiday_16,-0.0012266123941848893
police_10,-0.0012268940232846414
unemployment_7,-0.0012273924035497209
texas_6,-0.0012292795137912372
dow_jones_6,-0.001229909712053745
metals_17,-0.0012300169317963406
health_15,-0.0012310526823099631
sell_8,-0.0012325831702768354
court_2,-0.0012326611147827071
william_14,-0.0012329813969444102
economic_15,-0.0012334478506001556
finance_20,-0.0012340712509856244
holiday_4,-0.0012345201770835423
tennessee_6,-0.0012347605506358495
law_15,-0.0012362385735148695
leverage_16,-0.0012368360016808521
texas_1,-0.0012375993846355459
religion_3,-0.0012379508848960885
transaction_20,-0.0012393965157808883
revenue_18,-0.0012395313016259734
inc_6,-0.0012397763873809974
default_20,-0.001240029450674518
travel_4,-0.001240446953067509
unemployment_15,-0.001241242185488467
movement_20,-0.0012424086507741184
consumption_11,-0.0012424799926272546
law_4,-0.0012430058100131535
pennsylvania_14,-0.001243633080913642
labor_1,-0.0012453177714824236
DOW_JONES_13,-0.0012458720273723855
court_19,-0.001247054124858038
fond_5,-0.001247568995993298
district_19,-0.001248073647775394
products_4,-0.0012521332566743926
movement_9,-0.0012545603185396327
technology_6,-0.0012550585183387143
fed_16,-0.0012557218730611997
county_19,-0.001256538811045882
transaction_8,-0.0012567184642508834
community_7,-0.0012567222898242525
technology_15,-0.001257023471988239
massachusetts_4,-0.001259466356741079
economy_1,-0.0012602803849531608
services_11,-0.0012608520946533642
million_16,-0.0012621394412116072
housing_5,-0.0012622125510305172
ohio_17,-0.0012646752461595856
founded_13,-0.001266132228605743
fond_10,-0.0012673494840117483
york_13,-0.0012677113192361756
environment_7,-0.0012680676843303206
inc_10,-0.0012688531869104569
dow_jones_19,-0.0012706662073124209
invest_9,-0.0012710627070043668
election_11,-0.0012732063576068819
restaurant_18,-0.0012744070439761445
elections_4,-0.0012766373422437916
politics_9,-0.0012772016170519152
kentucky_19,-0.0012772328294486269
BUY_AND_HOLD_8,-0.0012785576250889275
district_11,-0.0012798682590444478
culture_6,-0.0012800148717138304
consumption_2,-0.0012808613915605838
services_15,-0.001281816050797735
media_15,-0.0012828700101418012
fond_18,-0.0012829860008867656
society_15,-0.00128392283203822
tennessee_17,-0.0012840741277995837
ohio_15,-0.0012844984671270376
election_10,-0.0012847041923522262
development_17,-0.0012854681085670895
pennsylvania_4,-0.0012908968520412678
management_6,-0.0012925727690947576
crash_8,-0.0012972198517866794
unemployment_10,-0.0012972475410390149
energy_13,-0.0012974902735742645
home_7,-0.001301468953215279
pennsylvania_15,-0.0013022063364352744
secretary_17,-0.0013037003480906196
union_15,-0.0013045108693050533
party_20,-0.001304872465681628
corporation_6,-0.0013066083541487749
management_19,-0.0013084714972458223
illinois_13,-0.001308985599637258
portfolio_17,-0.0013091826565201803
security_6,-0.0013106598330182128
garden_11,-0.001310679863582065
food_5,-0.0013137539626443707
success_20,-0.0013139082998069984
success_4,-0.0013156906852261007
leverage_13,-0.0013159820745727523
inflation_9,-0.0013178939430396497
crisis_2,-0.0013183796588553287
district_13,-0.0013212417109476737
bonds_14,-0.0013213134384374436
growth_16,-0.0013223575300995716
york_2,-0.0013226458622120907
consumption_8,-0.001322880706757079
security_10,-0.0013267565452979913
million_7,-0.001327299181941788
crisis_3,-0.0013275127824476484
car_15,-0.0013282849543919451
legal_19,-0.00132967990150068
justice_2,-0.0013360516534287824
kentucky_5,-0.0013366877695868418
economic_10,-0.0013375058774039328
georgia_19,-0.0013378294794227585
bubble_8,-0.001338333224318955
ltd_2,-0.0013387490893056243
transaction_12,-0.0013397190986326412
security_1,-0.0013397544164672759
served_8,-0.001342014088688992
chance_19,-0.0013425174942832906
seats_11,-0.0013427749843874849
labor_20,-0.001343794612587801
restaurant_3,-0.0013453022438334016
served_3,-0.0013456416272973116
firm_20,-0.0013458670249552052
consumption_9,-0.001346247786191701
consumption_19,-0.001347004234771454
finance_14,-0.001348398524078509
ore_13,-0.0013495299996195698
service_4,-0.0013534780356421194
democratic_9,-0.0013537126575603685
DOW_JONES_4,-0.0013546190349836395
restaurant_8,-0.0013552477536934227
transaction_18,-0.0013560558048834937
culture_14,-0.00135720713820362
portfolio_9,-0.0013572971820765777
minister_14,-0.0013577396693801092
finance_6,-0.0013580150126523804
finance_8,-0.001358352757411363
religion_8,-0.0013584475743948054
fond_20,-0.0013591268919096234
federal_6,-0.0013597561684582037
illinois_17,-0.0013598854367782964
services_10,-0.001359959921536058
markets_19,-0.0013618821884563205
governor_13,-0.0013623874771703903
office_6,-0.001362753840379316
transaction_11,-0.0013628100600205251
investment_11,-0.0013647003633617371
happy_18,-0.0013665556071395858
marketing_6,-0.0013689313917468527
kentucky_17,-0.0013690314392067026
party_7,-0.0013698067148129934
vermont_18,-0.001372158883507235
social_15,-0.0013722713581605372
conflict_19,-0.0013726507911349106
happy_19,-0.0013734143092324347
cash_5,-0.0013756227021391343
court_6,-0.0013777736814106322
council_5,-0.0013791054679861414
bonds_13,-0.00138039487732744
project_13,-0.0013836305988093045
success_14,-0.0013845812393915359
banking_4,-0.001394181103855452
bank_15,-0.001396091543796585
county_2,-0.0013968767694708894
buy_9,-0.001398043550632777
cash_3,-0.0013988909092236713
vermont_17,-0.0013993088164634849
products_15,-0.001401804551648156
georgia_14,-0.0014030232704531187
invest_10,-0.0014042966665583467
nyse_11,-0.0014051089702349806
judge_10,-0.0014051964736890188
nasdaq_16,-0.00140656457338455
holiday_15,-0.001407435162488202
nasdaq_17,-0.0014093035000867892
water_14,-0.0014121211143397483
bonds_18,-0.001412482207197452
health_6,-0.0014124936824057243
fed_5,-0.0014134966398573034
companies_5,-0.0014138448167787976
federal_8,-0.0014141293975312498
kitchen_19,-0.0014145021715654903
dividend_2,-0.001414814561440081
DOW_JONES_10,-0.0014148200859799953
community_4,-0.0014160544190560342
committee_18,-0.001418671753911549
development_10,-0.0014211758787231687
kitchen_20,-0.001422094587037881
derivatives_16,-0.0014237231046769327
freedom_7,-0.0014246073187341723
nasdaq_12,-0.0014250685614359381
religion_5,-0.001426095131034133
ceo_1,-0.0014281318662709096
union_16,-0.001429730062357626
economy_19,-0.0014310158464045486
cancer_15,-0.0014332817496508943
gains_8,-0.0014362986284551793
elections_11,-0.001439377340566117
financial_15,-0.001445014929887045
ore_15,-0.001445611325606766
representatives_2,-0.0014471229944615026
judge_15,-0.001449132197856451
economic_1,-0.0014501579532580466
trader_4,-0.0014522792487104753
district_6,-0.0014551297314035372
washington_15,-0.0014556936674309019
bonds_3,-0.0014571084635956577
president_12,-0.001459596881077263
service_11,-0.0014617873990714347
environment_5,-0.0014625870529551665
buy_8,-0.0014633448776287584
illinois_15,-0.0014639089357690205
revenue_4,-0.0014640582008182078
lifestyle_12,-0.0014646728075143668
republican_12,-0.001467384634402391
business_5,-0.0014680461650273592
market_4,-0.0014759620573415733
ceo_18,-0.0014760951992436322
stats_3,-0.0014779144588006553
missouri_17,-0.0014783982146199914
revenue_5,-0.0014815381110584002
religion_6,-0.0014831727187573974
county_15,-0.001485589081865002
fed_19,-0.0014857425717172746
act_5,-0.00148577447728917
bank_9,-0.0014863172849973072
elected_15,-0.0014876300730408466
texas_15,-0.0014921681543211829
dow_jones_10,-0.0014942221189583771
stats_13,-0.0014943783144745425
derivatives_17,-0.0014946141111647382
secretary_5,-0.0014954969150556385
virginia_10,-0.0014957254222209393
kitchen_9,-0.0014969167164947672
financial_17,-0.0015021982333718765
served_5,-0.0015026685970174869
bubble_14,-0.00150504346827538
fun_9,-0.001507136241969853
movie_1,-0.0015087524451885327
president_13,-0.001509280978952443
train_20,-0.001512183155012181
senate_2,-0.0015143297569370606
bubble_11,-0.0015190613812577692
stock_market_12,-0.001519323909335224
ceo_4,-0.0015194928043884115
district_15,-0.001522181360161956
finance_10,-0.0015239138701783617
freedom_11,-0.00152443588175748
derivatives_10,-0.0015247092181411182
health_1,-0.0015262968831878609
gains_7,-0.001526608681280206
gains_17,-0.001527765256128566
portfolio_19,-0.0015291002150674914
gains_11,-0.0015298749908835285
stock_market_13,-0.001530349010486476
wisconsin_18,-0.0015328726535112746
community_6,-0.0015330536430545605
technology_19,-0.0015337275794566896
headlines_17,-0.001535249871456612
returns_14,-0.0015384623856641965
politics_6,-0.0015399456734194183
ceo_8,-0.0015415922854109087
ltd_12,-0.0015429637061393996
elections_1,-0.0015466420880042796
judge_5,-0.0015477928681537634
investment_10,-0.0015478989449765113
leverage_11,-0.0015514088374167568
ring_9,-0.001552090275382012
gains_16,-0.001553075893532574
headlines_4,-0.0015534692564339592
metals_3,-0.0015544337149800747
debt_18,-0.0015574231080796252
stocks_14,-0.0015580755781490208
stock_market_2,-0.0015602570953427764
health_10,-0.0015616933380652397
chance_3,-0.0015633478847175697
georgia_17,-0.0015641490144303826
union_13,-0.0015671619458087704
derivatives_11,-0.001567328709481819
committee_13,-0.001568195140130979
buy_11,-0.0015683200974033972
district_3,-0.0015686206739890184
republican_14,-0.0015687645627890045
success_16,-0.0015692541291328244
investment_2,-0.0015714366859555184
companies_19,-0.0015794525058157704
federal_10,-0.001581156054307553
business_10,-0.001583191308191334
governor_10,-0.0015843888332188083
home_15,-0.0015845254209184035
court_13,-0.0015863296869555344
corporation_5,-0.001587721234761741
development_11,-0.0015908904748598296
washington_10,-0.0015918884721869198
hedge_13,-0.0015933326731628616
tennessee_10,-0.0015955264974486516
headlines_19,-0.0015959136772852657
dow_jones_12,-0.0015961065219202153
legal_8,-0.0015991590673356758
election_2,-0.0015996947826950603
inc_19,-0.0015998233274775898
fond_11,-0.0016022987789060749
fed_11,-0.0016030654434530333
economics_9,-0.0016034339323798053
housing_1,-0.0016050249742640243
holiday_7,-0.00160586449769482
nyse_5,-0.0016061832341029536
district_8,-0.001609177339344292
development_4,-0.0016096737847503205
movement_12,-0.0016101814010315962
loss_18,-0.001611483143936443
happy_13,-0.001612279142161377
earnings_9,-0.0016133465883190201
york_10,-0.0016161432844857381
crash_14,-0.0016194603916914962
senate_4,-0.0016206858450461326
corporation_17,-0.0016225925703548417
portfolio_10,-0.0016234419302124659
unemployment_1,-0.001629885140005749
federal_4,-0.001631262569659686
secretary_18,-0.0016324410003738742
union_10,-0.0016344601846334905
federal_19,-0.0016359605366703446
restaurant_20,-0.0016383190596475083
banking_8,-0.0016423353069275003
technology_17,-0.0016439241284971872
tennessee_2,-0.0016449633318057488
finance_13,-0.0016451480675842012
police_17,-0.0016459925094704398
DOW_JONES_7,-0.0016555997162632564
county_4,-0.001660075024035912
chance_2,-0.001661471296076056
portfolio_8,-0.0016646149638563034
office_10,-0.0016672715438558639
garden_8,-0.0016737966362156075
act_4,-0.0016865265566066601
law_17,-0.0016920070954944632
unemployment_2,-0.001696019333142096
union_8,-0.0016976895898340506
business_19,-0.001698570436983804
ministry_11,-0.0016988018871512355
seats_19,-0.0016997806759329937
markets_16,-0.0017039737732277738
markets_15,-0.0017042208970839301
profit_18,-0.0017044053823545235
business_15,-0.001705634265694811
forex_10,-0.0017078705364919956
happy_14,-0.0017093318120397604
security_15,-0.001718156221414313
revenue_7,-0.0017189489241182798
district_1,-0.0017234192000220138
health_19,-0.0017240254707706626
college_6,-0.0017303589733862258
profit_1,-0.0017306507100939283
million_2,-0.0017308436797518034
economics_5,-0.0017312308814090294
industry_20,-0.0017368194508736278
law_10,-0.0017371211847740265
firm_6,-0.0017373068205670749
fun_8,-0.0017414640706803653
washington_17,-0.0017424433798727268
sell_9,-0.001742650406595847
rights_7,-0.0017429471800528783
forex_13,-0.0017429563971221862
buy_16,-0.0017505868148460558
financial_6,-0.001751758108990642
college_17,-0.0017600430939246792
happy_8,-0.0017606438601443842
kentucky_15,-0.0017625259283393646
invest_12,-0.0017635863643629568
companies_17,-0.001767283109768769
founded_7,-0.0017759466406327418
energy_6,-0.0017842531985113208
college_2,-0.0017866186068026479
health_4,-0.0017869811189549889
governor_5,-0.0017875082116301621
fond_6,-0.0017929652737826319
economic_5,-0.0017942910524193722
forex_5,-0.0017978512949514025
project_17,-0.001802448939580703
forex_2,-0.0018067140484332223
court_15,-0.0018073527664053345
service_15,-0.0018077621727342398
financial_7,-0.0018093203363858778
train_9,-0.0018123852779915461
stock_market_11,-0.0018140292094843246
investment_5,-0.0018151675541481448
york_17,-0.0018164340907404597
religion_20,-0.0018223443291389251
ohio_10,-0.0018225939421692595
loss_2,-0.0018237742638655963
forex_8,-0.0018242565426662472
energy_1,-0.0018255550765797102
economic_2,-0.0018280610637156692
judge_7,-0.0018306454612989852
stock_market_20,-0.0018318797342272487
kitchen_15,-0.001832486918822629
earnings_8,-0.001836260161658343
development_19,-0.001836897001956883
environment_19,-0.0018377523794947948
gold_15,-0.0018406974062199488
arts_3,-0.0018419544091289764
credit_15,-0.0018422902745982128
gain_15,-0.0018431138210474262
leverage_15,-0.0018454297713590417
garden_15,-0.001845538370566624
minister_10,-0.0018476387589340336
nyse_6,-0.0018487802518062813
tourism_15,-0.001851913613573064
debt_19,-0.0018536070199126175
ceo_17,-0.0018546069503670992
BUY_AND_HOLD_14,-0.0018557327771320687
cash_13,-0.0018575828007954432
conflict_11,-0.001860729413541673
bonds_20,-0.0018656423931476596
arts_5,-0.0018662171389665972
service_10,-0.0018680474879557486
DOW_JONES_9,-0.0018720420057361854
profit_10,-0.0018740792253060024
security_4,-0.0018756036840514856
sell_15,-0.0018762798553140446
council_19,-0.001880155517697757
senate_15,-0.0018866212296772434
dividend_15,-0.0018871741121054165
legal_4,-0.0018889460428450188
police_4,-0.0018915538123737807
transaction_13,-0.001891957878999162
opportunity_18,-0.0018927742197143217
default_17,-0.0019015361796872465
headlines_16,-0.0019020771281416105
profit_17,-0.0019043940474826825
economic_20,-0.0019050291039660384
cancer_4,-0.0019054996189198814
earnings_12,-0.0019089151693561178
debt_7,-0.0019137234999825337
banking_15,-0.0019144830042325145
massachusetts_17,-0.0019157221470318842
election_15,-0.0019183150985928599
housing_17,-0.0019214170233581296
nasdaq_5,-0.0019222286369991349
law_19,-0.0019268144914015295
hedge_18,-0.0019268798024613786
invest_8,-0.0019280767943284705
nyse_2,-0.0019377230462613415
economics_12,-0.0019386271767245944
cash_16,-0.001942476951001293
financial_8,-0.0019433553472046228
dow_jones_18,-0.0019445981341341234
election_3,-0.0019466569906015252
derivatives_19,-0.0019472142810909698
BUY_AND_HOLD_10,-0.001947631160222274
stocks_16,-0.001953668042496237
governor_2,-0.0019556471072134096
college_13,-0.001955737946968905
dow_jones_9,-0.0019613925187625726
election_12,-0.001961556551544752
credit_13,-0.001961800647394685
restaurant_15,-0.0019664582551681465
bank_4,-0.001971597946139325
gain_9,-0.0019719350530328804
finance_1,-0.0019756196535293926
movie_19,-0.001979334290400736
investment_15,-0.0019811856972099307
credit_10,-0.0019823998028678956
governor_1,-0.001984485096843391
consume_3,-0.0019863556536234618
bank_19,-0.0019865755365026773
virginia_4,-0.001988558138848617
energy_4,-0.0019901951387737427
services_17,-0.001991223891563321
corporation_19,-0.001996695236652246
lifestyle_2,-0.00199716669481409
movie_15,-0.0020043821287346166
finance_4,-0.002010164423161398
bubble_3,-0.002016981351538982
elected_5,-0.002017730679273111
fun_19,-0.00201798102191979
unemployment_11,-0.0020180949193538077
bank_1,-0.0020193260628952546
fond_15,-0.002030792070743881
success_12,-0.002033141720193665
college_1,-0.002037128334866711
labor_3,-0.0020403542898576265
banking_9,-0.002044537944006453
leverage_2,-0.0020453249725535193
minister_8,-0.0020472690245978862
gains_10,-0.002051979008939786
fine_6,-0.002058038144631613
security_17,-0.0020585636315627377
movie_17,-0.002062173656789579
unemployment_13,-0.0020648553698618954
community_10,-0.0020659410356222985
office_4,-0.0020666706597482374
representatives_17,-0.0020675881950373842
investment_16,-0.00207184738394397
holiday_13,-0.0020775789817193855
office_5,-0.0020812588506805784
default_12,-0.002083797238847973
fond_13,-0.0020845212860064466
industry_5,-0.0020928417920009768
stock_market_6,-0.002100870484166295
tourism_6,-0.0021030656683599823
inflation_11,-0.0021054827568301794
marketing_17,-0.0021118017809502064
services_19,-0.002114907090203433
founded_5,-0.0021158221054357273
ore_4,-0.0021198327222096136
ltd_14,-0.0021204790839778553
million_5,-0.002125821194658295
headlines_20,-0.002129893695945584
financial_4,-0.0021370676169318427
council_17,-0.002143352306194113
derivatives_4,-0.002151581421358184
housing_15,-0.0021525106038071005
management_4,-0.0021572540432883702
million_3,-0.0021611901529838607
social_17,-0.00216389030770896
train_15,-0.0021650287028153413
default_13,-0.002165234007442374
nasdaq_11,-0.0021761351798185837
fond_9,-0.0021799022605328176
forex_1,-0.002180030814185008
stock_market_7,-0.0021829362356708517
movie_7,-0.002186510067975278
county_14,-0.0021887372848005794
county_1,-0.0021887456241833857
global_7,-0.002191116484301614
movie_13,-0.0021932477987193
union_4,-0.002194925398951897
legal_10,-0.002195218897474671
derivatives_2,-0.0022033627566576007
court_1,-0.0022082315555458365
crash_4,-0.0022086227472640995
bonds_17,-0.002214387667576867
growth_3,-0.0022167068520224653
county_6,-0.0022187921977708134
ministry_19,-0.002222853566332628
growth_4,-0.0022291739277812807
judge_19,-0.002229670116941662
committee_19,-0.0022305563545810926
founded_14,-0.002231047203546899
minister_9,-0.0022363313998213785
chance_4,-0.00224506405898921
debt_3,-0.0022549216302616415
management_17,-0.0022646446094766403
representatives_5,-0.00226578784239011
million_12,-0.002272970161106369
sell_18,-0.0022755982700528588
economics_17,-0.002277711415188133
headlines_13,-0.0022808509806677034
ore_7,-0.0022837034208410766
chance_1,-0.0022839432559907725
wisconsin_17,-0.002294811824563303
buy_15,-0.0022965501822087785
debt_5,-0.002304125970138182
global_4,-0.002306486666025531
inc_4,-0.002308631851351284
fine_7,-0.0023130618507198886
nasdaq_14,-0.002314454038082392
crash_11,-0.002323086023260745
election_1,-0.0023265863422191834
million_17,-0.002329208568579966
gains_15,-0.0023313967253572486
ministry_10,-0.0023346812934741832
union_17,-0.002335418006902312
million_9,-0.0023380645915801247
ministry_2,-0.00233846107939355
inc_17,-0.0023420332250942534
derivatives_1,-0.002351274922232838
senate_20,-0.002353357333792938
opportunity_16,-0.002355429514308138
nyse_20,-0.0023615096778202504
secretary_4,-0.002363269004816315
trader_3,-0.0023747562554427225
world_11,-0.002378409298811368
founded_16,-0.0023823510800938807
office_15,-0.0023980901411502662
movie_6,-0.0024045199520949636
economy_2,-0.0024154188082278647
labor_2,-0.0024280205111158358
success_15,-0.0024310743103067136
gain_17,-0.0024449224648845024
business_17,-0.00244935790916716
banking_16,-0.002449449947376481
nyse_12,-0.002451818805877681
vermont_8,-0.0024602578031379663
bank_6,-0.002463170197955078
energy_15,-0.0024844033220292605
revenue_8,-0.0024900729926595313
ore_12,-0.00250859739664695
default_3,-0.002519921946567738
unemployment_17,-0.0025289237504923625
members_16,-0.002539899203384199
senate_18,-0.0025432449296415973
industry_4,-0.002552700434563704
district_17,-0.0025549644885948684
forex_11,-0.002556590879291454
companies_15,-0.0025568369821742155
court_4,-0.002557843036241336
million_4,-0.0025787789971841502
ltd_17,-0.0025807422168022454
ore_17,-0.002582921878399458
rich_19,-0.002586496265119842
consumption_18,-0.002586497569008239
governor_19,-0.002591033554513866
founded_3,-0.0025958614264732114
bank_10,-0.0026038371872513675
firm_19,-0.0026124009643504254
service_17,-0.0026236049105485826
county_10,-0.00262720909478924
default_15,-0.0026289866477468673
virginia_19,-0.002635891783544042
county_17,-0.0026367952265409222
movie_4,-0.002639914556527234
fond_3,-0.0026585996291327296
secretary_19,-0.002663348972324164
corporation_4,-0.0026726577750045832
derivatives_14,-0.0026841253253004236
ceo_15,-0.0026931738361548165
invest_1,-0.0026973796354980094
college_15,-0.002722119744988727
finance_15,-0.0027335346626617073
corporation_7,-0.0027379685042852263
global_5,-0.0027608778845828576
bonds_2,-0.002770035174466967
bonds_6,-0.0028125865589257336
crash_15,-0.0028157348901778566
elected_16,-0.002835164616314656
technology_4,-0.0028450699217372755
global_15,-0.002849452679317621
district_4,-0.0028580130888130385
stats_5,-0.002867011542284148
senate_5,-0.0028847158432875773
sell_14,-0.002904094434808391
dividend_16,-0.0029064037024227663
DOW_JONES_17,-0.0029074779713847755
forex_20,-0.002910013546162138
DOW_JONES_19,-0.0029196680610103164
invest_11,-0.002923452360324141
nyse_4,-0.0029234623815495462
served_15,-0.00296440967530327
movie_9,-0.002970331171064844
dow_jones_7,-0.0029827383916679827
crash_3,-0.0029959111159339803
elected_20,-0.0030126027974910485
finance_19,-0.003016380833606136
court_17,-0.0030174753430855404
forex_4,-0.0030981258228072405
ceo_6,-0.003125822335596329
unemployment_6,-0.0031259667015169023
crash_2,-0.003142133411881076
restaurant_5,-0.00314592468481687
transaction_6,-0.0031542652228146784
ore_2,-0.003159144750123177
minister_16,-0.0031691155433824837
metals_4,-0.003172062767635042
bonds_8,-0.0031948782695298216
credit_17,-0.0031990427135772936
office_17,-0.0032040121926815157
fond_2,-0.0032302867764321787
office_19,-0.003248519393018756
consume_5,-0.0032971476350219576
ore_19,-0.0033081140140599928
district_10,-0.003322870731533678
fed_17,-0.0033233427068648956
kentucky_4,-0.003337156285364973
movie_11,-0.0033508136794886843
dividend_17,-0.00336009441524896
earnings_15,-0.0033621220778916605
health_17,-0.003381898533433336
headlines_14,-0.0034445647279507385
gain_19,-0.003445673013150197
ore_8,-0.0034485751874274717
gain_20,-0.0034802814120106886
ore_9,-0.0034847426035851557
services_4,-0.0035084467286014
dow_jones_5,-0.003518896423468587
committee_4,-0.0036373680928600606
bank_17,-0.0037151342357730544
arts_4,-0.003734018555687624
election_14,-0.0037555758027877583
ministry_1,-0.0037795619640733193
college_10,-0.003782283785180374
movie_8,-0.00378558360715886
portfolio_18,-0.003815951119934602
profit_14,-0.003871922665288152
stats_6,-0.0039282515373809
lifestyle_17,-0.003985771548305994
served_18,-0.004067550682547316
forex_9,-0.004105905255301389
opportunity_6,-0.004197750732550465
council_4,-0.0042237944022399665
happy_15,-0.004261669918958333
DOW_JONES_20,-0.00427744003000623
crash_9,-0.004341120634712592
fed_1,-0.0043520923656585
dividend_13,-0.004352461720687639
dow_jones_20,-0.004458594840857533
DOW_JONES_5,-0.00448981098049841
DOW_JONES_8,-0.004560270723523874
firm_17,-0.004604855499959126
elected_18,-0.004628749582374736
opportunity_15,-0.004636653279130232
derivatives_18,-0.0046863595637243625
dow_jones_3,-0.00489995378699386
DOW_JONES_3,-0.004975987428004358
million_8,-0.004988187033697344
ceo_7,-0.005183739972390922
founded_18,-0.005277703258614652
fond_14,-0.0056013089449856055
finance_17,-0.005619653340873354
stocks_15,-0.005683760646254243
ore_18,-0.0057088620530934
opportunity_7,-0.0058563747539174035
lifestyle_16,-0.006090721919694397
served_16,-0.008012176299560992
fond_8,-0.00876180044668482
dow_jones_8,-0.009042394894535377
fond_16,-0.009104473185724027
earnings_4,-0.010368676539938448
