feature,feature_score
votes_1,0.016399392297970227
crisis_16,0.01074411979850498
investment_16,0.0076095757833022585
crisis_4,0.007455015970682322
global_6,0.007294231130263129
service_16,0.00695098853580065
debt_6,0.006850496231831693
movement_16,0.006774297579306121
development_16,0.006645514321608026
technology_16,0.006550295447733045
court_16,0.006522884602393808
economic_16,0.006243584932612056
district_16,0.0062408410861025665
president_6,0.006228462633834519
management_16,0.006118564587106867
health_16,0.006041449109476282
holiday_16,0.005995556761464816
BUY_AND_HOLD_14,0.005973378104699112
services_16,0.0058999314567636406
stock_market_17,0.005841538573050786
unemployment_16,0.005737191643116879
ministry_17,0.005713977141467064
business_16,0.005706540473420674
fed_6,0.005414574760864999
nasdaq_16,0.005330993535330464
short_sell_8,0.005308961407902069
companies_16,0.005215059843909931
marketing_16,0.005087222697442639
police_17,0.004990512112139323
council_6,0.004981788267076936
security_16,0.004728981604748416
college_16,0.004661614382018753
stocks_17,0.004640448387415374
war_7,0.004625754996988229
corporation_16,0.004587597214370099
success_5,0.004533682651781401
votes_5,0.0044576184218062306
council_16,0.004455150318801726
inc_16,0.0044048310588428174
present_17,0.004376305932511149
justice_16,0.004371729495570809
profit_4,0.004345543115894146
growth_16,0.004320985706673719
credit_16,0.004301773628128669
banking_16,0.004202078749559313
portfolio_15,0.00418080804863028
transaction_15,0.004150480873064688
government_16,0.004095849195043977
office_16,0.004077803136638747
BUY_AND_HOLD_2,0.003971772483704661
fed_16,0.003906397135528939
community_16,0.0038181134112185156
police_16,0.003702065588039294
illinois_16,0.003620638935952436
act_16,0.0036091182842884484
finance_16,0.003594146875635862
case_17,0.00357734204165745
ohio_16,0.0035196234454307083
society_6,0.003428741863080842
labor_4,0.0033838874619553927
short_selling_14,0.003340730325299801
police_6,0.0033160570359213716
federal_16,0.003298509092602875
law_16,0.003244474957241494
act_4,0.003223184697825454
companies_17,0.003189856767751631
security_6,0.0031869664954311317
service_6,0.00318114919668
global_16,0.0031807261542029066
crisis_15,0.0031721565290467437
minister_10,0.0031381794767285642
gold_7,0.0031314638966304376
ohio_6,0.0031175628018765165
stats_3,0.003082457432769159
financial_16,0.003070858933783027
global_7,0.002978266354213588
short_sell_6,0.002885192862694441
government_6,0.002881579693808889
votes_11,0.0028301454697716054
transaction_16,0.002783023080067659
management_6,0.0027740982305390683
revenue_6,0.0025840592903484173
society_17,0.0025670136400894215
york_17,0.00256498045647624
society_16,0.0025619569159484046
financial_6,0.0025389488452303376
federal_6,0.0025220360453267255
washington_16,0.0025189344317670726
president_4,0.002500522545982742
energy_16,0.0024863525456939595
short_sell_17,0.002467970905080952
bank_16,0.0024554190251331763
tourism_12,0.002451591840074663
short_sell_9,0.002448885653353372
global_17,0.002425716834394631
food_7,0.002375562103035489
dow_jones_17,0.0023657247393155554
economic_6,0.002354849742673415
project_16,0.0023362902363798232
texas_6,0.002312901850422544
social_6,0.0022876147835274585
present_3,0.0022849366221300736
portfolio_16,0.0022284908075463684
politics_16,0.002212552333407736
stock_market_6,0.0022031901601635706
BUY_AND_HOLD_7,0.0021802633269091044
rights_16,0.002169473504817021
missouri_17,0.002165697305227621
judge_13,0.0021481681099689842
cash_7,0.0021403046900137167
rich_7,0.0021366000510872453
justice_6,0.0020915875651339234
water_16,0.0020905205036821695
virginia_17,0.0020791349449331476
technology_6,0.0020206721249750536
products_16,0.0019971023257542297
greed_2,0.0019835669503870832
legal_16,0.0018776844792648185
georgia_16,0.0018726552385871509
fun_11,0.0018600998811376223
default_8,0.0018515008152643285
greed_11,0.0018502114606352427
act_6,0.0018369395126339727
members_12,0.0018065144347040763
revenue_16,0.0017937167991019186
risk_16,0.0017901613631915003
arts_12,0.0017787359767235556
tennessee_14,0.0017753851550646126
firm_1,0.00176719227194162
carolina_16,0.0017478065426636657
tennessee_15,0.0017449436965781384
debt_16,0.0017383625470353881
water_12,0.001724513944103645
pennsylvania_17,0.0017038232863225478
gain_13,0.0017000442661600167
court_6,0.0016994111279931001
return_16,0.0016926280322566267
consume_14,0.0016750475343875859
business_6,0.0016721405357078335
crisis_10,0.0016599290197560456
unemployment_6,0.0016584672486372964
return_17,0.0016458102029556
color_15,0.0016217233292084466
massachusetts_4,0.001617415073528572
returns_18,0.001613208870504601
buy_3,0.0016005132374217856
credit_6,0.001599248705036227
missouri_6,0.001574725347310979
finance_17,0.0015686683942991442
nyse_17,0.0015680418292033592
county_16,0.0015517944616041611
cancer_16,0.0015510342235628195
sell_3,0.001549319264739868
consumption_13,0.001530195760384534
wisconsin_7,0.0015150506729142866
votes_18,0.001510834745143863
greed_3,0.0014950034936997091
media_7,0.0014748881510470379
firm_16,0.0014678815639565857
judge_16,0.0014487362814243677
unemployment_17,0.001447618442594334
marriage_16,0.0014345199042350653
gold_3,0.0014309104690741759
energy_17,0.0014265003443186598
opportunity_4,0.0013908367341496143
success_17,0.0013890811386065849
william_15,0.0013834889082331658
transaction_11,0.0013817980087432735
ltd_6,0.0013783047453161056
money_7,0.0013631373622611464
lifestyle_3,0.0013414197672293015
culture_4,0.0013130100619020535
BUY_AND_HOLD_1,0.0012954837229066651
inflation_6,0.0012814851629904256
success_4,0.0012696956411192284
success_16,0.0012609218706113533
illinois_17,0.0012556593271592308
carolina_4,0.0012480415790192766
companies_6,0.0012459264076210897
judge_10,0.0012310436831363346
fine_11,0.0012292826727996475
house_7,0.0012114973251527773
tourism_6,0.001194075747401313
dow_jones_16,0.0011923593848365943
ministry_16,0.0011867040034033716
carolina_17,0.001186425846601824
carolina_3,0.0011796661544674959
economic_4,0.0011731230206270872
products_17,0.0011680141095149921
politics_7,0.0011505896708195796
energy_6,0.0011427934904386428
religion_12,0.001126505517252796
missouri_16,0.0011148621494884603
college_6,0.0011100979272810952
financial_markets_3,0.0010727646944392877
georgia_6,0.001057361871852769
office_6,0.001049560976955366
media_11,0.001035781583331774
arts_15,0.0010234248217606545
government_7,0.0010205079618028413
committee_17,0.0010169499058021003
crash_13,0.0010081426619063193
kitchen_7,0.001005642915084337
community_6,0.001001192059563727
culture_7,0.0010011083070248228
labor_6,0.0009669711266446779
war_15,0.0009550301302533315
portfolio_10,0.0009548395137823684
security_17,0.0009514927733534018
gain_17,0.0009494662995920722
short_sell_16,0.0009415676179131749
economy_4,0.0009288143300292928
default_16,0.0009253071522843826
financial_markets_20,0.000908514145331507
financial_markets_11,0.0009073476883698417
home_11,0.0009025735089661424
million_14,0.0009008478264435737
marketing_6,0.0008993067390006493
inflation_18,0.0008881538135437017
health_17,0.0008800440431689482
carolina_10,0.000878843443208277
economic_14,0.0008707316501121553
president_7,0.0008653957710833326
consume_1,0.0008543076727702825
tennessee_16,0.000852423230060495
office_17,0.0008489652835406592
economic_17,0.0008387510953690169
investment_6,0.0008271625317394004
holiday_15,0.0008260962958600348
transaction_17,0.0008062257116982829
chance_18,0.0008010023911435793
project_7,0.0007894824408703815
car_3,0.0007870333779387284
police_7,0.0007783793390556459
health_6,0.0007750206198568144
trader_7,0.0007729804966517095
marriage_7,0.0007662229814903388
secretary_16,0.0007629003447740202
color_7,0.0007628310904229663
return_4,0.0007572550004435019
movement_15,0.0007477352923139557
massachusetts_16,0.000733765720674695
blacklist_6,0.0007294285498592457
trader_3,0.000729426903073338
development_6,0.0007120083416512823
york_10,0.0007041475169251354
ring_11,0.000698408112273352
war_3,0.0006980353253881466
derivatives_7,0.0006814954777660364
service_15,0.000680798827050122
environment_16,0.0006795524156887334
rights_15,0.0006774343540467687
inc_6,0.0006708288055404354
district_17,0.0006665497313651069
politics_3,0.0006643763093288957
metals_16,0.0006610085157527923
economic_7,0.0006478998881177311
law_6,0.000646647633134756
sell_1,0.0006463219994375269
marriage_12,0.0006249763943847242
garden_5,0.0006151700903009871
world_15,0.0005989493073976116
tourism_16,0.0005916706683215978
money_1,0.0005877718706597035
oil_7,0.000586971426073668
georgia_7,0.0005768323952568321
corporation_6,0.0005702281023654887
nyse_7,0.0005688454891094486
trader_15,0.0005535074691993769
investment_17,0.0005503869159196428
BUY_AND_HOLD_4,0.0005497257076013451
massachusetts_6,0.000545508525020022
short_sell_4,0.0005449955803253692
companies_7,0.0005387125852383656
law_17,0.0005335309088954965
services_6,0.00052858231433488
kitchen_3,0.0005065469469690553
housing_6,0.0005029125862011652
party_7,0.0004934202874416815
cash_3,0.000490882188955788
illinois_15,0.00047963528095134044
media_13,0.0004658411012389285
tennessee_12,0.000465534276098678
DOW_JONES_17,0.0004589042391553111
consume_7,0.00045821163514379035
fond_2,0.000454475282463318
travel_15,0.00045394966934526605
justice_7,0.0004516254543800224
georgia_17,0.0004495285386981962
earnings_16,0.00044909613764616553
economy_3,0.0004424104661676642
kitchen_15,0.0004358636534192772
money_3,0.00043183780485354093
gain_10,0.0004272850941812845
sell_7,0.00042485668666809585
union_16,0.00042475771486101267
members_4,0.00042230199891653
holiday_4,0.0004159317411065899
virginia_16,0.00041427445194823774
community_17,0.00041073216168501235
risk_1,0.0004027123871573002
markets_10,0.0003894793812121877
wisconsin_6,0.0003869468856404934
short_selling_10,0.00038077414024701995
lifestyle_15,0.0003746075582058417
development_17,0.00036764892075300535
short_selling_13,0.00036618993955916945
william_17,0.00036385347769543055
debt_5,0.0003230181520820441
nyse_6,0.0003184317339381959
illinois_6,0.0003144229160559453
returns_9,0.0003045397351425061
bubble_5,0.00029889368491446965
marriage_6,0.00027563564199966083
success_10,0.00025770328213772233
republican_13,0.000253530046839856
technology_10,0.00025171014087561617
companies_4,0.00024900431024252876
buy_11,0.00024507293532185506
derivatives_14,0.0002384916988389607
industry_9,0.0002309913630779592
justice_12,0.00022421234419665038
return_12,0.0002231207689089132
stock_market_11,0.0002149863358865911
representatives_6,0.00021158535268046564
short_selling_9,0.00020495283201029668
ministry_15,0.00019327304324248117
media_3,0.00014798690407655802
tennessee_7,0.00014482388117948998
house_11,0.00014428973120976795
opportunity_6,0.0001428141614134626
council_17,0.00012466920314537777
car_15,0.00011206777316417061
founded_9,0.00011064693058828733
chance_13,0.00010830892399344982
business_17,0.00010665962133604712
fun_19,0.00010640684908922449
democratic_7,0.00010063607845784972
political_5,9.966786058444033e-05
earnings_17,9.827131498729713e-05
case_7,9.252704370976694e-05
profit_16,9.23648960768908e-05
service_17,8.674018052270415e-05
short_selling_11,8.297422397340881e-05
economy_6,8.10463450145571e-05
house_19,6.748507940328441e-05
ring_3,6.50338765461056e-05
missouri_4,6.412267531119564e-05
union_6,5.952142050622555e-05
success_7,5.5653439474645515e-05
sell_10,4.693294129727299e-05
illinois_7,4.630955090032529e-05
voters_20,3.980272574661825e-05
home_3,3.94122240365391e-05
water_15,3.1225487915897965e-05
william_6,2.19473371577239e-05
stats_12,2.078787700663387e-05
dividend_12,1.8848293867179678e-05
house_15,1.1290225787341513e-05
bank_17,1.116436251806796e-05
act_7,6.846292002138377e-06
federal_4,2.251930499386212e-06
management_17,3.4783632325563473e-07
color_3,-4.210306547069997e-06
committee_6,-6.2418553017362655e-06
tourism_7,-1.0338921055152995e-05
republican_2,-1.1458305952971592e-05
home_15,-1.4874002196907377e-05
present_1,-1.6338227054402134e-05
inc_10,-4.370997600247062e-05
world_5,-4.54179875580607e-05
william_16,-5.0719146190392196e-05
district_6,-5.097954673201066e-05
consumption_14,-5.899588868272243e-05
service_7,-6.410372260936547e-05
market_5,-6.856730130795352e-05
carolina_7,-6.874552218014696e-05
missouri_7,-7.217567326480711e-05
voters_14,-7.436110156815446e-05
marriage_3,-7.576779043461102e-05
freedom_15,-8.282281524694124e-05
travel_16,-8.36525806087618e-05
vermont_8,-9.082284760009163e-05
financial_17,-9.09128897795597e-05
corporation_17,-9.471683303610145e-05
york_16,-9.708893066364687e-05
ministry_6,-9.785225996534752e-05
technology_7,-9.83948412174307e-05
food_16,-9.943553167608421e-05
religion_10,-0.00010378147619960476
kitchen_11,-0.00010438664766831973
political_7,-0.00011100420083225427
risk_6,-0.00011936609309008972
markets_8,-0.0001234412729871792
government_17,-0.00012462984217769256
conflict_10,-0.00012697143986422076
kentucky_17,-0.00013381409785804266
stats_10,-0.0001486922742599539
industry_16,-0.00014880903456786497
case_3,-0.00014981782553593614
fond_8,-0.00015778167796747232
legal_10,-0.00016104713110602907
missouri_10,-0.0001799630078110015
judge_2,-0.00018060000506714413
banking_15,-0.00018479662801336173
leverage_1,-0.00018715414526171426
BUY_AND_HOLD_6,-0.00018909846761094862
sell_12,-0.0001927291807000353
marketing_17,-0.00020224406559048446
stats_1,-0.0002090244338003089
ore_7,-0.00021889897855522644
holiday_17,-0.00022233142783767423
republican_17,-0.00022318334963025154
inc_17,-0.00022857286016690902
cancer_6,-0.000232659896513443
services_17,-0.000239093726933004
holiday_12,-0.00024169697060809624
government_10,-0.0002556683783570657
elected_16,-0.0002582348815305835
consumption_4,-0.0002675152029451011
rich_15,-0.000267556241618383
color_10,-0.00026821724960726103
markets_17,-0.0002801333193056088
invest_2,-0.000290426296259505
present_16,-0.00029268698120012984
revenue_12,-0.0003022740462744311
transaction_14,-0.0003023456345287778
washington_7,-0.0003031814654121945
economic_11,-0.000304760745739685
william_7,-0.000307462049688878
garden_3,-0.0003108068040401646
water_10,-0.00031082967206710335
debt_17,-0.00031336673153494756
federal_5,-0.00031548834437777895
blacklist_1,-0.00031645863910425567
marketing_11,-0.000319004046868776
garden_1,-0.00032107198650719313
society_7,-0.00032675360091571903
minister_3,-0.0003270268110849406
police_15,-0.00033021992528039503
economy_11,-0.00033432198644436364
gain_6,-0.0003432379962025944
project_13,-0.00034384101977238404
vermont_3,-0.0003463649136944191
metals_17,-0.00034645061056024493
nyse_16,-0.0003466623802664603
debt_7,-0.00034706693298456324
nasdaq_1,-0.0003491422586191284
water_5,-0.0003535919348123251
wisconsin_12,-0.0003596190699237889
founded_2,-0.0003599003969302794
religion_7,-0.00035997737429975806
risk_17,-0.0003653007522709917
environment_6,-0.00036952149519784425
return_5,-0.0003705487558435694
ltd_16,-0.0003746231243641152
tourism_10,-0.00037679534152468275
derivatives_2,-0.0003778999359676183
stock_market_16,-0.000378866716847992
college_11,-0.00038000392518802164
companies_11,-0.0003859464076174213
rights_6,-0.0003896050303133114
seats_15,-0.00038974260041448885
technology_17,-0.0003912253743312055
media_15,-0.00039295316536203106
sell_11,-0.0003971902931096505
governor_20,-0.0003973586804267848
trader_1,-0.000398102011330681
default_5,-0.0004003677144292617
pennsylvania_7,-0.00040695608254011085
economics_12,-0.0004078361528232932
food_10,-0.0004097446952818995
council_11,-0.00041238317538785376
metals_4,-0.00041803202295491725
committee_3,-0.0004200339909325557
federal_17,-0.00042446169732057726
happy_3,-0.00042494031880464523
housing_7,-0.00042722128430936477
seats_1,-0.00043201328322239885
media_12,-0.00043273651409543313
financial_7,-0.0004358313869184505
republican_10,-0.00043611643566292545
revenue_7,-0.0004393350081705716
gain_16,-0.00044065129521684285
trader_13,-0.0004409196758659251
vermont_14,-0.0004412850849208505
restaurant_19,-0.0004415798228589507
oil_4,-0.0004434494137420586
virginia_7,-0.00044735595829024086
debt_10,-0.00045089103139106523
society_4,-0.0004685475614786272
texas_17,-0.0004701527287822138
texas_7,-0.00047229027952035987
gain_14,-0.00047580447398991587
ring_15,-0.0004805360647877066
management_10,-0.0004816044559259547
texas_15,-0.0004882965314050747
republican_20,-0.0004905004199902586
products_11,-0.0004913606860064812
served_14,-0.0004958027511284602
industry_17,-0.0005042091301951767
william_4,-0.0005104408663585191
default_15,-0.0005140242025196029
act_10,-0.0005167635646337265
investment_15,-0.0005189108093344608
chance_20,-0.0005224728195833084
earnings_15,-0.0005225758852884122
money_12,-0.0005247778854769569
arts_14,-0.0005292802706468924
products_10,-0.000529344885490568
members_13,-0.00053376638530922
culture_12,-0.0005387144298174106
marketing_7,-0.0005425410684849252
car_5,-0.0005564269764000374
short_selling_2,-0.0005590376327365476
ohio_19,-0.0005646038830033007
energy_7,-0.0005649635834235056
gold_9,-0.0005717231277933221
stock_market_7,-0.0005743330979387951
travel_4,-0.0005780157824256671
movement_13,-0.0005820326309163182
ore_12,-0.0005830486965820337
inflation_12,-0.0005857302589835411
home_5,-0.0005917589810642276
firm_17,-0.0005925054029135123
vermont_11,-0.0005993056260893192
train_5,-0.0006022829820979015
markets_7,-0.0006042822158427441
society_10,-0.0006070569805122439
money_17,-0.0006122610899748748
blacklist_7,-0.0006203103601938542
georgia_10,-0.0006277194833037569
gains_10,-0.0006315668686517784
social_16,-0.0006344160145989486
firm_12,-0.0006358456481143415
economic_15,-0.000636291022592661
hedge_17,-0.0006376536612924255
conflict_12,-0.0006385857985472309
stats_17,-0.000638761247229036
kentucky_19,-0.0006435103412080201
gold_11,-0.0006440013473929307
metals_11,-0.0006473191255545796
ltd_17,-0.0006475226032979676
tennessee_10,-0.0006570257178678318
default_6,-0.000662046728973742
nyse_9,-0.0006685840032067736
vermont_12,-0.0006726670599704221
management_4,-0.0006753246466024265
food_14,-0.0006769192322642504
movie_3,-0.0006779929975484267
holiday_14,-0.0006809892786432626
travel_10,-0.0006843808688192343
holiday_7,-0.0006856565359436795
elected_15,-0.0006875835647271566
blacklist_14,-0.000689902788174801
county_11,-0.0006953510572807575
nyse_4,-0.0006967526444869865
county_17,-0.0006968195769121666
car_14,-0.000696970095632965
community_11,-0.0006982629743012225
corporation_10,-0.0006985788040218433
movie_1,-0.0007010506946546702
cash_5,-0.0007015281883469892
headlines_14,-0.0007064355545464585
tourism_4,-0.0007073017341520105
district_11,-0.0007085793723053735
growth_6,-0.0007146985984998411
ministry_9,-0.0007162600400344443
firm_10,-0.0007193957531539841
ohio_17,-0.0007264084322376352
government_4,-0.000731229044599746
financial_markets_17,-0.0007332801395687038
house_3,-0.000733936534587576
success_3,-0.0007435155418868522
stats_4,-0.000747773297043386
gain_7,-0.0007484529298292575
fine_1,-0.000754784578196177
default_10,-0.0007548033411758804
president_10,-0.0007570801784891445
party_12,-0.0007579266158018072
travel_12,-0.000758846098354593
ore_3,-0.0007607833760078897
carolina_6,-0.0007609212980245639
stocks_7,-0.0007609390871482491
economics_11,-0.0007627319962789425
union_17,-0.0007638752758871936
global_4,-0.0007656489538574007
dividend_4,-0.0007679605781999443
service_14,-0.0007683513992000401
transaction_5,-0.0007722394764080543
train_15,-0.0007733301841132745
ohio_9,-0.00077467273329066
law_12,-0.000776303165420833
democratic_8,-0.0007778649153687755
ring_13,-0.0007791564071428336
county_7,-0.0007847366172549775
credit_11,-0.0007885124204927596
development_12,-0.0007959305648960191
government_13,-0.0007983964849870961
fine_15,-0.0007988040271584395
leverage_2,-0.0007988846370018176
consume_3,-0.0008014559676651877
economy_13,-0.000802859805399736
case_6,-0.0008043778710512317
pennsylvania_4,-0.0008078952872305978
judge_6,-0.0008102923707947962
short_selling_4,-0.0008144525688510207
opportunity_15,-0.000818286301844906
federal_10,-0.0008185038472352302
investment_12,-0.0008246019386630055
dividend_11,-0.0008253190501483099
economy_15,-0.0008266876292317926
crisis_5,-0.0008294615901643043
crisis_11,-0.0008318116925635222
cancer_17,-0.0008409766567915478
gain_2,-0.0008415358462015021
court_7,-0.0008416472707948542
religion_5,-0.0008451484374113027
project_14,-0.0008473686612552988
million_7,-0.0008490097340330572
opportunity_17,-0.0008500507773087529
minister_5,-0.000850770825470315
war_9,-0.0008513233034134427
cash_12,-0.0008536402738807513
finance_11,-0.0008542807971837263
wisconsin_16,-0.0008585362553569454
return_7,-0.0008616709917374843
society_9,-0.0008669235878145054
case_15,-0.0008675358732514793
returns_14,-0.0008685977351281071
dividend_16,-0.0008699440606077191
growth_15,-0.0008728459186391647
portfolio_13,-0.0008739123643422442
georgia_4,-0.0008745201152672965
movie_11,-0.0008764127955827261
massachusetts_14,-0.000881295163582152
firm_15,-0.0008842455788829806
inflation_5,-0.0008874815162032368
earnings_11,-0.0008891104739184641
BUY_AND_HOLD_17,-0.0008914867520905645
fun_3,-0.0008948089492942124
fun_15,-0.0009002375891771442
growth_7,-0.0009037739831608161
culture_10,-0.0009051900355049103
travel_6,-0.0009089727851448792
oil_6,-0.0009095631052008724
members_1,-0.0009146553397498148
garden_13,-0.0009238347619413556
food_11,-0.0009279395047358197
greed_4,-0.0009284359529662556
democratic_14,-0.0009306064211569876
hedge_4,-0.0009313489507890571
success_11,-0.0009332197721441781
ministry_11,-0.00093351826733723
kitchen_13,-0.0009357128769957202
market_16,-0.000937770561892326
train_3,-0.0009386460010999409
marriage_4,-0.0009397517659000653
credit_15,-0.0009403591540532164
pennsylvania_6,-0.0009428368018419286
illinois_3,-0.0009479784585112672
judge_4,-0.0009486327096923208
gold_10,-0.0009505132615330369
growth_4,-0.0009528352555901121
business_10,-0.0009551410505594272
minister_15,-0.0009637189290866877
blacklist_4,-0.000964522466543749
world_1,-0.0009657179297913654
kentucky_10,-0.0009665255854810262
financial_markets_9,-0.0009686897743837131
leverage_8,-0.0009725529139120948
judge_12,-0.0009729165390971017
council_3,-0.0009745861805712241
war_5,-0.0009753005766663491
car_11,-0.0009759517261249684
leverage_12,-0.000976976974226762
short_selling_17,-0.0009775909355062673
debt_13,-0.0009787135979998584
william_14,-0.000979240973950124
war_13,-0.0009798136024586456
greed_7,-0.0009819013487513129
president_14,-0.0009833726746987681
william_3,-0.0009863944999933371
ceo_15,-0.0009873810295207175
BUY_AND_HOLD_20,-0.0009893249744671762
governor_7,-0.0009906137109755076
republican_14,-0.000992706130943799
economy_9,-0.0009935323762028992
leverage_6,-0.0009935596450262984
tourism_5,-0.0009988082292927691
consumption_10,-0.0009998098435081814
virginia_4,-0.0010026476079600278
return_15,-0.0010031965185604453
stocks_14,-0.0010052449846005064
media_9,-0.0010109327312656236
consumption_3,-0.0010110152975177033
industry_11,-0.0010193684993549334
william_10,-0.0010195717690556938
fine_7,-0.0010202327808678247
consumption_6,-0.0010219149466329513
loss_14,-0.0010254549462705542
loss_10,-0.0010258401943524786
gold_15,-0.0010260364939033595
secretary_3,-0.0010262488151852266
rights_12,-0.0010294568224715971
products_5,-0.0010338488220778207
illinois_11,-0.0010343015087417972
party_3,-0.0010353367917512956
stocks_12,-0.0010353663996313766
garden_19,-0.001035498669922541
unemployment_20,-0.001036370847119783
economics_14,-0.001041663732186593
elections_7,-0.0010436286040908626
district_7,-0.001045222163958992
legal_15,-0.0010472578447963121
legal_6,-0.0010502283420013247
crash_18,-0.001050870002265647
nasdaq_15,-0.0010535617210357452
transaction_12,-0.0010581386596919984
labor_11,-0.0010600429617104057
returns_8,-0.001060060653569206
judge_7,-0.001061709073792172
metals_3,-0.0010623780378709036
car_13,-0.0010631379194886437
industry_2,-0.0010671901358972002
unemployment_15,-0.00106825809633464
pennsylvania_13,-0.0010684848102374244
environment_7,-0.001069418717244508
rights_10,-0.0010715081695938488
arts_5,-0.001074674040176604
representatives_1,-0.0010751934615037318
buy_1,-0.0010778784833473053
return_14,-0.0010782256752617015
party_4,-0.0010787309474002305
tennessee_3,-0.0010815758610428939
freedom_5,-0.001083283805636337
house_5,-0.0010837980765699973
market_14,-0.0010872489166773968
legal_14,-0.001088244681320605
washington_9,-0.0010884192680528982
crash_6,-0.001091833579780954
inflation_11,-0.0010929541534276499
loss_3,-0.001094321821493449
debt_4,-0.0010945953604090785
companies_5,-0.0010967017607887764
development_7,-0.0010970025146416428
credit_5,-0.0010972986273482643
travel_5,-0.0010975802982049476
chance_10,-0.001097614383061285
invest_4,-0.001101327190985124
holiday_10,-0.001102788879716643
minister_7,-0.0011053429744304565
illinois_9,-0.0011053489460954636
conflict_11,-0.0011081569827615877
council_7,-0.0011083008328647503
banking_7,-0.0011112488895359096
crisis_1,-0.001117513006956994
marketing_10,-0.0011215371863974922
profit_7,-0.0011222123515875816
color_11,-0.001122421005768892
election_20,-0.001132550716528069
social_7,-0.0011328155838202347
culture_16,-0.0011356288259317892
ltd_11,-0.0011357674125613392
act_3,-0.0011359892686220396
portfolio_7,-0.0011367617942382724
leverage_9,-0.0011379487539820321
virginia_6,-0.0011394604816724386
texas_12,-0.0011402478648193215
freedom_3,-0.0011413270048467928
community_10,-0.0011426555997948507
ring_9,-0.001143850682834513
hedge_12,-0.0011466748891584722
investment_9,-0.0011518134199568265
cash_11,-0.0011523106856088593
hedge_18,-0.0011528603191799825
technology_4,-0.0011529483875432512
movement_12,-0.001153777093723818
travel_13,-0.0011584601721783105
rare_earths_2,-0.0011586988791802311
environment_12,-0.0011595410463451027
cancer_5,-0.001160032290668811
management_7,-0.001162593051790939
color_5,-0.0011671876047177677
rare_earths_5,-0.0011679624818844215
ministry_8,-0.0011683099355407124
blacklist_11,-0.0011685565972666457
rare_earths_7,-0.001168784782154697
blacklist_17,-0.0011687894959178991
rare_earths_6,-0.0011697019644852703
illinois_12,-0.0011699513031564468
rare_earths_4,-0.0011706425347692174
consume_4,-0.001170758076261169
ohio_12,-0.0011711156685537683
wisconsin_4,-0.0011711493396455498
business_4,-0.0011712416572427164
investment_7,-0.0011716801754055872
economics_13,-0.001171961999027893
rare_earths_8,-0.0011724546540783586
rare_earths_3,-0.0011753515309027573
short_sell_13,-0.0011785443640710547
garden_14,-0.0011815386649882908
short_selling_7,-0.0011821007165816687
rare_earths_1,-0.0011822696418965829
greed_20,-0.0011829702670219655
consume_12,-0.0011841695458662204
rare_earths_12,-0.0011843619585387931
rare_earths_10,-0.0011851902937341618
rare_earths_9,-0.0011865053960787408
restaurant_5,-0.0011869014390246458
kentucky_3,-0.0011878607813446962
social_4,-0.0011883136986005737
food_15,-0.001188673175050714
tourism_13,-0.0011906121829999173
financial_markets_4,-0.0011907302458867175
environment_10,-0.0011907775430023636
tennessee_17,-0.0011910125879062816
labor_13,-0.001191685965037248
rare_earths_14,-0.0011918107018306535
georgia_12,-0.0011935322777020252
rare_earths_13,-0.0011938218078743068
fine_10,-0.0011942231746508991
short_selling_3,-0.0011943875964093298
firm_7,-0.0011953088488333874
short_selling_15,-0.0011956393474758854
political_3,-0.00119821980708954
development_5,-0.0012002885009856801
dow_jones_7,-0.0012021204641956996
community_7,-0.0012030322522164516
opportunity_5,-0.0012036247794054988
rare_earths_11,-0.0012036871657145286
rare_earths_19,-0.001205025729425957
rare_earths_18,-0.001206802792393491
global_5,-0.0012081136534591419
rare_earths_20,-0.0012081945435932883
global_10,-0.0012090334019067227
market_13,-0.0012093415522352214
lifestyle_10,-0.0012093736745006467
consume_19,-0.0012093875067702652
georgia_5,-0.001210138638163949
forex_9,-0.001211583147180395
management_11,-0.0012139784788522956
development_10,-0.001214592846068796
technology_12,-0.0012155559371133328
members_6,-0.0012159685999341807
freedom_11,-0.0012161228834122405
present_12,-0.0012180798513778067
rare_earths_17,-0.001218715720668273
ceo_3,-0.0012203058860943638
markets_12,-0.0012221318842770001
technology_5,-0.0012225194894031955
washington_11,-0.0012229578816977283
marriage_10,-0.0012232920627134546
nyse_10,-0.0012235016106663331
georgia_11,-0.0012246346918989071
markets_18,-0.0012258225242424148
home_13,-0.001226509382856289
rare_earths_15,-0.0012269836606611183
rare_earths_16,-0.0012278810031232323
stocks_6,-0.0012284654134634865
housing_1,-0.0012300316188981419
marriage_14,-0.001233997432915901
lifestyle_2,-0.0012387491662567474
freedom_13,-0.0012388456527248736
inflation_2,-0.0012391164574832247
industry_4,-0.0012391457394039795
risk_5,-0.001239246997655563
health_11,-0.001239827383621117
environment_4,-0.001240749113342532
consume_2,-0.0012445861316320971
debt_11,-0.0012456107399330563
lifestyle_7,-0.0012474134600446885
holiday_5,-0.0012500550227637186
cancer_7,-0.0012503156307110963
secretary_5,-0.0012506689050155062
washington_12,-0.0012507995109934055
financial_10,-0.0012508952077848524
bubble_12,-0.0012523597430634358
industry_6,-0.0012533171076611449
crisis_19,-0.0012540149034415472
rights_13,-0.0012540517486768986
law_7,-0.0012564187054159737
security_7,-0.0012568437507729734
chance_14,-0.0012586752786664767
police_5,-0.0012588763842172224
york_12,-0.001261464950550617
credit_10,-0.0012615298304577082
loss_12,-0.001261815664342314
environment_8,-0.0012633359165807434
massachusetts_12,-0.001263986077549406
growth_17,-0.0012643179151105022
carolina_5,-0.0012649793178935776
inflation_1,-0.0012667860607776583
oil_13,-0.001267050637253897
freedom_10,-0.001268436420384922
virginia_5,-0.001268455587551487
justice_10,-0.001270606679770947
market_9,-0.0012745625911263492
massachusetts_11,-0.0012772896506082266
technology_13,-0.0012810050044396615
short_sell_7,-0.0012816851492247095
gains_1,-0.0012825970666638486
security_13,-0.001282708232340979
york_5,-0.0012831098903290262
water_9,-0.0012835151039969571
banking_4,-0.0012847547244167813
virginia_3,-0.0012865271186818684
fine_14,-0.0012874080604623028
food_12,-0.001288933882043719
secretary_17,-0.0012891992945710973
politics_5,-0.0012902237319565523
inflation_10,-0.001290521363971786
leverage_4,-0.0012914190355867606
consume_8,-0.0012914891741285129
fond_3,-0.001291688863956697
kentucky_11,-0.0012919642612924775
committee_11,-0.0012963333956138357
members_14,-0.0012984570728119982
cancer_13,-0.0012989438326070912
elected_3,-0.0012994985351239886
washington_15,-0.0012998681163050919
texas_11,-0.0012999011546838356
profit_8,-0.0012999348765516006
market_7,-0.001300314720235174
returns_10,-0.0013011449850338641
business_7,-0.0013023120497214435
carolina_11,-0.0013034633580152112
economic_12,-0.0013051294068363362
BUY_AND_HOLD_10,-0.001307245316234873
train_1,-0.001309307952076999
office_4,-0.001310041130389261
corporation_11,-0.0013120865511643486
massachusetts_7,-0.0013127181706921176
representatives_4,-0.0013165263356644363
labor_12,-0.0013168271773495777
energy_5,-0.0013171484963307334
gold_13,-0.0013190880870193045
case_12,-0.0013193077961105137
religion_15,-0.0013196483742843102
house_13,-0.0013209149359461492
ministry_7,-0.001322681548846205
fine_3,-0.0013231368547206746
opportunity_10,-0.00132343285371892
industry_12,-0.001323440100640605
revenue_17,-0.0013268037580038694
seats_7,-0.0013270286855102454
economy_14,-0.001329706067842351
tourism_19,-0.0013297522549990059
court_11,-0.0013302047407731444
service_13,-0.0013322826361267914
media_5,-0.0013330799952293803
profit_14,-0.001335018260225218
consume_18,-0.0013359753812107523
industry_7,-0.001338976873687714
society_5,-0.0013395851863815312
democratic_13,-0.001339681786620983
services_10,-0.0013427371388940567
union_12,-0.001342801257370807
investment_4,-0.0013431718690049444
virginia_10,-0.0013439298624889461
short_selling_16,-0.0013460547187339911
DOW_JONES_12,-0.0013462695975990703
massachusetts_13,-0.0013485575994701016
council_5,-0.0013494219539044172
rich_9,-0.0013502122319450026
short_selling_18,-0.0013507017850163505
risk_10,-0.001354330416330618
party_11,-0.0013547763209585284
representatives_8,-0.0013549429225397259
BUY_AND_HOLD_11,-0.001355998940761327
society_13,-0.0013572461762286325
security_5,-0.0013579928929887907
representatives_10,-0.0013584292840038924
firm_14,-0.001359932481123849
food_3,-0.0013624198901592388
seats_11,-0.0013627954806648024
democratic_17,-0.0013651046037845172
virginia_12,-0.0013653309226615562
representatives_12,-0.0013665644338294535
marketing_5,-0.0013686672529735766
earnings_3,-0.001370321058081303
energy_11,-0.0013707356693478002
financial_markets_14,-0.0013719464862710807
headlines_4,-0.0013742592994131718
garden_15,-0.001376605603632397
freedom_4,-0.001376846367802953
travel_14,-0.0013797273318542302
return_11,-0.0013801150539279217
elections_17,-0.0013806798792337593
revenue_4,-0.0013821270240164996
consume_11,-0.001382657618348504
society_12,-0.0013837585951495424
freedom_9,-0.0013869375815666718
ministry_12,-0.001386949423699968
financial_markets_1,-0.0013879075315048838
secretary_6,-0.0013885447767965297
tourism_14,-0.0013904267041925157
republican_18,-0.0013908164607673301
members_10,-0.0013908335104267032
food_5,-0.0013928730053484495
corporation_7,-0.001393537258079869
return_13,-0.0013946495870098773
leverage_18,-0.0013949167003389107
blacklist_18,-0.0013957987664056537
markets_6,-0.0013981417558407427
market_11,-0.0013988545703295329
housing_5,-0.0013993484286636715
hedge_3,-0.0014006239269984233
investment_13,-0.0014025181099690752
cancer_4,-0.0014052751235299255
gains_17,-0.001405446918716402
dow_jones_5,-0.0014057133185596538
members_15,-0.001406396080762029
district_10,-0.0014086963900564742
nasdaq_17,-0.0014103307463238623
train_11,-0.0014110640079294523
legal_5,-0.0014111108772042024
wisconsin_11,-0.0014125027446392434
vermont_15,-0.001412607616339101
party_5,-0.0014139354584286946
case_11,-0.001413956089791446
services_7,-0.0014155024599843413
texas_16,-0.001416027191686342
bubble_2,-0.0014191904460007843
case_5,-0.001419657501169258
stats_5,-0.0014208325389995836
law_15,-0.0014213230324859438
loss_13,-0.0014226069881376313
dow_jones_9,-0.0014247410056979382
pennsylvania_9,-0.0014262462353309192
crash_14,-0.001426407723877321
culture_5,-0.0014304195336315218
business_11,-0.0014315098034791917
housing_11,-0.0014337619574435578
gains_13,-0.0014339010033745047
ceo_5,-0.0014348835778906332
movement_9,-0.0014354482890531095
seats_5,-0.0014360141849080854
democratic_15,-0.001436251377660791
headlines_8,-0.0014368818442018095
act_5,-0.001437164755775111
bubble_11,-0.0014375785066637948
politics_4,-0.0014381906033690717
illinois_5,-0.0014391214379624317
gains_19,-0.0014395426752388252
senate_7,-0.0014408290242122535
finance_7,-0.0014417760193691897
justice_14,-0.0014428894263509573
sell_15,-0.001442901171266686
water_8,-0.0014433718673278583
holiday_11,-0.0014439059902768836
council_12,-0.0014450010240832033
bubble_7,-0.001445814068279949
justice_13,-0.0014490127264203735
republican_15,-0.0014497101036485605
corporation_12,-0.0014502635213410997
political_1,-0.0014516625136115069
political_13,-0.001453036711238287
transaction_10,-0.001454757962745612
ore_9,-0.001456945419220501
governor_17,-0.0014572486935663376
restaurant_9,-0.0014578430836529766
investment_14,-0.0014604109357530426
missouri_12,-0.0014607391119404011
labor_14,-0.001462051462411007
car_7,-0.0014627193588399034
water_11,-0.0014630233791793844
election_8,-0.0014631947606736472
council_13,-0.0014633984196384064
rights_7,-0.0014657340518052786
conflict_3,-0.0014660419237170874
washington_5,-0.0014661304071682314
development_4,-0.0014677121468609667
firm_6,-0.0014687871607873548
wisconsin_5,-0.0014698840539898671
opportunity_14,-0.0014707922890715651
cancer_10,-0.001471721667518211
ring_5,-0.001473903320155201
home_14,-0.0014744515009640136
culture_6,-0.0014744706070524138
health_7,-0.0014747893023841162
unemployment_5,-0.001477134693759652
office_5,-0.001481670547421743
ore_8,-0.0014823740498596694
movement_7,-0.0014824584777177075
water_13,-0.0014828557411318722
revenue_5,-0.0014863487394374264
blacklist_15,-0.0014886975569122329
cancer_3,-0.001488943274392751
DOW_JONES_18,-0.001489851160730593
federal_11,-0.001489896793271095
union_14,-0.0014900758194709817
committee_10,-0.0014905433917125287
leverage_15,-0.0014905620814515074
pennsylvania_10,-0.0014914996306536921
water_14,-0.0014922561811537172
financial_markets_6,-0.001492744993183992
DOW_JONES_4,-0.0014934416028044017
stock_market_20,-0.001494055252262827
york_11,-0.0014958068126577073
short_selling_1,-0.001495932563861202
community_5,-0.0014975549702576974
global_12,-0.0014986079556770227
democratic_10,-0.0014986656920687568
freedom_7,-0.0014988981418787351
health_10,-0.0014994980516761958
religion_11,-0.0014995662030160783
police_12,-0.001500544605071563
revenue_14,-0.0015009520609033267
loss_5,-0.0015022905979237722
invest_5,-0.0015028968697339718
economy_8,-0.0015041087507362328
vermont_18,-0.0015055760468722257
crisis_7,-0.0015096261533658062
blacklist_12,-0.0015096527928930125
arts_10,-0.0015125152051561174
holiday_13,-0.001512635280094754
marketing_12,-0.001512730921081773
markets_11,-0.0015143985228081246
pennsylvania_11,-0.0015154887099607217
william_1,-0.0015157024659990137
movement_1,-0.0015183191305390364
rich_13,-0.001521224752217254
leverage_20,-0.0015231907793162858
governor_19,-0.0015233823237544187
fed_10,-0.0015271048039386058
market_17,-0.0015272387632981222
revenue_11,-0.0015282806473889022
financial_13,-0.001529920166967802
investment_3,-0.0015299965626006217
home_10,-0.0015310018598066355
development_13,-0.001531238788766709
culture_3,-0.0015330458102220446
food_13,-0.0015342913121553891
stats_11,-0.0015382247110880653
blacklist_19,-0.0015399228032190848
committee_5,-0.0015404949942612767
metals_20,-0.0015416747179615386
tennessee_8,-0.0015426505592674555
industry_3,-0.0015433512171637797
members_7,-0.0015437389558229375
ceo_12,-0.0015443664124826118
dividend_10,-0.0015452444250617869
chance_11,-0.0015455698120475426
debt_15,-0.001547634384205443
buy_15,-0.001547737764003787
earnings_8,-0.0015477680346407396
elected_20,-0.0015486384452279456
environment_14,-0.0015493176647576323
credit_17,-0.0015495519271498726
fine_5,-0.0015495791956350313
conflict_5,-0.0015525112635647932
security_11,-0.0015525294280492653
holiday_9,-0.0015538620276468907
markets_4,-0.0015538664314957318
restaurant_13,-0.0015542906682200375
lifestyle_9,-0.0015558331206932507
tennessee_5,-0.0015638924876568484
housing_12,-0.0015640817189973566
virginia_11,-0.0015648409744707381
tennessee_13,-0.0015668452820411626
markets_14,-0.0015671811228276766
short_sell_10,-0.0015695548622462363
housing_10,-0.0015713343582050676
massachusetts_17,-0.0015731230152547405
gains_5,-0.0015737330587488607
revenue_10,-0.001575385907251814
conflict_13,-0.0015766703733623322
bank_11,-0.0015770258367134415
companies_12,-0.001577381678249079
governor_14,-0.0015778836063167212
money_9,-0.0015797911389089814
revenue_1,-0.0015798862110588895
community_12,-0.0015799195316452907
headlines_12,-0.001580480227676362
financial_markets_15,-0.0015811013802102148
restaurant_10,-0.0015827827379742087
washington_13,-0.0015832138715986099
banking_14,-0.0015832609604529146
lifestyle_1,-0.001583680589430192
ohio_7,-0.001584690302296976
law_10,-0.001585034965478438
washington_14,-0.0015859862108726253
marriage_13,-0.001586880240342392
economic_3,-0.0015916874667656344
rich_12,-0.0015935657450321327
travel_7,-0.0015939447804794282
war_10,-0.0015946405616671377
wisconsin_13,-0.0015957325013044033
color_12,-0.0015957350793602387
society_11,-0.0015975895260676553
arts_3,-0.0015986044680240674
cash_13,-0.0015991416896147027
georgia_3,-0.0015999148908395489
pennsylvania_12,-0.0016009964496665808
markets_3,-0.00160436975765883
republican_12,-0.0016055764070794342
rights_11,-0.0016072905308831763
leverage_3,-0.0016081756498590005
office_7,-0.0016087029602064318
community_13,-0.0016105629638319074
social_12,-0.0016112432570064782
council_4,-0.0016121754866161187
million_3,-0.001612273406754583
firm_13,-0.001612632444546458
ohio_3,-0.0016129279305842291
consumption_12,-0.0016134529410790632
dividend_20,-0.0016140309449164114
oil_3,-0.001615026448461676
york_7,-0.001615226890867727
massachusetts_10,-0.0016153352057332038
ltd_10,-0.001615396390057322
food_9,-0.001615438721221407
cancer_12,-0.001617633763450188
founded_1,-0.001618132467180744
freedom_16,-0.0016199414709459515
founded_8,-0.0016208547093910842
products_3,-0.0016215092133893938
rich_11,-0.0016237877624883713
nyse_12,-0.0016238233944085635
political_15,-0.0016262799143880846
crash_7,-0.001627425302117702
tourism_9,-0.0016279954480625581
housing_14,-0.0016284620554278372
inflation_14,-0.001629043253462803
william_12,-0.0016326590204990721
earnings_7,-0.0016326999481327542
train_13,-0.0016336869192743908
oil_15,-0.001633775783691882
corporation_13,-0.0016348848160910423
leverage_10,-0.0016357297571305996
home_12,-0.0016364930586492132
consumption_16,-0.0016369868487628558
success_9,-0.0016406748913498248
markets_19,-0.0016417192118608037
earnings_5,-0.0016453131529851727
earnings_12,-0.0016453775329841936
rich_5,-0.0016467682672418604
growth_5,-0.0016508883200091918
government_14,-0.0016509718016771036
washington_6,-0.0016523795673151875
buy_12,-0.001652896592083275
religion_14,-0.001652988557529511
market_3,-0.0016562916973148268
marketing_13,-0.0016564873419588233
washington_3,-0.0016581054983024757
bubble_9,-0.0016590419385008825
firm_11,-0.0016601779965451646
unemployment_12,-0.0016605163360275733
government_3,-0.0016615379774217675
global_13,-0.0016615840061475096
voters_10,-0.0016653485771197518
democratic_20,-0.0016661375633463481
money_15,-0.0016667431106655473
restaurant_3,-0.0016675745776742357
business_13,-0.0016678641171308905
society_15,-0.0016693418981588604
market_19,-0.0016705203477875407
technology_14,-0.0016726746058177478
million_19,-0.0016738851607546845
law_3,-0.001675435838898376
happy_16,-0.0016764214270686751
revenue_15,-0.0016771257873310574
arts_7,-0.0016777550765572301
labor_5,-0.0016784108561987755
companies_3,-0.0016799313410835292
missouri_13,-0.001679995728341388
wisconsin_3,-0.001680750142766385
pennsylvania_3,-0.0016809140851314019
stocks_4,-0.001681806313028922
oil_11,-0.001683551529428895
return_10,-0.0016840749203490767
corporation_3,-0.0016846468999208275
office_12,-0.0016860907372454382
health_12,-0.0016861323382589167
secretary_19,-0.0016864579539935588
william_11,-0.0016864937267676572
restaurant_12,-0.001687012209937211
industry_5,-0.0016872354070041284
investment_11,-0.001687748740693018
movement_10,-0.0016936918115082467
dow_jones_4,-0.0016966734064563394
carolina_12,-0.0016979690531392587
service_5,-0.0016989020346397155
present_7,-0.0016991533041269102
financial_5,-0.0016994601475303738
technology_11,-0.0017000894496152607
legal_11,-0.001700489965449803
ministry_14,-0.0017007532219358579
nasdaq_6,-0.0017051375797646929
blacklist_13,-0.0017053852943188287
arts_6,-0.0017091703942738955
business_5,-0.0017095375124802415
nasdaq_3,-0.0017134317024933398
travel_3,-0.0017146029017276244
nyse_11,-0.0017146467365133145
greed_13,-0.001716737654841327
present_6,-0.0017191589381727822
college_12,-0.0017198641345693932
energy_12,-0.0017206527023663654
justice_11,-0.0017213825699864405
founded_11,-0.001722509733322064
stock_market_4,-0.0017230188727335393
vermont_5,-0.0017236727202309288
profit_6,-0.0017243908008469423
risk_13,-0.0017247390099680126
rich_10,-0.0017258328856679217
politics_14,-0.0017269175076965793
minister_12,-0.0017274056592117225
financial_markets_13,-0.0017287681206995086
federal_7,-0.001730819730221622
holiday_6,-0.0017309153207554439
ltd_8,-0.0017330884395536429
world_11,-0.0017343034780579636
chance_12,-0.0017362864433224656
committee_7,-0.0017394313986527799
kentucky_12,-0.0017419221709260135
economy_10,-0.001745270072544658
world_9,-0.0017455330250072843
consume_10,-0.001747282114703319
leverage_7,-0.0017485476502673513
corporation_4,-0.001749920887249834
labor_17,-0.0017500094177614223
financial_markets_18,-0.0017503479455000192
inc_11,-0.0017506494985361388
consumption_18,-0.001754376481395381
short_sell_20,-0.001754545585094558
members_5,-0.0017555343150314595
fun_16,-0.0017558602702356873
party_13,-0.0017563946967783296
million_11,-0.0017575489783641096
movement_14,-0.0017593643377395995
hedge_16,-0.0017597940024220548
inc_7,-0.0017614512376425751
oil_5,-0.001763051398019222
financial_12,-0.0017633841523933657
present_15,-0.001764825774517087
judge_5,-0.0017653305210933556
investment_10,-0.0017658835766077852
missouri_11,-0.0017684235398014003
ministry_13,-0.001768759126578301
business_3,-0.0017705573484859682
washington_4,-0.0017708737502324823
unemployment_1,-0.0017713011811943513
profit_13,-0.0017754066402069445
carolina_14,-0.001776153026295879
missouri_3,-0.0017770160594057227
short_sell_18,-0.001778379148646292
conflict_7,-0.0017801735142279006
blacklist_9,-0.0017809851118037567
social_17,-0.0017828397599857436
environment_5,-0.0017828897711146929
society_14,-0.0017833174464087387
district_12,-0.0017849763336047042
council_10,-0.0017874582094821844
ring_7,-0.0017882400242025254
arts_16,-0.0017896195790864766
ceo_10,-0.0017899155560329838
crash_19,-0.0017899705895986439
legal_12,-0.0017900333964025572
BUY_AND_HOLD_13,-0.00179340749764334
energy_10,-0.0017939728887891749
train_7,-0.0017990247870692366
members_11,-0.0018013837237665475
products_12,-0.001802574102887644
opportunity_3,-0.0018039403438784517
industry_10,-0.0018039791926379057
money_5,-0.0018055204910697232
bubble_14,-0.0018059028277329415
police_14,-0.00180602089219839
crash_9,-0.0018080566999701063
labor_19,-0.001809349294218543
chance_1,-0.0018115324120012931
derivatives_15,-0.0018116420006169197
arts_4,-0.0018145074037608567
marketing_4,-0.0018149554766084598
fun_12,-0.0018155638621877523
missouri_5,-0.001815877722632342
products_19,-0.0018164488768731113
water_7,-0.001817179169546357
movement_11,-0.0018171954584371708
inc_4,-0.0018174509682272965
management_12,-0.0018195440979899891
money_4,-0.001821392352697182
economics_4,-0.001823686295926752
massachusetts_8,-0.0018238926475804495
present_13,-0.0018245061518108673
color_4,-0.0018247229060953218
voters_15,-0.0018265485169707495
william_13,-0.0018285497478519152
dividend_1,-0.001828550890254621
investment_5,-0.0018293641344201861
profit_1,-0.0018339965509126754
management_13,-0.0018354123795977007
ohio_11,-0.0018362369324775641
management_5,-0.0018365532024946728
representatives_11,-0.0018379091036935026
crash_1,-0.0018380359152257776
world_14,-0.0018407403054502502
firm_2,-0.0018414545619931167
companies_8,-0.0018441334919200303
vermont_4,-0.0018443690767905307
short_sell_15,-0.001849593692716045
economy_7,-0.0018533116270609052
gains_14,-0.0018549333082061414
money_11,-0.0018549929408190335
derivatives_6,-0.0018566525353041375
justice_4,-0.0018572426097851035
seats_17,-0.0018574349015699986
fun_9,-0.0018578599995649815
metals_12,-0.0018615759414442046
headlines_11,-0.0018625784649441534
security_12,-0.0018657675773692927
inflation_7,-0.0018665076056737506
consumption_9,-0.0018668977174394641
derivatives_5,-0.0018701176700630872
lifestyle_13,-0.0018713446810492585
federal_12,-0.0018722772888676742
legal_13,-0.0018725187970890067
garden_7,-0.0018752950410883206
BUY_AND_HOLD_5,-0.0018760392737752652
banking_13,-0.0018767554729484104
elected_18,-0.0018778185711100458
inc_5,-0.0018826766799048267
companies_13,-0.0018830414453040677
law_5,-0.0018836273080304
nyse_15,-0.0018856041163611615
bank_5,-0.001886947906624914
court_12,-0.001887698512402758
gold_12,-0.0018891091710785402
garden_11,-0.0018894352679614146
project_5,-0.0018895414050325466
home_7,-0.001890623053955176
happy_9,-0.001891780636316298
markets_9,-0.0018923837354649197
car_10,-0.001892959720029519
democratic_19,-0.0018942260640710362
ohio_5,-0.001894551116181775
nasdaq_13,-0.0018945800666281486
hedge_5,-0.001896191167665684
fed_3,-0.0018964280492211438
social_14,-0.0018969762397938572
governor_4,-0.001897731878100739
unemployment_4,-0.0018978457473751487
credit_4,-0.0018989762543910604
served_12,-0.0018991679156671992
banking_5,-0.001899259465689518
social_13,-0.0018997326047576202
senate_10,-0.0019006719305818987
court_5,-0.001902950693711647
war_11,-0.001903178404555561
members_3,-0.0019032378641411717
default_17,-0.0019040708684969544
consumption_11,-0.0019042508120290292
illinois_4,-0.0019043942634772825
cancer_14,-0.0019064660888338692
products_6,-0.001908317172219598
ceo_11,-0.001909150789150571
leverage_5,-0.00190936960600403
government_12,-0.0019097823525951129
risk_11,-0.001913370088918942
stock_market_12,-0.001913511972527493
founded_15,-0.0019149709278413417
invest_10,-0.001915899174167346
DOW_JONES_3,-0.0019177126273463019
economy_1,-0.0019181734484176704
color_13,-0.0019206833942348345
texas_14,-0.0019206992865880457
invest_7,-0.0019210769704226971
BUY_AND_HOLD_12,-0.001921575097362105
democratic_12,-0.0019239272294090837
economics_3,-0.0019257690780825065
fine_16,-0.0019262490402580435
labor_15,-0.0019269603439092896
secretary_8,-0.001927338659734179
companies_14,-0.0019277101981752809
president_12,-0.0019301069593511855
government_11,-0.0019303135113165394
dividend_15,-0.001930447087758469
federal_13,-0.0019314953021811521
fed_7,-0.0019322086117861792
election_17,-0.0019322252165143272
union_11,-0.0019325831477433164
water_3,-0.001934610625784594
served_13,-0.0019358727955636646
act_12,-0.001938493924549367
police_4,-0.0019426695198202283
loss_15,-0.0019429308787810794
headlines_9,-0.00194329350997684
freedom_12,-0.0019435813475879415
dividend_5,-0.0019453572221543869
investment_8,-0.0019456922820640043
forex_8,-0.0019459323179438215
debt_14,-0.001947234782858298
bubble_18,-0.0019472474695379383
crash_5,-0.0019480672421650302
kentucky_16,-0.001949057313061897
minister_4,-0.0019503541632599486
DOW_JONES_5,-0.0019519280795016857
crisis_14,-0.0019526306515514457
office_10,-0.0019526736693407988
transaction_7,-0.0019534870625321997
conflict_14,-0.001954696547971357
carolina_15,-0.001955940311548754
financial_markets_16,-0.0019572770305268826
fun_13,-0.001958080685106567
case_14,-0.0019588081436629824
party_15,-0.001966367588963891
DOW_JONES_7,-0.0019667064720941597
society_3,-0.0019673342743159903
service_12,-0.0019692121536147187
marriage_15,-0.001969365966655268
credit_12,-0.00196944685592495
crisis_3,-0.001971316717669325
greed_19,-0.0019730744645859
opportunity_9,-0.00197325121224754
virginia_9,-0.0019732574534514933
seats_3,-0.0019748506821487544
ceo_17,-0.001977277840787983
portfolio_5,-0.0019796747984251128
restaurant_16,-0.00197974063670201
president_16,-0.0019801142253234928
buy_7,-0.0019802400656415255
religion_13,-0.0019813112999910397
buy_5,-0.001981503875224044
consumption_15,-0.001981989504108794
water_4,-0.001983363614176703
act_15,-0.0019910953752517724
leverage_16,-0.0019930352477329103
court_13,-0.001993158218485558
security_4,-0.0019937987683159796
loss_11,-0.0019951997745318193
gains_15,-0.0019952842745177167
return_3,-0.001998300719502333
community_4,-0.0019989075290703707
governor_10,-0.0019991629034045388
ceo_6,-0.0019992805321540352
greed_12,-0.0020001381232562345
law_4,-0.002001576087184298
texas_10,-0.0020022293568547457
college_7,-0.002002324306459924
election_9,-0.0020042924055896803
judge_1,-0.0020066474506460928
metals_1,-0.002008933353957865
credit_13,-0.00201109495085281
served_11,-0.0020143750047340258
invest_16,-0.002015035562600076
consumption_17,-0.0020210508321204745
fond_1,-0.0020220209057018935
gain_12,-0.002023599966306899
products_9,-0.002023602945127112
portfolio_14,-0.002023628819127543
money_10,-0.0020249052699582216
default_7,-0.002026334403368679
social_10,-0.0020287253168379095
fond_12,-0.0020303456420794454
media_10,-0.002033532948152739
business_12,-0.002034402689152093
ministry_5,-0.0020363101237200754
law_13,-0.0020387898339348175
ring_14,-0.0020394629844241894
corporation_5,-0.002041079607563745
short_sell_3,-0.002043160752888018
texas_5,-0.002046617549260432
court_10,-0.002047339724035857
oil_14,-0.0020489719596899604
gold_5,-0.0020506354138560166
york_3,-0.0020511525589912206
governor_11,-0.0020512577887087822
ceo_4,-0.0020522350685645563
forex_3,-0.00205284701108579
bank_6,-0.0020531413060056016
ceo_7,-0.002053328875203064
ltd_12,-0.0020562113711948492
buy_13,-0.0020562132966626344
world_4,-0.0020584816130154947
house_10,-0.002058676978624674
served_2,-0.002060820453736434
ltd_4,-0.0020615057794262314
act_13,-0.002061615512733739
rich_3,-0.0020616286991369526
president_11,-0.002062643534068931
economic_13,-0.0020700507133391
federal_1,-0.0020713383094886685
ltd_7,-0.002071871574242823
tourism_3,-0.002073508870101981
services_4,-0.0020740141341344387
case_13,-0.0020741110580730472
marketing_14,-0.0020760878568516937
dow_jones_3,-0.0020833432604696832
debt_12,-0.0020899898472082736
republican_11,-0.002091918991819819
travel_11,-0.002095462983766083
union_5,-0.002098178161446884
fine_13,-0.002100873172736173
million_8,-0.00210114821215579
profit_17,-0.0021031474270853945
ohio_10,-0.0021031682866691657
industry_19,-0.0021032562008549195
short_selling_20,-0.0021038091982899408
police_9,-0.0021055321371823642
crash_3,-0.002109033402174232
president_19,-0.002111080241539942
stocks_11,-0.002113732742631558
government_5,-0.0021155459049117644
color_1,-0.0021169925149008284
governor_5,-0.002118261512263042
revenue_9,-0.0021200296081604676
garden_8,-0.002121984123703835
security_9,-0.002124939296848294
services_12,-0.002127193116467185
rich_1,-0.0021279487928927534
economics_9,-0.00213228932671925
bonds_12,-0.002132969895616643
holiday_3,-0.002136879648713008
invest_3,-0.002137189115279958
political_14,-0.0021377146325431084
invest_9,-0.0021378721129156285
present_9,-0.0021393024561378927
profit_12,-0.0021406169577236735
unemployment_2,-0.0021417041026451145
banking_11,-0.002142541603518877
house_12,-0.002143252651606553
cancer_11,-0.002152261705123104
cash_17,-0.0021550370292396036
wisconsin_14,-0.0021590104938764565
invest_13,-0.0021592654219317886
risk_12,-0.002160637156266865
arts_9,-0.0021646276115102393
gains_7,-0.002166833568357296
freedom_14,-0.0021693041171338525
committee_14,-0.0021703709058191077
founded_6,-0.002170625403123205
banking_8,-0.0021712975124625
house_9,-0.0021717572013204125
world_7,-0.002175577075099766
law_14,-0.0021808272407379814
security_3,-0.002184986917803533
elected_13,-0.002190117035733752
financial_markets_8,-0.002191658180870637
industry_1,-0.002192588494465264
revenue_13,-0.0021953880255706883
war_16,-0.0021976361238431165
voters_8,-0.002198295120154836
oil_17,-0.002199767381929396
garden_18,-0.002200506403595459
founded_12,-0.0022033534989143178
politics_10,-0.002204122936207753
financial_markets_12,-0.00220449516406136
york_9,-0.0022052562130485008
environment_11,-0.002205529304134335
act_11,-0.0022068471056014395
york_13,-0.0022091778877102895
ore_13,-0.0022096372109153607
pennsylvania_5,-0.002210808519322627
short_selling_12,-0.002211687625155534
members_9,-0.002212480745553713
global_3,-0.0022128793576824844
ministry_1,-0.002214314812948559
opportunity_1,-0.002218552649927363
million_4,-0.0022204627603856775
technology_3,-0.0022206629552936176
debt_3,-0.0022276749415264473
happy_10,-0.0022303415324016252
business_14,-0.0022317262574803377
election_12,-0.0022361896774502287
committee_8,-0.0022378200506149915
blacklist_5,-0.0022379391888441404
judge_18,-0.0022381896761286325
nyse_14,-0.0022385150038008784
firm_3,-0.002239494041534629
justice_5,-0.00224011733487508
consumption_5,-0.0022422129941666704
growth_13,-0.00224448463014022
fond_16,-0.0022472010004728205
BUY_AND_HOLD_9,-0.002247732999301433
economics_1,-0.002248116864024041
kentucky_6,-0.002254973257382975
political_4,-0.0022552173425742115
house_14,-0.0022553677486345292
corporation_8,-0.002257354986084592
garden_12,-0.0022620471148037556
environment_13,-0.0022632794482598364
bank_10,-0.0022678173888152076
risk_7,-0.0022685447909883915
political_16,-0.002270536396276168
consume_17,-0.0022711605888887875
lifestyle_4,-0.002271246205528277
nasdaq_4,-0.002273515645246094
sell_14,-0.0022745083615816064
finance_10,-0.0022771438991431524
leverage_14,-0.0022792139710243963
district_15,-0.002279541701251686
police_13,-0.0022812091923557045
greed_14,-0.002281737588541688
ohio_13,-0.0022852043817600974
finance_13,-0.002286607740508173
profit_3,-0.002287571277429734
ltd_14,-0.0022879580613219598
political_10,-0.002288470188458813
founded_3,-0.002295798104611557
fun_10,-0.0022978350442886654
lifestyle_6,-0.0022980387679337965
representatives_5,-0.002301363448280447
movie_13,-0.0023047566893095615
marketing_8,-0.002311016806433153
chance_5,-0.002312078372485504
representatives_7,-0.0023140405306366187
products_4,-0.0023175371955681755
opportunity_7,-0.002317541444717053
democratic_18,-0.0023185076675680703
project_6,-0.0023213707666143836
court_17,-0.0023256380196947425
stats_13,-0.0023306980707726633
present_14,-0.002331063600949301
global_11,-0.0023330495894689383
marketing_3,-0.002333647120498372
fond_15,-0.00233434998980826
metals_10,-0.0023350342876307328
republican_16,-0.0023361317670690385
firm_5,-0.0023368773559070853
nasdaq_9,-0.0023393013189783483
culture_14,-0.0023436038960473306
services_13,-0.0023436760592844496
present_18,-0.002343954578847196
ministry_19,-0.0023441731563876413
founded_7,-0.0023447998203622424
lifestyle_18,-0.002345294140604337
fond_13,-0.002348379525350386
forex_1,-0.0023495747443278868
elected_8,-0.0023540838635931483
markets_13,-0.002354262853213962
committee_13,-0.0023544706617314227
restaurant_14,-0.0023567910613015554
hedge_19,-0.0023568367233872457
wisconsin_10,-0.002364044900224971
financial_11,-0.00236406883968856
services_8,-0.0023667193655150243
products_7,-0.002369728090792744
democratic_11,-0.0023769613877334893
missouri_15,-0.002377367805169839
culture_15,-0.002379136832651585
security_14,-0.002381782826616119
invest_19,-0.002382853669962004
union_4,-0.00238503293694563
dividend_7,-0.0023930832044228413
restaurant_11,-0.002398941987644232
stock_market_15,-0.002400483467658021
college_13,-0.002400498035865728
loss_16,-0.002403158296692842
banking_12,-0.0024045834491809082
headlines_5,-0.0024048488817623335
derivatives_3,-0.002406013398262119
nasdaq_14,-0.002409603067661492
blacklist_16,-0.002409776989923218
law_11,-0.002412084853798935
unemployment_9,-0.0024142863501714685
fond_11,-0.002417599153194683
religion_4,-0.0024182040958351304
minister_11,-0.0024225445171809578
market_10,-0.002423122809003653
earnings_10,-0.002424081558966229
movement_5,-0.0024247197861561043
kitchen_12,-0.0024252780451141653
economy_5,-0.0024271592722911127
federal_3,-0.0024277686608025427
returns_11,-0.002428218493718548
rights_14,-0.0024295275464003784
gain_18,-0.0024299427003141583
products_13,-0.0024312867606462786
finance_6,-0.0024335955489160678
dow_jones_20,-0.0024354267425308997
kentucky_4,-0.0024362408251532796
credit_7,-0.002436458539852171
finance_12,-0.002440113835782265
health_5,-0.0024403376235133667
short_selling_6,-0.0024404058541595886
portfolio_12,-0.002442368917179971
car_12,-0.0024445255165131295
million_17,-0.002447043810188854
community_14,-0.0024518369256403714
gains_9,-0.0024523031841404254
kentucky_7,-0.002453101366768173
court_3,-0.002455890728821286
ceo_9,-0.002459616582221069
kitchen_4,-0.002466573685287088
home_9,-0.0024667341704877497
services_11,-0.002469969426620211
growth_14,-0.002474650892213148
crash_2,-0.0024751411929896825
stats_7,-0.0024761259696472137
loss_4,-0.0024767937184621224
portfolio_11,-0.0024778283608504204
william_19,-0.0024782859515794396
minister_18,-0.002481441426280884
housing_13,-0.002482374893175221
headlines_13,-0.002483969068530589
representatives_17,-0.002487702051120988
elections_10,-0.0024894537664178263
economy_12,-0.002491136444695163
stocks_9,-0.0024919422739625883
revenue_8,-0.002496753874718971
million_12,-0.0025044957127953182
william_5,-0.002504925390570589
sell_13,-0.002505424211806484
management_14,-0.002506411128308561
sell_9,-0.0025126329941795866
seats_16,-0.0025149430968661292
development_3,-0.002523394962336578
stocks_13,-0.002523570715612866
default_13,-0.0025235841477311504
cash_10,-0.0025246274829045625
financial_markets_2,-0.0025250621665476648
case_1,-0.002525116225115953
earnings_4,-0.0025261362460391678
banking_6,-0.0025310644019375995
tourism_8,-0.0025332694581952754
marriage_11,-0.0025336403146762
management_3,-0.0025355044710839492
county_10,-0.0025393786418429487
world_3,-0.0025409358538653003
derivatives_4,-0.002542556071749358
car_9,-0.002545621769929074
governor_6,-0.0025502816528093055
crisis_13,-0.002552702854958078
default_14,-0.0025544789062178276
kitchen_5,-0.00255470968856637
profit_5,-0.0025618590926724805
pennsylvania_8,-0.0025629446384541677
growth_8,-0.002564346612475932
founded_18,-0.0025672873004722874
consume_13,-0.00256967258309162
health_4,-0.002570218336204655
washington_10,-0.0025747272733493975
project_17,-0.002575212270664351
happy_13,-0.002576706114930061
tourism_11,-0.0025805425430650564
leverage_13,-0.002581346096398418
district_13,-0.0025816344438385876
president_13,-0.002581757129201634
restaurant_1,-0.0025848564111037088
nyse_5,-0.002588693302972178
unemployment_7,-0.002591953887710141
services_5,-0.002596255029587913
representatives_3,-0.0026006541595795076
return_9,-0.002603496199087596
voters_5,-0.0026056931674624416
federal_14,-0.002616943622939738
headlines_15,-0.0026170243904219737
vermont_10,-0.0026171083370208014
inc_12,-0.0026180593343763546
union_15,-0.0026185284832360932
texas_4,-0.002619078001153352
happy_5,-0.002619417148041414
nasdaq_12,-0.002620813641039965
metals_14,-0.002622816182042809
founded_5,-0.002626305915771776
governor_18,-0.0026273033291782434
short_sell_14,-0.002633466102162263
legal_4,-0.002634450688528589
trader_11,-0.002639223025009585
banking_17,-0.002639401305245914
train_12,-0.002640114356624035
sell_5,-0.0026407551415128074
elections_15,-0.0026414455157238947
fun_5,-0.0026424029602689194
returns_20,-0.0026435245601946766
risk_3,-0.0026452303810694743
nyse_8,-0.0026486467212673893
vermont_7,-0.002649969983025735
movement_4,-0.0026531571696339685
development_11,-0.0026572504087225115
energy_14,-0.002658707041163866
hedge_14,-0.0026603294996036197
democratic_9,-0.0026605836700881015
committee_12,-0.002663869947702202
marriage_5,-0.002666612199901586
oil_9,-0.0026681085375964697
inc_8,-0.0026692313178106053
war_14,-0.002672459218049661
transaction_13,-0.002672754105477582
case_10,-0.002673523695236191
products_1,-0.0026777708424734923
crisis_17,-0.0026814138009771506
district_3,-0.00268256589158824
inflation_13,-0.002683427450510023
color_9,-0.0026843517929355577
labor_8,-0.002688902422198325
judge_14,-0.0026890478299076647
republican_7,-0.0026914103847888392
union_3,-0.00269158447158131
bonds_10,-0.0026918746177631682
fed_13,-0.0026923147575353525
tennessee_4,-0.002693925414602627
republican_19,-0.002696974773655203
bonds_13,-0.0026980497190274067
trader_14,-0.00269888571139294
transaction_4,-0.0026992637199321433
return_1,-0.0027010787346354536
finance_5,-0.002701197663844046
dow_jones_2,-0.002703757471709389
rich_19,-0.0027044058587981424
world_13,-0.0027054263764078714
illinois_13,-0.0027114993679971944
inc_3,-0.002711813550449982
served_4,-0.0027138883024175444
lifestyle_19,-0.002719804878812315
fine_6,-0.0027199669972947094
founded_13,-0.0027213174067577837
present_8,-0.0027224029274957482
fond_19,-0.00272442251212448
present_10,-0.0027265589075292198
oil_16,-0.0027269573052512985
opportunity_11,-0.002728488567104037
markets_5,-0.002729853676162497
senate_19,-0.0027303368330235055
financial_markets_7,-0.0027320765701428717
legal_9,-0.002735850677778684
marriage_9,-0.002738754515027031
money_13,-0.00273931824779583
justice_9,-0.0027416262133744375
loss_1,-0.00274335151741234
bubble_13,-0.002745402408226538
project_11,-0.0027458334650348306
culture_11,-0.002746501029401416
crisis_12,-0.0027527654607342857
ceo_16,-0.002757329444867107
service_11,-0.0027602255841810974
DOW_JONES_2,-0.002761147969298161
fed_5,-0.002762378583937175
revenue_3,-0.0027631420074561317
vermont_13,-0.0027633710109729705
ring_1,-0.002763783917386964
county_5,-0.0027656341105778415
tourism_1,-0.0027660330820727273
business_15,-0.002767314871012494
gold_8,-0.002768707948159155
portfolio_9,-0.002768716495264045
metals_19,-0.002768784966224458
inflation_15,-0.002769819595819523
fun_1,-0.0027708947539041295
technology_8,-0.0027717741075389047
governor_15,-0.002773163640607157
transaction_1,-0.002779735071643796
stats_2,-0.0027799600454116113
headlines_10,-0.0027822477842142533
unemployment_18,-0.002782987140825166
texas_3,-0.002784150861894119
forex_5,-0.0027846193162631484
present_11,-0.002786573416920812
consumption_2,-0.0027878042338217446
industry_14,-0.002791160169524276
fed_4,-0.0027939689682370704
restaurant_4,-0.0028079980894676337
committee_9,-0.0028085881595689257
cash_4,-0.002811230029776035
development_14,-0.002811767131951859
bank_12,-0.002812029380172576
metals_2,-0.002815319579941766
consume_5,-0.0028234358165792005
ring_10,-0.0028242308877635567
college_5,-0.002824352382538753
financial_markets_19,-0.0028299464411694953
project_12,-0.002831076676020694
short_selling_8,-0.0028340201708569658
companies_10,-0.002835055986230528
short_selling_5,-0.00283617492185273
travel_9,-0.00283671880058427
environment_17,-0.002838687226440051
police_3,-0.002844163545430578
present_4,-0.0028497652856266376
tourism_15,-0.0028502325464559775
invest_1,-0.002851088827314796
garden_10,-0.0028513975844101534
greed_18,-0.002851509844641442
DOW_JONES_13,-0.0028515408409917065
risk_9,-0.0028517304342482452
party_10,-0.002854035102703256
dow_jones_14,-0.002856803983271017
york_6,-0.0028576857337004437
service_10,-0.002860005627936868
car_1,-0.002861135444381313
ministry_3,-0.0028633605072988953
metals_5,-0.0028704269285314554
wisconsin_17,-0.002874172534969954
nyse_13,-0.0028810955315691665
election_15,-0.00288563554521164
ltd_15,-0.0028865438233928844
health_13,-0.0028885926587161937
earnings_18,-0.002889388109118385
county_13,-0.002892378423803188
president_15,-0.002893282648446438
voters_18,-0.0028940044402775865
kitchen_9,-0.0028942945652571826
global_14,-0.002894296673406416
bubble_19,-0.002895768359154771
illinois_10,-0.002899452486332987
metals_18,-0.0029026623563731977
wisconsin_9,-0.0029108117984969705
financial_3,-0.0029140508891626117
ceo_13,-0.0029177420544996393
credit_14,-0.002923013554001974
republican_5,-0.0029251219225562065
chance_4,-0.0029272108615409744
union_10,-0.00293247227452611
stock_market_13,-0.0029325036628643055
default_3,-0.0029371378886429156
massachusetts_19,-0.00293734111024726
service_3,-0.002943198655959134
secretary_4,-0.0029440114306777286
project_10,-0.002949979937323155
dividend_18,-0.0029551769543323834
ltd_5,-0.002957595355696152
loss_7,-0.002957970751548733
election_14,-0.002958445223495687
nyse_2,-0.0029662832261239556
fed_11,-0.0029684111754895827
earnings_1,-0.00297227188332565
stats_9,-0.0029794831872054896
nasdaq_8,-0.002981781051111243
blacklist_8,-0.002983090112748954
county_12,-0.0029849086828108717
financial_4,-0.0029880615645120345
sell_4,-0.00298835783053919
forex_17,-0.0029899707844589507
police_11,-0.0029910756149464923
voters_11,-0.002994224669209622
federal_9,-0.0030005479013397894
minister_13,-0.0030019336310644685
earnings_14,-0.003003277806119775
earnings_13,-0.0030033722975087553
tennessee_11,-0.003003426171864043
massachusetts_5,-0.0030048184092578588
million_9,-0.003008648931072777
banking_3,-0.003011212531680041
chance_3,-0.00301260201517628
hedge_7,-0.003016261059722636
industry_18,-0.0030164336401770075
portfolio_6,-0.003019042377337433
office_11,-0.003030739313701303
elected_11,-0.003036296197517263
gain_1,-0.003037764794291009
fun_7,-0.0030381226489476277
energy_4,-0.0030415460270055926
founded_16,-0.0030432175297038233
arts_13,-0.0030449280059757556
food_6,-0.0030451320583298803
economics_7,-0.003046261302877995
derivatives_19,-0.003048075323488697
color_14,-0.0030519228467885905
health_3,-0.0030519682592030197
union_7,-0.003053231656836064
services_3,-0.0030549207289905845
opportunity_16,-0.0030568791858514464
million_5,-0.003061740275796576
economics_5,-0.003066429246563529
stock_market_10,-0.0030671737206469985
stock_market_3,-0.0030680001011389015
rights_4,-0.0030684354301033336
served_10,-0.003068970526389281
texas_13,-0.0030694436403819526
bubble_1,-0.003070629959731774
greed_6,-0.0030728193758491782
train_14,-0.003075217120942564
dividend_6,-0.003075437192183883
democratic_3,-0.003078257315720778
economic_10,-0.0030808951818478867
forex_13,-0.003082930115982285
inc_13,-0.003084341052246842
fond_17,-0.003085195643666294
secretary_10,-0.0030880695564954987
tourism_18,-0.0030908608266717818
housing_4,-0.00309161402639051
district_4,-0.003093478451091425
minister_9,-0.0030957997845347585
federal_8,-0.003097864907594605
energy_3,-0.0031010452220020966
hedge_6,-0.0031046164907653885
gain_5,-0.00310473875170274
marriage_17,-0.0031063611538803436
virginia_14,-0.003110259619377653
security_8,-0.0031119149637373945
district_5,-0.003112385845472376
happy_19,-0.003118289431107324
portfolio_4,-0.0031193727920740153
gain_11,-0.003119378815210805
democratic_6,-0.0031193897667757707
office_3,-0.003123244282858728
union_13,-0.0031239917934137162
elections_12,-0.0031290666693569724
massachusetts_3,-0.003130264482119105
federal_15,-0.003138028365299639
college_3,-0.003138437566371266
social_5,-0.003139493617366962
growth_9,-0.0031432856199993474
BUY_AND_HOLD_18,-0.0031436897480269454
politics_2,-0.0031481447833411557
forex_15,-0.0031491520728329724
politics_13,-0.0031512561056444175
tennessee_6,-0.0031519547468637386
york_4,-0.0031553661207647022
train_9,-0.003156509373809513
consumption_7,-0.003161055853303907
development_9,-0.003162693270841399
social_11,-0.0031707242486844977
rights_5,-0.0031708978938942423
secretary_7,-0.00318336489701041
inflation_3,-0.003186503837244903
happy_1,-0.003186808415730247
tourism_17,-0.00318721811633802
ceo_8,-0.0031888274317412924
cancer_9,-0.0031896397433720082
stocks_19,-0.003191275318481912
world_12,-0.0031913524776212786
rights_1,-0.00319371659745904
dividend_2,-0.0031964702111653364
act_14,-0.003197483607300078
founded_14,-0.003200445141660002
unemployment_3,-0.003202521463725927
happy_7,-0.0032051918055962412
college_14,-0.003205598533539011
security_10,-0.0032069086152221706
housing_17,-0.0032078408135461254
governor_13,-0.0032098330166602683
law_8,-0.0032166214720139585
representatives_16,-0.0032167733524044893
oil_12,-0.0032187967251251946
nasdaq_5,-0.0032223871467106147
forex_2,-0.003223829302363157
vermont_1,-0.003224036163415933
justice_20,-0.0032267051812503223
travel_1,-0.0032294103315594126
minister_6,-0.0032297485428182783
founded_17,-0.003230817297887678
DOW_JONES_14,-0.0032354066397456416
district_8,-0.003238821165036021
risk_14,-0.0032390269093719006
forex_10,-0.0032404785366848764
culture_1,-0.0032418716294053463
ore_15,-0.0032477464483035233
profit_10,-0.003249473344058407
happy_15,-0.0032519786729644506
election_19,-0.0032540681588389742
pennsylvania_16,-0.003263813254455128
movement_8,-0.0032659058679655128
garden_9,-0.0032713298913777944
government_9,-0.0032797987707134713
housing_19,-0.0032807905913528447
movement_3,-0.0032831187912930604
crash_4,-0.003285623159844464
bank_7,-0.0032893881132656454
dow_jones_12,-0.0032899586082696165
representatives_13,-0.0032907771040620705
war_12,-0.0032934585926664094
elections_19,-0.003294532230371994
dow_jones_10,-0.0032946844918259497
banking_9,-0.003295209529607446
vermont_6,-0.003298230530292279
development_1,-0.003300765566158459
inflation_9,-0.0033049578493344668
gains_11,-0.003310000286166126
home_4,-0.003310780427923432
bonds_11,-0.0033138710135092618
derivatives_18,-0.003317270809134976
derivatives_16,-0.0033217404772707183
marriage_18,-0.003322561190598217
elected_19,-0.0033226492781307736
happy_12,-0.0033252145469522933
virginia_13,-0.0033378105199980634
environment_9,-0.0033408063888521024
william_9,-0.003344980657890484
housing_16,-0.0033464785578637634
seats_10,-0.0033473557143717915
community_3,-0.003347634685001255
voters_16,-0.0033485767902863284
carolina_9,-0.0033586985018453585
york_14,-0.003359653466184609
blacklist_3,-0.0033606797996728055
district_14,-0.0033645371742963225
chance_9,-0.003366847082210267
case_4,-0.003367919505875716
minister_20,-0.0033686286399764675
forex_7,-0.003368714700351827
market_4,-0.0033783258676787
police_10,-0.003382194591530707
finance_3,-0.003383994992632888
founded_4,-0.0033868513875757954
social_3,-0.0033883989172800665
loss_8,-0.0033900049953493605
industry_13,-0.0033931580758230773
york_19,-0.003398102877063147
freedom_1,-0.0033982075504883193
ore_6,-0.003403673291554754
democratic_2,-0.0034052400786788615
service_4,-0.003412303304094766
trader_9,-0.0034142562542997636
gain_20,-0.003418326267196714
politics_11,-0.003422174545028134
social_8,-0.0034245172853424543
stock_market_18,-0.0034292027847363958
DOW_JONES_20,-0.0034299742823793887
market_12,-0.003431760479415136
texas_1,-0.0034340323580439812
portfolio_8,-0.0034356067934270262
culture_9,-0.0034473110712277986
inflation_16,-0.0034527769535825704
trader_16,-0.0034614259451022367
unemployment_14,-0.0034616264084270875
movie_12,-0.0034617750539825743
politics_12,-0.003464066232911156
credit_3,-0.003464518847481535
banking_10,-0.003467664777232771
risk_4,-0.0034726350168676314
economics_8,-0.0034753179093628185
trader_6,-0.0034818553613763735
nasdaq_2,-0.0034837230009034715
stock_market_5,-0.0034919211295548758
founded_20,-0.003492649311742291
religion_9,-0.003496825698388428
police_1,-0.003500216729943895
project_3,-0.0035035870610288233
massachusetts_15,-0.0035049358648578943
DOW_JONES_8,-0.0035079961779188374
travel_8,-0.0035085230503647093
bubble_10,-0.003513545157431275
trader_5,-0.003514478352379058
stocks_5,-0.0035153499587178725
DOW_JONES_15,-0.003515519337382589
fed_20,-0.0035187973580212304
hedge_1,-0.0035236783687422777
lifestyle_14,-0.003524801193400151
case_9,-0.003528051462539583
secretary_18,-0.003529694870903821
court_14,-0.0035299335127017663
judge_11,-0.003530035644876284
ohio_4,-0.0035306120619432056
environment_3,-0.0035315206686356237
secretary_9,-0.0035391988476918047
cash_15,-0.0035476023343372852
labor_18,-0.0035480111197446983
world_8,-0.0035484845633317664
opportunity_12,-0.0035500374200643668
justice_15,-0.003552540933996773
stocks_16,-0.0035545741382371878
ring_8,-0.0035616514353319583
vermont_9,-0.003562715987120035
default_4,-0.003563286308862956
court_4,-0.003565299031786773
committee_4,-0.003571371560125991
corporation_14,-0.003573673562166824
growth_12,-0.0035794860768458836
restaurant_17,-0.003580456149644684
return_6,-0.003598259731185194
nasdaq_7,-0.003608306372116643
ministry_4,-0.0036111638788146384
water_1,-0.0036157863139799186
travel_18,-0.003617314800369442
garden_16,-0.0036189113088117785
stocks_8,-0.0036315192669677866
risk_8,-0.0036328806875556507
BUY_AND_HOLD_16,-0.0036360786184278515
dividend_8,-0.003638015856197807
economic_5,-0.003647661246027978
global_15,-0.0036496863362142974
invest_11,-0.003649953034894837
invest_17,-0.0036506547541865554
kentucky_5,-0.003656989747196726
missouri_9,-0.0036620796055685688
BUY_AND_HOLD_19,-0.0036670057752609788
georgia_9,-0.0036708894708101123
bubble_4,-0.003679752496557276
greed_5,-0.0036814711786020025
derivatives_9,-0.0036848256824802083
DOW_JONES_9,-0.00368575335415251
president_17,-0.003693409548103488
bank_4,-0.003694175491288654
election_10,-0.0036976334595947512
headlines_20,-0.003704580214392017
gold_14,-0.0037053921519757836
crash_20,-0.003707318253520109
council_8,-0.0037093371440210187
headlines_16,-0.003712138186993186
georgia_13,-0.003716403900698095
served_7,-0.0037171706704704375
oil_10,-0.0037190748675266947
products_8,-0.0037195356799820446
county_2,-0.0037254814712306406
returns_13,-0.0037280920428915286
rights_3,-0.0037298613757188017
gain_3,-0.0037299011819218685
stats_14,-0.003735217061858065
color_16,-0.003739090068532125
wisconsin_15,-0.003740163347622394
ore_11,-0.0037435137670117414
million_15,-0.0037443146634034362
president_5,-0.003744415524317035
pennsylvania_14,-0.003747984915279812
technology_15,-0.0037482981323268883
arts_1,-0.0037511184412105216
crash_8,-0.0037517566318051366
global_1,-0.003751770110707442
tennessee_9,-0.0037559028730173917
ministry_10,-0.0037570901559599522
train_10,-0.0037614454988185607
freedom_6,-0.003765681449838687
metals_13,-0.0037672725472311487
media_1,-0.0037688735056770283
home_1,-0.003770214097963853
firm_4,-0.003774834063159238
culture_13,-0.0037776633507482947
missouri_18,-0.003782786172019259
unemployment_10,-0.003784687425110844
movement_6,-0.0037866469278808657
ceo_19,-0.003788203697576975
nyse_18,-0.00378827991042372
success_14,-0.003791471233917809
security_15,-0.0037944899760999464
hedge_9,-0.0037975517392447424
metals_15,-0.00379938657988903
transaction_6,-0.0038054817843195866
dividend_13,-0.0038064004775211656
seats_12,-0.003806999080215201
stock_market_14,-0.003811894541156824
media_14,-0.0038227107841907193
kentucky_9,-0.003824748721793303
party_14,-0.0038282021386656815
dividend_9,-0.003829557244095594
massachusetts_9,-0.0038323634725699217
restaurant_7,-0.0038339319151078797
crisis_9,-0.003834907209976102
technology_9,-0.003836459872485554
social_1,-0.003836702596579644
banking_19,-0.003838962145818936
justice_3,-0.00384083381622462
act_17,-0.003848641290958743
labor_7,-0.003852486807548838
ohio_8,-0.0038578951977066957
invest_15,-0.003858884417686559
growth_3,-0.00386090532955079
fine_12,-0.003861528519838209
gains_8,-0.003868751533552639
college_15,-0.003879776335714924
nyse_1,-0.0038831127239431938
texas_9,-0.0038842241026214364
consumption_19,-0.0038878566738511865
train_2,-0.003890717353578066
seats_14,-0.003891580035216413
vermont_17,-0.0038917312712948736
derivatives_20,-0.003892566311312784
judge_3,-0.003897409874343394
short_sell_12,-0.0038977668351704462
missouri_14,-0.0039001058753760586
metals_9,-0.003910697730788826
water_6,-0.003914228418856492
office_13,-0.00391674748567501
court_8,-0.003918832803983974
health_8,-0.003930238614044845
vermont_16,-0.003937173276626816
president_8,-0.003940673329597133
representatives_18,-0.0039449363260136705
fed_8,-0.003953119066605981
financial_markets_5,-0.003953740502316871
georgia_8,-0.003957879573744383
development_19,-0.003958340324169573
ohio_14,-0.003962281582073635
bank_13,-0.003962868616968018
car_4,-0.003964400547482483
consume_9,-0.0039682087001878365
ore_5,-0.003970339054174521
forex_12,-0.003970643137535324
voters_6,-0.0039776980950812614
service_8,-0.0039785633227382485
religion_1,-0.003979507258471004
fond_4,-0.003980897655481064
voters_7,-0.003984907450904606
ltd_3,-0.003986841755306214
committee_19,-0.003989740852313228
financial_14,-0.003989875091159378
elected_7,-0.003994903384889836
elections_20,-0.003997843758560826
county_6,-0.004004151367655018
holiday_8,-0.004008653908690718
illinois_19,-0.004012525420103374
present_5,-0.004013639059876839
marketing_19,-0.004014201691759522
dow_jones_8,-0.004015306356246473
cancer_15,-0.004017207980706772
returns_12,-0.00401894187251921
bubble_16,-0.004022307422125971
served_19,-0.004024049148022968
committee_16,-0.004025674128672297
energy_13,-0.004037415189825655
conflict_15,-0.004042071164616479
rich_18,-0.004043720259253103
BUY_AND_HOLD_3,-0.0040444659716584175
business_1,-0.004051831478898915
religion_3,-0.004055593878565178
cash_6,-0.004055885554512995
lifestyle_5,-0.004061374103155368
management_8,-0.004062394531661106
labor_16,-0.004071203553605995
war_6,-0.004078354273466455
BUY_AND_HOLD_8,-0.004079009554428947
served_1,-0.004081547672461783
bank_19,-0.004088648371640291
college_17,-0.004088848561495139
economic_19,-0.0040916832275636585
political_12,-0.004094471447687797
judge_17,-0.004095456213703841
rich_8,-0.004097193152744971
inc_14,-0.004106883312408538
government_15,-0.004109185955316885
earnings_19,-0.004110538229755467
virginia_8,-0.0041133428105831985
freedom_19,-0.004114778158897802
short_sell_5,-0.004119985700214657
debt_2,-0.004134765932739115
members_20,-0.0041360101941765315
marketing_15,-0.004138227666076255
marriage_8,-0.004143328029442594
ore_1,-0.00414731584930661
cancer_8,-0.004150007900720287
returns_15,-0.004151036778872674
gold_16,-0.004156450846132564
justice_1,-0.00415697533504904
bonds_5,-0.004159332573256136
inflation_17,-0.004164443620202208
metals_8,-0.00416808267258979
short_sell_11,-0.004169653398826534
products_14,-0.004170247390082338
economics_15,-0.0041719303128807
kentucky_14,-0.004181708637472581
senate_4,-0.004184350007081528
war_1,-0.004185527813057343
lifestyle_8,-0.004194671981928355
profit_18,-0.004198811798055746
marriage_1,-0.004204452871845232
judge_8,-0.004206676906560225
ltd_13,-0.004213976473490621
development_8,-0.004215295729795576
fun_14,-0.0042186742325161395
economics_10,-0.004220310392172988
founded_10,-0.004226603890963299
economics_6,-0.0042296203483874525
happy_4,-0.0042309708030129345
republican_6,-0.004237131578901865
health_14,-0.004241105201619378
financial_markets_10,-0.004249751581998451
nasdaq_11,-0.0042526484126011125
movie_7,-0.00425437441296792
water_17,-0.004256787052552458
buy_9,-0.004256914157323699
social_9,-0.004260831886620564
marketing_18,-0.004265015335028011
stocks_10,-0.004289663293476642
credit_1,-0.004294361427514937
georgia_1,-0.004312990756513413
dow_jones_13,-0.004320853619193587
movie_2,-0.00432697748404891
world_2,-0.00432774213337177
ore_4,-0.0043313857164945626
fine_9,-0.004333956747568512
county_3,-0.004337405351576118
crash_16,-0.004341768418949288
million_1,-0.0043444635668777876
carolina_8,-0.004351232105659885
labor_10,-0.004355487153385918
college_9,-0.004355953775548626
chance_2,-0.004356253822841905
unemployment_8,-0.0043631260828422835
credit_9,-0.0043640572980981895
finance_19,-0.0043699435136354435
gains_6,-0.004370696547712693
tourism_2,-0.004371301721811438
ore_10,-0.004372761539539738
cash_9,-0.004374471324006901
greed_17,-0.004376737116563145
inc_1,-0.004379736542826129
rich_17,-0.0043882929350949505
bank_3,-0.004390979104872317
served_9,-0.004392057380183734
million_6,-0.00439650289845892
default_20,-0.004400315956196166
dow_jones_18,-0.004403444970108183
leverage_17,-0.00440528978402055
sell_6,-0.004412491522110695
lifestyle_16,-0.004414095085219038
loss_9,-0.004421328735706176
rich_6,-0.004422007595269761
investment_19,-0.004423963749623084
seats_9,-0.004424534066864006
corporation_9,-0.004427656775876887
happy_11,-0.004428844419348099
color_19,-0.004435477748810079
party_2,-0.0044388594058053735
ltd_2,-0.004445506569841084
office_8,-0.004454922375765014
technology_1,-0.004461251509840403
house_6,-0.004471325235255974
movie_15,-0.004477983094582361
finance_8,-0.004483574087197928
college_10,-0.00448874690007881
corporation_19,-0.004498228918126989
stats_20,-0.004503025571658314
oil_19,-0.004504335404027437
elected_2,-0.004504420296928746
blacklist_10,-0.004505596001452683
inflation_20,-0.00450788511065352
marketing_9,-0.004508155406179703
society_1,-0.004510038348209888
hedge_13,-0.004512597834180498
companies_9,-0.004513032457190725
project_4,-0.004526286506186139
carolina_13,-0.004526578350899713
illinois_14,-0.004528030531678451
house_1,-0.004528045138743853
financial_8,-0.004535347145857261
gold_6,-0.004538032102423428
fun_8,-0.004548054365998011
elections_14,-0.004551657667173204
finance_1,-0.004553527919845135
industry_15,-0.004556439016468694
missouri_8,-0.004556787603088619
nyse_3,-0.0045602204282197524
movie_16,-0.004564098858602627
conflict_19,-0.004564169756423242
justice_2,-0.004564257377907444
served_16,-0.004570551324677629
firm_8,-0.004572478917792467
opportunity_20,-0.004576880906672831
governor_2,-0.0045769646320095395
market_8,-0.004579304629973602
world_10,-0.004583214921591705
carolina_19,-0.00458694033432232
illinois_8,-0.004591087210178401
buy_14,-0.004593564647574988
derivatives_17,-0.00460543980833541
success_15,-0.004611795354016146
seats_6,-0.004618271076234137
fun_2,-0.004619204962401402
party_1,-0.004621830775185809
council_19,-0.004625763141659878
voters_9,-0.004627332831312581
inflation_4,-0.00462971592770125
ceo_2,-0.004642119622311358
hedge_8,-0.004643471096725138
kentucky_1,-0.004646789373333027
firm_9,-0.004650122416651503
rights_9,-0.0046592709713297875
pennsylvania_19,-0.004660118965859006
carolina_1,-0.004677756154906576
election_7,-0.004679759300975484
million_13,-0.004683936672957034
environment_20,-0.004690977502248295
college_4,-0.004691504687464665
restaurant_6,-0.0046944194229947556
stocks_3,-0.004703281447875485
metals_6,-0.004713961032560543
william_8,-0.004714462723401725
illinois_1,-0.004715663643399193
fond_6,-0.004716104829323253
short_sell_1,-0.004727041253450537
political_2,-0.004730790057258627
labor_9,-0.004734815659704505
kitchen_1,-0.004738010652290003
companies_15,-0.004739644175274682
police_8,-0.004746867839033708
energy_15,-0.004751113710153065
fed_17,-0.004753497763065084
party_16,-0.004768476412441358
development_18,-0.004770557104964479
movie_5,-0.004770795123467964
services_14,-0.004773490765915334
financial_9,-0.004779789437866611
finance_14,-0.004794654468125525
investment_18,-0.004801694505321174
cash_2,-0.004806055482742622
derivatives_1,-0.004809109991438687
hedge_20,-0.0048131916268784325
corporation_1,-0.004819163889505584
virginia_19,-0.004821405638968534
derivatives_13,-0.004824420369512894
republican_3,-0.00483674641291818
elected_17,-0.004840411532381239
community_15,-0.004841095540298546
society_19,-0.004843995307209093
york_1,-0.00485095534362272
service_9,-0.004860217542976652
ohio_2,-0.004866647207629304
legal_3,-0.004868884668580531
elected_4,-0.004869173332228582
fine_18,-0.004872788955546659
earnings_6,-0.004874552290498446
governor_3,-0.004877932053468981
economic_8,-0.0048901961411379705
georgia_19,-0.004891058289473759
election_13,-0.004892691973918395
ring_6,-0.004901475236799157
conflict_1,-0.004901585914775275
wisconsin_1,-0.004906142941771119
markets_16,-0.004914475945315955
kitchen_14,-0.004915993581345668
portfolio_17,-0.004916299671119706
gold_1,-0.004916456388762614
marriage_20,-0.004916738406867682
financial_19,-0.0049185792168383365
housing_9,-0.004919744081217847
economic_1,-0.004930020702540805
vermont_19,-0.004932772273701791
bonds_16,-0.004940305002887513
bonds_9,-0.0049526799670648325
political_9,-0.004958329629554692
cancer_1,-0.004965844065958324
party_9,-0.00496634778328362
finance_15,-0.004966697343795489
food_4,-0.00496978087926978
trader_4,-0.004975054445468263
train_17,-0.004977323927265198
technology_20,-0.004979146630531029
success_12,-0.004981340706679926
fun_18,-0.004986107392626349
business_8,-0.0050114345502325405
dividend_14,-0.005012318968025875
law_9,-0.00502342595432268
politics_1,-0.005025283918930845
banking_1,-0.005031059364105595
corporation_18,-0.005031751373302895
house_16,-0.005033040653887322
marriage_19,-0.0050391845566937436
college_8,-0.005048585895864366
bubble_6,-0.005048945795574222
inflation_8,-0.005055075380780006
ore_17,-0.005073532733754949
returns_4,-0.005077120870643914
ring_2,-0.005085739877396222
bonds_14,-0.0050867870101602985
travel_19,-0.005089574898799953
conflict_8,-0.0051072809710623005
project_8,-0.005109975432128611
ltd_18,-0.005114214291324104
georgia_14,-0.005126255664004287
food_19,-0.005133874253446002
fed_9,-0.005141546347844983
consume_15,-0.0051477788510316145
governor_8,-0.005148211101325706
war_19,-0.005164713007068134
county_8,-0.005194242603003029
unemployment_13,-0.005200885309857561
forex_16,-0.005201390327976041
stats_15,-0.005206218118862261
economics_19,-0.005208890337138561
buy_2,-0.0052193319537704895
bubble_15,-0.005220138994655432
corporation_15,-0.0052212655124682875
freedom_2,-0.005222108209662513
media_4,-0.005225428645592567
elected_6,-0.005242882900107615
finance_4,-0.005247136965579302
served_20,-0.005251853087477487
committee_1,-0.005253224766976627
york_8,-0.0052570262069538964
services_1,-0.005258897233551885
profit_19,-0.005259647926446042
secretary_13,-0.005261782621162436
fine_2,-0.005261834114766351
union_9,-0.0052626485068473896
hedge_15,-0.00526477869482358
stocks_2,-0.005268759883080532
default_18,-0.005271280580537363
portfolio_2,-0.00527436110046513
opportunity_18,-0.005287157302145684
ceo_14,-0.005291930554901047
council_20,-0.0053019349097040095
tennessee_19,-0.005313992693957936
hedge_10,-0.005317343360304383
missouri_19,-0.005318228495255028
legal_19,-0.00531969988957004
media_16,-0.005322195535149765
money_16,-0.005324110108626034
dow_jones_19,-0.005325579753111276
market_6,-0.00533251990875061
fed_1,-0.005351914028562899
government_2,-0.005354639848678233
risk_18,-0.005357037183163915
war_8,-0.005383188730759536
health_9,-0.005392493299341683
industry_8,-0.005393312154731933
economics_2,-0.005400395151431714
washington_1,-0.005401437988857216
short_sell_19,-0.0054024534860399155
kentucky_15,-0.005407751460740862
fed_14,-0.005418782133406186
founded_19,-0.005419492228864087
social_15,-0.00542275690765337
gold_4,-0.005425397394828235
district_9,-0.005434326430807501
nyse_19,-0.005435103488992543
court_18,-0.005438246293018945
business_9,-0.00543850229511691
legal_18,-0.005447603764615084
conflict_4,-0.005451493286848663
bank_14,-0.00545504157244463
derivatives_11,-0.005456800664476314
invest_12,-0.005458957840376777
fed_12,-0.0054596460551820545
politics_9,-0.005463980334426233
political_11,-0.005468656238823222
risk_15,-0.00547554423464589
elections_2,-0.005476549468760616
gains_4,-0.005484252052116845
BUY_AND_HOLD_15,-0.005486041597876357
blacklist_2,-0.005504856974393802
bank_2,-0.005517157852881005
community_9,-0.005528282133185081
labor_3,-0.005528517279289003
restaurant_15,-0.005529442043807342
banking_18,-0.005530382689736935
portfolio_18,-0.005532168500092016
secretary_11,-0.005549527066422555
senate_17,-0.005556534391922741
unemployment_19,-0.0055640554270359075
development_15,-0.005572914456750166
derivatives_10,-0.005581289129944799
house_8,-0.005584758194903694
republican_8,-0.005598114900001727
headlines_1,-0.005600972607631416
freedom_17,-0.005613810596210867
ltd_9,-0.005616740165870127
success_8,-0.005620275960260779
office_14,-0.0056265503699947095
act_8,-0.005632665716424179
ore_2,-0.0056437781978122105
default_9,-0.005656162491239192
legal_7,-0.005660466767972672
services_19,-0.005667683844130633
DOW_JONES_19,-0.005668016342270543
services_9,-0.0056731736360515535
growth_11,-0.005678750081886364
investment_20,-0.005683664067573435
arts_11,-0.0056874796834486705
dow_jones_11,-0.005688288354942661
chance_6,-0.0056946268798915515
housing_2,-0.005694843375764513
york_15,-0.005711588450589167
community_8,-0.005711714017482761
short_sell_2,-0.005716448852137845
served_18,-0.005722373380540891
court_9,-0.005726843657109714
county_14,-0.005738267826337617
forex_20,-0.005749187298774605
conflict_6,-0.005749338526209913
bonds_2,-0.005749718022948214
hedge_2,-0.005753763809675583
elected_9,-0.00575443648694296
law_1,-0.005758121569552199
served_5,-0.005772434991460562
housing_15,-0.005781871873567934
judge_9,-0.005782277220170373
bubble_8,-0.005786182907270021
return_8,-0.005788394157966059
kitchen_16,-0.00579183538796495
legal_8,-0.005794624073118282
consume_16,-0.005804110332943546
politics_20,-0.005813297042795406
fine_8,-0.00581516937891875
lifestyle_12,-0.005815530620379405
ceo_18,-0.0058288654536470695
political_8,-0.005829119337523924
community_19,-0.005829407200159365
home_16,-0.00584416946435109
elected_12,-0.005847152966402413
DOW_JONES_16,-0.005862500016944971
buy_4,-0.0058651759078256925
service_1,-0.005866261657617944
returns_17,-0.005866781730138504
county_19,-0.00586836236515631
fed_19,-0.005883198435432902
seats_4,-0.005889519789504449
society_8,-0.005900576405136415
stock_market_19,-0.005900842772108517
gains_16,-0.005904194592067857
derivatives_8,-0.005905554342388486
virginia_15,-0.005910711363718235
elections_18,-0.005914854756541699
government_8,-0.005926585883984115
greed_10,-0.005932579936922399
governor_9,-0.005937098023455456
stocks_20,-0.005942289149948344
kitchen_10,-0.005946234767587111
security_1,-0.005951108848475095
economics_16,-0.0059533204772789896
economy_19,-0.005963255176752868
bonds_1,-0.005967441562353004
served_17,-0.0059680460333270124
legal_1,-0.005968415919849224
president_9,-0.005971726891162743
sell_18,-0.005977239933820311
gain_15,-0.005981380750893028
service_19,-0.006000282114523259
office_9,-0.006000424199395682
texas_8,-0.006000846586933761
project_15,-0.006002008950039372
college_19,-0.006003123692647905
trader_8,-0.00601311946133889
sell_8,-0.006016090268261087
environment_15,-0.006016994676594977
buy_10,-0.006021476683039007
religion_20,-0.006033009386228505
default_1,-0.0060345883353713605
gold_19,-0.006041857902462944
blacklist_20,-0.006042387610341926
council_9,-0.006048815321539646
headlines_2,-0.006092764333935019
movie_10,-0.006102165420551886
short_selling_19,-0.006104524624492824
revenue_19,-0.0061135197402211626
community_1,-0.006113840640805024
council_14,-0.006119348085723742
ring_4,-0.006128899023046697
market_15,-0.006132672514782844
present_19,-0.00615064140798498
ring_19,-0.006150700358438144
risk_19,-0.006151327864086875
financial_15,-0.006152542985927356
vermont_2,-0.006152687079595908
democratic_1,-0.006160430797769023
debt_1,-0.0061618415011952974
election_6,-0.006164557126563164
court_15,-0.006172435959604839
loss_17,-0.006175310712200033
car_2,-0.0061757927452049
bank_8,-0.006189450245745598
senate_11,-0.006195638258473757
world_19,-0.006198963132975721
profit_2,-0.006208243665933954
conflict_16,-0.006214231274872306
rich_16,-0.00621492054399504
opportunity_13,-0.006217621088296732
chance_7,-0.006219303862565617
votes_4,-0.006222352949551468
loss_2,-0.006224194305159791
transaction_3,-0.0062269860986027045
forex_4,-0.006243744726738743
bank_9,-0.006248621415323919
pennsylvania_15,-0.006260324308560605
world_6,-0.006262849310065111
washington_17,-0.006270743023495529
ministry_2,-0.006273347525474038
forex_11,-0.006279739184864752
dow_jones_1,-0.006283473111449944
greed_1,-0.006291929513750327
chance_16,-0.006297751390015249
energy_8,-0.006300356335323309
inc_9,-0.006303317262360908
fun_17,-0.00630405686627884
health_1,-0.006308409900282852
ministry_18,-0.006309045292045901
trader_2,-0.006323532941076682
elected_10,-0.00632622831055929
money_14,-0.006326455135199449
massachusetts_1,-0.0063289982904336075
media_17,-0.0063295310594730925
office_19,-0.006331180072254994
consume_20,-0.006333248319280127
police_19,-0.006351290079864946
bonds_4,-0.006354275770060314
fun_4,-0.0063568151248498015
members_19,-0.006359278795240319
district_18,-0.006362628715176654
leverage_11,-0.006376478809748032
companies_19,-0.006380468377156734
county_4,-0.006392135024048428
fond_14,-0.006392498230080079
government_1,-0.006411205947385201
food_8,-0.006416927147045892
markets_2,-0.006429499708542607
washington_8,-0.006438506783365794
cash_1,-0.00644217828597351
court_1,-0.006443150369829698
gold_18,-0.0064476178279564865
representatives_15,-0.006449996946951675
revenue_20,-0.006458689180500366
finance_9,-0.006469510687411239
governor_16,-0.006476218825307911
lifestyle_17,-0.006477716109235332
sell_16,-0.006491917480271159
war_4,-0.006493852308994108
seats_13,-0.006497332065237793
president_2,-0.006501396789879399
gains_12,-0.006502959490152671
federal_19,-0.00655554505877487
economic_9,-0.006559223540927639
investment_1,-0.006561890328138298
risk_2,-0.006585552291195018
cash_16,-0.006603907438571532
washington_19,-0.006604235709422079
college_1,-0.006608402971583027
kitchen_8,-0.006609922862695172
fond_5,-0.00661691764550294
invest_18,-0.006621959769625407
party_8,-0.006627936761116971
fond_18,-0.0066384151769152576
happy_6,-0.0066475828807292196
crash_15,-0.006652825676606832
profit_15,-0.006656871729528358
firm_20,-0.006660404680685872
health_19,-0.006682689845350964
market_1,-0.006688420809498519
stocks_1,-0.006691173560652586
stock_market_1,-0.0067030152991529365
headlines_17,-0.006703157733553611
earnings_9,-0.006704748252682568
economics_17,-0.006730470196082816
money_2,-0.006737417931490008
management_18,-0.00674597507635073
security_19,-0.006761969544067781
arts_17,-0.006763105588295204
inc_2,-0.00676907172663026
democratic_4,-0.006778587764524091
growth_1,-0.006779119528361144
garden_4,-0.006783278270340798
fond_20,-0.006784022692186897
housing_3,-0.0067915948490367304
credit_8,-0.006800514946026248
pennsylvania_2,-0.006807434037629068
senate_5,-0.006813530431778347
democratic_5,-0.0068169132023717435
trader_12,-0.00681773687414935
global_8,-0.006836042128321562
train_4,-0.006837333879260954
products_15,-0.006844452211294349
default_12,-0.006852859580020798
stocks_15,-0.0068557977955626456
corporation_2,-0.006865834184391306
county_1,-0.0068685747495567774
energy_19,-0.0068818493200876185
conflict_2,-0.006886593004556385
dow_jones_6,-0.00688840160194657
ring_12,-0.006892902102633891
oil_8,-0.006910175780136396
companies_1,-0.006917314090852967
dividend_19,-0.006919994825864651
bubble_3,-0.0069238093330340035
district_1,-0.006934519483870427
companies_2,-0.006937628208972546
ore_19,-0.006951638804332805
management_15,-0.0069521780303032354
office_15,-0.006970723042415994
governor_12,-0.006976816013775844
success_13,-0.006981413344585174
transaction_9,-0.007023601040607397
act_9,-0.007035434760328352
forex_6,-0.007044784877271626
fond_10,-0.007045798369700984
bank_1,-0.007064034318420576
consumption_8,-0.007069316795294633
consumption_1,-0.007072207708136857
justice_17,-0.007072332594608111
ohio_15,-0.007075709049414769
ltd_19,-0.007077572698997869
inc_19,-0.007078479241455571
movement_2,-0.007078945726489661
ltd_1,-0.007079763354630453
headlines_7,-0.007086164980993992
act_19,-0.007095093306296452
markets_1,-0.00710086949887756
default_2,-0.007111174781292284
vermont_20,-0.007112010285730786
massachusetts_2,-0.007119035012889419
growth_19,-0.007119073953543187
gains_3,-0.007120454755202665
cash_8,-0.007121696986968629
DOW_JONES_1,-0.007128908559569358
returns_16,-0.007130085027372557
home_6,-0.007131818871362827
house_4,-0.007138735545628027
illinois_2,-0.007139460834790601
train_19,-0.007140487779950177
invest_8,-0.007140949011249708
representatives_19,-0.007154179463356614
religion_16,-0.007154879574849482
management_9,-0.007158094128990733
minister_17,-0.007177428741810954
leverage_19,-0.007203895962918016
portfolio_3,-0.007204504560225811
economy_16,-0.007204511498079547
metals_7,-0.00720483700645429
seats_20,-0.00722773984380023
color_2,-0.007230327722499874
union_8,-0.0072309118218124805
county_15,-0.007243000390000409
texas_19,-0.007280212703023037
food_17,-0.007292051958263812
minister_14,-0.007294179272959944
culture_2,-0.007300665557637087
happy_14,-0.007311042743531404
party_17,-0.00731449691893653
inc_15,-0.007321954707870915
crisis_2,-0.007361654088720115
rights_8,-0.00739925788464022
election_5,-0.007403019016744295
bonds_3,-0.007407442805642828
stocks_18,-0.00743091041912769
served_3,-0.007440313115197106
labor_20,-0.007442384763813825
growth_18,-0.007447922859187495
services_18,-0.0074515243101562325
nasdaq_18,-0.007462673915855711
minister_1,-0.007481602869776394
politics_15,-0.007492796601283658
kentucky_18,-0.007494675878271751
committee_2,-0.007502558761776923
union_1,-0.007507013981085842
energy_1,-0.007509357100006242
rich_4,-0.0075120891880918975
democratic_16,-0.007512146943160869
returns_19,-0.007541837173580234
senate_13,-0.007571274365796831
growth_10,-0.007579902631340185
cash_14,-0.007587508363612816
invest_14,-0.007618346594817305
business_19,-0.0076266296011188615
rights_17,-0.007636253103331758
opportunity_2,-0.007642620011695289
oil_1,-0.0076526553222540095
government_19,-0.007656142806164334
kitchen_19,-0.0076566822432690305
office_2,-0.007658211664686432
justice_8,-0.007661325436500777
loss_6,-0.007670210002060895
gain_9,-0.007674694082828504
bubble_17,-0.00767601820110757
social_19,-0.007677882726480512
committee_20,-0.007705849106368489
dividend_17,-0.007717539734169221
movie_6,-0.00774598261958952
financial_18,-0.007762072226312156
happy_17,-0.00776968990060114
political_6,-0.007775090377154514
gain_4,-0.007793531532616371
car_6,-0.007797050556695972
ring_16,-0.00781140410968646
governor_1,-0.007818546247255776
services_15,-0.00783079975038059
virginia_1,-0.007845630341143873
default_19,-0.007859639236576132
conflict_17,-0.007868084608031367
ore_20,-0.007870340985267909
york_2,-0.007872056147708296
health_15,-0.007896175394066552
marketing_1,-0.007898574807664382
DOW_JONES_10,-0.007902838400241285
companies_18,-0.007922866035182862
washington_2,-0.007931176220668634
transaction_20,-0.007933978958329257
trader_10,-0.007938160109135773
economic_18,-0.007948303614770991
derivatives_12,-0.007986236379439893
service_2,-0.007988399299005699
county_9,-0.007995797928447046
opportunity_19,-0.00801899954420653
bonds_19,-0.008027701638042561
sell_17,-0.008049707130441907
finance_2,-0.008055905807454656
elections_13,-0.008070604638331424
happy_2,-0.008072058286470308
virginia_2,-0.008074260374138964
energy_9,-0.008082106515520682
firm_18,-0.008103233357467876
crash_17,-0.008108941259949275
secretary_12,-0.008110259081863424
profit_11,-0.008115427581049573
pennsylvania_1,-0.008118004910435994
gain_19,-0.008128226515002002
court_2,-0.008129654061352087
housing_18,-0.008136397310403299
inc_18,-0.008138192182498782
bonds_17,-0.008153865222928824
dividend_3,-0.008162648405077633
restaurant_8,-0.00816343795048564
world_20,-0.008164615381945883
sell_2,-0.008164924389134676
georgia_2,-0.00817197095461899
dow_jones_15,-0.00818704956263181
loss_20,-0.008202861042236886
council_18,-0.008217017138515526
political_20,-0.008237221780157289
car_16,-0.008240275050438051
religion_6,-0.008243022053698446
portfolio_19,-0.008250898377541449
success_6,-0.008252912587609473
loss_18,-0.008278137843199241
culture_8,-0.008293392319512382
management_1,-0.00829907788672526
financial_1,-0.008299266627062795
republican_4,-0.008305137219376623
food_1,-0.008313371140655446
wisconsin_8,-0.008348605181989566
politics_6,-0.008350845084813008
services_2,-0.008352359556281153
revenue_18,-0.008360270962204753
members_8,-0.008362423590067313
movie_4,-0.008370875771648967
media_6,-0.0083773644092914
happy_8,-0.008379774430722641
stock_market_2,-0.008388092186849928
nasdaq_19,-0.008388607974362649
industry_20,-0.008391988829171314
million_10,-0.00839838004574862
fun_6,-0.008399140545757166
district_19,-0.00842483982210247
bank_18,-0.008427068063866594
health_2,-0.008437539746805278
bank_15,-0.00843835572638545
success_1,-0.008449926476076364
bonds_8,-0.008454683236685589
debt_9,-0.00845674796139786
election_18,-0.008492329888428452
labor_2,-0.008499999921666612
college_2,-0.00851403706694671
representatives_20,-0.008520175217087256
labor_1,-0.008530306691051282
fine_4,-0.008552180091202576
financial_2,-0.008569465142816913
buy_6,-0.008585122373527487
greed_16,-0.008591832061987992
nasdaq_20,-0.00860031977435911
ltd_20,-0.008616082148190629
tourism_20,-0.008616818606119426
arts_19,-0.008620349985191744
business_18,-0.00865059714138281
crisis_6,-0.008654841997945417
rich_14,-0.008668668369677546
housing_8,-0.008669883215412311
trader_17,-0.008677630621492183
energy_20,-0.008718537756484346
cash_20,-0.008725323283886954
media_19,-0.008738735334066128
election_2,-0.008757066529506207
stock_market_8,-0.00876608514920103
corporation_20,-0.008779377958930934
house_2,-0.00879857386150098
color_6,-0.008805487192775097
ring_18,-0.008814678210178917
profit_9,-0.008816870989200453
products_18,-0.008823395456560879
bonds_7,-0.008827685547779195
committee_15,-0.008839754738530292
secretary_14,-0.008842750953965917
inflation_19,-0.008852919788996072
office_1,-0.00885621150407514
kitchen_6,-0.008904104458784933
home_2,-0.008913709431360384
union_2,-0.00893802721592063
returns_5,-0.008970300864807813
car_19,-0.008978565074164235
judge_15,-0.008990405987927419
republican_9,-0.00904277914948468
served_6,-0.009045110786603573
project_9,-0.009048575075477627
served_15,-0.009073478462030549
elections_9,-0.009075936324706112
inc_20,-0.009078851298257851
color_8,-0.00908422142371601
members_2,-0.009093171283352852
movement_19,-0.009097942729877562
DOW_JONES_11,-0.009112156615521139
home_8,-0.009125872800219393
debt_20,-0.009137223561481455
wisconsin_2,-0.00916530596142262
car_8,-0.009177147915634088
served_8,-0.009183498509425547
technology_19,-0.009198184577503876
elections_8,-0.009201379330246628
court_20,-0.00920389079927686
stats_16,-0.00922891693939445
legal_17,-0.009232348908771115
garden_2,-0.00924408579360072
consumption_20,-0.009263199177767367
home_19,-0.009265569216481806
stock_market_9,-0.009286926843369958
forex_14,-0.009290467838213346
money_8,-0.009301077043352812
seats_2,-0.00931492667741136
members_16,-0.009327435271614348
rich_2,-0.009338569895550264
district_2,-0.00936403596643005
stats_6,-0.009368391919583519
money_6,-0.009372750781886707
technology_18,-0.009398954073392307
conflict_9,-0.009400798420034518
business_2,-0.009406594736532492
garden_17,-0.009408916309920023
wisconsin_18,-0.009417104120235952
garden_6,-0.009430618350568886
culture_20,-0.00943097281828833
media_2,-0.00944229880288745
forex_19,-0.009491344403320445
wisconsin_19,-0.009497689472237725
politics_18,-0.009519853463017314
committee_18,-0.009521368978618727
present_20,-0.009526505524381368
train_6,-0.00954331364799026
election_11,-0.009577894890097994
elected_14,-0.00958311829620615
crisis_8,-0.009585737500286351
minister_8,-0.009595994099413696
justice_18,-0.009618484070192501
case_16,-0.009622220725120067
judge_20,-0.009630722996188012
religion_8,-0.009646808044191513
chance_19,-0.00965637951671503
law_19,-0.009665292870360087
debt_18,-0.009696675619727913
kentucky_8,-0.0097121277341907
revenue_2,-0.009718421742008099
finance_20,-0.009720957747949566
kentucky_13,-0.00977049591224619
markets_15,-0.0097918735142978
ceo_20,-0.009842695590081196
texas_2,-0.009854973353620334
garden_20,-0.009884870682788737
stats_8,-0.009893426523887073
management_19,-0.009912347870466265
health_20,-0.009940003860456636
holiday_19,-0.009949499539268537
security_2,-0.009977672273900695
massachusetts_18,-0.009985427597623775
environment_18,-0.01001143417059942
money_19,-0.010021606897368885
services_20,-0.010047812731177186
york_18,-0.010050150360297971
management_20,-0.010104864062850893
party_19,-0.010106161903795851
fond_7,-0.010119610615898545
members_18,-0.010126639670480242
train_16,-0.010154883301955886
nasdaq_10,-0.010181573017560952
management_2,-0.010212306971325713
court_19,-0.010217477430816557
portfolio_1,-0.010221932139349854
council_1,-0.010230497495218737
federal_2,-0.01024275603365279
movie_9,-0.010245659507731708
crash_11,-0.01028641799740595
wisconsin_20,-0.010305424904710758
council_2,-0.010330381552181555
restaurant_2,-0.010332800240691631
case_8,-0.010347235568967373
tennessee_18,-0.010363426885946181
security_18,-0.010370893675240422
william_18,-0.010377220612176252
holiday_2,-0.010381824149686626
society_2,-0.010384474181381175
fed_15,-0.01038853296148381
freedom_18,-0.010390159739635463
fine_17,-0.010414009107625887
color_17,-0.01043387226463297
success_20,-0.010445237879164005
forex_18,-0.010472851927217985
global_9,-0.010490191022088924
service_18,-0.010512121859872225
conflict_18,-0.010520381856176608
carolina_2,-0.010527533345070016
minister_16,-0.010535412936558441
act_18,-0.010599783238277084
office_18,-0.010648071308427598
georgia_15,-0.010684434730591264
happy_18,-0.010687186459011478
security_20,-0.01070989611510742
investment_2,-0.010727286827613503
crash_10,-0.010742705869464398
nyse_20,-0.01075768852966319
transaction_2,-0.010776920463674688
profit_20,-0.010784781521661402
travel_17,-0.010825901497096502
house_17,-0.010830464356458158
unemployment_11,-0.010841036551807636
movie_14,-0.010884385679433107
environment_2,-0.010907434089685752
health_18,-0.010939032131447757
president_20,-0.010986684501075938
earnings_2,-0.010996605757383548
federal_20,-0.01099903909850517
transaction_18,-0.011002437031460754
transaction_8,-0.011020007448696
buy_16,-0.011044623562588462
arts_2,-0.01104999145169907
voters_3,-0.011055148824860295
conflict_20,-0.01106648347574779
headlines_3,-0.01107037915014939
secretary_1,-0.011082995915665972
million_2,-0.011091756185367152
chance_15,-0.011095226631288391
voters_1,-0.011103289234963953
hedge_11,-0.011114836131711802
environment_1,-0.011168845521732695
world_18,-0.011182593410884012
bonds_15,-0.011225421634405408
water_2,-0.011256874488611856
law_18,-0.011263864083151543
war_17,-0.011308424552413187
consume_6,-0.011331822400100578
community_18,-0.011349981480599713
home_17,-0.011355924559225494
travel_2,-0.01135927003751278
banking_20,-0.011361577887762708
elected_5,-0.011369387524227403
economy_18,-0.011405823619636624
chance_8,-0.011417302014229391
million_20,-0.011427889817309023
bank_20,-0.011430552121721903
district_20,-0.01145115886114716
minister_19,-0.01148403434530514
cancer_19,-0.011513929857404492
rights_18,-0.011517918384698955
headlines_18,-0.011526144089746304
marketing_20,-0.011538689535221903
ohio_18,-0.011577108566861071
virginia_18,-0.011595058694100446
office_20,-0.011596074938523881
elections_3,-0.011609978495818175
community_2,-0.011617970338967498
political_17,-0.011620481280502349
rights_19,-0.011643042905528644
party_6,-0.011697497726431893
finance_18,-0.011707201964391567
massachusetts_20,-0.011709376894585089
war_20,-0.011724802114443999
debt_19,-0.011811396642454475
crisis_18,-0.011861869665836244
credit_19,-0.011872563360549626
success_19,-0.011876929321576246
council_15,-0.011878607688246357
seats_18,-0.011894593910193162
movie_18,-0.011900496467724753
religion_2,-0.011913306284474512
car_18,-0.011924179936379864
ceo_1,-0.011962014971418643
economic_2,-0.01197881450976428
rights_20,-0.011985526598985552
fed_2,-0.011988469460018436
companies_20,-0.011995976964663169
seats_19,-0.012015704056681953
county_18,-0.01206919460179614
housing_20,-0.012074579720921718
global_2,-0.01208426006822334
ministry_20,-0.012086945625668477
marketing_2,-0.012102518534249818
happy_20,-0.012113432776646027
senate_8,-0.012130175071305715
movie_8,-0.01213077721850222
water_19,-0.012150934875480867
freedom_8,-0.012179066572311537
success_18,-0.01219075826684397
georgia_20,-0.012194749071727573
return_18,-0.012196795078238653
media_8,-0.01220988406788015
secretary_20,-0.012211088106650192
DOW_JONES_6,-0.012216280497947296
fine_20,-0.012306117455382815
global_19,-0.012327490778797467
buy_19,-0.012345897376124747
ore_18,-0.012362883335251573
opportunity_8,-0.012394222466143145
carolina_18,-0.01240478740519151
restaurant_18,-0.01242405083539393
gain_8,-0.012479727170327437
missouri_20,-0.012498225112390493
financial_20,-0.012513277856377103
buy_8,-0.012536108574751736
government_20,-0.012546560095886884
development_2,-0.01255832374654453
travel_20,-0.012570247731261808
act_1,-0.012581853958699374
return_19,-0.012607316895956488
crash_12,-0.012613396466416859
energy_18,-0.012643500506322968
kentucky_2,-0.012678983681165445
transaction_19,-0.012700974057553771
banking_2,-0.012707847191355936
fond_9,-0.012724732287329977
return_20,-0.012728111339607917
energy_2,-0.01274453784167191
union_18,-0.012749666103179003
representatives_14,-0.012786826207543123
georgia_18,-0.012819423643130467
project_1,-0.012854655498955503
secretary_2,-0.01288349257384116
loss_19,-0.012894229993995188
economy_2,-0.012921231480911354
default_11,-0.012968142334688303
illinois_18,-0.012988230460346629
federal_18,-0.01305657817510215
republican_1,-0.013064240136256955
war_18,-0.01308369043648181
william_2,-0.013093160920862634
senate_14,-0.013093207620607039
firm_19,-0.013096607601394129
world_16,-0.013097957722354581
million_18,-0.013155556299890469
products_2,-0.013181101228488479
political_19,-0.013191540790176436
growth_2,-0.01321434940087749
kitchen_17,-0.013226714394993655
present_2,-0.013242737386663128
college_18,-0.013248060112537518
missouri_1,-0.013260132199290453
cash_18,-0.013290013305222548
movement_20,-0.01329834646439847
elections_6,-0.013335409672172638
lifestyle_20,-0.013344157539914293
credit_2,-0.013399695902858855
returns_7,-0.013405706805634687
pennsylvania_18,-0.013424898416426356
trader_19,-0.013428700020984818
holiday_20,-0.013439609161874167
return_2,-0.013486889762941257
technology_2,-0.01350489719095389
law_20,-0.013647908417191611
senate_12,-0.013670849851514743
society_20,-0.013671415769669215
economics_18,-0.013676550881447879
gold_2,-0.013683140850409826
food_2,-0.013698768246900727
election_4,-0.013792001209402893
elections_16,-0.013804823955055978
economy_20,-0.013833248588497526
earnings_20,-0.013840014394989808
washington_18,-0.013851439664700793
returns_1,-0.013932887799789895
environment_19,-0.01394877637253793
voters_17,-0.014062767549068456
community_20,-0.014079511537607513
war_2,-0.0141413491557854
president_18,-0.014162987245931125
chance_17,-0.0142011177454898
tennessee_1,-0.014217891985449493
elections_11,-0.014226387991527912
representatives_9,-0.01427389950046234
economics_20,-0.014409284112586306
ore_16,-0.014415036308816066
sell_20,-0.014417948896935373
ohio_1,-0.014431857384403246
trader_18,-0.014504229793821044
risk_20,-0.01452646970454503
union_19,-0.01453034275583982
bubble_20,-0.014532807264980917
business_20,-0.014550555415946232
president_3,-0.01456376526698644
politics_8,-0.014571822278672352
buy_17,-0.014635584486235632
returns_6,-0.014638814529899857
legal_20,-0.014658985239542987
government_18,-0.014677665221194092
house_18,-0.01468768011801611
train_8,-0.014772195202178252
portfolio_20,-0.014813285777563134
project_2,-0.014902915019701247
arts_8,-0.015004587211819543
stats_19,-0.015096177337066896
missouri_2,-0.015129833658229308
bonds_6,-0.015185088938200541
case_20,-0.015210416924984638
arts_18,-0.015217809818793638
gold_17,-0.01523366310236809
economy_17,-0.015272818203189643
development_20,-0.015336527950148749
project_18,-0.015457482021272728
gains_2,-0.015488865103025051
culture_17,-0.015541538652157993
case_19,-0.015609408799588076
minister_2,-0.015663108238327415
freedom_20,-0.015678697554738295
products_20,-0.01571786238539006
food_18,-0.015803783057700516
credit_18,-0.015921003558078038
act_20,-0.01596492337745028
party_18,-0.01597639962135027
movement_17,-0.01600777707800489
tennessee_2,-0.016008030662303253
car_17,-0.01605447357277954
social_2,-0.01605745299818362
society_18,-0.016089457010563125
oil_2,-0.016131609932298917
case_2,-0.016146102687336163
political_18,-0.01617651482162894
law_2,-0.01624232717934493
culture_19,-0.016307201830079388
union_20,-0.016324036630510762
tennessee_20,-0.016555525415195137
headlines_6,-0.016569030966533217
voters_19,-0.016586864011964762
markets_20,-0.016624872571668604
act_2,-0.016632009756796573
project_20,-0.016657363093428735
greed_15,-0.016666603388082724
economic_20,-0.016699816663652455
ring_20,-0.01671733909248032
market_18,-0.016838264936105584
pennsylvania_20,-0.01691155862747431
service_20,-0.017129339073751693
senate_2,-0.017248976332961564
movie_17,-0.01728788328734763
illinois_20,-0.01742929042610699
arts_20,-0.017463780958089092
cash_19,-0.017564837601778384
color_18,-0.01763074779762941
virginia_20,-0.017659709779092946
william_20,-0.01771401796909471
million_16,-0.017720641881456344
senate_18,-0.017735885594214063
fed_18,-0.017808153844522633
global_18,-0.017821260449640008
social_18,-0.017979175466611964
buy_18,-0.01805984813605712
greed_9,-0.018134539645773474
elections_5,-0.018162568209043516
ring_17,-0.018282194096979554
money_18,-0.01837488121305597
water_20,-0.018411639578704085
county_20,-0.018600997116432084
social_20,-0.018633615919548284
global_20,-0.018707641750019155
senate_16,-0.01874344485659014
police_20,-0.018787484314930224
secretary_15,-0.018801050042316893
gold_20,-0.01887621921274667
bonds_18,-0.018968533772821216
president_1,-0.019058737758240896
judge_19,-0.019068724855992848
representatives_2,-0.01907755477271309
media_18,-0.019089973648801207
buy_20,-0.0192947251848379
train_20,-0.019330806064503436
holiday_1,-0.019338453386180253
senate_6,-0.019374577777002154
cancer_2,-0.01941562737727649
kitchen_18,-0.019442441805746547
legal_2,-0.01951956693571264
rights_2,-0.019570290916880628
justice_19,-0.019600896062041694
lifestyle_11,-0.019655493814761636
culture_18,-0.019756497387402018
politics_19,-0.01977961711511438
elected_1,-0.019878167550449043
voters_2,-0.0198993315953081
texas_18,-0.019920541954234317
stats_18,-0.019939757402078716
world_17,-0.019954880393760498
election_1,-0.019989218174304213
kitchen_2,-0.020008372609932178
police_18,-0.020136133190408124
marriage_2,-0.020175152137219276
market_2,-0.02018999015752849
invest_6,-0.02020491474958641
returns_3,-0.020332513717923217
debt_8,-0.02034003436504208
kentucky_20,-0.02066481049352322
politics_17,-0.02070577815383745
growth_20,-0.020898441676518376
party_20,-0.021296396697467034
ore_14,-0.021429367008600986
home_18,-0.021468544598626592
york_20,-0.02147366345165864
seats_8,-0.021496747685254936
sell_19,-0.02160914706456909
house_20,-0.021624459318538115
success_2,-0.02165926363943027
cancer_18,-0.021743295532353747
fun_20,-0.021759814686835122
religion_17,-0.021761664652987834
senate_9,-0.021808048657317336
ohio_20,-0.021888472386981418
water_18,-0.022096285031816265
rich_20,-0.022183334664663622
project_19,-0.022711809157920548
greed_8,-0.022740465941521015
senate_3,-0.022747032732750916
fine_19,-0.02278052342241734
movie_19,-0.022933545767249375
police_2,-0.023288171526367397
college_20,-0.023358784903222074
movie_20,-0.023450717989178436
gains_20,-0.023591621778051186
members_17,-0.023908194945817883
cancer_20,-0.02395067598448779
votes_2,-0.024134668552230076
religion_18,-0.02414636541541948
headlines_19,-0.02444741818220957
market_20,-0.024688155494721233
holiday_18,-0.024724972678222424
senate_15,-0.02495666646082395
movement_18,-0.025092343024561627
election_16,-0.025110246748897704
crisis_20,-0.025262696060725665
case_18,-0.02540148211749118
voters_13,-0.025466121026430356
gains_18,-0.025601905390570036
food_20,-0.025650014818079138
car_20,-0.02574017901311725
returns_2,-0.026001609494800904
oil_18,-0.026223508198100133
trader_20,-0.02646119906097435
invest_20,-0.02665942197405997
election_3,-0.02710271389570349
home_20,-0.027312470370653718
restaurant_20,-0.027491805978536198
carolina_20,-0.028093507969621158
bonds_20,-0.028203552704955604
senate_20,-0.028271648991580724
religion_19,-0.028719607084247967
credit_20,-0.029457420264306134
color_20,-0.02988486291263921
money_20,-0.030714463429739047
media_20,-0.03076175803469361
train_18,-0.031366924684359664
washington_20,-0.031571356940701414
texas_20,-0.03354082902287221
elections_4,-0.033930506687120277
kitchen_20,-0.03448311400928163
elections_1,-0.0459954544176228
voters_12,-0.046865455249913215
votes_16,-0.05142327332980785
oil_20,-0.051998189606010145
votes_14,-0.052122129450077014
votes_10,-0.06317513070671846
senate_1,-0.07060970309602062
votes_12,-0.07527262253459806
votes_13,-0.08508977025322943
votes_9,-0.08931705181202935
votes_3,-0.09176292508867268
voters_4,-0.1058159580949932
votes_6,-0.10634644716765015
votes_7,-0.11489025060412832
votes_17,-0.11489677135237256
votes_15,-0.11728336611334585
votes_8,-0.24487022127839522
votes_19,-0.4268610499880946
votes_20,-0.5144674727194436
