feature,feature_score
markets_20,0.017636715335888776
portfolio_20,0.013981715763018121
financial_markets_8,0.013362117339170521
DOW_JONES_2,0.01143207024209838
blacklist_10,0.01133574126514636
metals_13,0.01094914713784354
money_7,0.008660250119165758
economics_15,0.008440901036232518
home_7,0.007612682466245846
short_selling_7,0.00741495358150992
revenue_10,0.0073432352759494005
vermont_7,0.00641835691629975
dow_jones_2,0.00602958979285968
water_19,0.006010691509408139
present_7,0.005765037309239762
present_13,0.00532687329484145
ore_15,0.004993447722162037
dow_jones_1,0.004859026431009039
holiday_15,0.004539443133377397
returns_6,0.004502445121330534
leverage_15,0.004281820114344992
crisis_7,0.004224479306523499
world_19,0.003944880306899634
ore_16,0.003547471156645199
consume_4,0.00349741538811994
growth_19,0.0032848644463722597
members_13,0.0026905759788892203
invest_7,0.0026295874054964585
consume_13,0.0026002524516197446
car_7,0.0024421091988643174
money_17,0.0023277648269168115
stats_7,0.0023010451662945687
short_selling_8,0.0022094441668564224
DOW_JONES_1,0.002145048804209226
house_7,0.0021054916968600733
short_selling_15,0.0020620562873302937
happy_7,0.0020075498726904507
york_20,0.0019771173481726743
oil_15,0.0017892144600585524
leverage_19,0.0017566019686017897
ore_3,0.0016713603944320532
freedom_7,0.0016500965890052343
world_7,0.001648659223781057
short_sell_13,0.0015556287693195615
car_20,0.0015313729245921115
color_7,0.0015152615536100588
sell_7,0.0015147334586499196
seats_11,0.0014890550247555812
restaurant_6,0.0014384563101358162
ministry_8,0.001381636652301932
war_20,0.0013329166049242502
short_selling_12,0.001238540775971564
case_4,0.0012300371979906855
banking_19,0.0012067655370566976
travel_7,0.0010073132561462695
holiday_5,0.0010059432821447833
home_20,0.0009530449216785142
food_7,0.0009479414626943683
hedge_11,0.0008287823296558638
trader_7,0.0008026700043370028
marriage_5,0.0007854466388931946
forex_18,0.0007013561984839268
water_7,0.0006605790573819048
served_16,0.0006015563167706573
technology_6,0.0005874354194705278
investment_5,0.0005147647520878706
environment_20,0.0004823925634376058
kentucky_17,0.0004708337721733624
fond_13,0.00038751672164434315
markets_4,0.0003569345717562955
lifestyle_18,0.000315385154062553
million_5,0.0003104892234050416
vermont_5,0.00029840604526703006
media_7,0.0002853850355109655
economics_13,0.0002567254520756901
ltd_6,0.0002132178820983377
water_6,0.00017279970485093444
metals_12,0.0001693669461793501
voters_3,0.00011005889980955085
dividend_14,0.00010272503468060634
justice_15,9.73686482783398e-05
buy_7,7.476183409897974e-05
senate_9,-2.0747699231993265e-07
bubble_7,-1.1359892943252347e-05
returns_4,-0.00014078262241736805
oil_20,-0.00016915313600802674
financial_markets_7,-0.00018577787268974076
default_7,-0.00035177212265857793
members_7,-0.0003808698891395679
party_6,-0.0003908856108909564
marriage_11,-0.0005732635577154754
ministry_15,-0.0005784628239231537
tourism_3,-0.000623661463384706
trader_9,-0.0006425084829367655
world_6,-0.0006625938495261607
college_20,-0.0007068774209686213
case_6,-0.0007419986073216256
return_9,-0.0007786640024091352
world_17,-0.0008174901776695886
products_5,-0.0009320174815268034
served_14,-0.0009496223204835674
religion_20,-0.0009575769442704996
consumption_14,-0.0009792512244357176
nasdaq_3,-0.0010136752757723632
loss_20,-0.0010271842937116028
companies_5,-0.0010516929565133504
environment_5,-0.001056515207924913
gold_7,-0.0011030711598298826
elected_10,-0.001134262103198469
virginia_9,-0.0011756282903014226
wisconsin_9,-0.0011957802373908865
union_9,-0.0012096029238636951
risk_8,-0.0012437564510159537
fun_7,-0.0012578499378010255
opportunity_12,-0.0012677638554197124
cash_7,-0.0013154596905337712
cancer_18,-0.001330075691785737
services_13,-0.0013531834240223973
loss_4,-0.0013863891508314019
media_5,-0.0014436464545771743
happy_6,-0.0014530273941553151
bonds_13,-0.0014615055968811852
bubble_3,-0.0014981371198952598
committee_6,-0.0015035707095295558
voters_10,-0.0015205573925698435
bonds_6,-0.0015284219151147527
tennessee_7,-0.001568579142759452
founded_3,-0.0016150098320955263
color_4,-0.0016315028725624847
oil_9,-0.0016315592510608213
return_20,-0.001662119157943942
train_14,-0.0016837079263535726
cancer_6,-0.0016960874697886873
water_18,-0.0016993619307647868
carolina_20,-0.0017772489357287037
energy_13,-0.001785046530773249
project_15,-0.0018010027700422703
greed_14,-0.0018352405176898846
risk_5,-0.0018654961326699305
pennsylvania_9,-0.0018945032813423746
lifestyle_16,-0.0019072902544506666
college_5,-0.0019157037304567304
stats_10,-0.0019383714113501594
home_17,-0.001938798971117972
bonds_20,-0.0019684855323391036
crash_11,-0.0019982049259055223
earnings_7,-0.0020007073369831875
management_13,-0.0020223872159534475
pennsylvania_20,-0.0020520797347150623
freedom_15,-0.002055059791657987
earnings_6,-0.0020733105835635925
food_19,-0.0020959712626854366
senate_6,-0.0021045637229678118
development_13,-0.00214098948602186
marketing_8,-0.0021690670469278308
minister_20,-0.0021824819513674544
illinois_9,-0.002185784331257867
trader_4,-0.002186375724483125
cash_15,-0.0022117149748103414
pennsylvania_19,-0.0022246873070772112
election_9,-0.0022301792686462594
greed_9,-0.00225286302358767
leverage_5,-0.0022633674426139282
water_9,-0.0022946445361547553
ohio_19,-0.0023073290088733824
stocks_9,-0.002334989959799638
washington_15,-0.002347369067746419
portfolio_6,-0.0023566294527692876
stats_9,-0.0024038331175065377
house_20,-0.002407655280888732
rights_6,-0.0024076719738748585
sell_9,-0.002436194941763725
president_6,-0.002439878155793318
democratic_10,-0.0024413259269350897
kitchen_4,-0.002488612028062587
food_20,-0.002511617218382556
stats_17,-0.002513047354769804
rich_15,-0.0025292846358220046
energy_19,-0.0025297167370520015
ohio_5,-0.002532336142943592
success_9,-0.0025698576416666842
train_13,-0.002575042587490506
restaurant_7,-0.0025852220897405243
economy_7,-0.002585672334893574
washington_6,-0.002602835207515386
police_15,-0.0026046302207578973
present_6,-0.002610245187286431
risk_1,-0.002612795325985862
culture_15,-0.0026994208704610445
office_5,-0.0027061837095426755
ceo_17,-0.00270995669259555
housing_9,-0.0027238102822704224
washington_7,-0.0027298300992637083
tennessee_4,-0.0027354838609796152
democratic_9,-0.0027357502864203687
companies_19,-0.0027387386494241105
minister_3,-0.002740260077801948
metals_8,-0.0027485073509589952
money_6,-0.0027622549895416127
politics_6,-0.0027630414464490994
dividend_15,-0.002777333488003619
greed_2,-0.0027824551510926333
judge_6,-0.002790124872783006
movement_13,-0.002803874860345945
investment_13,-0.002847767559329184
hedge_15,-0.00284965069272336
bank_5,-0.0028578547905662166
members_10,-0.0028623181989647197
forex_11,-0.00286388889630087
kentucky_19,-0.0028900890764860243
council_6,-0.0028904607656706103
society_6,-0.0028932208577390427
gold_18,-0.0029107986537553867
transaction_13,-0.002914804420170025
community_9,-0.0029167767574321823
restaurant_20,-0.0029236463765325072
massachusetts_20,-0.0029291300355882787
religion_7,-0.002967150291496146
fed_9,-0.00297199035918736
return_7,-0.002978371121424672
ceo_13,-0.0030071811469160937
media_17,-0.00301806579612125
revenue_11,-0.0030581835770374655
companies_18,-0.003060017319595776
served_10,-0.0030875081489874613
stocks_10,-0.0030907015667891668
served_6,-0.003100258755991203
kentucky_20,-0.003104367795553764
fine_20,-0.003105075549821401
movie_17,-0.0031239908281958995
government_15,-0.0031423632717849648
william_5,-0.003150607030966901
law_9,-0.0031705055987407025
economics_19,-0.003171563307541425
blacklist_6,-0.0031793593509001463
trader_15,-0.0031894835717286353
york_5,-0.003203875214732488
gold_4,-0.003214100273719578
marketing_9,-0.003215565900142958
invest_4,-0.003230629394318463
sell_20,-0.0032398955617751525
seats_5,-0.0032450157962459645
sell_17,-0.003245345433870206
oil_5,-0.003253213339891259
members_20,-0.003263750970785795
conflict_4,-0.0032670664483043675
return_10,-0.003274226734157848
government_20,-0.0033120745088051962
dividend_20,-0.0033477624619006273
committee_19,-0.0033682564949944816
travel_15,-0.0033753470952494922
firm_18,-0.003383001207922387
chance_11,-0.0033976904880983483
rich_5,-0.0034010970653863158
service_6,-0.0034049084143347396
ministry_9,-0.0034218355746140627
ring_4,-0.003428857926156881
economics_12,-0.003431971863899386
financial_markets_18,-0.003438718029703014
vermont_4,-0.0034799335085477835
housing_15,-0.0034883009526277984
fond_7,-0.003490835176561502
crisis_13,-0.003492350056059146
marketing_11,-0.0034948048676804342
energy_18,-0.0035103747908837414
society_5,-0.0035130020527807115
earnings_10,-0.0035173789861845163
bonds_9,-0.003522002458017104
case_7,-0.003523601042120306
dow_jones_11,-0.0035380215302605487
freedom_9,-0.0035429050879583813
banking_15,-0.0035441084246393695
dividend_3,-0.0035567767145480377
revenue_14,-0.003572195311661286
environment_15,-0.0035737253597530215
short_sell_12,-0.003577363226518182
union_19,-0.0035879395130460788
car_17,-0.0036309460841778664
credit_9,-0.0036363374936755565
derivatives_6,-0.003636677808603883
present_8,-0.0036501344551566283
crash_15,-0.0036620895674411625
return_3,-0.0036745858137983145
cancer_5,-0.003680078850606461
kitchen_17,-0.0036855557392915907
derivatives_12,-0.0036994811997398845
revenue_20,-0.0037035695881503018
virginia_5,-0.003706343807639856
labor_5,-0.003710479439317904
georgia_9,-0.0037410492485866697
economic_9,-0.0037442664238613865
conflict_14,-0.0037457084781732596
minister_9,-0.0037468462457369124
nyse_20,-0.003761851774813185
york_9,-0.0037746675688664854
restaurant_8,-0.003786209150688102
bonds_7,-0.003787362147990625
committee_7,-0.003788187487876482
texas_20,-0.003793486098434817
religion_4,-0.0038114307266011284
present_15,-0.003829852080466045
food_17,-0.003832715250903629
conflict_9,-0.0038343839083952113
election_19,-0.003847388103102323
washington_9,-0.003852850982976519
arts_8,-0.003854036632458535
william_7,-0.003858361139463051
wisconsin_19,-0.0038626827952785714
financial_markets_10,-0.0038737383406816316
finance_18,-0.0038852273918426493
government_18,-0.0038945379735404904
opportunity_19,-0.0038967551585163294
profit_4,-0.0039060771919698254
law_13,-0.0039133279733458036
tourism_20,-0.0039155082798210785
dow_jones_7,-0.003920261443768469
invest_12,-0.003958917041366816
college_19,-0.003969896594365507
media_20,-0.003975662155750981
buy_17,-0.004000717322546543
car_9,-0.004001572273127296
bank_19,-0.004008732946207761
ceo_7,-0.004012002208273291
housing_13,-0.004026688950294233
government_6,-0.004049367880063892
seats_15,-0.004050360718968138
forex_7,-0.004053668996851223
minister_2,-0.004055911658496014
gold_17,-0.004056139869830356
bonds_11,-0.004056562957120291
stock_market_20,-0.004062509734281061
york_7,-0.004064114431135501
financial_markets_9,-0.004067934615541469
case_20,-0.004084049914232657
inflation_9,-0.00410034690462815
law_18,-0.004114962766385499
party_19,-0.004115132854750669
success_19,-0.004117155336326106
council_4,-0.0041261793881684165
arts_5,-0.004132773746912366
washington_20,-0.004140226195336072
minister_14,-0.004146276140219829
chance_4,-0.00415623025506775
fine_6,-0.004157203749914995
travel_9,-0.004168126393868587
voters_13,-0.004176045798241934
world_15,-0.004180081790324297
movement_14,-0.004196055583126324
holiday_19,-0.0042000709528686505
rare_earths_7,-0.004204014047501303
washington_19,-0.004208574542622179
unemployment_12,-0.0042134968832501455
project_19,-0.004216041563961848
greed_15,-0.004219885471705665
short_sell_9,-0.004230977522264645
energy_5,-0.004234286610638183
hedge_20,-0.004236786255982117
marriage_10,-0.004237960304492527
law_20,-0.00424341247859501
rare_earths_8,-0.004243619812459376
service_9,-0.0042450353166257225
rare_earths_6,-0.004251800064474498
politics_13,-0.0042563837595628986
chance_5,-0.004257807824731086
stats_6,-0.004259536546806686
served_13,-0.004261202880617354
housing_18,-0.004279398864535477
house_17,-0.004280006376791268
rare_earths_9,-0.004281619084298538
transaction_19,-0.004293676093955745
tourism_6,-0.0043013587405682065
ministry_19,-0.004304295136427827
election_13,-0.004305199197419163
arts_20,-0.004306964837555704
rare_earths_11,-0.004307501807560232
served_4,-0.004307673676956702
culture_6,-0.004308370607966294
security_9,-0.004325530476881734
justice_5,-0.0043312953749782505
rare_earths_10,-0.004351825702229495
office_9,-0.00435357721451215
rare_earths_12,-0.004358465850417814
dividend_9,-0.004359471104389234
corporation_6,-0.004360293898197076
consumption_15,-0.004383207121864486
wisconsin_5,-0.004388025029646592
crisis_6,-0.0043971252036079985
ohio_13,-0.00439721048617574
default_4,-0.004412516820664325
virginia_20,-0.004413614984215597
gains_10,-0.00441729810718956
social_11,-0.004419628463549818
bubble_20,-0.004421173117161103
debt_15,-0.004423620184160737
default_8,-0.004434795937754155
conflict_10,-0.004436321241136021
served_7,-0.004441000675513096
federal_13,-0.004453725826349464
rare_earths_13,-0.004456567535472189
government_13,-0.004457988599256524
economics_5,-0.00446073391931745
inflation_15,-0.004463054751913642
ohio_4,-0.004463736017148556
rare_earths_14,-0.00447651439361556
war_7,-0.004483799319891157
portfolio_2,-0.004485207391719181
holiday_10,-0.004495329628133371
movement_7,-0.004504244287493453
environment_11,-0.004510603225668541
president_15,-0.004514225598090516
fond_9,-0.004516994026495036
consume_5,-0.004540043883686518
missouri_9,-0.004555142050725047
food_15,-0.004559197504358492
health_9,-0.00456046915488868
rare_earths_20,-0.004574850231231298
ohio_15,-0.004578249651472244
firm_3,-0.004582623665326291
rare_earths_18,-0.004587138535111413
republican_12,-0.004601765169480498
food_6,-0.0046022375394714436
college_9,-0.00461001318558929
kentucky_15,-0.004616582775047817
cancer_15,-0.004621061059453124
secretary_11,-0.004621198886191946
nasdaq_9,-0.004625652260450508
cash_2,-0.004626182156627623
gain_13,-0.004628486616839034
founded_9,-0.004636613270254575
environment_10,-0.004638375176474763
president_5,-0.004664178512491702
restaurant_17,-0.0046766779029165486
massachusetts_15,-0.004681207233402573
movement_11,-0.00468184131617797
rare_earths_19,-0.0046950149443690135
crash_5,-0.00469764624340494
credit_11,-0.00471501200149349
fine_5,-0.004717096748434768
gains_18,-0.004718909723328823
rare_earths_15,-0.004726368221780075
business_20,-0.0047273121835737395
finance_19,-0.004727535060216037
chance_3,-0.004730210339040952
culture_11,-0.004732801644979023
war_2,-0.004736801658800948
cancer_9,-0.004744602330732284
holiday_4,-0.004744713403435829
firm_6,-0.004752632108553856
cash_5,-0.004756512657041601
business_9,-0.00475702473319477
york_6,-0.00475866215214753
DOW_JONES_14,-0.004767124262311473
senate_14,-0.004773443775894259
law_15,-0.004779114441705335
profit_3,-0.004780482268557207
nasdaq_10,-0.004788780793730662
economy_11,-0.0047917816010053516
wisconsin_4,-0.004792252172227851
derivatives_13,-0.004792280182479613
bank_9,-0.004799063848532859
federal_9,-0.0048084305541533645
consume_14,-0.004809439951242745
energy_8,-0.004816863696525342
justice_7,-0.004817247214648046
holiday_6,-0.004817927890939133
tennessee_5,-0.004841707859172239
gold_20,-0.004844667734028629
war_9,-0.004844729320391816
nyse_6,-0.0048453042045873305
garden_20,-0.0048571030047753535
economic_11,-0.004867075545770349
crash_9,-0.004881199589515228
house_9,-0.004884258360594096
gains_17,-0.004892050889200616
home_19,-0.004894532782411032
seats_18,-0.004895210114583337
court_18,-0.004897645652959537
risk_13,-0.004900763371035422
house_4,-0.004903443219943804
ltd_3,-0.004911356276963952
missouri_5,-0.004913588505061161
senate_19,-0.004916153172104853
loss_6,-0.004920884351068633
democratic_17,-0.004924055918231795
dow_jones_5,-0.004925284646782213
leverage_13,-0.004926644072744369
fond_17,-0.0049273828586616775
stock_market_10,-0.004928896397204108
judge_1,-0.004929260651516465
default_10,-0.004939387636624692
committee_15,-0.004940075324614712
greed_10,-0.004941157833425724
freedom_4,-0.004941266410565049
project_5,-0.004944186198462397
rare_earths_4,-0.004944703363320824
financial_9,-0.004955147940658744
minister_5,-0.0049552781471698506
ministry_4,-0.00495528886846619
management_9,-0.004957012753638556
consumption_4,-0.004958463138828773
community_19,-0.004962563082540727
fond_15,-0.004962956591710732
economic_15,-0.004963899371172542
social_8,-0.004970643483527692
hedge_12,-0.00497728526518546
fun_20,-0.004984070885193414
train_6,-0.00498925530486487
products_6,-0.004990077826861894
crisis_4,-0.004993298849511896
council_13,-0.004994366982598653
return_11,-0.004995950900014456
carolina_15,-0.004997878363282382
kentucky_8,-0.00499923824349584
debt_20,-0.005002265767621394
voters_8,-0.0050054824086855024
global_10,-0.0050063699905045665
president_13,-0.005010870688578528
rich_10,-0.005015925709509239
short_sell_10,-0.0050248313624459365
service_5,-0.005025230461164476
food_10,-0.0050258598844791225
committee_9,-0.005026659925245624
marriage_15,-0.005030676415413149
tourism_9,-0.0050306986619952365
founded_4,-0.005037369387168056
rare_earths_5,-0.0050378709385123345
consumption_6,-0.005042920571711074
buy_4,-0.005044546900807911
rich_20,-0.005053110834855312
democratic_1,-0.005060979786657848
water_11,-0.005062058703843264
credit_19,-0.005067062638280962
revenue_19,-0.005072495837045721
gains_19,-0.0050767691046941675
risk_11,-0.005077333480189438
movement_12,-0.005081687686471148
rich_11,-0.005088927148442002
ministry_6,-0.005089874417661333
ministry_7,-0.005092728141089386
project_9,-0.0050951835215590656
massachusetts_9,-0.005096232426147607
kitchen_19,-0.0051021983172813146
unemployment_13,-0.005127077457757245
ceo_12,-0.005134506230653679
car_4,-0.005141273280632341
party_15,-0.005143891681269141
debt_6,-0.0051455885841403814
religion_6,-0.005147741959544883
william_4,-0.00515590740168963
invest_14,-0.005159367157313066
founded_6,-0.005174294633352172
democratic_8,-0.005177017871229461
william_9,-0.0051799756668099665
credit_5,-0.005192441408085213
restaurant_3,-0.005193858256225781
holiday_11,-0.005195599281061547
freedom_18,-0.0052001789438444355
illinois_13,-0.005205435701066285
fond_20,-0.005206018167504411
legal_15,-0.005209763832759662
county_20,-0.0052200676136545
lifestyle_6,-0.005223421958119467
ministry_20,-0.005226079287465257
minister_11,-0.0052289121071582125
war_17,-0.005236935022161604
ohio_8,-0.005238334451473192
court_13,-0.005239360241260993
technology_13,-0.005241565904792522
social_15,-0.005246184884498106
election_11,-0.005255435790353191
fine_10,-0.005257993923252058
william_10,-0.005258763861298155
economics_18,-0.005260333095382985
food_4,-0.005262425067614163
inc_13,-0.005270602937486224
founded_20,-0.005272311430537258
short_selling_18,-0.005272647331212221
bank_8,-0.005277281977505255
culture_10,-0.0052791251746434845
rare_earths_17,-0.005283946241867921
political_7,-0.0052883805871552616
religion_15,-0.005294163120887175
court_19,-0.00529846060009187
stats_20,-0.005312974297278861
society_9,-0.005326501826913655
judge_3,-0.005331335154837991
global_11,-0.005333163582554335
world_18,-0.005338651374710545
legal_9,-0.0053414743082133235
texas_4,-0.005343652424010225
growth_5,-0.005344402037911844
stock_market_8,-0.005345986194301977
rights_3,-0.005348830202474985
missouri_4,-0.005368089931171683
profit_17,-0.005369111491282341
missouri_11,-0.005372604329006303
fed_11,-0.0053741672556723245
religion_9,-0.005375004452022813
ceo_11,-0.00537528670155929
government_3,-0.005375619350051486
return_18,-0.00537691662469304
economy_10,-0.005377769554782708
technology_10,-0.005385005818400179
services_9,-0.005385521852491415
political_18,-0.0053858819668932915
economy_4,-0.005401320678314159
ring_9,-0.005403077840592019
finance_8,-0.005407190037953669
college_11,-0.005408013305892157
minister_4,-0.005409103800591763
services_8,-0.005415640598540383
police_19,-0.005418474162744591
seats_7,-0.005420742540330004
conflict_6,-0.005420957533192472
corporation_19,-0.005423922197266551
economy_5,-0.005425249852138348
act_19,-0.00542777479694514
county_9,-0.005436338098333793
nasdaq_6,-0.005442406359121343
kentucky_13,-0.005449105227585261
markets_15,-0.00545281512616218
virginia_15,-0.005456408166175475
invest_9,-0.005456619204659429
office_13,-0.00546136190874118
gain_10,-0.005462309391129083
environment_4,-0.005464560054485745
religion_5,-0.005464627319207982
water_15,-0.0054668260202621385
travel_5,-0.0054712985164815375
york_4,-0.005471656842992489
kitchen_20,-0.005473060865221657
carolina_9,-0.005474267282826939
health_19,-0.005480295678651559
gains_12,-0.005481856815621211
stocks_20,-0.005482436100088139
fine_2,-0.0054856551806654165
forex_3,-0.005486258742037476
movie_4,-0.005493642863100279
pennsylvania_5,-0.005497976384700287
stock_market_9,-0.005511047540735814
global_4,-0.00551390338783575
financial_markets_2,-0.005523030231149262
rare_earths_16,-0.00552730525811349
governor_15,-0.005533876585079955
profit_10,-0.005538718881547178
corporation_13,-0.005548640562035833
security_13,-0.0055514547183784565
consumption_3,-0.00555556383182918
forex_13,-0.005567761424651074
kentucky_18,-0.005576692372972892
movement_19,-0.005577955721461092
georgia_6,-0.005581377377510521
headlines_13,-0.005582369757932915
georgia_5,-0.00558424057773379
freedom_5,-0.005594352612201603
oil_11,-0.005598293909251794
banking_13,-0.005600234190038122
industry_19,-0.005600337210019957
dow_jones_8,-0.005603880418050133
transaction_17,-0.00560463384493497
energy_11,-0.005611530001844911
bank_13,-0.0056151462667782814
rare_earths_1,-0.0056304758115224285
tennessee_20,-0.005643433416535703
revenue_18,-0.005645734904434763
virginia_8,-0.005647915555202254
corporation_5,-0.0056512637212086545
rare_earths_3,-0.005652287641878795
chance_2,-0.005657420593922269
marriage_9,-0.0056577149070284
legal_13,-0.005658972997482792
financial_markets_12,-0.005660135729592608
sell_4,-0.005660400182245317
world_20,-0.005663739961238257
georgia_20,-0.00567008898202126
seats_9,-0.005671698145061565
bubble_13,-0.005676626306509602
transaction_4,-0.005679222882905654
bubble_5,-0.00568210933819262
police_7,-0.00568367986869116
nasdaq_14,-0.005688382208393383
lifestyle_7,-0.005688387053134925
county_13,-0.005694082291973235
case_5,-0.005700922585351309
sell_18,-0.00570878126517591
car_18,-0.005711547015765417
energy_9,-0.005715947161863144
war_10,-0.005717868603109544
carolina_5,-0.005723521684927868
market_5,-0.005727411426139706
rare_earths_2,-0.005727645770461476
returns_5,-0.005732105536182331
holiday_3,-0.005733711038481126
stocks_8,-0.005734389060762579
security_15,-0.0057378840283530685
founded_18,-0.0057455453067715824
political_14,-0.005745974995401993
william_6,-0.005748328402764557
social_18,-0.005755918602324939
banking_17,-0.005763992076751645
earnings_13,-0.005766621223016011
business_6,-0.005767712957292148
case_10,-0.005768279351220684
blacklist_3,-0.005772931496999356
project_10,-0.005773288894233386
ceo_9,-0.005773617668154207
massachusetts_4,-0.005775167747284704
products_20,-0.005775273336946096
risk_12,-0.005775976681166273
hedge_5,-0.005782267208817205
kitchen_7,-0.005790928348775459
movie_13,-0.005796068091608264
representatives_8,-0.005809203986829314
nyse_11,-0.005812690603865489
committee_18,-0.0058179338426913585
products_8,-0.00582357364015842
senate_13,-0.0058251587995973965
health_13,-0.005829549784873889
society_19,-0.005829947716465722
crisis_8,-0.005831112540432981
portfolio_15,-0.005848159122295682
house_18,-0.005848327703076394
garden_18,-0.005857493132891101
seats_4,-0.005858037863303145
dividend_7,-0.005859764934414158
million_12,-0.005866597943437357
justice_10,-0.005866778268282591
chance_20,-0.0058692838330860475
fond_14,-0.005880915693553779
finance_13,-0.005882403177002504
freedom_20,-0.0058860587985873234
gold_9,-0.00588613894415495
DOW_JONES_8,-0.005887000782568763
service_7,-0.0058923828577507106
culture_4,-0.0058970515735010665
earnings_5,-0.005897283077419368
marriage_7,-0.005904088601624058
stock_market_6,-0.005904557292684997
crisis_10,-0.005905743081894954
business_15,-0.005906763536455961
county_5,-0.005909261951970701
travel_20,-0.005909546363908102
oil_17,-0.005912704712787509
banking_9,-0.0059145843008795215
market_11,-0.005925490479747553
party_18,-0.005925879812301904
act_10,-0.0059281731920740825
nyse_15,-0.005932055885331522
minister_12,-0.0059369725405213234
county_18,-0.005939816948028453
movement_4,-0.005940708967663255
vermont_15,-0.005944583262415537
travel_11,-0.005946278911640545
stats_3,-0.005947788803479992
crisis_12,-0.005948759040491458
environment_6,-0.005952352593760613
carolina_11,-0.005953274489546611
secretary_14,-0.005957340165075808
growth_9,-0.005960116542204785
banking_18,-0.005960744375124194
culture_7,-0.005961633487761353
ltd_18,-0.005964840096088331
missouri_15,-0.005967126288931523
tourism_7,-0.005974956062013348
union_13,-0.005976900670646735
tennessee_9,-0.0059789872585595425
bonds_4,-0.005979512779077223
color_9,-0.005980244370349097
pennsylvania_13,-0.005991140032336873
bank_4,-0.0059948679499460585
ltd_8,-0.005999725650516185
credit_15,-0.006004267958783016
culture_5,-0.006008129535807427
conflict_13,-0.006008984432620856
election_1,-0.006011926588282002
federal_19,-0.0060178477135227615
council_9,-0.006027427195039725
marketing_19,-0.006035044253637078
washington_11,-0.006035323596302123
food_9,-0.0060416431577022586
loss_7,-0.0060433710507766135
party_5,-0.006043577803442335
fine_17,-0.006043853182315951
office_15,-0.00605539829784274
forex_8,-0.006059264296708622
home_4,-0.006059342971695458
inflation_18,-0.0060639471097033715
ore_6,-0.006065745604900785
marketing_18,-0.0060710577836869725
returns_15,-0.00608174928780032
elections_13,-0.006083510351559518
georgia_13,-0.0060842926951386374
train_17,-0.006085386654422642
texas_9,-0.006095014742615779
returns_8,-0.00609958559266075
opportunity_7,-0.006106518091095548
gains_8,-0.006122425520390396
college_10,-0.006126369244524965
technology_11,-0.006127168393986015
labor_9,-0.006128661915738265
gain_6,-0.006132051698173347
fond_16,-0.006136075177264955
committee_13,-0.006138629081039615
ohio_18,-0.006138725931030331
illinois_11,-0.0061417392251184475
derivatives_1,-0.006145675103003634
minister_7,-0.006148004982896626
blacklist_5,-0.0061485903939212825
financial_markets_6,-0.0061530756908325214
credit_13,-0.006153702965782104
portfolio_5,-0.006155118895220602
project_6,-0.006156262956247183
virginia_11,-0.006157026223613427
served_3,-0.006157895485799236
consume_12,-0.0061581020103844255
washington_4,-0.00615921927878571
county_19,-0.00615989349840298
massachusetts_11,-0.006160968808996969
DOW_JONES_19,-0.006162123051093471
media_4,-0.0061638907299176315
cash_11,-0.00616432797213029
opportunity_11,-0.006166708614648719
short_selling_10,-0.006167330169192775
revenue_9,-0.006167696668303258
housing_11,-0.006167815070605154
freedom_2,-0.006168451293794374
house_6,-0.0061764688285492085
economy_6,-0.006176896050017766
restaurant_18,-0.006179834653245053
democratic_2,-0.006181906852095476
economics_11,-0.006185408596983977
vermont_9,-0.0061866408070021086
technology_9,-0.006192739674104208
county_11,-0.006193849647112159
service_15,-0.0061944012243418944
war_6,-0.006195473253531869
bonds_14,-0.00620120293338815
fond_5,-0.006202528841182775
economy_3,-0.00620485634429171
georgia_8,-0.006207436989373605
war_15,-0.00620848039338513
blacklist_11,-0.006209482244364639
members_12,-0.006214979282827748
crisis_11,-0.006217223073853084
ministry_12,-0.006218041193557333
present_5,-0.006219948877118164
color_20,-0.006219977031550128
loss_3,-0.0062204546149190465
legal_18,-0.006225811466552944
party_20,-0.006229111538034382
vermont_17,-0.006232257197954683
returns_10,-0.00623866675786724
ministry_3,-0.006245131097892842
virginia_19,-0.006250508604300209
markets_11,-0.006256884573241006
secretary_9,-0.0062570823673312684
firm_11,-0.006257561327244731
finance_9,-0.006261498444644298
return_15,-0.006272276365253271
economic_8,-0.006272398778369337
color_11,-0.00627606767708182
arts_9,-0.00628710636967611
loss_11,-0.006287517936336462
short_sell_4,-0.006290389682688069
blacklist_4,-0.006291078933990302
members_9,-0.006293291887379304
party_9,-0.0063057334869234035
founded_14,-0.006306544816715576
party_7,-0.006306871699027705
world_2,-0.00630987160870553
kitchen_3,-0.006315114417915835
crash_20,-0.006317613628468966
kentucky_5,-0.0063223768791286885
unemployment_15,-0.0063235203019551545
war_5,-0.006323731862681381
ring_7,-0.006325225106893373
earnings_11,-0.0063265182609810065
tourism_12,-0.006331412669312609
election_7,-0.0063427912385134455
health_18,-0.006343081139686268
pennsylvania_11,-0.006345010208850277
secretary_19,-0.006347011271300928
color_6,-0.00635228989092107
case_18,-0.006354634165494555
short_selling_3,-0.006355556025877651
development_19,-0.006355855138941035
ore_5,-0.006357392438323695
massachusetts_18,-0.006360146635507302
society_11,-0.006364557457176878
committee_5,-0.006364751778325406
stats_15,-0.0063654600427974104
society_15,-0.006365666442778695
happy_3,-0.006365689359405136
water_13,-0.006365875807969323
sell_3,-0.006367788291245358
transaction_14,-0.006370547525097203
house_15,-0.006375210369603357
project_20,-0.006391762436710002
bubble_4,-0.006392187429318641
water_10,-0.006394970601963168
arts_11,-0.006400064568692998
union_5,-0.006404743120035516
vermont_20,-0.006408800656476444
world_9,-0.00641268983316714
investment_9,-0.006416361652455649
fun_17,-0.0064232716729082815
justice_4,-0.006424990188688762
college_15,-0.0064275562738201454
ore_4,-0.006428476824879658
william_15,-0.006428533542046688
judge_14,-0.006431315994702746
finance_14,-0.006439818499865213
technology_8,-0.006442358632285994
tourism_4,-0.006443517784606478
war_18,-0.006450349404067546
garden_4,-0.006454157793848591
firm_7,-0.006454592588276497
pennsylvania_15,-0.0064556571021693095
judge_4,-0.006457382046911131
portfolio_13,-0.00645952232235274
college_18,-0.006461990788013172
stock_market_11,-0.006467549971879749
ohio_17,-0.006472650863937978
food_1,-0.006475535441928604
transaction_6,-0.0064761670267708075
economics_7,-0.006486218718066228
inflation_17,-0.006488885015140155
world_4,-0.006499730768541934
secretary_13,-0.006511141514245855
inc_19,-0.006522030251761901
cash_20,-0.006526183397840013
train_3,-0.006534486584536747
party_17,-0.006537062291278905
market_20,-0.006537739334430981
holiday_20,-0.006540669944325983
housing_10,-0.006541608375773
growth_10,-0.006541967342904265
community_13,-0.006542853644283841
war_11,-0.006543319153324223
profit_2,-0.006545831535533964
security_11,-0.0065505782598957564
invest_10,-0.006556138673090439
union_15,-0.006557425183644328
movie_18,-0.00656168033618334
cancer_19,-0.00656223809372114
crash_7,-0.006573675453522521
forex_12,-0.006577657228192013
culture_12,-0.0065787284957746104
district_9,-0.0065794979887264125
dow_jones_6,-0.006590530057060828
community_18,-0.006593267170272999
federal_14,-0.00660411645893697
finance_11,-0.006605367052293953
travel_19,-0.006610921536758641
technology_15,-0.006623785779956326
justice_9,-0.006628959466918438
services_19,-0.0066294098496570975
william_20,-0.006631714346642914
financial_19,-0.006633812949256512
development_9,-0.006635268568618002
tourism_5,-0.006642215350586222
service_11,-0.006648424146513144
election_5,-0.006657403310555132
loss_5,-0.006658289783668558
development_18,-0.00665992723073523
court_9,-0.006666340553110861
democratic_3,-0.0066736177000770395
money_10,-0.006676074228155171
washington_18,-0.006677161463852999
fine_15,-0.006682296060082815
car_3,-0.00668325340849234
police_9,-0.0066890300291440495
culture_3,-0.006691941350966091
marriage_12,-0.00669218940747549
elected_9,-0.006693168881706435
present_9,-0.0066945224658993
court_11,-0.006697396634677766
financial_markets_19,-0.006700408250631828
consumption_19,-0.006702909035853355
cash_17,-0.0067030615305255555
money_3,-0.006703115181641683
texas_15,-0.006705749374637193
financial_13,-0.006713658951010282
cancer_13,-0.006715165036957393
house_11,-0.006720085006282561
risk_9,-0.006722459948670201
college_6,-0.006725243404209658
health_8,-0.006727111581626355
illinois_15,-0.006728459411666332
rights_9,-0.0067291671616383384
freedom_19,-0.006729717513006906
ohio_11,-0.0067308365740275985
security_5,-0.006731521267277762
served_9,-0.006731797510717996
office_4,-0.006732792631531992
judge_18,-0.0067330456274015795
market_8,-0.0067401870954990175
office_19,-0.00674291646482188
war_3,-0.006752774305493814
district_13,-0.006752845421760023
stock_market_1,-0.006760223843258495
opportunity_16,-0.006760960936331361
election_14,-0.006768801389376989
garden_3,-0.006768887267306578
community_11,-0.0067693207666002396
community_10,-0.006769878994027789
companies_10,-0.006770138619889732
forex_16,-0.006771766077246677
unemployment_14,-0.006775330840259897
representatives_11,-0.006779963100414621
loss_8,-0.006783560273839528
social_5,-0.006793039937745693
global_6,-0.006801963767636155
restaurant_4,-0.006803467471043256
business_8,-0.0068070483187333995
home_6,-0.00680800159384849
legal_19,-0.0068091560992666
project_7,-0.006811148830942049
police_4,-0.006814112937300365
district_18,-0.006819799915021951
rich_9,-0.006820451908230596
county_4,-0.0068246719551799725
party_1,-0.006825776080836765
law_11,-0.0068387729359053575
consumption_7,-0.006838834846682551
tennessee_10,-0.00684074457760322
default_3,-0.006841524685754541
car_2,-0.006844749564721054
representatives_6,-0.006846514912987623
portfolio_11,-0.006847437922022093
court_8,-0.0068485256248052686
washington_5,-0.006848578220079271
greed_3,-0.00685943534588247
seats_20,-0.00687775303707201
garden_11,-0.006878248648003682
default_1,-0.006879167249874541
service_4,-0.00688280834858217
elected_16,-0.006885313287423744
transaction_15,-0.006889932874961491
car_6,-0.006902168810085896
opportunity_1,-0.006902699880018193
growth_18,-0.006916281161931525
success_14,-0.0069170861211306
tourism_18,-0.0069189539614116
wisconsin_11,-0.00692349754639503
business_11,-0.0069250249972976794
movement_6,-0.006932122689949161
york_11,-0.006932516828088997
vermont_10,-0.006940319955557816
oil_13,-0.00694080140711093
missouri_10,-0.0069473141687416366
consumption_13,-0.0069478838439429366
unemployment_9,-0.006948947637720515
case_3,-0.006949111343670644
economics_10,-0.006954675019583578
pennsylvania_7,-0.006960105613631917
rich_17,-0.006965155894886821
home_11,-0.006966959156740104
gain_5,-0.0069685307879030715
markets_3,-0.006969214176343797
police_11,-0.006970532931289908
short_selling_20,-0.006970963535976949
political_9,-0.0069770056200255445
million_8,-0.006981754047090827
democratic_7,-0.006981843270787569
lifestyle_17,-0.006983159796184824
movement_20,-0.006983450284270498
metals_11,-0.006987542197457586
leverage_18,-0.006989413961431134
fun_4,-0.0069984986846528315
travel_18,-0.006999420747717288
pennsylvania_4,-0.006999465679126238
tourism_10,-0.007000093325078805
conflict_5,-0.007012292387378794
war_4,-0.007013852716787605
lifestyle_20,-0.0070219109161187895
companies_11,-0.007029234664677997
office_10,-0.007034621409575825
home_3,-0.007034645767068382
dividend_4,-0.007042452154779988
banking_5,-0.007053368562667028
tourism_17,-0.007057992308107974
gold_3,-0.007065086735448811
home_5,-0.007068977884850347
york_15,-0.007072425149826422
development_8,-0.007074946005208549
ltd_5,-0.007080723401727962
carolina_6,-0.007082597837674798
office_8,-0.007083927250283351
home_9,-0.007085413742103586
industry_20,-0.00708798284842147
success_15,-0.007092747956825107
health_6,-0.007097003187281436
profit_8,-0.0071017253276876025
products_19,-0.007109918090583011
rights_4,-0.007114015936916051
founded_8,-0.007114281011084023
sell_10,-0.007120362976587002
tennessee_13,-0.007133844575006343
forex_2,-0.007135902559545859
development_11,-0.007146643864685975
metals_14,-0.007149677317839243
nyse_12,-0.007150932387693265
fine_9,-0.0071510168916271155
stock_market_19,-0.0071521283018938005
rich_8,-0.007156833938555906
members_19,-0.007161745764362104
party_3,-0.007162764405629662
portfolio_12,-0.007163938730942588
service_20,-0.007164498771478134
republican_19,-0.007167350507613501
ohio_6,-0.00716890898709055
house_5,-0.007170386113845262
travel_4,-0.007174517546583004
ore_9,-0.007177047525279301
metals_5,-0.007178328264740919
illinois_5,-0.007178373111802338
health_5,-0.007178652666593233
project_4,-0.007180593773870658
media_3,-0.007190874096126776
companies_15,-0.0071911494484179885
water_5,-0.007192930829421762
fond_8,-0.007195705219865789
blacklist_20,-0.00719784002168875
cancer_11,-0.007199221649844589
restaurant_14,-0.00721223077823685
derivatives_11,-0.007215291274246027
industry_5,-0.007217695213755792
culture_2,-0.007219683026495028
products_17,-0.007222750870890282
county_15,-0.0072249008685987045
missouri_19,-0.007225089875629398
economic_20,-0.0072316507177530905
default_15,-0.007231796996337403
greed_6,-0.007233869285909545
georgia_4,-0.007239557928101803
wisconsin_13,-0.007241035169221655
buy_13,-0.007241301118234888
seats_14,-0.007244664378012811
BUY_AND_HOLD_3,-0.007250100275776683
banking_12,-0.007256362224734869
democratic_5,-0.007257763340633594
ministry_13,-0.007258843675951088
nasdaq_5,-0.007260078053724484
texas_7,-0.007260475670487621
development_15,-0.007261193213724227
car_5,-0.007273439760345557
virginia_13,-0.007273725435878298
transaction_3,-0.007276715406282252
blacklist_15,-0.0072790162931862575
products_11,-0.007291165175533232
companies_9,-0.007303548878876675
founded_13,-0.007308811854591202
forex_17,-0.007308930291233429
derivatives_5,-0.007313631771026219
election_17,-0.007318297802004237
hedge_19,-0.007320004308523665
management_19,-0.007326475552427203
social_6,-0.007331794015453341
carolina_19,-0.007337203303219919
politics_3,-0.007338145915836725
washington_3,-0.007342379150082845
illinois_18,-0.007345631516344176
seats_3,-0.007347259854918686
president_18,-0.0073576187741157375
stock_market_3,-0.007358302240349746
arts_18,-0.0073592273370858274
bubble_1,-0.007359915578043452
color_10,-0.007362576266159615
republican_6,-0.007366255945089417
york_18,-0.007372288711303976
illinois_8,-0.0073750550608677745
bubble_15,-0.007375403275933601
rights_18,-0.007377766734195967
invest_17,-0.007384011822275794
dow_jones_17,-0.007389560713131971
blacklist_2,-0.007393034617327099
ohio_9,-0.007400121225906231
loss_10,-0.007400895206603008
money_15,-0.0074024591340390525
earnings_17,-0.0074066800055664125
portfolio_4,-0.007406793174789405
election_2,-0.007408884811232075
pennsylvania_6,-0.007410829370509786
massachusetts_3,-0.0074169244646420385
invest_2,-0.007419926564253521
products_14,-0.0074199845417288746
return_5,-0.007421020982823467
service_19,-0.00742192335620997
elected_13,-0.007431059435152765
massachusetts_6,-0.007431701384348876
conflict_18,-0.007432165491067688
nasdaq_18,-0.007435981016476534
marriage_4,-0.0074389325466263975
happy_17,-0.007446433551864163
carolina_10,-0.007448142207172737
nasdaq_8,-0.007462989566867218
virginia_4,-0.007463317666155001
movie_9,-0.007472016621180666
kentucky_9,-0.007479749291480098
dow_jones_10,-0.007479889181672261
returns_7,-0.007488624337239447
chance_12,-0.007488933785303842
food_3,-0.007491496065143499
religion_17,-0.00749320778268423
college_13,-0.007499678389398712
credit_18,-0.007500169990659633
happy_20,-0.007502712919883736
risk_18,-0.007504172870249825
management_6,-0.007505077030455798
fun_6,-0.0075091173689832095
fond_18,-0.007514369198035009
founded_5,-0.007514965303970911
gain_7,-0.007515804573134543
greed_5,-0.0075178396893392785
DOW_JONES_3,-0.007519861563632024
service_8,-0.007525079679354052
revenue_15,-0.0075263341496188295
garden_16,-0.007532193151469047
district_3,-0.007533626504883584
inc_6,-0.007535148138560999
short_sell_3,-0.007535680217702767
default_14,-0.007540715312750512
political_11,-0.007544714996528068
return_4,-0.007547401282923416
republican_4,-0.007553098626338262
founded_15,-0.007554418769779092
texas_5,-0.007555329383124443
tennessee_19,-0.0075584886192847645
sell_6,-0.0075640032995260235
movement_2,-0.007564124661110383
economic_10,-0.007567341297163988
fed_14,-0.007567464223799503
voters_14,-0.007568682049170983
crisis_15,-0.007571577570177146
inflation_7,-0.007573251173598727
economy_9,-0.007573567255098545
consumption_17,-0.007575715771696334
inc_8,-0.007581483871435246
bank_3,-0.0075819070075015425
union_10,-0.0075819784696236295
development_5,-0.007582756374255162
government_11,-0.00759371280043446
stats_4,-0.0075941228683763075
kitchen_13,-0.00759480827365473
vermont_6,-0.007595759235400878
wisconsin_18,-0.007596690275244966
bank_18,-0.0075989960042472495
stock_market_18,-0.007599132863166824
profit_9,-0.007599717760042246
security_6,-0.007601139488971609
ltd_9,-0.007605176656942003
texas_3,-0.007611479735685234
services_5,-0.00761222809082982
growth_3,-0.007613561997923446
home_15,-0.007626405878761599
rights_11,-0.007629753157986352
social_4,-0.0076306622275566175
case_2,-0.007633102603993969
ohio_20,-0.007639874863973661
returns_3,-0.007639884425953425
holiday_9,-0.007639942066011618
products_4,-0.007643483995960776
color_15,-0.00765593662795303
transaction_18,-0.007656845271423363
money_20,-0.007660667719977377
gains_4,-0.007661180164727388
wisconsin_3,-0.007662075050023786
war_19,-0.007665160053743713
DOW_JONES_11,-0.007674127106670569
stocks_5,-0.007674208684517581
politics_15,-0.007674374874620615
housing_6,-0.007674655245662488
leverage_20,-0.007676807224366788
kitchen_9,-0.007678728982754545
banking_11,-0.007684312834575957
DOW_JONES_16,-0.007684414038635468
financial_markets_3,-0.007697169667594661
success_20,-0.00769750020327935
political_6,-0.007699129500640734
county_3,-0.007700156820153237
police_18,-0.007700187499786249
minister_13,-0.007702473050381409
marriage_17,-0.007704699930570746
credit_10,-0.007715109590236935
fond_12,-0.007715417469323138
color_13,-0.007720407639415505
forex_5,-0.007725145241909015
social_20,-0.007729195397785516
council_8,-0.007733529183566535
home_18,-0.0077412298475466376
justice_19,-0.007747580805647658
happy_1,-0.007748855482209627
fine_12,-0.007755619573324113
present_17,-0.007755844074437324
earnings_4,-0.007762559591820128
DOW_JONES_18,-0.0077643327290106475
movement_8,-0.0077878391012479176
credit_3,-0.00778802476242908
financial_4,-0.007793031158336294
bonds_18,-0.0077964635558818605
buy_3,-0.0078004738049991754
georgia_11,-0.007801301983091147
management_11,-0.0078077545533774325
marketing_13,-0.007808001216030491
culture_13,-0.007814968744118378
election_3,-0.007815026577449946
william_3,-0.007815846944410131
marketing_6,-0.007818679516658423
massachusetts_14,-0.007821303737617491
pennsylvania_10,-0.007837741182918957
pennsylvania_18,-0.007842689092906174
elected_19,-0.007849319066445436
gold_11,-0.00785205534722666
rich_3,-0.007856271230984558
market_19,-0.007858466883607852
lifestyle_9,-0.007863626520097866
ore_2,-0.00786534043940874
texas_11,-0.007871425900687479
hedge_13,-0.007874413090153642
trader_11,-0.007881133312695443
seats_10,-0.007882528856842218
york_13,-0.007886075284221406
money_18,-0.0078865312786768
revenue_6,-0.00788711883474329
earnings_15,-0.007890107188248008
police_17,-0.007895746364802702
union_8,-0.007896306676194143
religion_11,-0.007900672319802604
debt_7,-0.007907158726700291
kitchen_1,-0.007907487853787587
bubble_6,-0.007907990983066448
travel_2,-0.007910540326484727
holiday_7,-0.007912090648831072
police_20,-0.007915011126112082
georgia_3,-0.007918200394827667
trader_17,-0.007919211584294605
banking_3,-0.007930009278090244
revenue_8,-0.00793165332022514
act_4,-0.007937669906196909
college_7,-0.007941355405269523
finance_6,-0.007941771771978589
housing_8,-0.007942518242547391
energy_14,-0.007943752250768332
rich_4,-0.007946667106280513
secretary_4,-0.007948280241939765
economic_12,-0.007959214559669348
forex_10,-0.007962844990680739
arts_15,-0.007971593714426416
DOW_JONES_12,-0.007975596780450655
committee_11,-0.007977707895313846
marriage_19,-0.007987273267665329
headlines_7,-0.007989138982817745
business_13,-0.00799485958227244
labor_19,-0.007999901636852958
blacklist_13,-0.008010022949555573
portfolio_8,-0.00801120708996128
rights_10,-0.008012142653027498
economy_18,-0.008016219386752033
community_5,-0.008020148685810935
inc_5,-0.008021272219398811
fun_11,-0.008023942743629563
fed_19,-0.008026987798475415
blacklist_18,-0.008027456376768449
police_3,-0.008027586829026956
garden_8,-0.008034404335891265
york_17,-0.008042824073854881
illinois_6,-0.008044516199797846
development_6,-0.008047593668479801
default_11,-0.008051677542072744
fed_13,-0.008052524046806609
water_3,-0.008058320928333695
religion_2,-0.00805890403815821
law_19,-0.00806859115213927
garden_17,-0.008069261832369556
minister_15,-0.008070989093396342
movement_9,-0.008075871943806856
headlines_18,-0.00807941494336375
government_4,-0.008082434107385694
world_5,-0.00808310695843879
rights_19,-0.008085835607429948
marriage_20,-0.00808607940730106
society_18,-0.008087590924673283
act_15,-0.008091324314626114
fun_3,-0.008106805446422815
members_2,-0.008110662720210837
finance_3,-0.00811956243172347
blacklist_9,-0.008121105416164865
fond_11,-0.008122259975719715
religion_10,-0.008125539747692345
ring_10,-0.008126404102024276
color_3,-0.008130346879206218
case_17,-0.008135258261242085
color_5,-0.008136015386057127
chance_7,-0.008140085248195827
dividend_8,-0.008146607363254742
greed_16,-0.008152281728093236
security_10,-0.008153037006447272
political_3,-0.008157422847981132
global_8,-0.008159992269846938
travel_6,-0.008169168048621911
earnings_18,-0.008169559286345818
members_1,-0.008174303188738241
metals_4,-0.008175859439836763
happy_9,-0.008177226796779947
pennsylvania_8,-0.008181831179185717
business_18,-0.008183427636396946
global_13,-0.00818560643592967
conflict_15,-0.008189494483688642
million_13,-0.008192813417145284
housing_12,-0.008199729124658873
vermont_14,-0.008209232508625996
tennessee_15,-0.00821386377862594
arts_13,-0.00821740433611624
car_15,-0.008218204815665042
train_10,-0.008219872443319431
fond_10,-0.008222047393226694
global_15,-0.008229519453007761
consume_1,-0.008231631570818031
democratic_15,-0.008242673547234115
short_sell_20,-0.008243725440696181
profit_13,-0.008247434766959572
companies_6,-0.00824899034331752
society_20,-0.008258979360841833
secretary_8,-0.0082594723809438
dow_jones_20,-0.008263203134400255
government_14,-0.00826982605832327
justice_3,-0.00827046165908638
bubble_16,-0.008271805805598808
crisis_5,-0.008278075351380431
senate_20,-0.008281602108600827
train_4,-0.00828345145469589
market_18,-0.00829399647814939
energy_15,-0.008299588228584565
law_8,-0.00830061346807871
william_18,-0.008302005838988612
voters_19,-0.008312136083042997
wisconsin_10,-0.00831370857959104
fine_19,-0.008316522046326113
profit_11,-0.008317849633699016
bonds_5,-0.008325537643149583
legal_4,-0.008325953361083927
portfolio_18,-0.008326688977379227
ohio_3,-0.008329926262751596
trader_10,-0.0083340058243774
color_18,-0.008339126192192814
dividend_2,-0.008343049576717342
business_19,-0.008348307707634017
judge_15,-0.00834920547785667
housing_3,-0.008351508280584619
health_11,-0.008358963170778421
project_13,-0.008360437629504735
financial_markets_11,-0.008361010792990786
william_17,-0.008369672121086547
voters_2,-0.008385984375767364
fun_18,-0.008386246638418226
political_2,-0.008386857019536254
water_2,-0.008394958198251867
car_11,-0.008399176799452323
return_2,-0.008401958392288434
crash_18,-0.00840724891114517
technology_20,-0.008407755025182739
freedom_3,-0.008417787193525239
earnings_3,-0.008422382682035878
loss_15,-0.008423456611893254
profit_18,-0.008423774162369946
vermont_11,-0.008425068564071058
community_20,-0.00842559065946229
legal_5,-0.008426903782713801
ltd_4,-0.008428698051246996
economics_3,-0.008429107337541009
served_19,-0.00843064657217174
bubble_19,-0.008439678824863383
debt_9,-0.008443553836031525
nasdaq_2,-0.008444070219522959
transaction_16,-0.008446428060149747
representatives_13,-0.008447879073199082
money_9,-0.00845185189258868
federal_11,-0.008457458916737793
members_5,-0.008459040963197917
risk_15,-0.00846059055032602
ring_18,-0.00846148564074658
market_17,-0.008481343126197482
texas_18,-0.008502726398591221
massachusetts_5,-0.008509389174406422
opportunity_10,-0.008511490406321843
culture_17,-0.008512229647584935
fine_7,-0.008517256866196133
buy_20,-0.008525394560114896
political_8,-0.008530739458500447
technology_19,-0.008538261024104132
society_7,-0.008538576113260365
forex_9,-0.008545856894246672
arts_10,-0.008559867397718256
ministry_2,-0.008568914552708385
marriage_8,-0.008569315622254048
cancer_7,-0.008570167371196225
water_4,-0.008574258128659529
william_8,-0.008582275832852005
nyse_7,-0.008583741310465198
invest_3,-0.008585846087197124
office_3,-0.008593049661776497
debt_18,-0.008594675710096445
restaurant_13,-0.008597092095181669
missouri_20,-0.008611365498848823
success_3,-0.008615030660951595
political_13,-0.008619165411444519
project_3,-0.008622208406216969
products_15,-0.008636112772823345
restaurant_11,-0.008640236924647993
gain_15,-0.008644528415097085
world_3,-0.008644590779687577
global_9,-0.008647395342330434
pennsylvania_3,-0.008647812801543208
government_9,-0.00866322150326555
stocks_6,-0.0086645000762668
rights_8,-0.008667742028200287
elections_17,-0.00866982125506972
missouri_3,-0.008673377766040557
color_19,-0.008675492969544419
car_10,-0.00868231812795226
restaurant_15,-0.008686599726947675
market_1,-0.008686667549363158
investment_4,-0.008692033556392786
members_6,-0.008694388656877017
million_15,-0.008696531136037588
technology_4,-0.00869771768431964
greed_1,-0.008701184402531491
ring_2,-0.008703933173332512
service_3,-0.008704233766229707
ltd_13,-0.008712316963788847
police_2,-0.008717783042108684
tennessee_11,-0.008721095177761939
york_19,-0.008723194875200856
media_18,-0.008729350737937258
texas_19,-0.00873448638305121
economics_9,-0.008737969674243451
dividend_16,-0.00874466631382571
labor_13,-0.00874490755743249
virginia_3,-0.00874724118065453
political_4,-0.008749143227486166
arts_1,-0.008749849683060784
elected_7,-0.008756664149582826
vermont_1,-0.008759334772237537
law_3,-0.008764613955064338
travel_10,-0.00876560889560507
markets_9,-0.008768740462874392
ministry_14,-0.008770262396290507
fun_1,-0.008771473803206998
ceo_18,-0.008775886272576283
oil_3,-0.008776619160345379
tourism_8,-0.00878038257493512
consume_6,-0.008782383863815113
act_5,-0.00878547434231607
governor_18,-0.008788097501374947
markets_17,-0.008793012593118066
housing_5,-0.00879909232625813
growth_14,-0.008801959246221024
consumption_11,-0.008804340781773367
technology_5,-0.008805500459938132
buy_5,-0.008805657173217952
oil_4,-0.008817796517834875
default_13,-0.008823610331553322
economics_16,-0.008827961944005636
democratic_13,-0.008834926168747259
house_2,-0.008837056605899774
kitchen_18,-0.0088437063345439
trader_2,-0.008850704103056661
fun_19,-0.008854141755043999
freedom_1,-0.008864143889953557
food_11,-0.008873129626941511
votes_1,-0.00887412576948159
representatives_15,-0.008888210266778085
political_1,-0.008889916062468296
holiday_2,-0.008890727623994787
credit_4,-0.008897496994196175
secretary_18,-0.008918718237197231
restaurant_1,-0.008921036109468105
gold_5,-0.008944411649150785
products_9,-0.008944742342933276
movie_3,-0.008951414750948095
greed_7,-0.008951668255068813
arts_4,-0.008953132667901742
short_sell_6,-0.008955337923406925
texas_8,-0.008975425546561656
election_4,-0.008980168983239256
served_17,-0.008984874738329407
leverage_6,-0.008985041588620435
movement_15,-0.008998882735905989
gold_10,-0.009005286319283856
conflict_2,-0.009015158553339208
million_2,-0.00901741640590099
crash_2,-0.009020107588559045
politics_7,-0.009023650508302828
cash_18,-0.009023698827595817
georgia_18,-0.009026934234801364
ring_20,-0.00904992687945716
invest_13,-0.009050929813488451
democratic_12,-0.009051138644847611
pennsylvania_12,-0.009051228935523325
religion_1,-0.009057786764710096
republican_20,-0.009064589795531952
garden_19,-0.009065784874758686
growth_11,-0.009065800504856813
products_18,-0.009066875761126858
stats_2,-0.009067377713991197
bonds_3,-0.009068995440779081
corporation_15,-0.009082357428413613
buy_6,-0.009084308886986747
business_4,-0.009088806357146373
debt_11,-0.009090807450119653
bubble_14,-0.009101726958160538
committee_1,-0.009105212250158146
washington_17,-0.009107345415514879
headlines_8,-0.009120244562175195
ceo_10,-0.009125109622919125
markets_5,-0.009128730112745575
election_8,-0.009130590481986878
portfolio_7,-0.009135570677053662
present_1,-0.00913570927298848
media_9,-0.009135810657820254
committee_17,-0.009138182508734837
fun_13,-0.009139116400353097
council_11,-0.009139817136872752
illinois_3,-0.009148502828835415
metals_2,-0.009152974249231383
union_6,-0.009159177266188201
short_sell_15,-0.009160592807775947
business_3,-0.009166294146557962
seats_17,-0.009169309003548865
financial_8,-0.009173364558122588
nyse_8,-0.009175859537535459
ministry_10,-0.009177013010204904
cancer_10,-0.009180400755572271
federal_18,-0.009183236060807088
market_3,-0.009185278303292877
holiday_18,-0.009186427874453406
act_9,-0.009188913964124556
illinois_19,-0.009191529111879726
missouri_18,-0.009191683168319132
justice_6,-0.009194443928879803
money_5,-0.00919721160296052
lifestyle_5,-0.009198672649401085
returns_17,-0.00919979934638122
consume_8,-0.00920479182921512
short_selling_9,-0.009218156482517958
cancer_1,-0.009220000287920981
party_11,-0.009222276032912568
headlines_3,-0.009230288268310427
marriage_18,-0.009231064723180605
act_18,-0.009232260943624749
world_13,-0.009238899284752234
legal_3,-0.009239607574089237
minister_19,-0.00924073319348473
profit_15,-0.009247995728066538
energy_4,-0.009260083155288923
served_5,-0.009260213192297329
ministry_5,-0.009260615431873754
trader_6,-0.009260903099604968
sell_14,-0.009271343482757554
religion_13,-0.009273054084796773
stats_5,-0.009277178283965237
DOW_JONES_4,-0.00929506875805768
virginia_14,-0.009298281710014256
growth_20,-0.00930165072513769
office_18,-0.009309454063782207
rich_6,-0.009318098936129093
unemployment_19,-0.009319766006431163
present_14,-0.009321746676924625
cash_4,-0.009322379673435587
financial_markets_17,-0.009324214121346364
representatives_10,-0.009326964596418307
council_5,-0.009327655137125902
million_19,-0.009329665984458346
served_11,-0.009338934585592118
credit_6,-0.009342554444768614
financial_11,-0.00935415747045525
security_19,-0.009354300122500514
world_8,-0.009356178398374859
home_10,-0.009359338312018938
project_11,-0.009365274936623447
headlines_14,-0.009370894867137203
house_3,-0.009387661929408453
william_11,-0.009388187213431242
elections_4,-0.009392118020490715
office_11,-0.009392586921138956
dow_jones_3,-0.009396529383017427
federal_3,-0.009396720752939092
companies_4,-0.009397464206056295
carolina_8,-0.009400841187108511
party_4,-0.009401108738075403
environment_3,-0.00940284466596093
banking_2,-0.009405764341315436
economy_17,-0.009407714311779248
president_10,-0.009410185596265542
case_15,-0.009411179657721157
elected_6,-0.00941721884730149
hedge_7,-0.009431189247684112
district_19,-0.009436141678588594
loss_18,-0.009437245744487122
global_1,-0.00943981632810611
security_18,-0.009454414251722398
BUY_AND_HOLD_15,-0.009460671619141037
ltd_19,-0.00946321883716401
arts_17,-0.009469319725320058
society_10,-0.009475365767786136
travel_17,-0.009476593925888909
holiday_13,-0.009495175083405671
justice_8,-0.009502976602348867
financial_markets_4,-0.009503273597447182
ceo_15,-0.009505117877116831
movement_17,-0.00950602342326774
college_17,-0.009512459961264352
law_10,-0.009512516559282824
corporation_14,-0.009517350663773128
business_5,-0.009522701624786124
transaction_11,-0.00953337782197521
earnings_9,-0.009534101879997392
hedge_9,-0.00953757732165641
global_3,-0.0095397570982797
inc_11,-0.009543433313928772
social_10,-0.009545759816558452
conflict_20,-0.009551486345518079
crisis_19,-0.009557630288167474
metals_9,-0.009560432461778179
founded_19,-0.009561977836012137
representatives_1,-0.009568165228735225
governor_5,-0.00956870500387692
district_11,-0.009570453982866578
police_5,-0.00957067645320826
community_15,-0.009574661566059794
risk_17,-0.009581046880378686
washington_8,-0.009588074688370552
default_20,-0.009600223711846457
culture_1,-0.009605548751786897
water_17,-0.009609939031092685
revenue_4,-0.009610586528554843
texas_17,-0.00961183885001755
dividend_19,-0.009615406019826888
rich_1,-0.009615839946080774
georgia_19,-0.009619192339226545
consumption_18,-0.009620494626508158
gain_11,-0.009622869610207752
growth_4,-0.00962333162092086
house_1,-0.009628304892928385
happy_15,-0.009637060539614151
government_5,-0.009637378130311824
markets_19,-0.009640822199034504
ohio_10,-0.00964221123607265
william_1,-0.009643942817776896
firm_13,-0.00964684385648662
house_13,-0.009647554282298753
water_20,-0.0096625649052968
DOW_JONES_10,-0.009663078394501135
derivatives_16,-0.00966360857028321
short_sell_1,-0.009667208674636552
ceo_6,-0.00967976869139293
elections_7,-0.009682336672789903
kentucky_6,-0.009683268079449747
food_13,-0.009683683809310062
derivatives_18,-0.009688903154821715
service_10,-0.009689507884650617
health_15,-0.009690002132099274
law_6,-0.009694449873490973
consumption_2,-0.009701059109718368
greed_20,-0.009703632286374653
million_16,-0.009706774672205976
million_20,-0.009710114876043074
oil_6,-0.009721862254140335
ceo_19,-0.009726913110738167
stocks_1,-0.00972981536301185
blacklist_16,-0.009739980643380997
derivatives_2,-0.009740561878682242
vermont_8,-0.009742018099315852
democratic_14,-0.009747476969552226
massachusetts_13,-0.009762282212369789
blacklist_7,-0.009765308192554367
financial_18,-0.009771248054819725
food_8,-0.009771861480750665
fine_13,-0.009779279453339429
culture_18,-0.009784806380979384
wisconsin_17,-0.00978808872345569
culture_9,-0.009791867768017238
ohio_14,-0.009797429087074861
home_13,-0.009820305589884226
carolina_14,-0.009820815491689495
world_1,-0.009826132044570368
garden_7,-0.009829720119488128
wisconsin_1,-0.009838405493776991
seats_6,-0.00984047574716893
service_18,-0.009852834393578268
gold_15,-0.009865162510264947
bonds_17,-0.009865786663653942
holiday_14,-0.009868214757360261
health_4,-0.009871363827527069
members_4,-0.009880446368728247
served_15,-0.009882939364734833
food_18,-0.009884954258504863
marriage_1,-0.00989118560952713
tennessee_6,-0.00990842786023105
kitchen_14,-0.009927688333957874
economic_6,-0.009935656234242085
cash_10,-0.009941921204135529
carolina_18,-0.009946657237883395
restaurant_9,-0.009957084322801379
DOW_JONES_13,-0.00995831195606196
cancer_20,-0.009959669469943089
ore_10,-0.009964217252629614
representatives_20,-0.00996759419428619
arts_19,-0.009968009680143598
bubble_12,-0.009973124492896779
illinois_14,-0.009982797958424116
media_10,-0.009984689350508558
happy_10,-0.009990584264355973
york_3,-0.009992875070708607
revenue_5,-0.010001699404576892
culture_20,-0.010004978226299244
members_15,-0.010007252393672728
tourism_15,-0.010011904239860514
cash_3,-0.01001364374663336
travel_3,-0.010019488093431362
DOW_JONES_5,-0.010022640824913998
federal_5,-0.010022839340690304
profit_20,-0.010027212077438997
management_15,-0.010029705836774028
crash_17,-0.01003963848718481
cancer_3,-0.01004402821816186
vermont_19,-0.010052165340768448
georgia_14,-0.010053727068085116
marketing_5,-0.010055142919716297
society_3,-0.010058755297632649
chance_1,-0.010059852628711629
law_4,-0.010063293819861641
marketing_15,-0.010069046656035674
debt_14,-0.010069303488843362
served_12,-0.010072232384739777
service_13,-0.010078318186687963
politics_9,-0.010080143115036555
kentucky_3,-0.010082191759171156
buy_19,-0.01009381943331884
conflict_17,-0.010094014435585663
elected_3,-0.01009907964682164
happy_4,-0.010099534209527894
tennessee_14,-0.010141398231498977
stock_market_2,-0.010148292764496358
stock_market_5,-0.010149579654630392
fun_15,-0.010153811480388963
ohio_2,-0.010160073240784917
products_10,-0.01016901947532418
greed_8,-0.010169505952660418
fun_8,-0.010172768326432569
consumption_20,-0.01018410986331737
industry_17,-0.010196537466605538
default_5,-0.01020193307262418
gains_9,-0.01020909944704873
college_8,-0.010214819055004608
housing_19,-0.010220835350665647
forex_4,-0.010223014466901104
happy_11,-0.010225114622403764
dow_jones_19,-0.01025353968103877
rights_2,-0.010272962560468057
oil_18,-0.010279649312968342
party_12,-0.010290966326876493
arts_3,-0.010292518996699362
default_18,-0.010293782198998703
election_10,-0.010298337857239836
sell_5,-0.010301350060781145
gain_2,-0.01030943276711338
massachusetts_19,-0.010315026916410818
elected_4,-0.010316515026734563
success_4,-0.010325070623797172
social_3,-0.010326582888544978
market_7,-0.010329369988815928
car_19,-0.010330833834021936
trader_18,-0.010334580584365583
minister_1,-0.010343440674154736
finance_15,-0.010345976867611517
carolina_17,-0.01034796012489525
firm_17,-0.010351129114989876
inflation_2,-0.010352843296465065
dividend_17,-0.010356335285481166
society_13,-0.010366226317027927
justice_11,-0.010369404223398649
political_17,-0.010375727088917718
hedge_1,-0.010383701299099735
labor_3,-0.010385083179131782
inflation_13,-0.010389082584630116
elected_8,-0.010392001457056899
world_11,-0.010394570602221532
york_14,-0.010396710880818704
republican_13,-0.010399340442514804
home_2,-0.01040293443867919
ring_17,-0.01040672366048947
georgia_17,-0.010407106612046024
fine_4,-0.010414681994016873
banking_4,-0.010416464827383143
governor_4,-0.01041906561456083
financial_markets_5,-0.010422773493995674
revenue_13,-0.010425634607149492
business_10,-0.010432577488155204
crash_19,-0.010445630723736521
fond_4,-0.010447720828465856
texas_6,-0.010450032433862822
inc_9,-0.010460929916339045
tourism_1,-0.010462318038386754
william_2,-0.010482803270176099
investment_11,-0.010487503973055446
gains_13,-0.010502580064728128
chance_15,-0.010513945082100995
growth_15,-0.010524447496518975
nasdaq_19,-0.01052995796782219
ohio_1,-0.010530474907291332
debt_12,-0.010532069302312985
food_5,-0.010534794628153831
stocks_18,-0.01053562253291902
social_9,-0.010539064780443507
metals_20,-0.010557131354656812
gains_14,-0.010568358435470859
politics_18,-0.010576051885570158
global_18,-0.010598873312535817
marriage_2,-0.010601493546300578
services_18,-0.01060496947993932
oil_7,-0.010611559875592414
york_8,-0.010623541791059465
finance_4,-0.010623692388974825
consumption_12,-0.010625349589473854
revenue_3,-0.010636004282792188
elected_5,-0.010643808889849527
court_5,-0.010644943639001037
economy_12,-0.010645010467175786
BUY_AND_HOLD_19,-0.010648990890701482
rich_7,-0.010652937889193059
opportunity_20,-0.010656471180636284
founded_17,-0.010656593707793371
train_2,-0.010664714621414518
media_2,-0.01066634204378083
stocks_15,-0.010671554494763247
fed_6,-0.010679673537160284
economic_3,-0.010681635798719901
political_15,-0.01068273986141719
judge_8,-0.010682789674848547
development_4,-0.0106959747886187
stats_8,-0.010696574249347912
party_13,-0.010700102550315217
house_19,-0.010705926182397518
committee_16,-0.010707377019303488
elected_12,-0.010716119650361944
stocks_4,-0.01071758366134623
case_8,-0.010719817845279778
police_13,-0.010723365660403373
cash_19,-0.010733308354517579
metals_10,-0.010737514351758227
leverage_4,-0.010739524389172672
members_3,-0.010743640104707209
york_10,-0.010758398227778443
economic_19,-0.010762775774658473
gain_17,-0.010767685267833093
union_18,-0.010771544303191494
fine_18,-0.010774551353290484
office_20,-0.010780782070214778
washington_13,-0.01078149702683735
project_18,-0.010787051388404967
happy_2,-0.010794666520111606
investment_14,-0.010803962447859927
products_1,-0.010816978061897964
buy_15,-0.01081896249567198
BUY_AND_HOLD_20,-0.010821641416446237
present_4,-0.01082423404973345
ohio_7,-0.010830271981101914
headlines_5,-0.0108316068939589
representatives_3,-0.010838807227393988
elected_18,-0.010839640518826243
served_2,-0.010843783883331338
BUY_AND_HOLD_11,-0.010852434373889275
cancer_4,-0.010854267632286118
ceo_5,-0.010855544165324504
republican_9,-0.010868587874257752
bubble_18,-0.010873958155585717
blacklist_17,-0.010879219630354608
market_6,-0.010880871320947994
media_11,-0.010886187324818497
ring_11,-0.010894934355538477
council_19,-0.01089584517089115
environment_1,-0.010901208626288472
derivatives_15,-0.0109048102184798
train_20,-0.010907359795386661
companies_20,-0.010911265727746122
services_3,-0.010915170996434576
trader_3,-0.010921537363265265
lifestyle_2,-0.010925996352332556
invest_5,-0.010927784135354423
police_8,-0.01093327618714146
hedge_2,-0.010940542674032817
BUY_AND_HOLD_12,-0.01094359890126979
georgia_15,-0.010943609600921066
democratic_11,-0.010944227760348913
federal_10,-0.010947250471215053
government_8,-0.010961730293073967
industry_6,-0.010962569748241124
market_10,-0.010967468206815068
development_14,-0.010975216429142254
county_7,-0.010984036612287551
growth_13,-0.010984289896642418
technology_14,-0.01099172620633313
color_17,-0.010997740862459082
kitchen_11,-0.011002882271252856
risk_4,-0.011019731349818795
bank_14,-0.011022931075924669
society_4,-0.011038462203073696
stocks_12,-0.011043283768587476
train_7,-0.011052844396817774
travel_8,-0.011061283476001682
york_1,-0.01106143180042607
kitchen_8,-0.011075281388748404
nyse_17,-0.01107670126084872
environment_7,-0.011077879869461094
return_6,-0.01107873590959727
management_18,-0.01108629351654189
governor_3,-0.01109007802132691
kentucky_1,-0.011093662423470896
cash_12,-0.011097263568111804
tourism_11,-0.011099419331691451
economic_4,-0.011108097156726515
return_12,-0.011109823791895757
economic_13,-0.011111568041840459
present_20,-0.01111510430686482
carolina_3,-0.011117504287452774
million_4,-0.011133964661846551
members_11,-0.011151975014396198
members_17,-0.011152359039170579
court_6,-0.011156149005449234
washington_10,-0.011169551799426247
media_19,-0.011170248904940028
consume_3,-0.01117691062412456
returns_13,-0.011179093235917726
environment_9,-0.011181485767141064
case_9,-0.011183046670214525
investment_3,-0.011193902166858982
short_sell_2,-0.01119428008201484
short_selling_17,-0.011195070314994292
travel_1,-0.011197135931513946
present_10,-0.011203267508002334
unemployment_5,-0.011206530387841074
legal_8,-0.011211248087458592
council_15,-0.011213830175559925
return_1,-0.011216261016669504
elections_9,-0.0112162816094598
kentucky_4,-0.011221010992803948
unemployment_3,-0.011223150152765492
security_8,-0.011229782469810079
home_8,-0.011233381985651292
loss_17,-0.011234450380237671
war_13,-0.011235852293314585
million_1,-0.011236444389486034
transaction_20,-0.011246891636818513
global_19,-0.011261739931874825
nasdaq_15,-0.011267324887760699
success_13,-0.011270423873622626
freedom_8,-0.011276921937740991
present_2,-0.011279395151405747
federal_6,-0.011279866571418062
development_3,-0.011285779814822438
county_6,-0.01128594340537128
investment_18,-0.011289522348124637
justice_14,-0.011297870692479738
tennessee_18,-0.011299714464835953
ore_8,-0.011309549560293508
president_4,-0.01131310681948594
fun_2,-0.01132007401129711
inflation_5,-0.011322068069947067
arts_6,-0.011355835881836241
labor_11,-0.011356076623385914
economy_8,-0.011359884911184715
gains_11,-0.011365767434635798
democratic_6,-0.011367129447513568
restaurant_5,-0.01136876940001319
justice_13,-0.011374423487322937
vermont_3,-0.011375844611734177
political_20,-0.011399599432067831
industry_16,-0.011404215346567392
nasdaq_11,-0.011404681296237507
inflation_20,-0.011406197799560602
garden_1,-0.011424368024398812
markets_13,-0.011426650425115214
returns_9,-0.0114337981255636
present_3,-0.011434974420464683
million_9,-0.011441615124808457
county_8,-0.011444853070558692
arts_14,-0.011454593657456002
texas_10,-0.011457917886812186
gains_20,-0.01146236858800973
services_6,-0.011470407542326111
gains_16,-0.011472834102518426
fond_19,-0.011476598742372612
corporation_18,-0.011483259511537725
corporation_8,-0.01148537834620078
returns_14,-0.011486762050110521
politics_20,-0.011488057486934333
founded_11,-0.011489796262286679
consume_20,-0.011497974756384432
virginia_18,-0.011498677849514416
leverage_2,-0.011503829166659063
texas_13,-0.01151017410903954
social_13,-0.011510238874992163
rights_5,-0.011510907908955792
world_10,-0.011513376741205273
health_14,-0.011517595084519616
financial_markets_13,-0.01152236767412993
bubble_11,-0.011528150896403378
committee_10,-0.011535553356687257
fine_11,-0.01155553721778233
stocks_11,-0.011558921195959092
seats_2,-0.011559139467490964
default_9,-0.01156554282773219
headlines_17,-0.011568160365589808
marketing_20,-0.01157335467541858
ring_13,-0.011576014728477801
global_5,-0.011582217426939457
credit_7,-0.011583642667820814
gain_18,-0.011589467566389877
minister_6,-0.011590779162670529
political_10,-0.011605657666908954
transaction_2,-0.01160793015495989
sell_2,-0.011609785011091911
missouri_7,-0.011617969192141087
president_14,-0.011622537921202047
risk_19,-0.01162764228524853
travel_13,-0.011629382966859714
minister_16,-0.011637516610796173
investment_10,-0.011642556246313584
governor_13,-0.011652447839307412
fun_12,-0.011681351473581314
sell_11,-0.011684779235339726
gains_3,-0.011700480364042387
inc_15,-0.011711058305002164
justice_18,-0.011714829920595981
inflation_12,-0.01171939292212778
inflation_6,-0.011722536730883481
governor_14,-0.011729615510485925
economy_13,-0.01173078234913696
success_8,-0.011730813927373584
federal_4,-0.011733923457683293
federal_15,-0.01173768481878774
rights_1,-0.011739244260704208
health_10,-0.011742421434881934
present_19,-0.011744594858989422
service_1,-0.011746674605245987
market_9,-0.011747885100120837
ministry_17,-0.011757126176985811
bonds_19,-0.01175869168464001
trader_19,-0.011759655740691977
firm_15,-0.011765475940234405
marriage_3,-0.011776730257348534
bubble_9,-0.01178101330236061
companies_13,-0.011781258662027528
banking_10,-0.011782349099293654
votes_7,-0.011782677317926305
energy_6,-0.011792846490531205
project_1,-0.011794317161164214
technology_18,-0.011799950413089033
conflict_7,-0.011800437373594397
ministry_11,-0.011805578966654906
marriage_6,-0.011809824261138014
dividend_12,-0.011812474042225874
movement_18,-0.011813842962490374
firm_19,-0.011815659110432008
environment_19,-0.011816885951571798
cash_6,-0.011819416886530432
oil_8,-0.011820763271416169
train_5,-0.011822651133141293
unemployment_8,-0.011831734829323204
economics_2,-0.011832420825746759
union_3,-0.011833947825500313
garden_13,-0.011839140279438175
court_15,-0.011840489020353128
service_14,-0.011851177094172938
society_14,-0.011858212156099768
chance_6,-0.011866950682972343
buy_2,-0.011869277509081021
housing_4,-0.011873535267324441
industry_9,-0.011874776648451402
energy_17,-0.01188016876928295
movie_20,-0.011884742517686786
act_6,-0.011885337545777874
investment_12,-0.011901373030924155
act_20,-0.011904059512491983
bank_15,-0.011907194173725256
services_10,-0.011909493702773943
gains_6,-0.011910808237098114
nasdaq_4,-0.011917794943538885
movement_5,-0.011926218550168977
present_11,-0.01192960567649124
gold_6,-0.011946827272900884
nyse_4,-0.011949837825268438
food_2,-0.011955038582227951
returns_11,-0.011962541241282421
credit_8,-0.01196720912236351
present_12,-0.011983584242702317
freedom_14,-0.011983981288888312
police_6,-0.011991339537297852
senate_15,-0.011992634743497144
train_19,-0.01199397218443452
unemployment_6,-0.011996579809589191
fine_8,-0.012009986579735931
ltd_11,-0.012011099942380744
metals_3,-0.012012242161310338
vermont_13,-0.012016433330848675
return_19,-0.012018143320248465
crisis_16,-0.012021504570354669
lifestyle_13,-0.012033419195623462
stats_19,-0.012033540618732363
wisconsin_15,-0.01203377657379725
carolina_4,-0.012034484736091412
fine_3,-0.01204052304535035
success_2,-0.012046303211222065
office_6,-0.012046375041551594
holiday_8,-0.01204927483875462
elections_2,-0.012053651649202201
council_1,-0.012054638729235134
pennsylvania_17,-0.012054727341194282
housing_1,-0.012055432314409642
color_1,-0.012057933927638587
labor_4,-0.01206232220938026
media_6,-0.012068042151831193
rich_18,-0.012070102595639742
loss_2,-0.012075556552572886
community_3,-0.012078807283741954
home_1,-0.01208314464797986
headlines_20,-0.012088932032034917
global_14,-0.012090083463663604
short_sell_19,-0.012100522543834268
DOW_JONES_20,-0.012108178580334061
wisconsin_20,-0.012115931867124518
labor_15,-0.012122488943892073
virginia_6,-0.012138370059395508
DOW_JONES_9,-0.012141355291507238
buy_8,-0.012155692228671234
unemployment_1,-0.012182402720122432
law_5,-0.012183802184639436
blacklist_1,-0.012202311722191661
unemployment_10,-0.012212753477436732
washington_2,-0.012217020487303864
happy_8,-0.012219399276233745
senate_8,-0.012227358201969829
oil_2,-0.012235154550973371
ore_11,-0.012250863171579973
rights_15,-0.012258066004690926
market_4,-0.012263825313433263
greed_12,-0.0122800891911369
nasdaq_12,-0.012282020706081465
party_10,-0.012282370895299244
market_2,-0.012282520254619489
members_16,-0.01228568953805249
bank_10,-0.012291256482810353
secretary_5,-0.01229286060256216
tourism_13,-0.012297093416923133
voters_1,-0.01230694014261129
ceo_2,-0.012310325241605025
inc_14,-0.012315921095815696
car_1,-0.012328045675595468
services_15,-0.012328072843405247
economic_16,-0.012334759748186718
members_8,-0.012352681469273107
william_14,-0.012356090630571703
finance_10,-0.012365216590773965
short_selling_5,-0.012365616185464678
rich_2,-0.012379255506652153
fond_2,-0.012380892103223929
tourism_16,-0.01238457326886706
trader_13,-0.012384789830916444
election_12,-0.012386496037563232
BUY_AND_HOLD_9,-0.012401226549017829
invest_1,-0.012403409304796753
missouri_8,-0.012405716957831325
housing_20,-0.012407407237152834
health_3,-0.012408788271412141
tourism_19,-0.012414375975963843
trader_12,-0.012418346515512279
william_13,-0.012422686909654135
world_12,-0.012422832382551818
unemployment_4,-0.012426628751266499
president_7,-0.012431656072780095
transaction_7,-0.012438699734318793
project_8,-0.01244336722310666
religion_18,-0.012447635023092651
community_6,-0.012447975242689613
federal_8,-0.012451892906051065
energy_10,-0.012457849659378373
kentucky_11,-0.012457965773167667
debt_4,-0.012464892198682298
short_selling_11,-0.012470848843133897
texas_14,-0.012471303739019168
house_16,-0.012476293758182266
banking_8,-0.012479136614106956
politics_19,-0.01248868833472827
president_12,-0.012489412042860294
fine_16,-0.012490777422762722
million_7,-0.012491329363699344
portfolio_1,-0.01249305311749922
minister_8,-0.012505521944247144
elections_8,-0.012511878421657307
opportunity_4,-0.012512079998279723
short_selling_4,-0.01251633520878439
buy_18,-0.01251782651052884
bank_11,-0.012519278812548551
ore_17,-0.012525861912818837
earnings_14,-0.012530328655711598
headlines_6,-0.01253209639406876
car_12,-0.012553896722659007
fed_1,-0.012560635927674424
trader_5,-0.012564825363397647
fed_5,-0.012570201978102057
members_18,-0.012581231936741233
government_17,-0.012584823023204628
market_15,-0.012596059776654279
gain_3,-0.012607445594996713
gains_7,-0.012610406651417017
restaurant_2,-0.012611581923522231
economy_2,-0.012619591717065148
color_2,-0.01262138575683589
district_4,-0.012624515973149331
bonds_2,-0.012624787293289174
greed_11,-0.012633147857989302
metals_18,-0.012638203464354469
president_19,-0.012663614859220096
project_17,-0.012690317126887018
success_5,-0.012697054833949917
fun_9,-0.012700845278631268
markets_10,-0.01270839844953615
industry_18,-0.01271082730098554
car_16,-0.012711509643007357
marketing_4,-0.01271270499801298
markets_8,-0.012721795485348953
president_20,-0.012722692118046153
court_3,-0.012724975652256765
happy_14,-0.012727897984206904
gold_19,-0.012728774222919648
community_4,-0.012734425586489184
development_20,-0.012748306197125348
house_8,-0.012754545146043728
corporation_11,-0.012755216007687253
default_2,-0.01278199618643161
money_11,-0.012790194938925614
college_3,-0.012807826157027847
government_10,-0.012810370407973703
opportunity_13,-0.012812624768966918
elections_14,-0.012814356421637663
leverage_8,-0.012847206369045882
BUY_AND_HOLD_6,-0.012848473132168015
dow_jones_13,-0.012853771756759525
county_10,-0.012858451080085143
greed_13,-0.012880730204019652
representatives_14,-0.012882251785577026
nyse_3,-0.012891162647514864
wisconsin_12,-0.012898112792140237
minister_18,-0.012899685042098685
housing_14,-0.0129019717822074
election_15,-0.012905621157104186
politics_12,-0.012910790037959651
trader_20,-0.012916597316179779
risk_6,-0.012917992899884
judge_17,-0.012933153957386478
society_1,-0.01296925890342504
metals_19,-0.012976292288292468
fed_8,-0.01297803124998329
buy_12,-0.012994329147246275
debt_10,-0.013003841943399763
restaurant_19,-0.013003873330138882
investment_8,-0.013016084733798805
water_1,-0.013021124886706347
fun_10,-0.013031160535216624
train_12,-0.01303469400903896
dow_jones_14,-0.013038925237442944
act_13,-0.013057596640370317
project_14,-0.013077133966672783
oil_14,-0.013093093765958486
metals_6,-0.013099416770636219
stats_1,-0.013100382551144051
management_3,-0.013108763767720166
development_10,-0.013138624295936286
ring_5,-0.013138786197999885
corporation_9,-0.013142126243480745
products_13,-0.013156975731203113
ceo_20,-0.013172346377389154
money_4,-0.013190442117871948
train_16,-0.013192681456482825
leverage_7,-0.013202319554094432
consume_11,-0.013211229879827969
hedge_3,-0.013218745784363084
risk_3,-0.013222286372568903
consumption_9,-0.013237025670341396
chance_16,-0.013246972614168451
nyse_1,-0.01324923968085876
political_12,-0.013251511743383371
success_7,-0.013253872917036169
bubble_10,-0.013255815143354343
illinois_4,-0.01325870168668648
georgia_10,-0.013260182798490571
ore_12,-0.01326169883899304
derivatives_8,-0.013271445060936938
companies_1,-0.013277576177467786
nyse_10,-0.013277782369429492
district_10,-0.013286987847719357
investment_15,-0.013302855846552686
tourism_2,-0.01330767691169501
stats_11,-0.013314073331008026
party_2,-0.01331550044542098
chance_19,-0.013321967838661863
dow_jones_18,-0.013325261567290613
texas_1,-0.01333485148678606
unemployment_2,-0.013337034697377325
inc_18,-0.01334992343639776
food_16,-0.01335316705352041
wisconsin_6,-0.013353498677640418
crisis_9,-0.013356985878951066
seats_19,-0.013358248521513526
college_4,-0.013369243907665428
president_1,-0.013383857835191516
fed_10,-0.013390935907877367
social_19,-0.013399118451817271
short_sell_18,-0.01341841130635706
transaction_1,-0.013433883809725567
water_8,-0.013435360061167944
republican_18,-0.013435618433205
conflict_19,-0.013437572749522796
financial_10,-0.01344798683841113
blacklist_8,-0.013477823987786052
judge_2,-0.013490452677270092
media_1,-0.013492119551894732
district_20,-0.013495773412122092
million_11,-0.013502244335025938
founded_2,-0.01350364966055564
stocks_19,-0.01350964808883166
greed_19,-0.013512979722711127
kentucky_2,-0.013520965030806954
tennessee_1,-0.01352509795377128
movie_19,-0.013528471663907027
market_14,-0.013534064061190332
house_10,-0.01353940746414779
happy_19,-0.013551946051934393
technology_3,-0.01355978296601985
debt_17,-0.013573833769919963
elected_15,-0.013585119308189486
buy_16,-0.013619108115295986
cash_1,-0.013622095004476531
forex_15,-0.013622696490459529
success_16,-0.01362468747495511
ohio_16,-0.013629695923885831
dividend_10,-0.013630247720119426
bonds_10,-0.013645509285735625
car_13,-0.013646776447935993
oil_10,-0.013655716438209287
political_19,-0.013701948875098813
legal_11,-0.01371095921500487
oil_19,-0.013731175198931966
wisconsin_8,-0.013736937136822069
judge_11,-0.013737290770337075
cash_13,-0.013750962053496884
corporation_10,-0.013757114454235175
marriage_13,-0.013758872708770475
secretary_10,-0.013763635704589005
stats_13,-0.013766911168478191
media_15,-0.013773901147277723
unemployment_16,-0.013780770483077775
happy_5,-0.013794125407983393
judge_9,-0.013794755002557179
kitchen_6,-0.013797243170274287
virginia_10,-0.013805884232390642
carolina_1,-0.013806606383199017
return_17,-0.013816548520619022
movie_8,-0.013823358750569347
security_4,-0.013827746738448065
office_14,-0.01383352949078751
police_14,-0.013837835400584409
kitchen_12,-0.013838411622827174
management_5,-0.013844941002609934
opportunity_15,-0.013852462511708241
governor_19,-0.013855224635171349
energy_3,-0.013855665487704094
tennessee_8,-0.013861082518013745
markets_1,-0.013864225075418245
seats_12,-0.013875335950635526
companies_14,-0.01388469029353454
financial_5,-0.013894498762532525
project_2,-0.013897627068234053
marketing_10,-0.013904978851272709
chance_13,-0.013934201769607978
york_2,-0.01393424602185096
million_6,-0.013947001062967734
inflation_4,-0.013965260425207359
nasdaq_1,-0.013977901509044766
labor_10,-0.013983713376446261
money_13,-0.013988735216863724
inflation_3,-0.013994651362709786
firm_9,-0.013998033487455453
tennessee_3,-0.014000077679414224
virginia_1,-0.014004142508924788
metals_16,-0.01400620811121529
companies_3,-0.014010554753338168
tennessee_17,-0.014010810484671543
chance_18,-0.014015218905498195
products_3,-0.014022586110997626
car_8,-0.014022818715406938
gain_20,-0.014040780707349553
legal_14,-0.01406106393374702
consume_15,-0.014073577059473808
kitchen_5,-0.01407681693008116
short_sell_7,-0.014085599482075838
success_1,-0.014093454700820907
sell_12,-0.014098833440540793
cancer_12,-0.014100555677204807
society_8,-0.014108717175590169
corporation_4,-0.014118983073441371
short_sell_8,-0.014135019836038775
ring_16,-0.014139383411325323
success_18,-0.014158830627637809
economics_17,-0.014172987716671859
firm_10,-0.014181460939135238
ceo_1,-0.014196488050632339
leverage_12,-0.014203135929733258
gain_16,-0.01422270512174264
debt_19,-0.014230646177869954
union_11,-0.014236261729638367
elections_19,-0.014245198563166684
county_16,-0.01424907162422795
buy_10,-0.014258070362293318
community_8,-0.014276793744851135
inc_4,-0.014283081381870556
ltd_15,-0.014305490482334027
act_3,-0.014309744953406289
health_20,-0.014312126200431385
rights_20,-0.014312345197462273
elections_3,-0.014314202244944552
risk_20,-0.01435034996116713
derivatives_7,-0.014355563082821089
profit_12,-0.014365714860944134
headlines_12,-0.01436842019695157
legal_2,-0.014368873502307844
bank_20,-0.014370828193196572
secretary_1,-0.014371479875242298
garden_5,-0.014381785782528134
georgia_1,-0.014392213487122097
dow_jones_9,-0.014410333755561245
legal_10,-0.014411138339267483
rich_14,-0.014426747146354923
invest_8,-0.014429836293497523
greed_4,-0.014448976528498348
service_2,-0.014479573101501187
investment_19,-0.01448205906683404
politics_17,-0.014482325241052595
pennsylvania_14,-0.014496044742251168
marketing_3,-0.014498634099527962
rights_13,-0.014501876190555785
movie_11,-0.014519207897247411
president_17,-0.01454494831359654
representatives_18,-0.014558119058916751
services_14,-0.014589967168405816
global_20,-0.014590452577116863
founded_10,-0.014591166049982807
short_sell_17,-0.014591724182155996
county_17,-0.014591926562425427
environment_17,-0.014598559717650339
vermont_18,-0.014599967332180474
derivatives_3,-0.014614147200017058
judge_5,-0.014616288696873902
council_18,-0.014618942237920374
profit_14,-0.014638142462883353
invest_6,-0.014643239725039758
service_17,-0.014652427964364789
ring_12,-0.014653727733003063
nyse_5,-0.01467237360677518
movie_14,-0.014685511181126088
products_7,-0.014691048758617042
ltd_1,-0.014725155525551026
services_4,-0.01472765901462294
gold_1,-0.01473250991820938
county_1,-0.014744692408676952
social_14,-0.014746290702108866
revenue_7,-0.014754135653073642
invest_20,-0.014766858748590605
growth_8,-0.014767913725461735
financial_markets_1,-0.01479697194018097
investment_20,-0.014802880324386748
case_19,-0.014818188809536115
act_11,-0.01482440770621798
republican_5,-0.014831691638785305
leverage_17,-0.0148361761351536
union_20,-0.014836794494449346
business_14,-0.014844843219913617
services_11,-0.01485292429382623
crash_13,-0.014855814237251064
case_13,-0.01486701902308094
management_8,-0.014867139206181523
buy_9,-0.014869853455595305
movie_7,-0.014880333000626434
growth_17,-0.01488905248490362
seats_16,-0.014893055257574473
fed_3,-0.014893685738061314
president_3,-0.014911014106177633
kitchen_10,-0.014913276914032747
train_8,-0.014935876827228278
restaurant_10,-0.014936345829960151
home_12,-0.014966139255313315
opportunity_6,-0.01497968142602284
lifestyle_19,-0.01498659720172959
nyse_19,-0.015001932263413486
committee_3,-0.015008356562893654
political_5,-0.015010903024201739
legal_20,-0.015017949423017507
success_6,-0.01503447768237547
wisconsin_7,-0.015037618801194363
virginia_2,-0.015047202800402348
ceo_3,-0.015055166160589351
energy_20,-0.015065010832031312
short_sell_14,-0.015083945742795946
growth_12,-0.015109310054592196
invest_15,-0.01512156246814771
district_5,-0.015129940892736293
ore_13,-0.015150301550104972
massachusetts_2,-0.015156084173514084
invest_16,-0.015170106483485313
politics_4,-0.015171644636349301
bonds_1,-0.015196651460712852
ring_15,-0.015196756145868929
global_2,-0.015204640941519122
culture_8,-0.015210463933919139
fun_14,-0.01521218281654746
industry_1,-0.015212846228224563
debt_3,-0.01521442583213355
justice_2,-0.015216163268687266
william_19,-0.015230709301637368
dividend_6,-0.015247432820240325
society_17,-0.015247975142655612
arts_12,-0.015261170484196684
sell_1,-0.015262163075798418
default_6,-0.015262440225542994
virginia_7,-0.015265136496392207
texas_2,-0.015268024574818528
ore_18,-0.015268771439148
gold_8,-0.01528392003914596
economy_20,-0.015288281439245632
trader_8,-0.015293955827638196
financial_3,-0.015312465381946593
democratic_18,-0.015316505899928279
justice_1,-0.015343540587482773
inflation_11,-0.015346268528870444
food_14,-0.015350993061751073
council_3,-0.015358034898198248
stock_market_7,-0.015383203754677787
crisis_20,-0.015389517354619242
buy_11,-0.015405986078157196
short_selling_16,-0.01542769993206954
greed_18,-0.01542942678032686
derivatives_17,-0.015432693477452153
train_18,-0.01544210394143226
missouri_17,-0.015449049344224242
seats_13,-0.015451212617722887
nasdaq_17,-0.015461809696597495
financial_15,-0.015464693927949002
massachusetts_17,-0.015465502947517851
senate_18,-0.015466456244938897
act_1,-0.01548406991602933
earnings_20,-0.015485276765103362
ltd_14,-0.015490168462960096
justice_17,-0.015505894576656321
garden_6,-0.015508209838502207
lifestyle_10,-0.015527814452245959
market_13,-0.01555324584319009
ohio_12,-0.015560974779879898
color_8,-0.015584922791247124
labor_8,-0.015586969684477658
garden_9,-0.015604179656212126
media_8,-0.015614601651015914
money_19,-0.015615411223140785
industry_15,-0.0156185493472917
opportunity_9,-0.015622518537146846
representatives_4,-0.015631236164902605
war_1,-0.01564625423859094
loss_9,-0.015660080284031586
governor_11,-0.0156661572141072
short_sell_5,-0.01567679245541913
district_15,-0.015679097026140808
security_20,-0.01568678692529233
gain_4,-0.015696206156847213
freedom_11,-0.01570186765883712
transaction_5,-0.01570956688775631
garden_2,-0.0157287720805634
BUY_AND_HOLD_5,-0.015734238070742635
metals_17,-0.01574320344084219
representatives_19,-0.015753545270030766
ltd_2,-0.015792726335808794
sell_13,-0.01579664948089281
derivatives_4,-0.015797795476366616
default_17,-0.015808063153007822
business_17,-0.01582366426106476
debt_1,-0.015831222337712902
blacklist_14,-0.015848667280292994
credit_12,-0.01586027694424439
bank_6,-0.015862011711059366
nyse_9,-0.015865854078039688
law_17,-0.01586597975633681
party_14,-0.015877659291913003
travel_12,-0.015894041881850063
secretary_6,-0.015900031138779358
default_19,-0.015903598255793683
religion_8,-0.015911324809801376
technology_1,-0.015912949431029232
trader_1,-0.01592185865985003
rich_19,-0.015962961021523104
environment_2,-0.015963386427628224
train_1,-0.015966058739412904
judge_10,-0.015972403692430005
credit_1,-0.01599351595773695
fed_4,-0.015996276307988853
metals_1,-0.01599729044510838
inflation_19,-0.016007642770712406
industry_7,-0.01601641943747665
massachusetts_1,-0.016029065006336295
party_8,-0.01603209907434002
credit_14,-0.016034776143480877
train_9,-0.016040125223159563
council_20,-0.016088818935245386
war_8,-0.016095066864169595
economy_15,-0.01609797479214974
judge_19,-0.0161076695254704
county_14,-0.016110808349665006
financial_6,-0.016119571172264126
industry_2,-0.01612489342312353
movie_5,-0.01614715975679575
success_17,-0.016166237813263408
politics_14,-0.01617307923617961
industry_4,-0.016180822874766652
representatives_12,-0.01618314846202711
republican_11,-0.016191663724269344
corporation_3,-0.016198511342415477
leverage_16,-0.016204995858443837
massachusetts_7,-0.016205918063308355
loss_16,-0.016211552430750963
government_1,-0.016235531995747454
dividend_18,-0.016239040384485603
office_16,-0.016248971927276656
house_12,-0.01625887457043875
economics_14,-0.016277716188642866
union_16,-0.016283662194803906
fond_6,-0.01629476314267899
transaction_12,-0.016299891030244117
union_14,-0.01630931821137045
democratic_19,-0.01632399620229974
religion_12,-0.016328384344131263
committee_14,-0.016330286633964675
georgia_2,-0.01633160920332266
industry_10,-0.01633941181815215
growth_1,-0.016342097734112236
security_3,-0.016354683141870784
council_17,-0.01635632159527356
revenue_2,-0.01636063164025705
ministry_18,-0.016381000019347124
present_18,-0.016387030160758088
opportunity_18,-0.01640418881755017
cash_8,-0.01641196317038911
debt_13,-0.016412798448281453
DOW_JONES_17,-0.016427315317160972
fed_15,-0.016450456525631173
forex_20,-0.016459375492658655
conflict_16,-0.016473553052984348
financial_markets_20,-0.016481119576848658
president_8,-0.016491660574448907
committee_4,-0.016502062022899146
freedom_6,-0.016510387961280504
gold_2,-0.016522685850827123
firm_4,-0.01652527733252702
success_10,-0.01652618254063969
corporation_16,-0.016556267021783432
investment_7,-0.01656126984174442
legal_17,-0.016583901984795667
culture_19,-0.01660082178749813
markets_6,-0.01662020545053977
voters_12,-0.01662708392689165
investment_6,-0.016627207135629995
chance_10,-0.016663454915865007
money_2,-0.016683875316173612
bonds_15,-0.016691254759107044
william_12,-0.016691914114767847
elected_17,-0.0167264500794293
social_1,-0.01674818891696177
inc_3,-0.016758081148662375
headlines_2,-0.016766464762686062
success_11,-0.016768101145988857
loss_1,-0.016775519418867256
firm_8,-0.01677997979963759
banking_14,-0.016793007679357496
credit_2,-0.016802614731352715
unemployment_7,-0.016829224293135447
gains_1,-0.016848340442440768
crash_4,-0.016862634924773513
buy_1,-0.016869557465487017
served_8,-0.01687915351675353
republican_8,-0.016879458602733478
minister_10,-0.01690219520617724
leverage_3,-0.016948425027069593
products_12,-0.01694989320565319
profit_5,-0.016966634590778386
portfolio_3,-0.016988070584265814
opportunity_8,-0.017027708542249487
returns_19,-0.017031846683250907
financial_20,-0.01708116970290847
dividend_11,-0.017094550364355587
world_14,-0.01709721808996305
dow_jones_12,-0.01716225961659621
arts_2,-0.017162463082562508
million_17,-0.017172334417949076
federal_1,-0.017172406051589362
case_11,-0.017172649859587996
rights_17,-0.01719940763291994
college_1,-0.017226844043495858
war_14,-0.01725063784577081
profit_6,-0.017255899420543574
illinois_10,-0.01727504495772305
ore_20,-0.017299175870605654
money_1,-0.0173008380010919
tennessee_2,-0.017349034107023088
BUY_AND_HOLD_18,-0.017395749153467355
kitchen_2,-0.017397420120191985
hedge_14,-0.01742321461197547
ltd_10,-0.017427336825962203
carolina_13,-0.017427399555273747
management_4,-0.017428260659839444
short_selling_19,-0.017430719961293795
headlines_15,-0.01743861219167071
crisis_2,-0.017469665339207175
loss_13,-0.017475565132948966
police_1,-0.01750365575043513
economics_8,-0.01753150132896677
founded_7,-0.01754748724923221
economics_1,-0.01754811554629234
risk_10,-0.017572847208670493
washington_1,-0.01757957661913334
oil_1,-0.017587655660563063
inc_1,-0.01758913017172663
debt_2,-0.01759409010203814
million_18,-0.017600337510601395
conflict_1,-0.017614013507992455
gain_19,-0.017630631410986596
senate_4,-0.017634077610145526
derivatives_14,-0.017648792630390476
cash_9,-0.017688450430678015
cash_16,-0.01769349381363834
lifestyle_8,-0.017709048446719455
york_16,-0.017722204816931077
development_17,-0.017725263373486212
industry_13,-0.01773905756240295
returns_16,-0.01774136328515343
nyse_2,-0.01775373197243322
million_10,-0.017759143905277795
project_12,-0.017773479642496582
garden_15,-0.017776803658784777
sell_8,-0.017776955348461555
short_sell_16,-0.017795889353369752
hedge_18,-0.017822372270126487
massachusetts_10,-0.017860225142876086
ceo_8,-0.01786289100474492
movie_16,-0.01787391988857765
home_16,-0.017877161861204784
district_6,-0.017877906256681307
kentucky_7,-0.01788761154343239
forex_19,-0.017909499561914632
BUY_AND_HOLD_10,-0.01791402209245039
crash_1,-0.017927487144921494
health_7,-0.017948715321934382
college_12,-0.017986829908671044
community_7,-0.017988996211580698
fine_14,-0.01799331732557279
conflict_3,-0.01800375388783575
office_1,-0.01800818810699658
crash_10,-0.018049355542080404
home_14,-0.018084433896833917
inc_10,-0.018106878242070468
community_17,-0.018110203112956812
carolina_2,-0.01811354377523222
politics_11,-0.018129011104775383
fed_18,-0.01813970928984321
revenue_1,-0.01814108655004578
stocks_3,-0.018143038895870277
economics_4,-0.018145736493606446
federal_20,-0.018167225046299862
government_19,-0.01817035250307817
buy_14,-0.018171241926580393
governor_8,-0.018184640538318052
economic_18,-0.018185643844392717
republican_15,-0.018198925913198206
gold_13,-0.018200435792739177
elected_14,-0.01821026298844557
cancer_17,-0.01823840678575539
revenue_17,-0.018242007889122825
virginia_17,-0.01826618920204066
massachusetts_8,-0.018281587715917303
elected_2,-0.01828205798111182
society_2,-0.01828522413030147
gold_14,-0.018305394653627925
secretary_15,-0.018318815763834005
council_10,-0.018322265363090874
portfolio_17,-0.018322495941952344
kentucky_10,-0.01836060123985268
DOW_JONES_6,-0.018365005278632364
ltd_20,-0.018368997133189312
water_14,-0.018398466776788757
wisconsin_2,-0.018401529242668312
fun_5,-0.018401658081066575
federal_2,-0.01840735452115707
legal_6,-0.01840902407568994
police_10,-0.018412697661017274
lifestyle_3,-0.018442475288414428
religion_19,-0.018450703840621262
management_10,-0.018465206348138707
bank_1,-0.01847784461354296
case_1,-0.01850061181738776
religion_3,-0.018508851305397277
business_1,-0.018523148570635372
loss_19,-0.018530750593895993
stock_market_16,-0.018536320574982047
college_2,-0.018544492662735168
consume_7,-0.018609301303637138
happy_18,-0.018619346285810256
society_12,-0.018627236402310877
law_14,-0.018641086330012248
ring_14,-0.018671291139039113
derivatives_19,-0.0186895563396549
gain_14,-0.018729424246196925
rights_12,-0.018733676965524682
credit_20,-0.01873652856718171
companies_7,-0.018748602658048695
chance_14,-0.01875832323310762
inflation_10,-0.018759000498566714
rights_7,-0.018778343525035802
lifestyle_12,-0.018781332095803304
hedge_16,-0.018786748843388913
economics_20,-0.018808943529550204
hedge_17,-0.018815713370044042
gains_2,-0.01881993554978696
movement_10,-0.018828535812208225
industry_3,-0.018837418037148734
movie_6,-0.018871565646244436
happy_16,-0.018894285503181573
risk_14,-0.01890134823940994
sell_15,-0.01891351352706829
rich_16,-0.01892035569710917
district_8,-0.018953828442104782
carolina_7,-0.01899089973868675
earnings_1,-0.01902329983937867
short_selling_1,-0.01902430748167039
cancer_2,-0.01906716590687867
opportunity_2,-0.019113068356816608
served_20,-0.019149218568101322
firm_2,-0.01915216323950244
derivatives_20,-0.019162322264315624
service_12,-0.01917088954473587
election_20,-0.019199959692919655
bubble_17,-0.019209210505392392
opportunity_3,-0.019214586163486147
movement_1,-0.019222708724463543
companies_8,-0.019228936554442865
ceo_4,-0.01927334465560062
gain_9,-0.01928976820971211
transaction_9,-0.019333435831089506
ore_7,-0.019354886877584666
government_2,-0.019371695976325265
blacklist_19,-0.01941466809649901
hedge_8,-0.019420160177313628
ring_1,-0.01942324384030376
money_12,-0.019428594649263074
committee_20,-0.019485050707628827
media_12,-0.019492827888189422
media_13,-0.019496528470561093
district_14,-0.01951006863225193
case_12,-0.019540169216882508
ore_14,-0.019569650384592817
governor_6,-0.01960928064011729
headlines_4,-0.019610495525024675
consume_19,-0.019616792885099564
labor_16,-0.01961746521352028
social_12,-0.019622373030494567
democratic_4,-0.019637349513944424
crisis_17,-0.01965901426390384
ring_3,-0.019678638192969267
firm_12,-0.019679837700958203
train_15,-0.019702991708232066
dividend_5,-0.019703395892163477
stock_market_14,-0.019717506083796986
office_2,-0.019728078044344465
gain_12,-0.019761793960378204
hedge_6,-0.01979188507729641
corporation_1,-0.01979673137593598
legal_1,-0.01980244990813327
money_14,-0.019806168625075116
social_17,-0.019811144960542017
consumption_5,-0.019814006171163003
crisis_18,-0.019826497446638714
justice_20,-0.019843363291877213
union_2,-0.019846865821812876
business_7,-0.019858450328454902
chance_8,-0.01988640481535009
consume_17,-0.0199308769176203
portfolio_14,-0.019940805162685482
leverage_11,-0.01997275362258899
house_14,-0.01998547670887265
oil_12,-0.020002140333957818
products_2,-0.02001068546264888
health_17,-0.020050624271139593
social_2,-0.020120360760548038
washington_14,-0.020131772471540032
bank_16,-0.020148727035314406
sell_19,-0.02015076296456477
industry_11,-0.020187555531568657
DOW_JONES_7,-0.020189299391655015
opportunity_17,-0.020189495067918874
stocks_17,-0.02020109678740143
council_14,-0.020229243870844415
short_selling_13,-0.020238486603654994
movement_3,-0.020241562571086093
union_4,-0.020249233263914413
housing_17,-0.020261088559851537
bank_2,-0.020275384200457623
ring_8,-0.020287229591628007
health_1,-0.020295089527635347
gain_1,-0.020296164950163266
leverage_9,-0.02030101849342003
wisconsin_14,-0.020320016611773094
bubble_8,-0.020354339378879916
service_16,-0.02043767409079633
finance_5,-0.02043947047444856
law_1,-0.020459272480661574
leverage_14,-0.020463241488974958
illinois_17,-0.020479657531159056
restaurant_12,-0.020500771931976434
garden_14,-0.02054570679347605
economic_17,-0.020545722459556125
services_1,-0.020569204823938404
bubble_2,-0.020603244356384054
economic_5,-0.02064206322930462
missouri_2,-0.020659029704110887
metals_7,-0.02067603951986441
illinois_20,-0.020701830748109253
stock_market_17,-0.020705306239679987
cancer_8,-0.020723212975770556
million_3,-0.020736418582113413
banking_20,-0.02075462298031703
secretary_20,-0.020787037500761496
technology_2,-0.020787791690567704
development_2,-0.020850232700479743
stocks_13,-0.020853098875082864
car_14,-0.020872219256274627
union_12,-0.020872583255196097
county_2,-0.02088293616486738
union_17,-0.020920189797587495
arts_7,-0.020952091126573924
consume_9,-0.02095631131431459
act_14,-0.021000223182630062
stock_market_12,-0.0210027093505585
restaurant_16,-0.021018365873379262
ltd_12,-0.021020742190688856
services_20,-0.021035715507064047
bonds_8,-0.021050859348599783
election_6,-0.021053468149466913
profit_19,-0.02113817115018357
illinois_1,-0.021155340214593733
BUY_AND_HOLD_17,-0.021166828786147195
labor_17,-0.021181843866834194
headlines_16,-0.02119061493604557
illinois_2,-0.021222676424590192
nyse_13,-0.021243868197622494
pennsylvania_2,-0.021260920326285838
stats_14,-0.021265399149302276
rights_14,-0.021281138068027117
minister_17,-0.02128385630667289
office_17,-0.02128506921151414
management_20,-0.02138324572867889
gains_5,-0.02138825197763359
risk_16,-0.021394878989930068
inc_17,-0.021397849533073377
conflict_11,-0.021430019869655693
ring_19,-0.021462530840592287
color_12,-0.021467391986881412
federal_16,-0.02149006101323685
technology_17,-0.02151555327937411
marketing_14,-0.021532106183825218
carolina_16,-0.021569404578148887
growth_2,-0.021594873250405145
BUY_AND_HOLD_2,-0.021595862936956544
banking_7,-0.02162020798479729
served_1,-0.021686349568731743
illinois_12,-0.02170737544995669
nasdaq_13,-0.021736863260397653
investment_1,-0.021741522989063334
BUY_AND_HOLD_13,-0.021745033907279908
returns_12,-0.021792492270329266
food_12,-0.021803456301738765
movie_15,-0.021814772622339284
nyse_18,-0.02182923729810522
finance_20,-0.02183250491348492
security_1,-0.0218474315184352
court_4,-0.021882814198293455
community_14,-0.02188488006744258
union_7,-0.02190769469682947
missouri_1,-0.02195398957733603
industry_8,-0.02198445369276598
dow_jones_4,-0.022025763710953817
movie_2,-0.022076231324620155
leverage_1,-0.02208601549880198
loss_12,-0.02215584173900882
social_7,-0.022174516713708448
community_1,-0.022174523598524364
virginia_12,-0.022186156374982426
transaction_8,-0.022199401454599886
lifestyle_14,-0.022228366815215183
environment_8,-0.022251219970617207
unemployment_11,-0.022269752848396294
headlines_9,-0.02230145461841564
stocks_7,-0.02230441710724449
headlines_11,-0.022311010590359358
firm_20,-0.022320198637680356
development_1,-0.022323727298809336
court_17,-0.022327116062467133
banking_1,-0.022363955569387063
million_14,-0.022394726966973134
consumption_16,-0.022401586517462314
freedom_10,-0.022434827854658158
companies_17,-0.02248204969391674
elected_1,-0.022491568556209596
environment_18,-0.022512389133939693
act_8,-0.022546943469897985
freedom_12,-0.02256128110975846
world_16,-0.022573057155588237
served_18,-0.022583853300635993
georgia_7,-0.022590375627124914
union_1,-0.02259119607446345
business_2,-0.022598610375768914
religion_14,-0.022612168115247865
president_2,-0.022653491711386132
movie_12,-0.022693397843107466
finance_1,-0.02270063313455344
transaction_10,-0.022759703002112098
finance_17,-0.022781520780059194
stats_18,-0.02279159260393575
financial_markets_16,-0.022811844113804058
rich_12,-0.022829577685147994
district_1,-0.022890618254308624
inc_20,-0.022913626457493796
management_17,-0.02298384047991455
marketing_12,-0.02299239603570564
lifestyle_15,-0.023015824113026405
holiday_12,-0.023026923724279613
seats_8,-0.023038816069458835
bank_17,-0.023063669100973704
fond_3,-0.02311706006469829
money_8,-0.02313345275306704
growth_6,-0.023162164434112877
consumption_8,-0.023216263603255703
conflict_12,-0.023227390663916526
short_selling_6,-0.023253217536994143
management_1,-0.02327230610450548
court_16,-0.023300638874361113
texas_12,-0.0233160694360532
industry_12,-0.023319921387358566
seats_1,-0.023349364276281294
gold_12,-0.02341431876970277
law_2,-0.023438372850043243
social_16,-0.023442067695134572
stock_market_4,-0.02344625340568187
corporation_20,-0.023473994327162507
kentucky_16,-0.023523536739335625
pennsylvania_16,-0.0235394129964825
missouri_13,-0.02356017355327338
energy_1,-0.02359297493861967
illinois_7,-0.023612927025617857
environment_13,-0.02365681513878757
committee_2,-0.023667560014316448
georgia_12,-0.023681213251989575
banking_16,-0.02369782952517303
virginia_16,-0.023722805836295113
greed_17,-0.023729328053859966
debt_5,-0.02373826976818454
lifestyle_11,-0.02378504019320924
loss_14,-0.023791552368001633
fun_16,-0.023797313863486734
financial_17,-0.023809138724395006
dividend_13,-0.023816008898544006
firm_5,-0.023821634465116138
products_16,-0.02385807488279772
debt_8,-0.023915523730067823
stocks_2,-0.023915528997919912
labor_2,-0.02391601946629891
fed_7,-0.023949626611496376
stock_market_15,-0.02396271079550305
missouri_6,-0.02396698759649927
success_12,-0.02401561838474515
services_17,-0.02406260784404717
nyse_16,-0.024111583794991186
government_7,-0.02411270887800827
case_14,-0.024144996600916492
derivatives_10,-0.02415361397263931
earnings_19,-0.024258693759777093
default_12,-0.02428027172733842
economic_7,-0.02430358269375794
ore_1,-0.02431901551477591
opportunity_5,-0.02435497656203467
kitchen_16,-0.024393083945741578
economics_6,-0.024403987785543712
hedge_4,-0.024426139883358712
firm_1,-0.024473068385628995
religion_16,-0.024478161786705078
stats_16,-0.02449562698593084
global_7,-0.024513279399229114
investment_2,-0.02453755206034993
founded_1,-0.024544348160411778
forex_6,-0.02458635085399554
consume_18,-0.024605483199221734
housing_2,-0.024605903672287786
texas_16,-0.024633239467407676
return_16,-0.024653877729707997
representatives_5,-0.024683236036637024
development_7,-0.024695378082739184
financial_1,-0.02479087718129309
portfolio_9,-0.02494168119279443
economy_1,-0.024952738183819
founded_12,-0.024953603050802898
district_17,-0.02498453636289959
market_16,-0.02499034234110111
kentucky_14,-0.02499730839351706
marketing_1,-0.0250953589057465
earnings_12,-0.025114097061216745
cancer_14,-0.025135773686980743
elected_20,-0.02517876779259485
rights_16,-0.025208712158471647
credit_17,-0.025209029401218542
war_12,-0.02522707765862462
security_17,-0.025261767553412584
massachusetts_12,-0.025310585643522933
short_sell_11,-0.025310933476890774
fine_1,-0.025311259937359255
unemployment_20,-0.025344135326738137
economy_19,-0.0253583837299028
inflation_1,-0.0253937369484035
pennsylvania_1,-0.025410412586016395
train_11,-0.025488153144255545
earnings_2,-0.025490241688727534
fed_16,-0.02550021807304592
office_7,-0.02552575943430546
senate_1,-0.025539993497674017
crash_6,-0.02558079912259077
health_16,-0.02563937307262194
security_14,-0.02564861219806187
kitchen_15,-0.025660782570598607
act_7,-0.025663467251259585
labor_20,-0.02571081455617661
happy_13,-0.025734656525354182
vermont_2,-0.02573819860963833
firm_14,-0.0257496878192758
financial_14,-0.02575171307562534
oil_16,-0.025816088825307747
community_12,-0.025825497310592915
kentucky_12,-0.025842477364702975
crisis_3,-0.025857950065746715
corporation_17,-0.025911586226391958
headlines_10,-0.025915338568554103
culture_16,-0.025923186908685048
fed_2,-0.026022287638953735
elections_20,-0.026053302413197855
financial_markets_14,-0.026083419811083242
act_17,-0.026146560607101587
movie_10,-0.02615826897068967
bank_7,-0.02616190446229245
inflation_16,-0.026174462059357827
derivatives_9,-0.02617742410937156
court_10,-0.026180325979224574
society_16,-0.026182688476003045
washington_12,-0.02620892070832883
finance_16,-0.0262684006611833
court_20,-0.026277624219431896
blacklist_12,-0.026413515974648027
ltd_17,-0.02646581597889901
missouri_12,-0.026484747709301315
nasdaq_16,-0.026520299465105902
york_12,-0.0265609004188029
economic_1,-0.026608618007296102
judge_20,-0.026617130836351376
freedom_17,-0.026625306774947077
nasdaq_7,-0.026676320439850132
management_14,-0.026705544833259508
economy_16,-0.02670970305268987
energy_16,-0.02671944559839041
voters_17,-0.026752180821202454
committee_12,-0.026822106322072138
fond_1,-0.02687795638296011
crash_3,-0.0268861658051176
county_12,-0.02690651099574364
voters_6,-0.026929439288536906
secretary_17,-0.02693811212025874
trader_16,-0.02697431228685283
judge_13,-0.027026723217976122
dow_jones_16,-0.027031002575475103
labor_14,-0.027092770066845427
representatives_17,-0.027139188819547022
housing_7,-0.027176365849029847
secretary_3,-0.027186925279158624
global_12,-0.027250455971186183
inc_7,-0.02725739230260844
legal_7,-0.0272743911759157
consume_10,-0.02731593529189542
law_7,-0.027349749686978075
forex_1,-0.02740617435760242
technology_7,-0.027417566176627585
elections_12,-0.027457054088773237
massachusetts_16,-0.027463539070370958
management_7,-0.02748091239336108
district_2,-0.027499105298684157
consume_2,-0.027503502994206806
bonds_16,-0.02750910232340773
services_16,-0.027549339596175983
corporation_7,-0.0276223529283808
unemployment_17,-0.02778061245025063
election_16,-0.027828022344990357
garden_12,-0.027832367906725185
party_16,-0.027854059587930614
returns_20,-0.027902124724494735
election_18,-0.02790242242166474
marketing_2,-0.027915616930844413
banking_6,-0.027944124811994864
district_7,-0.027945582043898833
case_16,-0.02796142726570088
tennessee_12,-0.027970905154727266
ore_19,-0.027981959061962325
holiday_1,-0.027988261833485194
global_17,-0.028046342755386734
tourism_14,-0.028093917531085432
security_7,-0.02811328689697934
hedge_10,-0.02820168628529387
elected_11,-0.028213414984104103
members_14,-0.02821694421971892
economic_14,-0.02822012001787082
marriage_14,-0.028265985871387976
metals_15,-0.02829420802873277
senate_10,-0.028343938529076018
companies_2,-0.028402232261456127
headlines_1,-0.028417371114974978
unemployment_18,-0.028436513088798597
police_12,-0.028452310122184476
council_2,-0.028461458379457728
arts_16,-0.028474421239712954
governor_9,-0.028532550458414983
risk_2,-0.028546630455202626
federal_17,-0.028600065063524326
security_16,-0.028721345872533832
rich_13,-0.028760120396414245
market_12,-0.028765983529810635
ceo_16,-0.028793151344180347
finance_2,-0.028842245474400487
inc_16,-0.02887648426279421
representatives_9,-0.028901996086740357
movement_16,-0.02895729927695596
markets_14,-0.029053045979759506
republican_2,-0.029058118660888543
marketing_17,-0.029100258891432328
act_2,-0.029235965808342645
profit_1,-0.02926385480159872
government_16,-0.029395077262989622
companies_12,-0.029458101210475117
bank_12,-0.029469174086656103
ring_6,-0.029549951971794997
elections_15,-0.029611947951789962
conflict_8,-0.029644867377026672
dow_jones_15,-0.02971789347967917
short_selling_14,-0.029743810221297306
health_2,-0.02983489981327798
republican_3,-0.029893370769722805
investment_16,-0.029905239718767528
georgia_16,-0.029942238303229042
washington_16,-0.029970684322810182
movie_1,-0.029999791438138024
consumption_1,-0.0300384921883599
vermont_12,-0.030067130147518294
college_16,-0.030078258837576866
management_16,-0.030114654305879784
dividend_1,-0.030173528069039102
global_16,-0.03024496180978542
lifestyle_4,-0.030292824514563322
forex_14,-0.03032342771312797
travel_14,-0.030323513855146533
environment_14,-0.030341565047752296
color_16,-0.030347874497044836
ltd_7,-0.030430427704687135
freedom_16,-0.0305098771465258
industry_14,-0.030572810138928187
services_7,-0.030577802601454308
economic_2,-0.030578582638510477
financial_markets_15,-0.030580599825917786
bonds_12,-0.03061174065753347
headlines_19,-0.03069837279396026
federal_7,-0.03070809231795648
republican_14,-0.030730432870586966
sell_16,-0.030776645295470285
vermont_16,-0.030778275617201433
investment_17,-0.03080443791616396
chance_9,-0.0308938429205887
war_16,-0.030959819570280135
culture_14,-0.031141381072551
law_12,-0.031164991976705702
committee_8,-0.031227844753733303
risk_7,-0.031247143827834355
founded_16,-0.031260535185445734
ministry_1,-0.03126361671088081
development_12,-0.03128464087238314
political_16,-0.03146676521820215
college_14,-0.03149122783401288
earnings_16,-0.031543316849627814
invest_18,-0.03158263136598442
court_12,-0.03158899616525914
wisconsin_16,-0.0316709506471667
happy_12,-0.031830041949394317
judge_7,-0.0319553943187769
travel_16,-0.03196721897464603
tennessee_16,-0.031999963738720424
energy_12,-0.032049358439667455
return_8,-0.03210406906235495
senate_16,-0.032125162180843846
community_2,-0.03214975525108719
fed_20,-0.03218270513846764
portfolio_19,-0.032303988119893254
inflation_14,-0.03231128325781618
council_16,-0.032521126507390474
technology_16,-0.03254977701232344
services_2,-0.032553295240349424
markets_2,-0.032586215146711915
technology_12,-0.03261388648730044
security_2,-0.032643994395839385
lifestyle_1,-0.03266538075735117
court_1,-0.03268869006637014
elections_1,-0.032798500218194485
missouri_16,-0.0328081981319089
nasdaq_20,-0.03281553432733764
energy_7,-0.0328373017197439
media_14,-0.03287988485772808
votes_18,-0.03288585623912108
legal_12,-0.03293358911378719
office_12,-0.03296851844959854
business_12,-0.03299738768985698
return_13,-0.03306669861301257
law_16,-0.03310495502808273
government_12,-0.03315850763419155
politics_1,-0.03324337759509057
finance_7,-0.03324798541006857
development_16,-0.03368053132866096
marriage_16,-0.03375507537998097
governor_10,-0.03388329427707595
media_16,-0.03394224410479259
council_7,-0.03403906887885031
invest_19,-0.03408057379963105
missouri_14,-0.034140105913542794
politics_2,-0.03422753096869333
trader_14,-0.03427721267341579
return_14,-0.03436409737485875
court_14,-0.034418407071780475
justice_16,-0.03446421746034758
community_16,-0.034483190503881864
revenue_16,-0.03456949368909654
economy_14,-0.03464901828526763
invest_11,-0.034649567940179614
holiday_17,-0.034717021244604275
water_12,-0.0347547624942214
cash_14,-0.034848542326278854
ltd_16,-0.03491116591857217
act_16,-0.03491476111194165
court_7,-0.035042709636344746
health_12,-0.03523137133175145
crisis_14,-0.03528434569835359
stats_12,-0.03529460065844523
labor_7,-0.03533539362502007
business_16,-0.035413386600557505
gold_16,-0.0354427838110738
profit_7,-0.03544534406268107
energy_2,-0.03555860231299239
finance_12,-0.035611300394589616
financial_16,-0.03584586216164622
labor_12,-0.03585410374788169
votes_12,-0.03587773794142746
services_12,-0.035893525232969806
corporation_12,-0.035901896131220815
garden_10,-0.03590518178758519
president_11,-0.03593131583557918
returns_1,-0.0360113514548851
illinois_16,-0.0360543633947696
elections_11,-0.03606888627525358
labor_6,-0.03618011371559719
governor_20,-0.036262636117911716
financial_2,-0.036364475940160366
management_12,-0.03638303183788107
management_2,-0.036503437858938434
freedom_13,-0.036524036287948515
council_12,-0.036544723658472236
money_16,-0.03658171034786093
markets_16,-0.03662163328289967
act_12,-0.036639541842812415
revenue_12,-0.037053082639269694
senate_5,-0.037060067494079904
justice_12,-0.03706938822172123
fed_12,-0.03714697675601821
police_16,-0.03723504222687535
returns_18,-0.03728917058859989
republican_10,-0.037328215674727126
growth_16,-0.037333934293157414
president_16,-0.037408761506261136
representatives_2,-0.03744077272848769
carolina_12,-0.037448907393534944
stock_market_13,-0.03752634231974392
security_12,-0.03756931147104305
opportunity_14,-0.03781529091656022
governor_2,-0.03784819508674993
markets_7,-0.03788097410390896
DOW_JONES_15,-0.03797461386384508
cancer_16,-0.038097003117427496
portfolio_16,-0.0383180766078338
federal_12,-0.03846543722011906
project_16,-0.038541888826555515
credit_16,-0.0386716953413079
inc_12,-0.03867858748151396
elections_10,-0.038698533390827426
corporation_2,-0.03881214886854149
consumption_10,-0.03893075714614338
stocks_16,-0.03896738231676098
labor_1,-0.03916510179191499
senate_17,-0.03929201494181507
crash_12,-0.03930549273852853
companies_16,-0.0393164104171926
BUY_AND_HOLD_1,-0.039382310622566405
returns_2,-0.039415529058426824
color_14,-0.03948843301348428
default_16,-0.039717465711270064
representatives_7,-0.039800475600800356
markets_18,-0.040001587854980716
earnings_8,-0.040080601711146066
gains_15,-0.040155423964446116
democratic_20,-0.04055925766039812
district_16,-0.040670649622965224
water_16,-0.04072780274107888
short_selling_2,-0.04092372639763655
elections_6,-0.04111757063431829
secretary_16,-0.04131432666773136
marketing_16,-0.04154671074236731
nyse_14,-0.04185730193715302
environment_16,-0.042076257955652084
present_16,-0.04276329346695333
chance_17,-0.042936669767536406
senate_12,-0.043350851150199786
marketing_7,-0.043459270786875434
voters_7,-0.043721789303107196
legal_16,-0.0437679643240938
environment_12,-0.044860972362605354
inc_2,-0.04530465720323436
debt_16,-0.0456118246471773
portfolio_10,-0.04635179348979461
republican_1,-0.04657010992698318
voters_20,-0.04662644174194688
republican_17,-0.04716745846658314
court_2,-0.047193108318279095
labor_18,-0.04726094853046019
politics_5,-0.048045719740139936
politics_8,-0.04807510857824586
crisis_1,-0.04824678029492076
consume_16,-0.04864455685736946
leverage_10,-0.04899121635845314
governor_17,-0.049011309892356025
politics_10,-0.04939789287542882
inflation_8,-0.04957817762797512
markets_12,-0.04973071457348392
district_12,-0.04988565774741767
crash_16,-0.050222567880973214
judge_16,-0.05023827521971984
BUY_AND_HOLD_7,-0.050703056976376185
secretary_12,-0.05097141682013888
gain_8,-0.051154652048119066
william_16,-0.05127208467039259
firm_16,-0.051277940231226095
BUY_AND_HOLD_8,-0.05154331500486935
president_9,-0.05221429650246199
senate_11,-0.05240213005039433
crash_14,-0.052675612674751474
growth_7,-0.052816183323479614
housing_16,-0.05305243667246027
secretary_2,-0.05347127099852962
elections_18,-0.05374746043452232
BUY_AND_HOLD_16,-0.05405235393399836
voters_5,-0.05412893223476054
ministry_16,-0.05423913083493206
holiday_16,-0.05434025430547647
financial_12,-0.05634341591853285
ceo_14,-0.05661375545199574
democratic_16,-0.057059913715268105
judge_12,-0.05798250703497816
elections_5,-0.0581522730909678
fed_17,-0.05956145620198017
profit_16,-0.06037681005836628
voters_15,-0.060592613721260014
stocks_14,-0.06393757624848331
governor_12,-0.0640879281775657
voters_18,-0.0644979394754196
secretary_7,-0.06467777802850909
votes_17,-0.06609923238453053
financial_7,-0.06645653063548822
votes_14,-0.0670277236684778
votes_8,-0.06889902592510862
voters_4,-0.06921324975278753
votes_20,-0.07104001886764792
elections_16,-0.07292830869576006
crash_8,-0.07349145576882724
BUY_AND_HOLD_14,-0.07361551302789601
politics_16,-0.07445126089756722
voters_11,-0.07509194019713979
governor_7,-0.08495890450944547
governor_1,-0.08937648164370351
senate_7,-0.08945447751457247
votes_5,-0.0938254735021706
votes_10,-0.09401693186812284
senate_2,-0.09742469265579883
governor_16,-0.10169900964897338
BUY_AND_HOLD_4,-0.1033899471786111
voters_9,-0.10475766714126544
representatives_16,-0.10516902428697869
republican_7,-0.11096528790962708
senate_3,-0.11237717986195381
republican_16,-0.12119106675358196
votes_19,-0.12199021407852077
votes_13,-0.17185548775506837
votes_6,-0.21721370517771965
votes_2,-0.2256871849785485
votes_15,-0.24413378630797206
votes_11,-0.24466271360764455
votes_4,-0.24869046005718615
votes_9,-0.2692536429368423
voters_16,-0.3591272057570017
votes_3,-0.6696354911755134
votes_16,-1.7581322856432624
