feature,feature_score
success_16,0.009681668773135699
consume_14,0.009670931517785331
college_16,0.009063600627214452
secretary_6,0.008579154717885262
war_17,0.008499026818132282
representatives_6,0.00821082770464394
dow_jones_17,0.00819897902284208
opportunity_6,0.008186907257645593
growth_16,0.007379639794930481
earnings_4,0.007377927833121145
portfolio_6,0.007210711953698578
carolina_16,0.007210350398201415
metals_6,0.007206570852097327
ore_8,0.007049757577008453
headlines_13,0.006906389548913916
invest_1,0.006850179535246958
act_16,0.00670836367087968
service_16,0.006509555389525268
community_16,0.006446260847860952
bank_16,0.00644613856152203
political_17,0.006418219098904632
return_16,0.006232478245241757
management_16,0.006121983893290173
services_16,0.006095614718649412
energy_16,0.006042632373518764
office_16,0.006036588347147575
religion_17,0.006010637705192901
federal_16,0.005987383383764167
invest_11,0.005942788245576236
health_16,0.0057860196695990185
union_6,0.005768480736240034
tennessee_16,0.005737149904529892
case_6,0.0056583378880621146
law_16,0.005560775837866183
companies_16,0.005516317563446993
rights_6,0.005512253610062845
lifestyle_17,0.005498562409695595
credit_16,0.0054505453412259765
union_16,0.005436663913836104
cash_7,0.005355626767405863
development_16,0.00519250110393954
media_17,0.00517768487158361
credit_6,0.005140493316151717
risk_6,0.005110454587461133
missouri_16,0.005079097646221387
ohio_16,0.005062015328842406
security_16,0.004988495707793405
council_6,0.00497975430713431
york_16,0.004977815410812725
political_16,0.004809943107398374
inc_16,0.00479954384087451
tennessee_17,0.00479708557709313
invest_10,0.0047580002806262515
consume_13,0.004756674984502563
ohio_8,0.004743168355441196
stocks_6,0.004685477013740669
firm_1,0.004610424385950029
environment_16,0.0046082598498891954
financial_16,0.0045955291218569005
million_12,0.004579881385472074
county_16,0.004576619132970449
fed_16,0.004551973459574299
georgia_16,0.004535899911523566
short_sell_1,0.00449171046835839
massachusetts_16,0.004488522370586079
illinois_16,0.00448050749449973
washington_6,0.004460564427134628
dow_jones_16,0.004454005231008274
minister_7,0.004423450292374076
social_6,0.00437912102268887
travel_16,0.004360392133807234
debt_6,0.004341227469059006
oil_16,0.004333687199722514
market_16,0.004321731081380076
earnings_3,0.0042583890492962516
court_16,0.00423935623937941
arts_6,0.0041829621404807504
short_selling_15,0.004173437212887876
banking_16,0.004164325635837018
government_16,0.004143390802033941
votes_5,0.0041313636719231715
fed_6,0.004076816966009122
food_17,0.004023843582105213
economic_6,0.00399806817081092
stocks_16,0.003994895344317096
return_1,0.003977690805012579
minister_19,0.0039504243000905385
greed_8,0.003862860623298081
social_16,0.003853599864678059
returns_8,0.0038524817575721127
train_2,0.003840194155961418
ltd_11,0.003834875923178438
business_16,0.003829874341315165
washington_16,0.003819081480549702
corporation_16,0.0037877723109261963
short_sell_2,0.003744159922788204
tennessee_15,0.0037430068052467956
marriage_16,0.0037314717966713262
tourism_16,0.003691368306694964
greed_7,0.0036899895367624503
secretary_16,0.0036844946919631916
gains_11,0.003649644359586546
color_7,0.0036408966353971505
case_5,0.003609152887769418
default_16,0.003578728782134899
republican_2,0.003577379426695626
lifestyle_10,0.0035741465373760662
wisconsin_6,0.003573346252626175
media_16,0.003563749448382758
chance_1,0.0035420615790389574
president_6,0.003490872513293497
texas_16,0.0034785542152723893
labor_16,0.0034562734196445398
transaction_15,0.0034560447964296693
bonds_14,0.003447660496207039
minister_11,0.0034402396835290895
hedge_17,0.003434854728490322
district_16,0.003403877216883333
cancer_16,0.0033963755034380093
justice_7,0.003390214603300068
marketing_6,0.0033812069613540887
management_6,0.0033702783708603025
crisis_1,0.0033569543484051946
food_15,0.003325388361577608
metals_13,0.003319509127441145
house_16,0.003282229730232489
nasdaq_8,0.0032796860374296076
ltd_6,0.003267109021620973
president_17,0.0032149400426792598
short_selling_13,0.0032041532630439295
stock_market_19,0.0031685542418921075
society_6,0.003160276175934329
texas_6,0.0031521638819506314
seats_17,0.003149433545345115
religion_20,0.0031421352098135458
senate_19,0.003133696801820318
business_6,0.0031172354000643223
economic_16,0.003106695735544518
marketing_16,0.0030954177336357967
wisconsin_16,0.0030548113967985733
gains_16,0.003054343200806997
party_17,0.0030427817834677517
representatives_8,0.002990007079603707
freedom_17,0.0029828094290952124
lifestyle_4,0.0029812271017540582
project_10,0.0029711840605231243
money_17,0.0029633618909320923
ltd_10,0.0029318717975078457
products_16,0.0029233634545233977
investment_16,0.002922628073906264
DOW_JONES_11,0.0029163724210433005
technology_16,0.0029123156422532492
technology_6,0.0029063396141511878
money_1,0.0028950334639572307
cash_6,0.002892235976460622
legal_16,0.0028908282062180433
governor_19,0.0028820143836183697
rights_16,0.0028735103781405646
federal_6,0.0028702833422464156
short_sell_6,0.0028571072707533453
gains_1,0.002854415716804404
gain_1,0.0028479219706257332
dividend_1,0.0028084400458453064
BUY_AND_HOLD_10,0.0028082399593058137
cancer_6,0.0027991370170533437
law_17,0.00279470473264829
chance_8,0.002791473863507332
transaction_1,0.0027556563656348397
crisis_19,0.00273876435468563
marriage_5,0.0027299370510199374
economy_13,0.0027297078655615704
minister_6,0.002729101805949985
unemployment_16,0.0027252377872672316
profit_20,0.002717322245753562
water_16,0.0027173088417895785
project_15,0.002712619962433593
seats_19,0.0026950807284144007
market_6,0.0026238911159862212
ceo_11,0.0026064171738897192
transaction_4,0.0026039743422093587
risk_19,0.0025874479768303927
secretary_8,0.002583266960359998
security_6,0.0025661071501275725
york_6,0.002563926918849213
energy_15,0.002559791560916391
republican_12,0.0025390620493446424
opportunity_7,0.002529418627804025
pennsylvania_16,0.0025273029286917437
blacklist_16,0.0025188645444514713
restaurant_16,0.002515687235305819
firm_11,0.002502418732025147
lifestyle_18,0.0024952446710976516
rich_8,0.002474700083287029
college_8,0.0024717759763905668
financial_6,0.002459911413312965
growth_6,0.0024518736102313587
nasdaq_6,0.0024489705315131616
marketing_11,0.0024462853878292725
stock_market_6,0.0024310534062666144
products_6,0.0023971973308932306
million_11,0.002384696659210106
bank_6,0.0023774700910428105
returns_4,0.0023650047794763207
return_6,0.0023144601745241243
food_16,0.0023038766292842183
crisis_17,0.0022969510040503184
nyse_19,0.0022848231843579205
marriage_17,0.002238353476113608
massachusetts_6,0.002227988501153355
DOW_JONES_16,0.0022186073965697385
illinois_15,0.002218156918525893
served_17,0.0022141839864872727
transaction_5,0.0021786690231474946
environment_17,0.002164907951055639
BUY_AND_HOLD_15,0.0021605325290435795
finance_6,0.00214220177864497
ohio_2,0.0021421309213787154
risk_16,0.002135127974522666
present_18,0.002127155241892287
risk_11,0.002126489184680014
bubble_9,0.002124686811831178
movement_9,0.002121509898599205
inc_6,0.0021195362100560724
leverage_19,0.0020991610556101658
bonds_9,0.0020860785563180384
companies_6,0.0020683911442231475
sell_10,0.0020611387053079745
blacklist_18,0.002038149178830895
train_10,0.0020379978127663236
hedge_6,0.002037492442126654
court_6,0.0020349103394570857
home_16,0.002024897987825303
debt_13,0.0020191996078996466
short_selling_20,0.00200883532742806
trader_15,0.002007355125646093
william_16,0.002004804124826909
present_7,0.002004567132927604
consumption_18,0.0020009603831873334
rights_19,0.001999558561677217
success_17,0.001999252036412402
returns_5,0.001990232362734501
leverage_16,0.001982150170413166
freedom_8,0.001979090638567671
debt_11,0.0019735285093087198
debt_1,0.001963775314751182
bonds_8,0.001958257877908753
elections_9,0.0019553446883518568
transaction_7,0.0019551239777078288
republican_4,0.001954988204137509
oil_6,0.0019449420272604546
representatives_5,0.0019425159170794349
governor_5,0.0019283410541407475
virginia_6,0.0019193114516621978
republican_16,0.0019106696446144155
legal_17,0.0018913235842417774
development_6,0.0018795102640139839
cash_16,0.0018665772105642686
culture_17,0.0018547070037302272
travel_15,0.0018513928965578242
carolina_19,0.0018513413993395344
fine_1,0.0018428011903168118
marriage_6,0.0018385249765109136
democratic_1,0.0018372328336123233
leverage_1,0.0018353572798727846
stocks_5,0.0018324493328461644
market_15,0.0018136822807333975
corporation_6,0.00180645861109896
financial_markets_7,0.0018037386228194397
default_15,0.001795259068850874
environment_10,0.0017951699458627957
headlines_6,0.0017938453377495112
council_16,0.0017923541174525326
project_14,0.0017875282525954938
nyse_6,0.0017827783502807116
leverage_18,0.0017807522831145394
community_17,0.0017644525540307932
housing_6,0.0017623011669133603
ore_9,0.0017569037973412583
members_11,0.001753261346912205
carolina_17,0.001751526975518214
environment_6,0.0017462803380480674
unemployment_10,0.0017431645987650902
water_7,0.0017403907292335096
million_8,0.0017303032452833157
blacklist_15,0.0017163537549945928
party_16,0.0017158942939572651
washington_15,0.0017075508763674252
case_16,0.0017040587610133162
world_19,0.001696703406101796
stock_market_5,0.001696429061950866
economics_4,0.0016887070726022246
lifestyle_5,0.0016880287253816296
kentucky_1,0.0016803318846259296
federal_15,0.0016752230597409713
revenue_16,0.001668911248341054
economic_7,0.0016688732833246788
firm_12,0.0016470540312537806
police_6,0.001644569448641975
york_19,0.0016416418559014768
short_sell_8,0.0016321611534466651
governor_6,0.0016253540596760986
kentucky_7,0.001624166741508537
social_15,0.0016238761677382252
oil_15,0.0016236829598901715
nyse_2,0.0016049796210223732
democratic_18,0.0016031238213570775
stock_market_11,0.0016009268282750622
loss_5,0.0015977266591029383
social_17,0.0015870785666301178
rights_17,0.0015764815314384783
money_16,0.0015733669697630237
committee_3,0.001566609488628279
rich_2,0.0015659849951904059
risk_10,0.0015600445470867808
profit_12,0.001556179119123402
consume_2,0.001551202588983558
fine_15,0.0015471764259227029
dividend_6,0.001546844062613184
growth_17,0.0015462467101217791
founded_18,0.001545505602677366
society_16,0.0015241752560438027
debt_16,0.0015181152921831087
tennessee_19,0.0014858189981212355
tourism_7,0.001471251324802214
marketing_7,0.0014628397913838188
dividend_16,0.001459352586442164
firm_16,0.0014572989215546172
health_6,0.0014536522441378264
travel_19,0.0014502310916224338
global_16,0.0014352707083256089
ltd_16,0.0014278420517338075
success_20,0.0014215093566293246
media_6,0.0014044392566006092
financial_markets_6,0.0014042028381240357
president_2,0.0013879453897066353
service_17,0.001384077268603745
vermont_16,0.0013764671763663917
metals_5,0.0013727169540502572
hedge_19,0.0013699061110964196
blacklist_20,0.0013687125868617534
economic_10,0.0013624886336471409
project_16,0.00136154292197046
financial_markets_19,0.0013532950072502991
founded_15,0.001347583549263831
greed_13,0.0013462569360901844
secretary_5,0.0013377979107097148
freedom_7,0.0013324260059740523
stock_market_20,0.001330771601017644
ore_12,0.001329558885005766
risk_20,0.001327792545656803
present_17,0.0013141944615228552
republican_15,0.0013110299905442879
security_15,0.0013101022205574298
stocks_12,0.0013094475062059407
members_5,0.0013023038410056476
county_6,0.001288781669639305
crisis_6,0.0012877620425185254
success_7,0.001282688983716218
democratic_9,0.0012823644000905742
loss_1,0.0012739348096390656
unemployment_19,0.001273719724585276
fun_11,0.0012732387824518465
ministry_15,0.001271344870918023
wisconsin_1,0.0012703836696243975
travel_6,0.0012615386366838788
gain_18,0.0012583846351177596
service_15,0.0012506065168651713
buy_14,0.0012490686932945527
ltd_5,0.0012462453866957102
politics_1,0.001230344987636367
missouri_17,0.0012271735921496774
returns_15,0.0012236648552233164
judge_16,0.001213804673622354
judge_6,0.0012058279002292282
union_17,0.0012047469308729575
trader_14,0.0012038099562061255
community_6,0.001196922407461276
court_17,0.0011914276201960617
committee_17,0.0011899790727806225
illinois_6,0.0011883347954426248
nasdaq_11,0.0011818781237167065
transaction_11,0.0011777703175126718
stats_15,0.00117756698109881
party_1,0.0011759855982202082
fine_16,0.0011733289246181888
car_6,0.0011725657264469946
metals_14,0.00117055613914121
kitchen_6,0.0011701911771355932
seats_18,0.0011652504540701214
democratic_6,0.0011637663566688827
act_6,0.001162048636116797
money_6,0.0011591803809248625
trader_11,0.0011566056855795148
oil_14,0.0011542448295434715
home_6,0.0011536955185071918
cash_3,0.0011521820678494165
carolina_15,0.0011473446131563092
york_8,0.0011453014755147483
BUY_AND_HOLD_1,0.0011416425051440139
election_12,0.0011360751754673215
metals_9,0.001128308425142177
rich_16,0.001126008368179221
services_6,0.0011256258213867998
minister_8,0.0011204701564562214
marriage_1,0.001119124892312362
portfolio_16,0.0011141626907129165
carolina_5,0.00111338101740448
inflation_13,0.0011064758156623888
ring_2,0.0011039930129431498
BUY_AND_HOLD_3,0.0011009106930186974
economic_15,0.0011002309263684618
rights_3,0.0010992172882206886
unemployment_15,0.0010949709075536828
democratic_4,0.0010925160800349999
growth_8,0.0010906936834099267
portfolio_5,0.0010851866500676487
fine_13,0.00107868878035402
consumption_3,0.0010782698774711053
politics_3,0.0010762402364052459
BUY_AND_HOLD_8,0.001071789653894184
derivatives_20,0.0010717721068189468
industry_14,0.00106418058129627
founded_4,0.0010625933599330173
minister_18,0.0010516794011397935
marketing_13,0.0010504215992046095
color_16,0.001046628493785695
million_3,0.001042204505862232
representatives_7,0.0010419791481493634
georgia_6,0.0010391376419021992
governor_9,0.0010248951365419367
hedge_1,0.0010144140942484725
markets_10,0.0010138706917967922
restaurant_6,0.0010056732246230382
massachusetts_3,0.001004892826504933
forex_13,0.0010006587647616305
william_6,0.0009949444793953433
dividend_5,0.0009910080977952207
republican_13,0.0009815522832416156
illinois_1,0.000978423282730212
carolina_6,0.0009778288279650217
economic_17,0.0009760071672340054
dividend_17,0.0009668971567525775
religion_6,0.0009659071046299817
debt_5,0.000965862604117329
texas_15,0.0009505148159271171
fed_11,0.0009442865426413149
global_6,0.0009440468802542235
success_3,0.0009386935540482755
short_sell_5,0.0009222961090859849
color_14,0.0009199490923754938
war_16,0.000909128634816958
health_17,0.0009087562111602443
return_13,0.0009083949331106566
short_selling_8,0.0009018593056120183
short_sell_7,0.0009015065263936028
leverage_20,0.000898950004329846
justice_14,0.0008987599039112393
profit_16,0.0008907277717451701
crash_12,0.0008873926560045486
crash_13,0.0008847026742664799
ring_10,0.0008800920805037471
consume_17,0.0008795613527903701
gain_6,0.0008756694197807446
color_5,0.0008753528044664671
massachusetts_15,0.0008604861429364119
fine_11,0.0008584313423956047
tourism_1,0.0008505261738323888
massachusetts_5,0.0008421392991938559
massachusetts_19,0.0008366919237422721
industry_6,0.0008365182206819144
rich_3,0.0008360862983423755
risk_17,0.000834511873406063
products_15,0.0008259701407877573
economy_17,0.0008184568995246889
consume_15,0.0008129818676426481
fed_2,0.0008120648632240268
rights_7,0.0008113873273919659
leverage_14,0.0008096476235312178
consume_1,0.0008086808235423959
metals_16,0.0008081230709978904
carolina_8,0.0008073077626996383
metals_19,0.00080301036085626
invest_5,0.0007993511443493029
union_14,0.0007960325258674183
council_19,0.0007946417916127269
color_3,0.0007921868488693252
financial_markets_14,0.0007912092250619063
banking_11,0.0007875737673870952
gain_13,0.0007861428772444779
fine_12,0.0007853889444019657
stocks_3,0.0007847523078759799
york_17,0.0007825427229810611
gain_15,0.0007821522282187799
labor_6,0.0007819198657422755
stats_17,0.0007798934968513028
color_6,0.0007782697491343748
leverage_15,0.0007769521316933314
crisis_20,0.0007729494637259915
media_1,0.0007717387365492989
ohio_6,0.0007705749297108877
unemployment_18,0.000764140389391299
transaction_6,0.0007599308222509648
management_17,0.0007597654425500089
consume_12,0.0007557283422800376
county_19,0.0007499118873007582
inc_15,0.0007458276393121244
seats_1,0.000738979454074773
crisis_10,0.0007374491641887638
fond_15,0.0007317897867578527
sell_1,0.0007312637242648856
ore_4,0.0007178483425336113
sell_7,0.0007157555557194995
color_1,0.0007154713394534439
blacklist_5,0.0007152008296879897
voters_6,0.0007146891611446993
bubble_15,0.0007125823582136536
secretary_19,0.0007122551988419268
legal_3,0.0007098710121905105
train_5,0.0007086253814100774
tourism_15,0.0007066159723539744
holiday_16,0.0006966648656825392
short_selling_4,0.0006966135136849516
movement_17,0.000694301504933681
law_6,0.0006939953054296621
court_19,0.0006910867348484118
ltd_12,0.0006902745093978257
world_1,0.0006874781387843365
committee_19,0.0006868537809049391
gold_3,0.0006867219190390461
society_17,0.0006848500791249767
political_19,0.0006815924457220568
arts_16,0.0006792676333869263
corporation_14,0.0006786107328962566
ministry_8,0.000676277792588742
food_6,0.0006738729027684576
leverage_7,0.0006675105477920385
leverage_2,0.0006669812517946294
illinois_17,0.000663382475240537
bank_14,0.000660964630491545
debt_12,0.000651361915968729
water_19,0.0006507010888951558
service_6,0.0006473538230181263
york_14,0.0006434952672125683
religion_3,0.0006421377006273321
travel_8,0.0006416908974791413
returns_10,0.0006390500337313476
economy_14,0.0006388315406890222
virginia_16,0.0006219911990816395
kitchen_14,0.0006185987996305542
governor_7,0.0006176069716777643
gains_17,0.0006145154532665841
million_5,0.000613039002502025
president_19,0.000612585984653724
restaurant_13,0.0006119950436011878
financial_markets_20,0.0006011465439510922
minister_5,0.0005952341266547423
wisconsin_13,0.0005936445416822478
fine_17,0.0005867908096656826
gold_11,0.0005855679849747552
water_15,0.0005851169421698498
opportunity_12,0.0005822921309045048
pennsylvania_15,0.0005803116813877685
industry_17,0.000579795048200693
media_12,0.0005762062288234171
conflict_17,0.0005714603597375634
global_7,0.0005671834564146882
marketing_12,0.000566407534811586
metals_7,0.0005643572809270747
police_7,0.0005565711397385265
voters_2,0.0005550585458021339
greed_18,0.0005518804892543194
chance_7,0.0005490719880088645
legal_13,0.0005485574909094515
pennsylvania_17,0.000548422518552516
companies_17,0.0005479181635546393
government_19,0.0005394707674791111
justice_19,0.0005377735990039767
politics_4,0.0005338152433403076
technology_17,0.0005236616410029926
gold_5,0.0005212338991403386
stocks_19,0.0005198857378213573
members_16,0.0005165083624739441
seats_14,0.0005100948443909515
members_3,0.0005088005135842844
markets_18,0.0005082051221911854
ohio_14,0.0005059279981372899
district_17,0.0004959455055415285
ltd_18,0.0004895727083132461
college_6,0.00048734099933542827
texas_19,0.00048613838181743585
inc_17,0.00048575855245001074
missouri_6,0.0004825308888463997
marketing_14,0.00047976800435269864
elected_16,0.00047665381271149164
wisconsin_14,0.00047630649722609777
business_19,0.0004727799804887134
trader_8,0.00047253185345510487
opportunity_13,0.00047170019109037397
union_7,0.00047157734939657915
blacklist_12,0.0004669545261074326
council_4,0.0004659123609885629
arts_19,0.00046590755310829126
religion_16,0.00046577288866034294
return_20,0.00046448150447837567
wisconsin_19,0.00046404095709362547
risk_7,0.00046159705894393
greed_12,0.0004582889584238581
stats_19,0.0004574539336315686
inflation_16,0.0004508204300806229
rich_4,0.00044906279431571327
train_9,0.0004464845063145928
pennsylvania_6,0.00044628497447882773
greed_5,0.00044530254066599273
money_5,0.0004439124229755675
loss_7,0.00044359860424827426
rights_15,0.00044029448964755247
banking_3,0.00043845357138179165
stats_11,0.0004361880332249601
media_11,0.0004359129334497558
profit_19,0.00043330944410751026
consumption_13,0.00043066070801232035
hedge_16,0.000429696284369574
development_17,0.0004290741759826355
security_17,0.0004277622487836474
markets_19,0.000426745282192309
ceo_17,0.00042634482805108397
services_19,0.00042559556399988094
profit_14,0.00042388555891297307
fun_18,0.0004234575453074374
act_17,0.0004221271509947222
transaction_10,0.00042174535700700844
media_8,0.00042006183449565525
office_15,0.0004192715468787522
consumption_16,0.0004184839315443334
restaurant_15,0.00041688965482369336
war_1,0.0004131596750029276
return_7,0.00041254023911307947
oil_7,0.000412215795606885
governor_1,0.00040961011990308104
dow_jones_3,0.0004089612876061466
war_7,0.00040695300633133427
nyse_14,0.000406168513820937
ministry_16,0.00040549343842961606
senate_8,0.00040481590240837306
returns_7,0.0004045984383629797
vermont_3,0.0004040904024048775
media_10,0.0004021798501014917
crash_7,0.000402122893576351
union_10,0.00039331126538100225
office_6,0.0003926217013798139
police_16,0.0003896788523300332
council_14,0.0003877975456256566
companies_15,0.00038674493501114073
justice_16,0.0003855617045342985
environment_14,0.00038294448269498015
technology_10,0.00038278561102724764
conflict_8,0.0003784280757179959
missouri_15,0.00037771325135775856
short_selling_9,0.0003744065010863773
marketing_10,0.0003742195899299805
million_10,0.00037037291928967433
money_20,0.00036911846129861203
invest_18,0.00036447137949702224
ring_14,0.00036348043840148667
georgia_17,0.0003590843123469245
kitchen_19,0.0003589553723423844
gains_12,0.0003584641961664525
inflation_14,0.0003540316757127959
elections_6,0.0003521272000373443
products_14,0.000350699569080315
water_14,0.0003500317115588958
election_11,0.00035000332514405484
government_17,0.0003426894160624361
arts_12,0.00034168754772867516
oil_17,0.00034123555133991346
products_17,0.00034000238918932004
committee_16,0.0003392401931436195
opportunity_16,0.00033840042046153764
political_3,0.0003383567157087874
success_6,0.0003375798330961688
services_17,0.0003373412198307113
train_6,0.0003364407905344535
rich_11,0.00033601867664043714
holiday_15,0.0003358977157474241
party_10,0.00033402303682625865
consume_8,0.00033281463176717543
world_3,0.0003324427461498081
william_1,0.0003240992950951149
freedom_9,0.0003208060484908959
forex_11,0.0003197592055422582
metals_11,0.00031876889215050054
trader_7,0.00031265967220024394
house_7,0.0003114286190958104
seats_20,0.000311002604301347
financial_10,0.00031099876650779733
leverage_8,0.00030734669056005083
short_sell_4,0.0003054528572148829
default_10,0.00030364044158279755
opportunity_19,0.000301117899290082
travel_10,0.0003003437623696037
missouri_10,0.00029966172865218964
gain_20,0.00029660549753383056
investment_17,0.0002938559383493633
committee_14,0.0002937892336643433
water_1,0.0002930471511566335
seats_3,0.0002906105022675742
return_14,0.00028755434155087746
kentucky_13,0.0002872515547107213
short_sell_14,0.0002847272387382249
money_15,0.00028285349253869273
stats_8,0.00028156206345595345
house_12,0.00028132382074477216
lifestyle_15,0.00028101772767352706
growth_15,0.00027865766412655814
house_17,0.0002775802764024782
development_14,0.00027611833112299865
inc_14,0.00027596887792376014
founded_3,0.0002748411760847169
rare_earths_9,0.00027329623664642535
georgia_19,0.00027288593158354414
virginia_19,0.0002713602729758291
rare_earths_11,0.00027119367545846984
kentucky_6,0.00027044395690105637
missouri_5,0.00026986939628212967
rare_earths_10,0.0002693678914620579
risk_12,0.00026887421390446863
investment_5,0.00026762780962881206
financial_14,0.0002667459501123792
politics_11,0.0002666557913739709
culture_16,0.00026544024922772194
car_19,0.0002653426765836686
headlines_1,0.00026375439231023367
inflation_8,0.0002629066746623776
garden_19,0.0002626979599276602
council_3,0.00026036644096323337
restaurant_12,0.00025976551033684013
rare_earths_20,0.0002588558614534886
returns_2,0.0002568631975595759
office_19,0.00025571285066441354
rare_earths_18,0.00025479735663558323
rare_earths_19,0.0002541348617118855
transaction_14,0.00025041108419907585
rare_earths_6,0.0002497696032244923
consume_19,0.0002481548611366513
york_5,0.00024800738738164354
rare_earths_8,0.0002447950694565382
short_selling_3,0.0002428287489826042
freedom_20,0.00024259413505514082
forex_20,0.00024157644053102167
derivatives_5,0.00024094839258017586
gains_15,0.00024050409570821606
metals_17,0.00024021386256944943
served_4,0.00023957574355215616
fine_7,0.00023695795668836616
tourism_10,0.00023659597989533765
products_10,0.00023511879692534877
police_12,0.00023170850473981376
rare_earths_5,0.00022876003256446786
services_14,0.00022839168922410557
leverage_5,0.00022772489849220978
committee_11,0.0002264471999226858
nyse_8,0.00022137684214755814
success_15,0.00021895642965794604
rare_earths_12,0.00021671573758521578
rare_earths_7,0.0002152953149666459
project_19,0.00021490056825439473
metals_10,0.00021483361391025913
party_19,0.00021337347424725815
senate_6,0.00021309168130321244
bubble_4,0.00021296927960972044
investment_7,0.00021221187891258265
forex_15,0.00020963017328492483
rare_earths_16,0.00020877513580772611
leverage_11,0.00020831748591798593
housing_16,0.00020646594332929258
elected_7,0.00020644338134427896
home_8,0.00020593539716102783
tennessee_12,0.00020471431688358078
development_19,0.00020161792316077953
rare_earths_13,0.0002013975233617682
conflict_5,0.00020028556767839322
members_14,0.00019998350680310305
home_15,0.00019987728419967876
default_13,0.00019893614954860083
house_3,0.00019759732510966633
vermont_15,0.00019420004957177995
arts_5,0.00019204977791058563
college_3,0.0001917219774999035
project_7,0.00019159850032925973
nasdaq_18,0.00019146125101934252
ceo_12,0.00019141395732029664
garden_11,0.00019016710424080152
party_11,0.00018886036761978087
rare_earths_3,0.00018874139656916978
movement_6,0.00018783763975547264
bubble_3,0.0001868395588314753
rare_earths_14,0.00018428603324625037
rare_earths_15,0.00018422129107888984
stocks_11,0.0001842092085184932
rare_earths_17,0.0001840422929133334
freedom_3,0.00018344472961870917
house_19,0.00018288985247119082
elections_5,0.00018209752068234497
bank_19,0.00018090449510790307
consumption_8,0.00018087941417002095
election_14,0.00017718282932754903
vermont_5,0.0001770674742920475
money_7,0.0001769548404638943
council_17,0.00017602561376450776
house_15,0.00017586364357176089
war_12,0.00017328035773414018
banking_6,0.00017016504454363534
industry_16,0.00016634413234986045
lifestyle_19,0.00016512460422024589
virginia_15,0.00016456121291203997
fine_19,0.00016345333056619893
police_15,0.00016332311378912666
secretary_7,0.00016303925178484668
energy_6,0.0001622708313642418
war_19,0.00016128017479388745
rich_12,0.00016046478500244543
corporation_17,0.00015998247876582993
society_7,0.00015959219868737494
rare_earths_2,0.00015295781951831788
forex_14,0.00015126388602328955
companies_14,0.00015122110917755726
york_15,0.00014843674807532014
rare_earths_1,0.00014663888633263954
holiday_7,0.00014476989137148787
vermont_6,0.0001446110908903675
tourism_8,0.00014454954105727058
illinois_14,0.00014405082913306888
ring_8,0.0001434570575156835
opportunity_5,0.0001431886831164686
ring_6,0.0001428251917641843
justice_17,0.00014242177152201663
elected_6,0.00014194789099994943
economy_10,0.0001397183004321345
buy_19,0.00013733842285119647
dow_jones_6,0.00013694488897169065
loss_11,0.00013663816020208496
economics_16,0.00013643815020025762
dividend_3,0.0001359485802239435
ministry_7,0.0001355466104174141
legal_15,0.00012975074888608163
investment_13,0.00012722767084414333
vermont_8,0.00012719375377938656
profit_17,0.00012638960454400828
virginia_14,0.00012442499673719353
federal_17,0.0001218289945240425
color_10,0.00012099800419145268
financial_19,0.00012061315465126122
portfolio_8,0.00011957064685252927
technology_7,0.00011886283901834105
car_12,0.00011820135890840965
industry_11,0.00011788272347812434
police_13,0.00011496530589529818
office_14,0.00011432174036860588
fond_10,0.00011382692574126718
management_14,0.0001124428356457985
voters_1,0.00011189379688094636
million_15,0.00010969616847535945
buy_12,0.00010848738745825593
economy_5,0.0001076469689484716
restaurant_18,0.00010584059470408747
greed_17,0.00010539021409168292
rare_earths_4,0.00010499932543410751
vermont_17,0.00010438006145587763
housing_15,0.00010324345177592509
gain_5,9.81482557437019e-05
society_14,9.783131949414603e-05
market_7,9.67225552207962e-05
restaurant_8,9.66190822973223e-05
fun_13,9.610440759744154e-05
inc_19,9.481185533772862e-05
trader_13,9.098728715202231e-05
money_3,8.77545224737819e-05
short_sell_16,8.708013744855858e-05
republican_1,8.198457210786269e-05
democratic_11,8.196064343422016e-05
pennsylvania_7,7.924904117979636e-05
culture_13,7.813927136051113e-05
travel_14,7.601978116924534e-05
leverage_13,7.209352635895172e-05
political_15,7.094100094680033e-05
act_19,7.067411278303127e-05
federal_14,7.043149388858971e-05
corporation_5,6.672774815434934e-05
business_14,6.522943300619754e-05
economy_15,6.378154773960532e-05
election_17,6.25473675946342e-05
social_19,6.231305135748766e-05
act_15,6.161298970732698e-05
case_1,6.156113970621214e-05
leverage_9,6.141296972244082e-05
voters_16,5.961122992352852e-05
leverage_6,5.746292663995067e-05
economics_19,5.741810222787968e-05
holiday_14,5.684662459704004e-05
returns_9,5.655783663591762e-05
case_7,5.4499576288535855e-05
party_12,5.408059050520109e-05
washington_14,5.263346467805352e-05
nyse_18,4.9272771109176713e-05
justice_10,4.7017390413794935e-05
home_5,4.6208181954465745e-05
gain_7,4.574150384530906e-05
dividend_20,4.5145264375068274e-05
restaurant_5,4.437995909467585e-05
consumption_11,4.35340062278744e-05
wisconsin_7,4.3057607636698415e-05
tourism_17,4.1844831076032206e-05
finance_14,3.9577529193857155e-05
society_19,3.879075611690208e-05
served_13,3.7118789582124556e-05
wisconsin_12,3.5597948489241024e-05
seats_16,3.4567719637124125e-05
rights_11,3.3708890299744e-05
BUY_AND_HOLD_14,3.322923901325492e-05
stats_1,3.185144257649153e-05
politics_17,2.853551139907484e-05
market_13,2.8287395415405038e-05
bubble_5,2.799772776498344e-05
world_6,2.7027818926050884e-05
minister_3,2.6714357182688885e-05
stats_7,2.6354382540483277e-05
happy_10,2.397186166149812e-05
return_5,2.389866080338976e-05
health_14,2.229696110656043e-05
car_14,2.1409014760531696e-05
revenue_17,2.112508364240373e-05
financial_markets_2,2.1052094562090672e-05
metals_12,2.0267586311573105e-05
ore_10,1.7673807449725133e-05
gold_14,1.691835503072614e-05
investment_3,1.6006391765466255e-05
case_19,1.5850413675133623e-05
arts_7,1.5821236594404377e-05
washington_19,1.5308357275034545e-05
court_14,1.3852259458180249e-05
rights_8,1.2605352028738359e-05
founded_2,1.0795734628343823e-05
religion_19,9.635020880871537e-06
house_14,7.973843822495218e-06
consume_7,7.58569755434646e-06
return_17,6.856440219360493e-06
media_13,6.219813394969798e-06
consumption_15,6.144549855569004e-06
returns_11,4.067333895463321e-06
case_12,3.3199356687330096e-06
college_19,2.1294618323119963e-06
restaurant_1,1.6463552966028417e-06
religion_7,1.4174210998696423e-06
labor_1,1.3125822057702408e-06
freedom_6,-3.6431162561134656e-06
greed_1,-4.2835093783999415e-06
votes_1,-5.836641523604413e-06
corporation_19,-6.943163814354669e-06
environment_15,-7.678244481601481e-06
happy_11,-1.0081705600417657e-05
travel_12,-1.053144233003067e-05
labor_14,-1.1038965175558246e-05
oil_1,-1.1368581096249387e-05
society_3,-1.3519818043072896e-05
president_10,-1.3857722944665696e-05
ring_15,-1.804436982910662e-05
BUY_AND_HOLD_9,-1.8125871176444264e-05
short_selling_10,-1.8662834830007748e-05
economics_5,-1.9714549466232077e-05
movie_11,-2.007074944299081e-05
justice_3,-2.0551376080191196e-05
world_15,-2.1920717020940116e-05
senate_7,-2.288997613475452e-05
home_14,-2.4786366789886217e-05
elections_7,-2.635713144170104e-05
rich_7,-2.6845505490946665e-05
bubble_16,-2.8231837584424823e-05
dow_jones_19,-2.9471578129025565e-05
ltd_4,-3.0283582569845535e-05
short_sell_15,-3.246007292183606e-05
legal_12,-3.4376121813939345e-05
color_15,-3.4417470872583064e-05
police_14,-3.517627929008338e-05
justice_6,-3.635569734989907e-05
greed_20,-3.922727790099945e-05
democratic_15,-4.0105492788589106e-05
car_8,-4.128996278514041e-05
nasdaq_2,-4.328145323868604e-05
holiday_19,-4.4615254439328567e-05
greed_19,-4.64977085437468e-05
marriage_4,-4.6720835643010436e-05
fed_8,-4.7951906720866686e-05
kentucky_15,-4.8794694142784147e-05
metals_1,-5.419720853694354e-05
federal_3,-5.464480183927645e-05
rich_13,-5.6328670706773384e-05
derivatives_14,-5.65138219578154e-05
served_20,-5.677664852981046e-05
seats_6,-5.685933119072839e-05
democratic_8,-5.752401806007335e-05
republican_14,-5.7903304932205304e-05
ltd_19,-5.9918208293807676e-05
present_13,-6.022766977669125e-05
rights_14,-6.104228846186555e-05
housing_19,-6.179377114130524e-05
money_13,-6.796833696940397e-05
products_19,-6.821095119671216e-05
risk_8,-6.856476321559501e-05
kentucky_19,-6.886711678428803e-05
train_11,-6.934055049809818e-05
business_15,-6.954499008098303e-05
fun_14,-6.977354624531085e-05
food_19,-7.121423923110992e-05
social_5,-7.278478947239097e-05
cash_10,-7.608191741115267e-05
economy_11,-7.666006136826109e-05
senate_5,-7.694706672234375e-05
business_17,-8.076251115440858e-05
inflation_12,-8.090914932539217e-05
transaction_3,-8.367405181239907e-05
president_12,-8.368657420172454e-05
war_3,-8.840479104612608e-05
legal_6,-9.00541150702594e-05
movie_3,-9.25178713125252e-05
community_15,-9.257227835153259e-05
georgia_14,-9.395887613394827e-05
short_sell_17,-9.44955679675008e-05
ring_1,-9.820761821284218e-05
culture_10,-9.865096334318312e-05
washington_5,-0.00010092975698492435
conflict_1,-0.00010196984072154968
ltd_13,-0.00010452107387874943
law_14,-0.00010518277645026331
profit_8,-0.0001077348943961276
housing_8,-0.00010802406717989044
gain_17,-0.00010835534378981216
banking_12,-0.00010915217808604716
ring_12,-0.00010985556569336197
stats_3,-0.0001103655144486737
dividend_11,-0.00011042398732621361
gold_15,-0.0001106534326962727
religion_10,-0.00011248152205467488
movement_14,-0.0001126554187187434
judge_3,-0.00011349153481496899
loss_2,-0.00011511449522609851
elected_8,-0.00011629699171002982
chance_20,-0.00011631558970801593
consume_5,-0.00011832844221861815
energy_19,-0.00011953829699138386
tennessee_14,-0.00012305766650120287
washington_7,-0.00012326808716884853
trader_2,-0.0001258843517303987
project_5,-0.00012874228214698746
oil_13,-0.0001302486585301965
unemployment_5,-0.00013034605817852096
massachusetts_17,-0.00013207123841301182
ministry_1,-0.00013241427977437326
fine_18,-0.0001352777766958191
trader_5,-0.00013638110481439814
social_10,-0.00013668037228755647
consumption_9,-0.00013809021609485496
stats_14,-0.00013872458881172278
pennsylvania_19,-0.00013879474039018013
business_10,-0.00013880931578911238
democratic_12,-0.00014079134095050793
DOW_JONES_10,-0.0001408470102068682
representatives_17,-0.00014643320576930298
religion_14,-0.00014742602188659858
cancer_14,-0.00015143467126288446
fun_19,-0.00015258052264528478
short_selling_16,-0.00015272574163605057
earnings_9,-0.0001556770818924358
judge_20,-0.00015586428967844234
community_10,-0.00015741408753411346
committee_5,-0.00016010901919460974
served_6,-0.00016065227211439214
nyse_9,-0.00016180031222501334
sell_15,-0.0001628501693516471
william_17,-0.0001634899400556389
republican_7,-0.00016402556376051702
minister_9,-0.0001653771274241267
marketing_17,-0.00016654119696852822
freedom_13,-0.00016733078622717114
world_11,-0.00016901269852818147
management_5,-0.00016987008923976532
blacklist_13,-0.00017149125643523
financial_17,-0.00017767634127958677
garden_14,-0.00017886936372526474
gold_7,-0.0001790825665500817
service_19,-0.00017940553459050435
war_15,-0.00017954540228926064
credit_19,-0.0001795735560908396
law_15,-0.00017965429861106498
movement_1,-0.00018038054957907334
revenue_20,-0.00018054965571348002
industry_10,-0.00018148678950382635
secretary_10,-0.00018290700180771945
government_14,-0.00018354110476106466
inc_5,-0.0001854246853167929
home_19,-0.0001858179905156687
law_19,-0.00018633869334692133
trader_16,-0.00019004384165153266
market_19,-0.0001909714732749146
kitchen_10,-0.00019127645978556096
dividend_18,-0.00019160858462778928
buy_18,-0.00019233988612321617
marketing_15,-0.00019318475935881096
pennsylvania_13,-0.00019371575206887924
car_15,-0.00019448829066501805
products_8,-0.00019522014688526655
economics_17,-0.000196380661135076
union_1,-0.00019656572733173228
rich_15,-0.00019784817324064452
return_18,-0.00019814008434309026
garden_5,-0.00020391858534620776
movement_16,-0.0002040960302511774
wisconsin_3,-0.00020641370094540701
growth_19,-0.00020733560212660151
wisconsin_17,-0.00020751090632029623
texas_14,-0.00020806042586127838
marketing_5,-0.00021163021717431895
leverage_4,-0.000214326758594785
massachusetts_13,-0.000214612249189039
products_5,-0.00021495100821573577
health_19,-0.00021534168409769182
present_19,-0.00021596414980602497
judge_5,-0.00021689968163423056
hedge_4,-0.00021892866356827413
william_19,-0.00021932727228153316
headlines_7,-0.0002196457594852319
crisis_15,-0.0002226244448237047
fond_19,-0.00022509389092337795
opportunity_11,-0.00022630975510566919
ceo_10,-0.00022684711817928528
short_selling_12,-0.00022717444481432648
economics_3,-0.00022938845693831755
tourism_14,-0.0002319937734875488
BUY_AND_HOLD_2,-0.00023434960793013992
restaurant_14,-0.00023667541810479253
inflation_19,-0.0002376255849310338
sell_11,-0.0002381155510668309
bubble_6,-0.00023931120818048156
votes_8,-0.00024055524722448317
labor_3,-0.00024190776833419304
money_14,-0.00024203899074364265
buy_8,-0.0002422989071946935
rich_17,-0.0002427677909082826
derivatives_6,-0.00024325849672157673
buy_10,-0.00024615646573222794
carolina_13,-0.00024684113766288985
firm_4,-0.00024728247789929103
stocks_10,-0.0002477349928766248
short_sell_19,-0.00024878394048453154
washington_17,-0.00025099042947069884
BUY_AND_HOLD_12,-0.0002510345175253281
council_5,-0.0002529155786685777
gains_10,-0.0002534301265597172
house_13,-0.00025366108100570716
cancer_15,-0.0002548777827112936
global_17,-0.0002556098431220954
house_6,-0.00025595896804571084
house_5,-0.00025597588404413507
social_14,-0.0002583430244708973
marriage_14,-0.0002595701758449032
gain_19,-0.00026092028826525394
president_1,-0.00026381545263569616
vermont_14,-0.0002642400063047612
transaction_16,-0.0002644983170005721
industry_3,-0.00026727223290983203
lifestyle_3,-0.00026818529195833386
forex_7,-0.000269593711818894
missouri_12,-0.0002705348422537224
william_13,-0.0002738816321744775
housing_20,-0.00027406805922436384
technology_15,-0.0002754017197666769
security_14,-0.00027556563407369337
rights_13,-0.0002764747942743284
loss_8,-0.00027685321774066906
kitchen_8,-0.00027702825121471707
consume_18,-0.0002770720558606499
county_14,-0.0002772536197976461
political_10,-0.00027807813636187005
default_19,-0.00027838402567563757
short_selling_6,-0.0002794805309294324
loss_16,-0.00027954921765127594
garden_13,-0.0002796912358717929
hedge_15,-0.00027992138051828873
garden_1,-0.00028174432914467306
forex_16,-0.0002843106932046924
fun_6,-0.0002845877266512309
war_13,-0.00028550865317251707
culture_5,-0.000285912607682004
opportunity_20,-0.0002862565194889921
credit_5,-0.0002867823274893544
money_10,-0.0002869398983371907
present_16,-0.00028863085585921765
council_7,-0.0002912378937431237
members_10,-0.00029148007885619885
seats_5,-0.00029198339592686475
opportunity_9,-0.0002946854639265917
ring_16,-0.0002948528878825796
gold_6,-0.0002949499531112787
representatives_14,-0.0002959128708972081
conflict_7,-0.00029603908325526174
tennessee_6,-0.00029761046857967877
corporation_13,-0.00029777170889218053
happy_4,-0.00029852789079320985
garden_16,-0.0002987414538017097
financial_markets_8,-0.0002990573041299793
tennessee_13,-0.0003025018472466723
services_15,-0.0003070491182063373
gains_13,-0.0003085000624001522
ltd_14,-0.0003100903671163557
management_7,-0.0003117604583516842
arts_13,-0.0003151790100514917
ohio_17,-0.00031722038463652955
house_1,-0.0003187753050731157
home_12,-0.0003190109494768167
gain_12,-0.00031956455347381674
conflict_12,-0.00032005774767764896
elected_3,-0.00032159641516005255
buy_11,-0.0003250765910172815
act_14,-0.0003279030922721304
crash_3,-0.0003287095534132645
dow_jones_5,-0.00033037787990608525
money_19,-0.00033097254144975885
unemployment_20,-0.00033944092460849176
legal_7,-0.0003405406081261386
short_sell_9,-0.00034126350816474635
ltd_15,-0.00034154734379348016
county_17,-0.0003431755757037136
opportunity_17,-0.00034380779393632376
project_6,-0.0003449868166572445
conflict_20,-0.0003467649691907271
arts_15,-0.0003491362811175236
trader_17,-0.000353326624565109
william_18,-0.0003594967892054157
earnings_5,-0.0003603200377211735
conflict_4,-0.0003607227460053597
fed_19,-0.0003610938136455966
gold_10,-0.0003622877823052484
federal_19,-0.0003637873946059411
trader_20,-0.00036445467596013525
police_1,-0.0003665167293013027
election_9,-0.000367622338804674
oil_3,-0.000368078734311883
kitchen_12,-0.00036906278666086755
ministry_12,-0.0003723608764446107
ceo_15,-0.0003768360735737941
stock_market_4,-0.0003769474238809245
fond_1,-0.00037825344157114136
default_8,-0.00037833799178199623
buy_15,-0.0003806879466057289
home_1,-0.0003810146629713351
political_20,-0.0003834276136880588
virginia_7,-0.0003837329158505653
success_1,-0.0003856683842447861
energy_12,-0.00038745921058771506
return_10,-0.00038895734651409606
dow_jones_20,-0.00039134453070150955
nasdaq_19,-0.0003915979111137613
bank_17,-0.0003935583006950294
ohio_12,-0.0003941675896305563
members_19,-0.00039461115859549254
minister_17,-0.00039480700254139743
finance_15,-0.00039593287254047205
district_14,-0.000397070696502011
elected_2,-0.00040034505432384737
service_14,-0.00040252543290149047
stock_market_16,-0.0004034997390654382
industry_18,-0.0004040088281758392
war_6,-0.00040503266825062665
college_17,-0.0004057932781654339
earnings_13,-0.0004060211258478663
political_8,-0.0004066290801190142
car_1,-0.00040709221802093243
present_10,-0.00040763754859314273
governor_2,-0.0004078821080614192
freedom_12,-0.0004081383957835527
cancer_7,-0.0004097891111801699
police_18,-0.00041197012644684784
housing_3,-0.0004121022270645591
seats_10,-0.0004121117313761635
housing_12,-0.000414023130627883
financial_markets_10,-0.000415320978189726
cancer_5,-0.00041543012401934476
portfolio_18,-0.0004192610982502121
inflation_15,-0.0004215889972402742
elections_17,-0.0004226471166294932
judge_14,-0.00042398980036333355
products_1,-0.00042470834474230836
texas_12,-0.0004291184122144465
massachusetts_7,-0.0004294713837870834
county_12,-0.0004300953730369539
voters_18,-0.0004302132501125211
services_10,-0.00043030249587934223
transaction_20,-0.0004305283302495244
unemployment_14,-0.0004317405995007295
fun_2,-0.0004339563158613391
vermont_19,-0.0004344856408566633
case_11,-0.00043501429962566895
oil_19,-0.0004361481844440851
loss_12,-0.0004368486178830455
products_12,-0.00043709496179020755
stock_market_17,-0.0004371446415598168
nasdaq_3,-0.0004401773223799976
stats_6,-0.00044076654069773457
arts_8,-0.0004462564343199249
virginia_3,-0.00044689894761003047
finance_20,-0.00044826738431453795
nasdaq_7,-0.0004486784960074042
car_16,-0.000452740497090276
invest_3,-0.00045314748185765197
BUY_AND_HOLD_17,-0.00045459176349516017
default_6,-0.0004547922420454542
rights_10,-0.00045747893985133016
founded_19,-0.0004638409146818567
court_3,-0.000464032749218779
ministry_5,-0.0004643071214699201
fun_9,-0.00047395402968257726
happy_7,-0.0004748192142170815
crash_9,-0.0004755811613235572
fed_5,-0.00047718308170190403
water_17,-0.0004773665968934138
committee_10,-0.00047837104238095395
opportunity_15,-0.0004784348875891853
happy_18,-0.0004790860603892
members_20,-0.00047999846813966406
world_5,-0.00048288554547193385
debt_14,-0.000483785189349617
district_1,-0.0004856871500879656
bubble_8,-0.0004885273122556821
trader_12,-0.0004894447027948612
justice_8,-0.000489630851535594
million_7,-0.0004901860553839122
stock_market_15,-0.0004901947496175341
illinois_3,-0.0004910549166769363
project_17,-0.0004944137051615227
earnings_1,-0.0004951460830673104
management_3,-0.0004964177943873382
portfolio_17,-0.0004966762057424301
bubble_19,-0.0004978117285348693
forex_6,-0.0004978676203258425
carolina_7,-0.0005004037238274916
ohio_5,-0.0005044001080273253
seats_15,-0.0005051681242376649
vermont_4,-0.0005067170062175164
justice_12,-0.000506864548435515
development_10,-0.0005077060586626159
loss_20,-0.0005083326585621605
representatives_10,-0.0005088254834007211
food_7,-0.0005098107678853881
banking_19,-0.0005101571924283066
york_12,-0.0005113335410437791
movement_7,-0.000511377325807727
financial_markets_3,-0.0005151450150922887
profit_7,-0.0005155415651191709
rich_6,-0.000517722791838926
forex_2,-0.0005181452851655832
environment_8,-0.0005191654283662305
district_15,-0.0005206232047016313
firm_5,-0.0005215994176258176
political_4,-0.0005219943625662582
economic_13,-0.0005226373449725985
returns_20,-0.0005231047889042495
energy_10,-0.0005247232314394168
marriage_7,-0.0005250594316006163
companies_19,-0.0005261095750308753
debt_3,-0.000526593452915014
religion_1,-0.000530232973914968
products_13,-0.0005306530895516249
society_10,-0.0005339711116532309
banking_5,-0.0005348962020709669
conflict_15,-0.0005373902791790064
housing_17,-0.0005384806702078526
political_18,-0.0005385197213150894
ceo_4,-0.0005387012613113917
fed_14,-0.0005401905648172889
virginia_5,-0.0005403573633962599
minister_16,-0.0005412977096155514
world_10,-0.0005419434916445809
chance_16,-0.0005419924469624471
society_15,-0.0005433856181470409
ore_15,-0.0005447151844442999
sell_19,-0.0005515739742899761
fun_16,-0.0005519624876175522
profit_1,-0.0005520288774661708
nyse_15,-0.0005528294047469018
fed_3,-0.0005542426652200838
chance_19,-0.0005543539763557259
business_7,-0.0005548777303712394
investment_6,-0.0005576818357478919
services_3,-0.0005578564399865149
DOW_JONES_17,-0.0005605238973906745
bubble_17,-0.0005640518864164834
bonds_16,-0.0005649456430886213
buy_5,-0.0005726127983296747
products_7,-0.000573139201363837
fond_13,-0.0005757854898870152
consumption_2,-0.0005765678536003849
loss_10,-0.0005769443473904845
ceo_5,-0.0005771392985842505
development_7,-0.0005779808738177739
lifestyle_16,-0.0005790741291906709
technology_3,-0.0005815433329224406
financial_markets_4,-0.0005821040801582411
illinois_19,-0.0005859604151520204
earnings_17,-0.0005878601627100855
management_15,-0.0005886198323456382
dow_jones_13,-0.0005911760385117093
party_6,-0.0005943951280797943
election_6,-0.0005950988205872587
travel_13,-0.000603528006102394
party_7,-0.0006077523570315213
founded_20,-0.0006102538228389464
media_19,-0.0006121088974781142
housing_7,-0.0006126592582329726
million_17,-0.0006133504729934902
legal_5,-0.000617039277938547
council_8,-0.0006178953015023803
nasdaq_14,-0.0006183699864941161
party_3,-0.000618834581421357
office_17,-0.0006193012932281583
products_11,-0.0006213039758867555
case_15,-0.0006217277842479607
banking_8,-0.0006217974675560844
financial_markets_15,-0.000622330191553111
portfolio_1,-0.0006237592729289698
conflict_3,-0.0006254474623124783
nasdaq_1,-0.00062656138518975
present_3,-0.0006277528556148492
conflict_14,-0.0006287581543956255
short_selling_5,-0.0006347891874239231
world_17,-0.000638128261995674
market_5,-0.0006407919442303455
representatives_18,-0.0006441045090604947
investment_8,-0.0006450597411688186
invest_15,-0.000647351720477718
inc_3,-0.0006476305264711657
stock_market_9,-0.0006497235203056118
kentucky_17,-0.0006511563979342938
industry_7,-0.0006514152577440369
ministry_17,-0.0006544967805866663
ministry_11,-0.0006580088529578143
lifestyle_1,-0.0006591161738467077
industry_13,-0.0006600248132141662
blacklist_4,-0.0006622175457086099
global_14,-0.0006656049946946796
fun_12,-0.0006657697009150087
washington_12,-0.0006669755737796379
house_11,-0.0006674519524150213
illinois_13,-0.0006680820940140331
cancer_1,-0.0006686397825473644
DOW_JONES_19,-0.0006701171712829134
consumption_6,-0.0006716232295885139
democratic_16,-0.0006718555282602568
nasdaq_12,-0.0006726586808172286
technology_13,-0.000672808391864721
security_13,-0.0006756376434112532
transaction_9,-0.0006776624351469751
default_18,-0.0006806617877006093
tourism_2,-0.0006815947244616982
conflict_10,-0.0006820656174068684
consume_4,-0.0006822693668047774
college_13,-0.000682565691507242
sell_12,-0.0006885424261018347
elections_16,-0.0006888088950216531
consumption_19,-0.0006888865086030593
governor_16,-0.0006897706955064197
culture_20,-0.000691071210646399
party_13,-0.0006917983388148752
ring_19,-0.0006922068963320926
ministry_14,-0.0006962477832608283
economics_13,-0.0006978430475085062
election_5,-0.0006980329585199785
security_5,-0.0007012903830154738
culture_6,-0.000701675515294542
tennessee_7,-0.000704577366118997
election_1,-0.000706905487321996
marriage_15,-0.0007071313715196093
service_10,-0.000709145890730789
food_14,-0.0007092938603741495
gold_12,-0.0007111185610984228
war_2,-0.000711912235506884
elections_4,-0.0007144671306761108
dividend_15,-0.0007155351671696897
social_7,-0.0007176990128749949
county_8,-0.0007206601588155114
ore_14,-0.0007216246000908644
founded_1,-0.0007227879838708651
politics_14,-0.0007233994255733123
risk_3,-0.0007273495012121378
transaction_13,-0.0007288065730503224
train_12,-0.0007300295401299727
returns_18,-0.0007306023794911853
travel_7,-0.0007307924163775015
headlines_8,-0.0007331807774812349
stocks_15,-0.0007344697095184483
democratic_2,-0.0007394914837093314
water_10,-0.0007397358550023769
markets_7,-0.0007421931418515992
million_13,-0.0007430226681009788
world_12,-0.0007430774464076029
massachusetts_1,-0.0007431998556338693
technology_19,-0.00074325542563769
fine_8,-0.0007454936621503538
loss_17,-0.0007483508432377439
governor_20,-0.0007488160531545329
unemployment_17,-0.0007506106895215803
security_3,-0.0007513580994958025
democratic_19,-0.000752823583250839
fond_2,-0.0007539098352417728
fun_10,-0.0007552019127548881
finance_5,-0.0007557493049419773
council_13,-0.0007570227750668846
profit_10,-0.0007575334995195248
gold_8,-0.0007578363743794503
project_8,-0.0007594460673277404
arts_17,-0.0007622883675743486
happy_12,-0.0007624850197412991
served_2,-0.0007655322359469308
ore_13,-0.0007662304286682354
financial_markets_18,-0.0007740562264505257
companies_10,-0.0007745028010549993
nasdaq_15,-0.0007778028535935455
energy_14,-0.0007802237045114735
democratic_13,-0.00078079466338421
restaurant_9,-0.0007824470029750951
forex_17,-0.0007827506007378026
gains_8,-0.0007828346053336376
york_10,-0.0007833589091718717
car_3,-0.0007855035247387842
inc_10,-0.000785639575468311
stocks_1,-0.0007862418976890551
york_13,-0.0007888813937237948
present_15,-0.0007919536386116422
inc_7,-0.0007930615474321945
community_11,-0.0007933597479631959
william_15,-0.000796585589336507
corporation_15,-0.0007972792908265136
metals_2,-0.0007989733711131431
gains_3,-0.0008028393188275418
bank_3,-0.000804519983663221
secretary_14,-0.0008051677995243977
garden_8,-0.0008053923151091436
society_5,-0.0008061267167598363
minister_12,-0.0008065262866237211
members_1,-0.0008099043703169384
stocks_17,-0.0008116438273466197
business_5,-0.0008131108583039559
union_15,-0.0008133354183291752
industry_1,-0.0008192444904162155
loss_19,-0.0008207200168437679
headlines_9,-0.0008209592974057544
ministry_13,-0.0008221362618677786
gold_9,-0.0008228220098888573
wisconsin_5,-0.0008236300041277955
society_12,-0.0008239781367973987
happy_16,-0.0008266959364470194
kentucky_16,-0.0008278133412591649
investment_15,-0.0008295335087805889
movie_14,-0.0008312797084289337
fed_12,-0.0008316818360964761
founded_16,-0.0008361526530159535
services_5,-0.0008380567209877787
marriage_3,-0.0008392956860062029
investment_18,-0.0008418937690048978
dividend_13,-0.0008500713997254605
justice_13,-0.0008504798936108005
judge_13,-0.0008505522904096452
blacklist_19,-0.0008520196697421767
georgia_7,-0.0008621245775649155
georgia_15,-0.000863753707906123
labor_15,-0.0008637739841292014
fond_8,-0.0008654753353751765
stock_market_14,-0.0008668329184748247
ring_20,-0.0008670066223996464
economics_20,-0.0008673343161735181
gold_1,-0.0008678314989428504
political_6,-0.0008678618580054476
growth_7,-0.0008699159259281108
election_16,-0.0008721659509955071
sell_6,-0.000872456947590483
train_13,-0.000876866140334287
success_14,-0.0008771418927071117
served_12,-0.0008773728210427434
marriage_20,-0.000877376161295107
union_13,-0.0008790773846639067
holiday_2,-0.0008860687866169669
gain_4,-0.0008875528533566657
members_12,-0.000888811088211483
default_1,-0.0008895934094710789
markets_12,-0.0008944012620499819
kentucky_14,-0.0008945588634615253
firm_9,-0.000898882645413801
buy_3,-0.0008989168889147247
nasdaq_16,-0.0009015189086792441
color_19,-0.0009025111574263445
debt_4,-0.0009032778981507672
garden_18,-0.0009051555655217314
york_7,-0.0009055489486880397
forex_10,-0.0009061188046993296
earnings_12,-0.0009064345221622804
present_14,-0.0009075104565724246
dividend_14,-0.0009094232863461782
home_3,-0.0009102904959880309
college_15,-0.0009114878067556509
greed_6,-0.0009159396404535336
crisis_16,-0.0009188264064375007
voters_8,-0.0009209071416565351
committee_6,-0.0009220375361451927
loss_13,-0.0009223941318311279
food_3,-0.0009236731330395598
house_8,-0.0009240335486484285
ceo_19,-0.0009255044983651039
train_19,-0.0009275935321636064
buy_6,-0.0009285414693028348
stats_16,-0.0009294800008425197
garden_15,-0.0009311116354258075
movement_8,-0.0009345108353347786
home_18,-0.0009345144097173241
pennsylvania_14,-0.0009351807921639699
firm_8,-0.0009352493833661102
secretary_18,-0.0009352681793061591
office_5,-0.0009363010318177878
cancer_3,-0.0009371127183328998
bubble_14,-0.0009380413131939048
consumption_14,-0.0009393053698455889
stats_18,-0.0009424184416018111
act_3,-0.0009448749933674172
labor_20,-0.0009456473250317954
service_8,-0.0009478481554036744
lifestyle_8,-0.0009480744520629969
social_1,-0.0009511157316740126
governor_15,-0.0009513589535258716
train_17,-0.0009566612115446515
invest_4,-0.0009585001237094159
financial_markets_17,-0.0009586939436334374
carolina_12,-0.0009593335818148363
labor_7,-0.0009595891510839838
texas_7,-0.0009646252465051353
corporation_12,-0.0009654369793822947
stock_market_3,-0.0009669449370123707
legal_18,-0.0009711987663983956
environment_7,-0.0009719211723826949
DOW_JONES_13,-0.0009721842797342894
college_1,-0.0009731077896386608
return_8,-0.000974256353384595
marriage_8,-0.0009762451944826722
elected_15,-0.0009796720719818853
stocks_7,-0.0009812334926097455
travel_3,-0.0009816196565539004
dow_jones_18,-0.0009821996008899437
economic_11,-0.000982447422687449
blacklist_9,-0.000983954776229301
garden_6,-0.0009868748805492932
community_13,-0.0009886193623579453
democratic_10,-0.0009908692471187308
DOW_JONES_20,-0.000992126063169052
movie_19,-0.000993789019721758
trader_6,-0.0009964792345652728
DOW_JONES_5,-0.000997017150998314
ring_5,-0.0009984413456329833
blacklist_11,-0.0009986060634460392
war_20,-0.000999816021267974
stocks_14,-0.0010012425946648972
credit_15,-0.0010018213688939293
lifestyle_12,-0.0010050563859521633
global_8,-0.001007553547454365
bubble_13,-0.0010127863317921815
world_14,-0.0010152921085500033
revenue_7,-0.0010157170972785456
buy_1,-0.0010159177188645563
car_5,-0.0010175094736981638
financial_markets_13,-0.0010182778086780698
service_7,-0.0010185950146567534
governor_12,-0.0010198435674280359
ceo_16,-0.0010205706801049042
housing_10,-0.0010206868224272192
success_8,-0.0010207657286354754
law_7,-0.0010238078764930325
revenue_14,-0.001024265056078799
health_7,-0.001026184234718075
management_10,-0.001027254222063334
opportunity_3,-0.0010283436830989424
seats_11,-0.0010297769361075515
short_selling_7,-0.0010298022597168498
ltd_3,-0.0010378175801096124
ceo_9,-0.001040922818018264
police_5,-0.001042628035570381
consume_20,-0.0010460678110713272
banking_15,-0.0010464050136159253
financial_markets_12,-0.0010502600942492667
firm_14,-0.001050428815771154
forex_1,-0.0010530138710998615
debt_15,-0.0010535619959689325
members_6,-0.0010537289633003155
risk_1,-0.0010546824317055226
energy_7,-0.0010569020335833511
bonds_12,-0.0010628645773381295
carolina_3,-0.0010656271094061863
blacklist_3,-0.001066937347686947
inc_12,-0.001070709634086131
opportunity_18,-0.001071602542513439
financial_markets_9,-0.0010728629777683406
kentucky_5,-0.0010733830303946367
bank_8,-0.0010759754584301006
health_15,-0.0010762708284544286
returns_13,-0.0010770711434086922
return_15,-0.0010784965717405503
derivatives_7,-0.0010839223500067829
opportunity_14,-0.0010851727537360078
financial_15,-0.0010857727914015624
missouri_7,-0.0010906534156130076
kentucky_10,-0.0010910469230556163
service_12,-0.0010938252620185996
holiday_17,-0.001096675817872339
served_3,-0.0011007838019088778
ceo_20,-0.0011016538886712058
consumption_17,-0.0011048571385933181
hedge_20,-0.0011053373303311798
sell_18,-0.001106131479848549
seats_7,-0.001107419568617951
inflation_10,-0.0011094168216407851
rich_19,-0.001109577368507675
movie_13,-0.0011133888375443712
fun_7,-0.0011135633772551222
federal_13,-0.0011141287088303864
vermont_18,-0.0011176156196463615
media_7,-0.0011202809839862215
georgia_5,-0.0011203806977937215
georgia_3,-0.001124603541035807
headlines_12,-0.0011246642849163102
gold_19,-0.001130110437996845
revenue_1,-0.0011309650285331152
lifestyle_2,-0.001132419107718019
bank_5,-0.0011333829459933664
consume_3,-0.0011336766702255252
government_13,-0.00113374302053042
served_19,-0.0011349362400015605
banking_18,-0.0011378772686347239
corporation_10,-0.001137953826664906
william_8,-0.0011392248788942184
court_15,-0.0011425287514246429
finance_19,-0.001142801312660513
marriage_10,-0.0011441503497024107
movie_9,-0.0011458344668065835
elections_2,-0.0011459459441313991
crisis_14,-0.0011516549656314767
economics_12,-0.001153659377179861
political_5,-0.0011542037794824544
movie_12,-0.0011548906778152234
office_3,-0.0011551030361005132
market_14,-0.0011555281013534424
rich_1,-0.0011620841818079431
derivatives_3,-0.0011633301189341028
crisis_3,-0.0011640209384045975
judge_15,-0.0011653573219734038
massachusetts_14,-0.0011654330249821986
gains_6,-0.0011656547475853208
home_7,-0.0011669357916446188
growth_12,-0.001169207062715949
fed_15,-0.0011729410288517706
democratic_14,-0.0011792098244585824
revenue_6,-0.001181477233691064
invest_6,-0.0011815189874878839
holiday_10,-0.0011840778007728315
college_11,-0.001184483665762226
district_10,-0.0011899515739392185
ceo_13,-0.001190359354934345
portfolio_20,-0.0011990569521890704
technology_14,-0.0011991680407597016
cash_5,-0.0011999168094545486
bubble_18,-0.0012005419849095977
BUY_AND_HOLD_13,-0.0012008288814225442
BUY_AND_HOLD_20,-0.0012026767720559218
pennsylvania_10,-0.0012027018610598406
garden_12,-0.0012037551333429874
project_12,-0.0012048464886043942
fun_8,-0.001205943082641392
fed_13,-0.0012061872435976007
economy_6,-0.0012062925683057556
development_3,-0.0012111217373164563
tourism_11,-0.0012141655021406183
revenue_12,-0.001214331841648475
tennessee_8,-0.0012170253352381311
million_1,-0.0012174762903458091
bonds_13,-0.0012218356849272639
labor_12,-0.0012223430054448814
revenue_18,-0.001222345197059682
fond_7,-0.001223460182337277
district_6,-0.0012240467545751033
law_13,-0.0012243857874199016
house_10,-0.001226872209284724
companies_3,-0.0012269299726560545
marketing_3,-0.0012270944978560517
environment_3,-0.0012272188573608123
service_5,-0.0012274894818540937
train_15,-0.0012321848463114904
world_16,-0.0012364706293491734
governor_4,-0.0012392914917570552
ministry_6,-0.0012394112759753994
corporation_7,-0.001240751349938507
chance_13,-0.0012414802764751042
nasdaq_9,-0.00124390966882022
county_15,-0.0012439155256273038
security_19,-0.0012467835894090173
industry_2,-0.001255946893731652
short_selling_14,-0.0012582534148245727
kitchen_11,-0.0012593653445123864
sell_17,-0.0012601953111189613
happy_5,-0.0012613648601413451
DOW_JONES_12,-0.001265460469728552
founded_17,-0.0012687126914772584
republican_11,-0.0012723509082897878
served_8,-0.0012733318840659313
college_14,-0.0012798606303386028
derivatives_19,-0.0012802922433674756
investment_19,-0.001282212708593944
federal_7,-0.0012836377797669884
gold_16,-0.0012875429562196673
firm_6,-0.0012927667011945142
revenue_9,-0.0012948113061456157
short_sell_13,-0.0012955533400599074
profit_6,-0.0012962197911946527
social_8,-0.0012969265811909824
travel_11,-0.0012973522815420634
economy_16,-0.0012994117286725837
politics_10,-0.0012998426288357123
politics_12,-0.0012999068660222823
finance_16,-0.0013020164315758586
BUY_AND_HOLD_5,-0.0013032446082497985
party_8,-0.00130348594729377
voters_19,-0.001306345611769455
fine_10,-0.0013065495399022576
legal_10,-0.0013098704051212051
fond_9,-0.0013116173554014842
vermont_10,-0.0013131631739585758
risk_13,-0.0013158337563039745
financial_12,-0.0013164629125558714
court_10,-0.0013191588948962885
inflation_7,-0.0013194268081689886
housing_13,-0.0013234286009302654
legal_1,-0.0013257749290295218
energy_3,-0.0013282878064321047
default_14,-0.0013317870433786848
marketing_19,-0.0013336170118430691
market_12,-0.0013361219883640586
management_19,-0.0013371734999081176
ministry_10,-0.0013394597297275545
unemployment_3,-0.0013397115636619938
chance_9,-0.0013407676411865577
sell_14,-0.0013411473050698453
credit_14,-0.001343292016738773
security_10,-0.0013461614481471873
economic_14,-0.0013462888135767903
housing_5,-0.0013467316091149816
democratic_20,-0.001348478659955754
fine_3,-0.0013495488747022222
dow_jones_10,-0.0013509873860517497
color_12,-0.001353733597036788
movement_20,-0.0013540392438124772
fun_3,-0.001357199071287196
headlines_16,-0.001360179299232067
arts_20,-0.001361381418508767
movie_18,-0.0013636500132653052
default_7,-0.0013656642666936224
economic_19,-0.001365709427790618
illinois_7,-0.0013696339853514373
finance_12,-0.0013697559632548152
georgia_12,-0.0013710096511897695
forex_3,-0.001371846125382148
consumption_12,-0.0013729853273713789
bonds_20,-0.001376389582516424
consumption_4,-0.001376509491946698
present_8,-0.0013811266761036389
food_12,-0.001383453476804819
short_selling_1,-0.0013866579008768865
college_12,-0.0013876818502491562
virginia_17,-0.0013889161749910174
minister_4,-0.001393347888414187
washington_3,-0.001395686995926293
derivatives_18,-0.0013963788606531358
firm_2,-0.0014100244204680035
democratic_7,-0.0014165903804500557
tourism_3,-0.0014175150568149554
york_1,-0.0014188457711850288
economics_7,-0.0014196021357082867
stats_20,-0.001422477563550051
york_3,-0.0014228538919265788
legal_19,-0.0014235979487284168
cancer_20,-0.0014280853641124303
water_6,-0.0014286204750859177
religion_4,-0.0014296307207712466
republican_5,-0.001430206655222932
credit_7,-0.0014358692034628362
founded_10,-0.001436225419360948
environment_11,-0.0014392507827148738
home_11,-0.0014393889564353168
stock_market_1,-0.0014427139073682094
finance_7,-0.001443464824983498
ore_3,-0.0014450496698340976
dow_jones_14,-0.001445318752500846
fond_3,-0.001448132776675215
texas_17,-0.0014481344022882591
blacklist_8,-0.0014488338488580332
ring_9,-0.0014502847783494533
bank_15,-0.0014523998411374306
blacklist_2,-0.0014525955966091964
financial_13,-0.001452721690518799
health_3,-0.001454119913744778
color_11,-0.0014558431985665088
success_10,-0.0014584764348078538
founded_14,-0.0014588236493956463
labor_5,-0.0014603504490136253
culture_15,-0.0014609043662758392
dividend_4,-0.0014629531710207422
buy_13,-0.0014675835541975823
ring_3,-0.0014684280048051113
democratic_17,-0.0014725578236506997
chance_15,-0.0014735818743860651
republican_6,-0.0014736606386818395
blacklist_1,-0.001475599188688248
society_13,-0.0014796730429076587
revenue_13,-0.0014805210462691897
carolina_14,-0.0014830490874586434
labor_8,-0.0014860183983238296
loss_14,-0.001488134861716861
holiday_6,-0.0014884895049991132
trader_1,-0.0014895248213049773
served_7,-0.0014895404700324467
lifestyle_20,-0.0014922511817396789
members_7,-0.0014923668798492162
legal_20,-0.001492502365209969
gain_3,-0.0014925976362045955
kentucky_3,-0.0014940127769768274
labor_10,-0.00149879418611345
investment_14,-0.001501699114024957
council_10,-0.0015050498611079099
community_19,-0.0015080668003068175
political_1,-0.0015123051411973121
chance_6,-0.0015145173733407402
ltd_17,-0.001514862018400831
services_7,-0.0015168306370297424
movement_15,-0.0015187812829843938
color_17,-0.0015233595611721996
water_12,-0.0015261633827160282
security_7,-0.0015272088787026128
vermont_20,-0.0015303954485082593
short_selling_2,-0.001530615776311306
leverage_10,-0.0015314907324061934
world_13,-0.0015317250847679542
served_9,-0.0015337235873459586
conflict_6,-0.0015393302338501114
gain_14,-0.0015403792153888761
headlines_4,-0.00154978173196616
government_1,-0.001550142880792138
happy_6,-0.0015502020582188747
arts_18,-0.0015582155173605949
return_12,-0.0015698366327462575
lifestyle_13,-0.0015702852333864038
ltd_2,-0.0015713750633663316
growth_13,-0.0015783672954056138
hedge_5,-0.0015791931953184069
loss_15,-0.001580792313762136
happy_3,-0.0015897362216886312
firm_7,-0.001590278670174472
vermont_1,-0.0015917981211179821
business_8,-0.0015926784168470488
return_9,-0.0015984374848726723
revenue_8,-0.0016002045318986413
culture_14,-0.0016002882011725062
companies_7,-0.0016005783439572152
earnings_20,-0.0016008305806164635
county_11,-0.001600911606503308
lifestyle_14,-0.0016015074919105698
crash_8,-0.0016055533436551527
chance_18,-0.0016094202938252255
vermont_13,-0.0016130020190947337
inflation_4,-0.0016141915841477283
legal_14,-0.0016176787018812977
economics_10,-0.0016191904531764668
governor_17,-0.0016198939796486789
travel_18,-0.0016206328051674213
unemployment_11,-0.0016225997365999945
committee_1,-0.0016241424118152992
hedge_14,-0.001624226729268563
blacklist_10,-0.0016257006431732446
gain_11,-0.0016258540605895266
market_9,-0.0016327001750402249
banking_7,-0.0016330441274768014
act_1,-0.0016354747356862377
council_15,-0.001638294839870147
present_2,-0.0016394036100686239
credit_13,-0.0016431783599534454
home_13,-0.001644019558267451
county_5,-0.0016502118343552086
unemployment_1,-0.0016523553652691314
ceo_14,-0.0016573740357957556
texas_5,-0.0016715953021924968
culture_12,-0.001676246995829489
marriage_11,-0.0016874996809700172
kentucky_18,-0.0016934293708117608
headlines_20,-0.001693559322508964
committee_15,-0.0016939585769650822
companies_5,-0.0016973334605663748
arts_10,-0.0016993291386469655
crash_18,-0.0017038007617064643
movement_3,-0.0017061559769644187
car_11,-0.0017214122409570543
republican_3,-0.0017223891937506286
debt_10,-0.0017257034354402512
services_13,-0.0017293292879329235
portfolio_7,-0.0017296875988474403
county_3,-0.0017316807623619867
oil_5,-0.0017381330361013303
industry_4,-0.0017412244334761295
georgia_13,-0.0017438469375287368
elected_20,-0.0017449945563650982
services_8,-0.0017461753921447442
business_3,-0.001748064134141858
culture_7,-0.001749634783673737
justice_15,-0.0017538063334594511
energy_17,-0.001755172848096609
corporation_3,-0.0017573517647079483
global_19,-0.001758301575865473
ohio_13,-0.0017602630745388703
market_8,-0.0017626773371334226
global_3,-0.001763260214159379
legal_11,-0.0017652205495268137
virginia_12,-0.0017655980352310641
senate_15,-0.001766668410369987
economy_4,-0.001767844777140204
return_4,-0.001771440295515747
arts_14,-0.001774980284124883
consume_10,-0.0017769972560118363
stocks_4,-0.0017832424156466464
bonds_1,-0.0017850871071156016
stock_market_7,-0.0017886549626069837
economics_15,-0.0017895993805112863
william_2,-0.0017925599111750401
consumption_1,-0.0017945649187482982
senate_4,-0.0018043338542857556
crisis_13,-0.001811246343998163
security_12,-0.0018183935298132115
train_8,-0.0018223206770759726
minister_10,-0.0018224249189730869
blacklist_7,-0.0018263609844997753
fun_15,-0.001826799899501763
markets_5,-0.0018289842715731198
garden_3,-0.0018298218309288794
war_5,-0.0018402244424992943
train_1,-0.001842034316612895
elected_5,-0.001843237265766895
kentucky_12,-0.001844105283611852
fond_20,-0.0018441710647294717
service_3,-0.001847599129540023
service_13,-0.0018527363165790288
party_15,-0.0018536910692112719
earnings_14,-0.001857132733646316
case_10,-0.0018582794873891473
freedom_11,-0.001862615112644117
freedom_16,-0.001864327618062278
movement_2,-0.0018645627661737052
stats_13,-0.001867785230548713
derivatives_1,-0.0018694927430150886
religion_13,-0.0018709567708404152
william_7,-0.0018723584767776468
washington_10,-0.0018734463088989407
labor_9,-0.0018750726121198546
cash_20,-0.0018784131365538136
returns_14,-0.0018841549981266192
conflict_11,-0.001884777905131907
portfolio_14,-0.0018879240812191833
fed_7,-0.001889566683048849
consume_11,-0.0018927409168674636
office_10,-0.0018957032284431241
return_19,-0.0018987298744237214
travel_1,-0.0018990410293833638
debt_20,-0.0019026786570388587
secretary_2,-0.0019074413361584107
financial_3,-0.001907988698378027
color_8,-0.0019082045966698935
earnings_16,-0.0019095278360255151
markets_14,-0.0019095980547591874
office_12,-0.0019107708832882375
headlines_18,-0.0019119319691469627
ceo_8,-0.0019159772881794713
justice_11,-0.0019175219290655133
economy_19,-0.0019185741493700226
money_11,-0.0019220876774855178
labor_13,-0.0019242641918066684
earnings_8,-0.0019243756116543499
economic_20,-0.001924963255470913
ohio_19,-0.001926538823374968
governor_8,-0.0019277786747680993
market_11,-0.0019283050405449974
social_13,-0.001928745399277343
housing_1,-0.0019313777357736982
elected_19,-0.0019314399539921868
market_3,-0.0019364733014572311
services_12,-0.0019367248003288485
bank_12,-0.0019473571580940208
elected_17,-0.001954661682723313
dividend_7,-0.001960791515065519
nasdaq_10,-0.0019630962882879023
development_13,-0.001965753749766863
movie_8,-0.001965898929111787
religion_18,-0.0019660337994647837
invest_20,-0.0019678518853811556
representatives_2,-0.001969577838822478
car_13,-0.0019697787069304696
chance_2,-0.001970218588732786
union_11,-0.001970478270370801
bubble_2,-0.001971834065715461
texas_1,-0.0019719712224178787
nasdaq_13,-0.001972091537593057
risk_14,-0.001973612370990985
investment_1,-0.0019776670974491982
massachusetts_10,-0.001978277458921718
restaurant_19,-0.001980729964091732
ceo_3,-0.0019813151498634606
stats_5,-0.0019879503825518396
governor_14,-0.001994820317524493
voters_5,-0.001996376823102497
office_7,-0.00199671558629706
stock_market_2,-0.0019970088269708475
rights_12,-0.0019998427493194137
global_15,-0.0020035913376167612
world_8,-0.0020085837371200065
governor_13,-0.0020115350726954253
dividend_9,-0.002013120603073526
judge_4,-0.0020132506490260437
present_1,-0.0020160015217817405
headlines_19,-0.0020169732834856013
unemployment_6,-0.0020189038696138304
fun_1,-0.0020189904223809176
elections_1,-0.002030453648898245
stock_market_18,-0.0020337481011966528
food_8,-0.0020357613492667515
hedge_9,-0.0020364440301289034
council_12,-0.002037987710131239
transaction_19,-0.00203905712866721
wisconsin_11,-0.002039092778704843
consumption_5,-0.002048867532647147
served_18,-0.0020492670546306212
carolina_4,-0.002049488791813281
BUY_AND_HOLD_4,-0.0020542363441236945
fond_6,-0.002055442074585945
ohio_3,-0.002058033243062374
religion_12,-0.002058946223753866
train_3,-0.0020595482407636647
home_10,-0.0020621929620138423
loss_6,-0.0020701968936833737
health_10,-0.002073873151221206
technology_8,-0.002075476550851052
food_1,-0.002075720702460293
invest_12,-0.0020824253851792207
bank_13,-0.002083877903140463
county_10,-0.002084926352936023
growth_1,-0.0020860963684974365
case_13,-0.0020884876248193685
political_7,-0.002088517496510378
tourism_5,-0.002089344630380907
economics_8,-0.0020895051441296
election_8,-0.002090064821536153
district_5,-0.0020998387256048632
opportunity_1,-0.0021002866431100386
garden_20,-0.002103299603428388
portfolio_15,-0.002108333534049578
consume_16,-0.0021141870521942385
district_4,-0.0021259668149079315
minister_20,-0.0021352849172691533
dow_jones_4,-0.002135334372336617
earnings_19,-0.0021381119695748963
financial_7,-0.0021413795061948405
earnings_2,-0.002142164701812166
business_13,-0.002145306264058111
stock_market_10,-0.002145965990478871
culture_19,-0.0021466961401207297
minister_15,-0.0021497826230715057
firm_13,-0.0021507303075316564
voters_13,-0.002152976183006716
kentucky_4,-0.0021535516352432006
happy_8,-0.0021537323973087608
transaction_8,-0.002154629077380954
tennessee_2,-0.0021564868924645263
texas_8,-0.0021566999047012425
movie_16,-0.0021578510226117676
credit_1,-0.002168896202027293
money_8,-0.0021735017085960486
growth_14,-0.002174594983633149
financial_markets_5,-0.0021749002723142176
oil_12,-0.002177045260155652
growth_11,-0.002178145209937354
vermont_12,-0.002180693370139908
rich_5,-0.0021837353053989483
washington_1,-0.0021867647863214935
garden_17,-0.002196306204845344
lifestyle_9,-0.002202462583067133
freedom_14,-0.0022031181900752372
political_13,-0.0022082246485105373
dow_jones_11,-0.0022101307400573143
founded_11,-0.002210481491002181
debt_7,-0.0022137047961461763
food_5,-0.002214951652766395
metals_15,-0.00221681482899565
investment_20,-0.0022200029006958833
elections_18,-0.0022260279975411467
crash_16,-0.0022325897123075533
fed_1,-0.002233197416784072
cancer_10,-0.0022347968944824493
pennsylvania_12,-0.002238177659382301
color_18,-0.0022420476546135106
republican_8,-0.002242136161640107
movement_13,-0.0022450470596337537
car_10,-0.0022457360858030295
credit_17,-0.002247502793195899
car_18,-0.002248836165420398
housing_2,-0.002249810572613331
massachusetts_2,-0.0022546507395793114
million_19,-0.0022566587271985795
credit_8,-0.002262363531552447
markets_4,-0.002267654119031781
founded_13,-0.002267783154379921
war_8,-0.0022684943306055414
health_5,-0.002272586830073098
crisis_7,-0.0022727768155647475
law_5,-0.002277847383087117
representatives_1,-0.0022788126019622768
district_2,-0.0022859771664245575
ltd_7,-0.0022876382232621673
gains_7,-0.0022901366053609705
ohio_15,-0.0022918559823269955
gains_2,-0.0022937096821034507
industry_15,-0.0022974760157933095
law_12,-0.0022975929473246113
portfolio_19,-0.00230235601192883
kitchen_9,-0.0023027601426353515
fond_18,-0.0023109595999723175
house_20,-0.002319875947828809
court_11,-0.0023233144810878904
leverage_17,-0.002327718513643928
restaurant_17,-0.0023328464886968048
crash_1,-0.002336722525758872
bubble_1,-0.002346789679294403
crisis_12,-0.0023477350990456893
government_15,-0.0023486392328062157
invest_13,-0.002348810908394361
politics_16,-0.002349087158807639
cash_19,-0.0023509367383298453
BUY_AND_HOLD_7,-0.0023510119805192353
energy_8,-0.002351307497507493
restaurant_7,-0.0023563076452086883
gains_14,-0.002358362717565732
rich_10,-0.002359893060630425
inflation_20,-0.0023599607934320145
lifestyle_6,-0.0023649398295343626
travel_20,-0.0023663352374750702
color_4,-0.0023695022707510118
ring_18,-0.002378877762809628
nasdaq_17,-0.002383965125607812
election_10,-0.0023860919816854676
crash_14,-0.0023945840844302956
inc_4,-0.0023974660465724716
ministry_2,-0.0023979955647207784
representatives_20,-0.002402695804428889
war_10,-0.0024050933651236896
financial_markets_1,-0.0024056157028982785
politics_6,-0.0024065390779611784
missouri_19,-0.0024076472166606687
bank_10,-0.002409942243850871
committee_4,-0.002411932685806373
BUY_AND_HOLD_6,-0.002415135328914686
return_3,-0.00241550587496171
car_7,-0.0024259188592011373
transaction_18,-0.002435553706302862
health_8,-0.002441078308544209
freedom_10,-0.002443834563921965
inc_11,-0.002444573068994127
short_sell_12,-0.0024470390211877914
development_5,-0.0024483854521281543
DOW_JONES_3,-0.0024493580877073652
market_17,-0.002449383812649697
tourism_12,-0.0024508583850153753
development_15,-0.0024552553289978853
nasdaq_4,-0.0024568426937197963
short_sell_18,-0.0024578992872687833
fed_17,-0.0024582933191862333
seats_8,-0.002458469760136084
media_15,-0.0024584896926381993
tourism_13,-0.0024613435591460233
cancer_19,-0.002466491233616064
dow_jones_2,-0.0024760501519428104
tourism_6,-0.002477093455087909
credit_3,-0.0024817329573059376
earnings_15,-0.0024900438494907863
bonds_5,-0.0024908034046440485
kitchen_15,-0.002494049726988168
kitchen_13,-0.002495603338528607
party_14,-0.0025025277723768947
case_17,-0.0025031066066969034
founded_9,-0.002503502365047572
travel_5,-0.0025089887950719312
inflation_5,-0.002517466695229098
members_4,-0.0025237697424075555
marriage_2,-0.0025281213583077332
kitchen_18,-0.002529361823964749
risk_18,-0.002530380067042648
william_14,-0.0025412911065871404
ore_20,-0.0025418205253944005
greed_9,-0.002544227004743127
cash_13,-0.0025525837705573816
million_18,-0.0025559511561360714
world_7,-0.002561794007938434
fun_20,-0.0025666502363902886
kitchen_5,-0.0025668639947178384
freedom_19,-0.002567631800950698
kitchen_20,-0.0025685126885862442
gold_13,-0.0025691865170838434
office_20,-0.002572633933679258
water_11,-0.0025797374629577875
illinois_12,-0.0025813873269548092
happy_19,-0.002582349877338008
election_4,-0.00258501788964125
act_20,-0.002588066178023052
revenue_10,-0.0025908211536581627
environment_12,-0.002592308615555328
virginia_10,-0.0026007719523254646
DOW_JONES_14,-0.002601291597555977
wisconsin_15,-0.0026085210482139853
served_16,-0.0026182504686312223
justice_4,-0.002619925901179987
minister_13,-0.002620724916844508
project_11,-0.0026247195440529
buy_9,-0.0026443888301500573
project_13,-0.002650104667548403
served_15,-0.0026547962706504613
police_19,-0.002655710242938825
act_12,-0.002657037348242852
environment_19,-0.002668836387668594
representatives_16,-0.0026689112787828596
chance_17,-0.002672882683472899
housing_11,-0.0026734373169356564
government_2,-0.002674660010091423
cash_8,-0.002677451824325816
government_7,-0.002677871470753357
BUY_AND_HOLD_19,-0.0026779710321876314
debt_17,-0.002679155522515253
elected_12,-0.0026884518613497165
marriage_13,-0.0027077316151468355
DOW_JONES_1,-0.002708365677799707
growth_10,-0.002710734414409233
present_11,-0.0027130847390522293
dividend_12,-0.0027147424794196295
markets_20,-0.0027238099811587755
unemployment_7,-0.0027252766419811223
labor_4,-0.0027278969521875806
inc_13,-0.0027405815278722877
pennsylvania_2,-0.0027501685264583963
present_6,-0.0027509849699631104
ohio_18,-0.0027514609093052035
economics_11,-0.002753048828065574
success_4,-0.0027549568340215604
banking_9,-0.002759404474901639
happy_14,-0.002760408347855359
virginia_1,-0.0027630317884754342
global_10,-0.0027704952061212928
cash_11,-0.0027721515262271847
bonds_2,-0.002775351314150476
kitchen_16,-0.0027831095125307793
house_18,-0.0027873060072279854
members_18,-0.0027873458611493485
members_15,-0.0027880931139046216
college_7,-0.0027946984680952136
banking_13,-0.0027949347811918822
union_12,-0.00280198700242027
revenue_3,-0.00280289747528113
earnings_18,-0.0028083090460476524
fun_17,-0.0028109988561365595
unemployment_4,-0.002812244299536548
finance_11,-0.002818621495682505
representatives_11,-0.0028251859057377925
nyse_16,-0.0028259414924961977
dow_jones_15,-0.002835039915771276
technology_1,-0.0028376487215767245
dividend_8,-0.002841383884024884
law_3,-0.0028436914005513627
water_13,-0.0028450922997599547
opportunity_10,-0.002846070402823431
water_5,-0.0028463401290547584
technology_12,-0.0028473216524707466
kentucky_9,-0.0028483556215424645
elected_13,-0.00285104753576364
movie_5,-0.0028522936712813917
buy_20,-0.0028540063308606146
tourism_19,-0.0028599046291214016
gain_8,-0.002864936134138407
investment_2,-0.00286496881869478
governor_18,-0.0028674242156435216
marriage_19,-0.0028682761486417572
world_18,-0.0028686172489570394
bonds_15,-0.0028700232683587013
garden_2,-0.0028751623379683843
ceo_1,-0.002875692488789339
stocks_13,-0.0028781442779383325
seats_12,-0.0028876153861872923
law_8,-0.0028918278172012533
case_14,-0.0028918526755116413
invest_14,-0.0028957903285431906
law_1,-0.0028965759827412007
kitchen_3,-0.0029030835260765997
party_18,-0.002922360892547449
default_17,-0.0029265927173946827
unemployment_12,-0.002931196461076091
wisconsin_4,-0.0029394184527286706
nyse_1,-0.002941918356041029
marketing_4,-0.002957376064735029
cancer_4,-0.002959151596984788
fond_16,-0.002962209091116064
community_5,-0.002969051556386315
washington_8,-0.0029823907439306295
business_1,-0.002983503963960521
party_20,-0.002986932791189001
energy_13,-0.0029885005619493033
industry_12,-0.0029922721284479257
industry_5,-0.0029938689407172257
finance_10,-0.002994474642622769
rich_14,-0.0029992740449418243
finance_4,-0.0030084166938525005
consumption_7,-0.003009236615178468
legal_8,-0.003010518024536446
elected_14,-0.003012293062708027
representatives_19,-0.0030138587640238246
committee_13,-0.0030181076709196787
votes_20,-0.00301992231273287
members_8,-0.0030202007914323704
global_18,-0.0030231935200341065
conflict_13,-0.003023429618294271
community_14,-0.003032507732141587
movie_10,-0.003034125188748549
wisconsin_10,-0.0030386690547778315
politics_19,-0.003039993954383635
investment_4,-0.003044278474964113
representatives_15,-0.0030514148450994094
missouri_11,-0.003053815174269969
georgia_1,-0.003056221445467
derivatives_8,-0.003061670706156061
federal_10,-0.003064162417563243
missouri_14,-0.003065458117858877
county_7,-0.0030663205470734312
default_12,-0.0030715336669591585
development_8,-0.003071758511390965
bonds_10,-0.0030751864660129025
texas_13,-0.0030779427489004306
political_14,-0.003080042688317519
sell_13,-0.0030803927439055022
service_1,-0.0030832361271635467
consumption_20,-0.0030881254094411448
marketing_18,-0.0030889188879838158
headlines_15,-0.0031009672167726875
democratic_5,-0.0031024031226367433
project_1,-0.003102455097272805
headlines_5,-0.003105436064660361
opportunity_8,-0.0031085292257377662
fond_5,-0.003115158550756636
stocks_2,-0.0031155275719098262
ore_17,-0.003115593704709241
food_10,-0.003121162657832377
county_1,-0.0031220852407303433
success_18,-0.003124280866493723
republican_19,-0.0031401999755314323
cash_14,-0.003140232541631849
tennessee_1,-0.003141180360646101
labor_19,-0.0031413635410430405
court_12,-0.0031426475626533225
bank_7,-0.003143201593945344
dividend_2,-0.0031475075176350398
georgia_8,-0.003163753430058325
DOW_JONES_4,-0.003165607789988223
illinois_5,-0.0031735812832542677
fond_4,-0.0031742750069049695
travel_17,-0.0031743169393057434
office_13,-0.0031773268383450846
bonds_19,-0.003183496269724473
case_20,-0.0031893989144055725
financial_8,-0.0031897766524025873
virginia_13,-0.003194488897826986
industry_20,-0.003195767122643023
food_13,-0.003197205288981819
county_13,-0.0031986710184978007
culture_11,-0.0032049242293017643
companies_11,-0.003205164900388402
debt_9,-0.0032111548272395042
ring_7,-0.0032168182336981934
firm_17,-0.00321781528785825
party_5,-0.0032302221420994703
federal_8,-0.00323712673957941
nyse_7,-0.003237499812754452
present_9,-0.0032390648679729407
development_18,-0.003241743435411726
government_10,-0.0032418953385885407
act_7,-0.0032530405596134402
pennsylvania_3,-0.0032548576206110403
virginia_8,-0.0032661636953265514
ltd_1,-0.003279030328931709
ore_2,-0.0032901623318354113
county_2,-0.0032923263004484226
culture_8,-0.0033025089699807
transaction_12,-0.003305398950468219
portfolio_3,-0.003309612361044567
governor_3,-0.003310461856501079
dow_jones_12,-0.0033179486779594037
community_1,-0.0033210359165485983
movie_2,-0.003322107979579858
revenue_15,-0.00333001863984419
blacklist_17,-0.0033316519495574905
management_11,-0.00333242583621407
district_7,-0.003341375294690119
nyse_17,-0.003344343901830804
federal_5,-0.003349000524389978
DOW_JONES_18,-0.0033536060496048405
crash_5,-0.00335844586042191
growth_3,-0.0033635062592027422
short_sell_11,-0.003368537541884753
markets_6,-0.0033711378826269955
community_12,-0.0033714804620207594
law_10,-0.0033764236849759487
ring_11,-0.003377552274384432
banking_1,-0.0034093683490250106
water_20,-0.003409843591999784
profit_13,-0.0034115738757592774
markets_16,-0.0034243461336944
police_11,-0.003426500066525273
elections_19,-0.0034327568140260613
vermont_2,-0.003433888814615238
court_4,-0.00343458280641864
massachusetts_4,-0.003435936211787749
credit_12,-0.003441428625104326
corporation_4,-0.00344277657503409
pennsylvania_5,-0.00344492617070431
government_5,-0.0034514066758015048
carolina_11,-0.0034621700977813365
million_9,-0.003467631676212579
federal_1,-0.003473112206446771
corporation_18,-0.0034752337933983356
environment_5,-0.003479423751631816
committee_12,-0.0034936056985245046
rich_9,-0.0034947902488953186
illinois_2,-0.003498511727451148
ministry_9,-0.0034986017496788867
metals_3,-0.0035018895639342684
freedom_18,-0.0035046289317098634
nyse_20,-0.003505822091989197
world_20,-0.0035113868284100346
growth_9,-0.00351412453334059
investment_10,-0.0035167884937833405
fond_14,-0.003518676417102795
revenue_5,-0.003532769154075588
vermont_9,-0.0035330200110597287
society_8,-0.0035376759674125456
william_5,-0.0035414083202921277
markets_11,-0.0035422943649369596
kitchen_7,-0.003542505749654201
texas_3,-0.0035459970607787383
BUY_AND_HOLD_11,-0.0035530722881129684
garden_9,-0.0035554852338207654
act_4,-0.0035559017265344383
social_11,-0.0035696842786653972
crash_4,-0.0035706844343165846
technology_5,-0.0035791564922944773
republican_20,-0.003581735037645717
trader_9,-0.003588567525695674
elections_10,-0.003591076646417779
pennsylvania_18,-0.0035917680521742046
media_18,-0.003594792214964926
buy_16,-0.003595709265219926
profit_2,-0.003605135836423101
office_8,-0.0036117228270901693
leverage_3,-0.0036206101482387787
washington_11,-0.003624906671957073
invest_7,-0.0036254548663452015
firm_15,-0.003637260613455995
fine_6,-0.003641625644069535
blacklist_14,-0.003641666406143762
BUY_AND_HOLD_16,-0.0036464929410541247
conflict_9,-0.003657308916990676
buy_2,-0.003661856953364362
sell_8,-0.003666534134976529
finance_13,-0.0036689166488046653
global_5,-0.0036762651398703607
earnings_7,-0.0036763931000480367
health_13,-0.003682249172392105
college_10,-0.003682526065197944
invest_8,-0.0036847876400219583
police_10,-0.003693052150695597
court_7,-0.0036943702418426707
act_13,-0.003697067566401158
service_11,-0.003704402459759648
election_18,-0.003706270822441948
gain_10,-0.00371417172612134
fine_14,-0.003717813791418467
portfolio_2,-0.0037185240482283666
illinois_8,-0.0037203205986997114
money_12,-0.0037297257603513324
metals_18,-0.0037302615951391393
ohio_9,-0.003735631583207444
metals_8,-0.003741944872093583
economic_12,-0.0037428293462937745
marriage_12,-0.003744858649540328
revenue_19,-0.0037472385473477977
sell_20,-0.0037564877624719274
oil_8,-0.003758162817946431
markets_15,-0.0037589200775890673
community_3,-0.0037602629807555353
environment_18,-0.0037629313046940948
society_11,-0.0037716748076390915
founded_6,-0.003774239348919717
environment_4,-0.0037927089010814765
markets_8,-0.003794496452885432
william_20,-0.0038056598830487286
illinois_4,-0.0038125886434750233
development_4,-0.003814626350726158
economic_1,-0.003824154469691754
nyse_3,-0.0038264973660457223
president_4,-0.0038283927941822338
bubble_11,-0.003857345925251954
judge_17,-0.0038676908822981248
marketing_1,-0.003867982116308877
district_13,-0.0038688856553538375
economic_4,-0.003875492100651856
products_18,-0.0038839019964311385
tourism_4,-0.0038853621373031943
media_3,-0.0038888465072127064
secretary_17,-0.0038941949967645994
movement_19,-0.003895619077910628
court_13,-0.003906343514312849
college_18,-0.003911515067093041
secretary_12,-0.003912623445917807
inflation_18,-0.003913083321969291
default_9,-0.003918644293746709
debt_19,-0.003925785663558412
cash_15,-0.003927373155028202
invest_9,-0.003933582990158335
train_7,-0.003939713822961366
headlines_11,-0.003947368510600247
served_14,-0.003958029084014792
lifestyle_7,-0.00395969051732008
william_11,-0.003966251804271126
religion_11,-0.00396682823689507
happy_15,-0.00396701289037098
william_3,-0.003971199857484176
cash_17,-0.0039739779588265686
ohio_1,-0.003974866621905338
pennsylvania_1,-0.003978706448169755
inflation_9,-0.003986744153480659
business_12,-0.003991595176038842
happy_2,-0.003993221771628375
derivatives_12,-0.003994942192985684
economics_6,-0.004013565697993338
technology_20,-0.004024911859496561
founded_5,-0.004026230545236253
college_5,-0.004026602693562054
president_13,-0.004041423549988754
global_20,-0.004047026321671953
served_10,-0.004051077534393643
global_1,-0.004058456188091264
cash_12,-0.0040836375134894794
million_4,-0.004086805640687507
success_5,-0.004088814645771976
stats_10,-0.004101894379287607
forex_9,-0.004104453516103401
economy_1,-0.004110545352498218
president_14,-0.004111304797606708
management_4,-0.004126486576775568
marketing_8,-0.004130448216873561
secretary_13,-0.004137666867518197
tennessee_5,-0.004142646508554493
revenue_2,-0.004153339163448377
ltd_8,-0.004162498076892418
train_16,-0.0041656266309871405
world_2,-0.004167535127314848
markets_3,-0.004168836849015323
economic_3,-0.00417320553117082
restaurant_3,-0.0041780957520064724
politics_13,-0.0041793174278815124
services_18,-0.004179890316547574
labor_17,-0.004181452446874445
society_1,-0.00419004285129454
banking_14,-0.004203344221363148
inflation_17,-0.004203520007505457
invest_16,-0.00421571934241396
DOW_JONES_2,-0.004217637165046639
police_2,-0.004218503212297509
crash_2,-0.004221293655955183
credit_11,-0.0042267391787951915
banking_10,-0.004227563493646791
headlines_3,-0.004230050308230116
inc_8,-0.004236643736021195
missouri_2,-0.004266179108983836
massachusetts_12,-0.004267165672175133
finance_3,-0.004268063270144218
hedge_8,-0.004269353106916118
services_11,-0.004270406751743861
firm_20,-0.004271255399613705
seats_13,-0.00428353003444808
security_11,-0.004299559844970347
water_3,-0.004302471172123279
kitchen_1,-0.004306084417818279
politics_15,-0.004313837260989506
elections_8,-0.004314928422746722
financial_5,-0.004321750953972514
government_6,-0.0043220526183378235
forex_5,-0.0043336535570916105
vermont_11,-0.004335052882230217
invest_17,-0.0043404030563996224
senate_13,-0.0043494537499838785
william_9,-0.004349535941255578
nyse_12,-0.004352253314720622
committee_18,-0.0043556155099852886
million_16,-0.004368925208255247
return_11,-0.004371604364039583
default_2,-0.004373373017799209
business_11,-0.004375204360692608
ceo_6,-0.004375512503984625
served_11,-0.004383333278987278
inflation_2,-0.004383971377898366
finance_8,-0.00439617724680581
portfolio_12,-0.004440630331209006
crash_11,-0.004458603679721196
political_11,-0.004469106470436768
nyse_10,-0.0044768397292898054
judge_7,-0.004488539247787626
forex_8,-0.004500716222757784
holiday_12,-0.004522570862099018
kentucky_8,-0.004527243920046687
derivatives_15,-0.004527333040878956
gains_9,-0.0045301787736935495
police_3,-0.004541852867584728
DOW_JONES_15,-0.004543336897532413
georgia_2,-0.004548106459253765
oil_10,-0.0045638271856901945
train_20,-0.004566031069757259
companies_18,-0.004583913927522975
inc_18,-0.004592096380742339
religion_8,-0.004600268254878049
headlines_14,-0.004607421969943149
risk_9,-0.004609862182158353
car_17,-0.0046104610386452196
district_19,-0.004612928401066996
pennsylvania_4,-0.004613849932319347
unemployment_8,-0.004617816551300757
crash_20,-0.004619994952402884
car_20,-0.0046201197909971235
health_18,-0.004621589646008828
transaction_17,-0.004629293888301
million_14,-0.00463856990891276
illinois_10,-0.004643337814267556
ohio_10,-0.004643429413297162
derivatives_4,-0.00465149513877412
health_12,-0.0046515827356770735
pennsylvania_8,-0.004652189109683369
management_12,-0.004660637250414013
judge_12,-0.004661270007465257
gold_2,-0.004673909765210693
rights_5,-0.004681650857184749
service_18,-0.004693307186204398
gains_20,-0.004697077644507353
management_13,-0.004702031689657127
hedge_11,-0.004711126735327098
secretary_9,-0.004711693195487254
returns_12,-0.004716726052628228
politics_20,-0.004718921606754067
rights_1,-0.004722044171342232
ore_16,-0.004745551829292949
chance_3,-0.004745843639367764
government_3,-0.0047463668566602776
profit_11,-0.004753354559483158
media_14,-0.004767763491532628
missouri_8,-0.004779757734819845
william_10,-0.0047837050177828465
investment_9,-0.004787160101335663
hedge_2,-0.004791678229261321
culture_1,-0.004793926005824289
court_18,-0.004802248394535647
conflict_16,-0.00481278991544074
financial_markets_16,-0.004814805401899491
justice_5,-0.004828196455084676
chance_10,-0.00483040791586864
cancer_18,-0.004832918439300782
conflict_19,-0.0048329644339538454
bubble_7,-0.004835963547855271
ore_6,-0.004845199744558037
bubble_12,-0.004845847996945807
society_18,-0.004846069347509996
gold_4,-0.00484798359534655
inflation_6,-0.004849040984145047
war_11,-0.0048503531820903055
forex_19,-0.004851961098622959
georgia_4,-0.004856756978837695
management_8,-0.0048613286717334335
president_8,-0.004864489409707451
ministry_20,-0.004864857865492733
nyse_13,-0.004866400345092892
global_13,-0.00487006363777065
companies_20,-0.004872814570177675
corporation_8,-0.0048811400426356675
crash_10,-0.00488135066311155
marketing_20,-0.004886211037158783
market_10,-0.0048982861075472115
short_sell_10,-0.0048992774560974615
religion_9,-0.00490735037949086
loss_18,-0.0049086823280855675
unemployment_13,-0.004909167241475387
movement_10,-0.004911455913827356
million_20,-0.0049227557086240605
market_18,-0.0049253021375675
stats_12,-0.004926492079316169
inflation_3,-0.004927860397733385
security_20,-0.004928343862858298
revenue_4,-0.00493361923323894
tennessee_10,-0.00493753631432785
union_8,-0.004964858745222745
derivatives_9,-0.0049744994629816516
corporation_1,-0.004988173374119431
cash_18,-0.004990374272812903
secretary_1,-0.004994439743740675
derivatives_10,-0.004999068603116608
bank_2,-0.005001305049407723
companies_12,-0.005016374052718664
washington_13,-0.005018173880171273
media_5,-0.005030266106297532
services_4,-0.005030436269527238
governor_10,-0.005031471908809082
texas_10,-0.005032974081306429
founded_7,-0.005040891159183825
arts_4,-0.0050522789125227565
ore_5,-0.005053663201655479
union_19,-0.005054455294101534
social_3,-0.005059804824965907
elections_12,-0.005061815843617756
movie_6,-0.005062722697441258
train_4,-0.005073156673400403
wisconsin_20,-0.005073417264509272
hedge_18,-0.005075978726569686
forex_18,-0.005082354372893972
tourism_9,-0.005083459106278232
elected_4,-0.00508374332669137
portfolio_13,-0.00509311280448912
inc_1,-0.005102946248103879
marriage_9,-0.005106317301794494
votes_18,-0.005106365448734618
derivatives_16,-0.005111022931811804
economy_9,-0.005113175680858384
companies_8,-0.00511336125095232
nyse_11,-0.005115061233286577
development_12,-0.005116152210294267
trader_3,-0.0051210301670642
stocks_8,-0.005134820290849151
banking_2,-0.005135630510545708
massachusetts_18,-0.00515790661135509
union_5,-0.005167299729764529
district_11,-0.005195918260864496
home_2,-0.005198516796985286
freedom_4,-0.005202825052926174
district_12,-0.005209905346969768
fond_12,-0.005215363972763431
committee_2,-0.005216926869327443
home_4,-0.005216930002183107
management_20,-0.005224085728436601
firm_10,-0.005225222492716797
college_2,-0.005229805089223327
political_12,-0.005239285872951904
health_1,-0.005242635840567255
financial_11,-0.005247496461356227
DOW_JONES_7,-0.005249665824721239
ceo_2,-0.00526517022347992
bonds_6,-0.005273343843629164
happy_20,-0.005274782482365459
invest_19,-0.005283631714893855
bank_11,-0.005293095093980638
carolina_1,-0.005297116354424425
cancer_13,-0.0052971869841801356
headlines_10,-0.005299513820869506
short_selling_17,-0.0053027876416468
ring_13,-0.005307444634992798
justice_9,-0.005309317457169183
money_2,-0.0053149234649396025
health_11,-0.005318174327725233
georgia_18,-0.00532140415220661
senate_12,-0.005324357856905304
garden_4,-0.005329105643983101
finance_17,-0.005346999454419521
york_11,-0.005359714878369481
garden_7,-0.005389590928167887
happy_9,-0.005402442287245246
movie_20,-0.0054285929834050565
color_13,-0.005430974727236748
government_12,-0.005432981651212354
energy_11,-0.005433111793149603
movie_15,-0.005434279645053053
portfolio_4,-0.005435826660725595
cash_1,-0.005459238812425426
global_12,-0.005460250991009108
car_2,-0.005462648323314135
community_7,-0.005464490263490385
earnings_6,-0.0054751769509353565
massachusetts_11,-0.005475931075933293
republican_10,-0.005497784772538439
arts_2,-0.005498484809671767
case_2,-0.005511617838605476
rights_4,-0.00552716551452852
media_9,-0.005537366250068865
members_9,-0.005538823440867935
growth_5,-0.005540626757547296
energy_1,-0.005541260634945711
home_17,-0.005541973787914078
judge_8,-0.00554942849104203
secretary_11,-0.005551282638090171
trader_19,-0.005555410465576704
energy_20,-0.005557352387396986
firm_3,-0.0055590330417906175
arts_9,-0.00556082511925704
fun_5,-0.0055860847399531455
president_16,-0.005587272556549272
bank_18,-0.005594838454510498
federal_11,-0.005599723214019336
money_9,-0.005604251122524806
elected_9,-0.005606579702927128
police_17,-0.005614768705282036
garden_10,-0.005616468691735976
house_2,-0.005617460438994271
society_20,-0.005621155295687697
industry_8,-0.005625728372265759
derivatives_13,-0.005626575421403568
invest_2,-0.005632718517599411
economy_20,-0.005633063654870462
happy_13,-0.005634227727110685
products_2,-0.005637404302186333
banking_17,-0.005645358511109966
community_20,-0.005649750850458157
legal_4,-0.005652134705351109
politics_2,-0.005655597173893079
gains_4,-0.005660319597321472
greed_3,-0.005669821335526159
markets_17,-0.005672489661352054
hedge_13,-0.005673809798060425
arts_1,-0.005675836686456414
credit_2,-0.005692772381223366
missouri_20,-0.005699516509559977
minister_1,-0.005700343802048535
loss_4,-0.005708486285469538
consumption_10,-0.005712378585913514
court_5,-0.005724206909447993
security_1,-0.0057251790257120795
crash_19,-0.005729211307726856
default_11,-0.005729547528725143
freedom_15,-0.005731840683606238
banking_20,-0.0057468844609273265
society_9,-0.005750411346351259
movie_4,-0.005751419427188753
dow_jones_9,-0.0057787638025324824
metals_4,-0.0057789677944345644
chance_5,-0.005779717408681306
fine_9,-0.005801070426890642
home_9,-0.005823921730798043
ring_17,-0.005827225234661571
war_4,-0.005830245087157393
short_sell_3,-0.005843138012481641
voters_3,-0.005847554072043381
ore_18,-0.0058512187594400135
president_11,-0.005852211386201467
products_4,-0.00587238008655937
oil_4,-0.005872498640845092
corporation_2,-0.005894886846555747
cancer_17,-0.005909805025455706
missouri_1,-0.005914577174461355
inflation_1,-0.005919538262489876
stocks_20,-0.00592904447907725
trader_18,-0.005930267748784912
risk_15,-0.005938246282831394
transaction_2,-0.005944895209667012
ohio_11,-0.005949591864696746
energy_5,-0.005954886299680018
seats_9,-0.005967181090345952
representatives_12,-0.005969752270286755
gold_17,-0.005975302639702829
cancer_11,-0.005975527187250429
dow_jones_7,-0.005976868458383233
representatives_4,-0.005980014552680957
election_15,-0.005981970383576729
short_selling_18,-0.005982370062786346
bank_1,-0.005983557722452182
train_18,-0.005985998660515279
democratic_3,-0.005986731129627798
legal_2,-0.005992847832453752
act_10,-0.005998345966368457
religion_15,-0.005999723016938452
carolina_9,-0.005999868135803976
present_12,-0.006015676770435574
dividend_10,-0.006016404355178651
investment_12,-0.006018167268624364
opportunity_2,-0.006025763703243747
georgia_10,-0.006040662413514442
management_18,-0.006041115973951694
consume_9,-0.006047118823008968
minister_14,-0.006069252172451955
chance_11,-0.006080155170309687
senate_14,-0.0060903766428205275
movie_1,-0.006095893056614554
ministry_19,-0.006100096454798943
inc_20,-0.006113011039058436
judge_10,-0.006123077597917614
justice_20,-0.00612842706575234
returns_19,-0.006143985493179782
office_1,-0.0061440353269287765
risk_5,-0.006144720057851138
media_2,-0.006150598386592043
buy_7,-0.006174443253468232
risk_4,-0.006178247278923754
short_selling_11,-0.006193070124286626
war_14,-0.006196381990667943
cash_4,-0.006198114724602899
success_13,-0.006248536146559536
william_12,-0.006248738022700073
rights_20,-0.006259913084155166
act_5,-0.006267315549032815
growth_2,-0.006272457985860047
media_20,-0.0062725714504740186
kitchen_17,-0.0062860847723249956
return_2,-0.0062875644000171425
economy_3,-0.006288539363822077
holiday_9,-0.006290522805948684
financial_4,-0.006295943370081614
money_18,-0.0062978424334746205
lifestyle_11,-0.0063094341437849085
representatives_13,-0.006318904197345177
derivatives_11,-0.006323738158489789
credit_10,-0.006329111831984724
products_3,-0.006344470949205294
york_18,-0.006389632401017908
government_4,-0.006392642160148454
dividend_19,-0.006401552989865067
development_1,-0.006409267271437713
carolina_20,-0.006420472546246647
default_5,-0.006442314167565066
social_20,-0.006454179093086365
secretary_4,-0.0064606914112733
ohio_7,-0.0064927410101473845
massachusetts_8,-0.0065011407158575675
movement_18,-0.006522617107285078
police_8,-0.006544502822522902
sell_16,-0.006545234995424964
republican_18,-0.006557855030524662
security_4,-0.006577681722682161
office_2,-0.006579981769190679
firm_19,-0.006600947826593373
fed_10,-0.006603713254064591
district_20,-0.006609746719772991
environment_1,-0.006610747730004363
leverage_12,-0.0066132104241505285
illinois_18,-0.0066142306720923475
security_8,-0.006629464714921718
short_sell_20,-0.00664014434506377
culture_3,-0.00664025262915433
sell_5,-0.006641313660261461
politics_5,-0.0066425110528176125
corporation_20,-0.0066426260308033004
wisconsin_8,-0.006648984008572789
union_3,-0.006650080322526719
texas_18,-0.00667260840373487
industry_9,-0.006680032419889836
judge_2,-0.006680505247008761
served_1,-0.006693717194442383
world_4,-0.006695778481702397
health_20,-0.006705592600531385
hedge_3,-0.006705943349767929
election_13,-0.006717434014718649
fine_20,-0.006719324114680636
founded_12,-0.0067211077038509485
committee_7,-0.006735492895660933
companies_13,-0.0067378428966305744
environment_13,-0.0067453841307131505
law_4,-0.00674577239095453
financial_markets_11,-0.006750105662439854
ministry_18,-0.006772506545780876
members_17,-0.00677323243513901
health_4,-0.006816589263871164
corporation_9,-0.006818304836293376
act_18,-0.006824437997672406
office_18,-0.006831550972156752
debt_18,-0.006842406035379311
crash_6,-0.006855837663851561
chance_14,-0.006859106444091045
pennsylvania_20,-0.006863368265312109
seats_4,-0.00687000240168858
tennessee_3,-0.006872268205840392
project_18,-0.006874522014880813
ceo_7,-0.00688764620294049
bubble_10,-0.006888052147779033
arts_3,-0.0068897531063855325
market_1,-0.006916948220457764
arts_11,-0.006928911262993132
housing_14,-0.006945849113007285
portfolio_10,-0.006952428158856794
car_9,-0.00696486206914273
texas_9,-0.006978871322733693
fine_2,-0.00698598998712976
travel_9,-0.007015910632759792
services_1,-0.007017042915561711
markets_13,-0.007019856247020817
ministry_4,-0.007024701138290501
pennsylvania_11,-0.007024827781457521
virginia_11,-0.007043244058211062
wisconsin_18,-0.007048639240864007
companies_4,-0.00704896316738024
fine_4,-0.007059349259876812
management_1,-0.007061664725188099
banking_4,-0.007063167175428209
senate_16,-0.007072104846500382
health_2,-0.00709373515637286
hedge_12,-0.007118599261556646
movement_4,-0.007123939488629838
college_9,-0.007128993646827175
kitchen_4,-0.007137976453333183
elections_11,-0.0071404440912978375
blacklist_6,-0.007168345112269025
world_9,-0.007170197122943933
missouri_18,-0.007173686255737777
college_4,-0.007173841241774092
stocks_18,-0.0071918914388354295
elections_13,-0.007195588817321674
minister_2,-0.007202591517402679
wisconsin_2,-0.007211475797309163
community_8,-0.007265490984423595
holiday_8,-0.007265910306981494
kentucky_2,-0.0072740778372212935
greed_4,-0.007290841975709816
case_8,-0.007307364804531646
credit_4,-0.007308241308186347
returns_1,-0.007343368237194547
president_20,-0.007357053914388545
district_8,-0.007372713913974094
culture_4,-0.007386487373911987
missouri_13,-0.007392484446849967
travel_2,-0.0074115859864768655
house_4,-0.007413924449971509
fine_5,-0.007423764726640103
finance_1,-0.007430287231533761
federal_4,-0.007438658636580065
stats_2,-0.007444921159455475
rich_18,-0.007461846613342415
case_3,-0.007469944540710194
elected_18,-0.007489713648048046
college_20,-0.00749997874552002
holiday_3,-0.0075077819636137685
gains_5,-0.007509234328114766
secretary_15,-0.007509903855742239
movie_7,-0.007514835722923241
restaurant_2,-0.007547505773587759
district_3,-0.007566167459575635
unemployment_2,-0.007619190440225965
federal_9,-0.0076264580920544665
tennessee_20,-0.007666128334933409
services_20,-0.007667217326564635
federal_20,-0.00766771405863873
greed_10,-0.00767217198631982
gain_16,-0.007678623855065814
ring_4,-0.007696693092766394
labor_11,-0.007709025143429549
dow_jones_1,-0.007714465177637497
social_18,-0.0077255463582484914
hedge_10,-0.007746513705086833
success_19,-0.007776496812009204
senate_10,-0.007777787076992037
housing_4,-0.007787189325195376
president_7,-0.007800532712924113
fed_4,-0.007807282134966953
illinois_11,-0.007811443200091572
wisconsin_9,-0.007828558752482784
nasdaq_5,-0.007838997945910675
economics_9,-0.007840427148072492
water_4,-0.007841222250510694
project_3,-0.0078601727108075
loss_9,-0.007873335052686859
society_4,-0.007878212424326004
corporation_11,-0.007881691212712472
money_4,-0.007891914556297275
technology_11,-0.007895479723190425
gain_2,-0.007906470069881478
government_20,-0.00794820455909404
texas_11,-0.00796409744835982
inflation_11,-0.007965113703289561
senate_17,-0.007965500386408952
portfolio_11,-0.007968297090849785
union_20,-0.007973093765117257
elected_1,-0.007977613305388287
pennsylvania_9,-0.007980381692228079
district_18,-0.00800712816208098
service_20,-0.008029519740426427
election_7,-0.008044841593599573
justice_18,-0.008109796084401256
house_9,-0.008115504400481255
oil_11,-0.008133149623825964
federal_12,-0.00813722863606423
buy_4,-0.008137582426124413
gold_18,-0.008147653627589447
business_4,-0.00816361030731667
bank_4,-0.00816525460197295
stats_4,-0.008170031452513849
forex_12,-0.008182125289665932
growth_18,-0.00819574825354603
committee_8,-0.008199832136303774
union_2,-0.008207997880492202
profit_15,-0.008217713569219364
earnings_11,-0.008241077457140467
development_20,-0.008250855413821822
economy_7,-0.008261448448097198
council_9,-0.008263258205284396
million_6,-0.008265638826543343
train_14,-0.008275081802670402
carolina_10,-0.0082771117811133
bank_9,-0.008287389673917622
companies_1,-0.008287973636426327
party_4,-0.008290829297868285
justice_1,-0.008296842087248258
union_18,-0.0083006755051253
restaurant_10,-0.00830978381725267
legal_9,-0.008309844745324525
government_9,-0.008319434217778232
office_4,-0.008328022961814164
office_11,-0.008338156933498797
elected_10,-0.008368407679763545
revenue_11,-0.008385676673419296
financial_20,-0.008385794305225703
freedom_2,-0.008409263036506177
business_18,-0.008409722419127163
service_2,-0.008411212462343397
election_20,-0.008419957171001547
york_4,-0.008428052610631264
bonds_18,-0.008429096378297607
labor_2,-0.00843092173258635
gold_20,-0.008436682362444969
credit_18,-0.008437050404199353
committee_9,-0.00844224341648614
environment_9,-0.008444071057324231
members_13,-0.008449060583874957
development_11,-0.008464410623586138
carolina_18,-0.008479163134514089
community_4,-0.008485360107970052
law_11,-0.008491566461414645
debt_8,-0.008492534363323246
act_11,-0.008501489563871423
illinois_20,-0.008504841477077663
secretary_3,-0.008520214221589772
holiday_1,-0.008580368314588105
hedge_7,-0.008606904730725872
opportunity_4,-0.008607933954047464
technology_4,-0.008641766461407019
cancer_12,-0.008646506735443782
trader_4,-0.008648151773782775
nasdaq_20,-0.00865530886132555
inc_2,-0.008667399341550452
social_12,-0.00870249406797916
color_20,-0.00870687055006818
case_18,-0.00873521471144345
politics_7,-0.008735656505098643
happy_1,-0.008737765592447233
council_11,-0.008737944661019247
rich_20,-0.008743566206328412
act_2,-0.008753221924685351
virginia_9,-0.008777596307352998
energy_18,-0.008796330997882462
tourism_20,-0.008801114327349669
virginia_18,-0.008809939608263928
home_20,-0.00881127449092094
holiday_5,-0.008816368133101294
business_20,-0.008860770436653231
ore_7,-0.008863160006275383
food_20,-0.008909179364636333
freedom_1,-0.008909179579304705
financial_2,-0.008952354822331143
food_2,-0.008971852989911145
chance_12,-0.008977738612934915
bonds_7,-0.008980399974641196
york_20,-0.008981440174096944
technology_9,-0.008995618773486291
court_1,-0.008996338412444382
county_20,-0.00900490640972651
county_18,-0.009013566887042291
york_2,-0.009016751962403835
holiday_13,-0.009026019585977952
texas_4,-0.009036571632549806
global_4,-0.009046707491722272
stock_market_13,-0.009052007368448512
virginia_2,-0.009063828945227347
sell_2,-0.00907396020277702
oil_20,-0.009080272928356847
republican_17,-0.00908330390641876
headlines_2,-0.009092102204346086
marketing_2,-0.009094101548023082
tennessee_18,-0.00912203739502999
movie_17,-0.009156403216247843
court_8,-0.00919144108086194
products_20,-0.00919749656350144
case_4,-0.009199550314252458
voters_11,-0.009248248555967042
massachusetts_20,-0.009280447460957464
default_3,-0.009289014343597435
fun_4,-0.009329328658809088
vermont_7,-0.009379774007764819
DOW_JONES_6,-0.009421021083181125
virginia_4,-0.00944211762003877
judge_11,-0.009462435992854812
movement_11,-0.009479948271301409
greed_11,-0.009503274500202007
county_4,-0.009505874923910907
court_20,-0.009509683196143492
returns_6,-0.00951333786601356
services_2,-0.009515997315213331
fond_11,-0.009516721879910105
washington_18,-0.009523722217699527
sell_3,-0.009526013193722326
industry_19,-0.009526662032004963
restaurant_11,-0.009532584553838963
council_18,-0.009540541465718588
security_18,-0.009555409735903986
economic_5,-0.00955822104014179
stock_market_12,-0.009564961689287999
judge_19,-0.009575720705555058
fed_20,-0.00959939753399761
management_2,-0.009610990802886321
food_4,-0.009618493512735827
energy_4,-0.009619792731353227
housing_9,-0.009639209868988408
party_9,-0.009644795911567815
senate_1,-0.0096494368239872
greed_16,-0.009665309218770114
present_20,-0.009670435171232783
chance_4,-0.009673077684107013
gains_19,-0.009747025778949769
county_9,-0.009750035019772008
water_18,-0.009758441451601341
president_15,-0.009774958401006261
profit_5,-0.009788120119779076
economy_8,-0.009825623262529826
global_11,-0.009830170591617771
products_9,-0.009874701142872344
ore_1,-0.009902449277185088
governor_11,-0.009905020420545262
government_8,-0.009960367064766263
crash_17,-0.009969374260315456
illinois_9,-0.009981743755339357
freedom_5,-0.009985653349907374
bubble_20,-0.009992719725651456
district_9,-0.009997367754692977
council_2,-0.010019478929079595
rights_9,-0.010020658671535098
food_9,-0.010045132876930896
judge_18,-0.010047567127198943
law_18,-0.010053401566305409
economics_14,-0.010086053009642848
election_19,-0.010133211982701984
environment_2,-0.010140615484822323
georgia_9,-0.010153929791441297
happy_17,-0.010175586906448708
security_2,-0.010181147500801947
crisis_4,-0.010182925220826977
culture_2,-0.010201320917469702
growth_4,-0.010204423147974585
car_4,-0.0102195421356982
environment_20,-0.010237635922645927
bonds_17,-0.010241775702812816
washington_9,-0.010244547372960367
ministry_3,-0.01024526169106521
gains_18,-0.010256725836031566
default_4,-0.010271319236124432
washington_4,-0.010310252058436054
judge_9,-0.01033202210635309
debt_2,-0.010354876339156016
profit_3,-0.010361688945518855
service_4,-0.010369412929233258
economic_8,-0.010378325173793002
sell_9,-0.01039049937267189
housing_18,-0.0104236392987064
services_9,-0.010425387563329048
georgia_11,-0.010431863914407957
federal_18,-0.010443980164296197
present_4,-0.010458698922465825
community_2,-0.010471520924149958
economy_12,-0.010485829779290023
forex_4,-0.010492435312817428
election_2,-0.010495650028349335
war_9,-0.010559206637160146
water_2,-0.010585539179755955
holiday_18,-0.010585574538460985
dow_jones_8,-0.01059405074871449
police_9,-0.010616666754221949
project_2,-0.010620250410830367
color_9,-0.010687941685440072
financial_9,-0.010704988349501532
economics_18,-0.010814899675296785
credit_20,-0.01082350959818883
sell_4,-0.010940949418082569
kentucky_20,-0.010991758311565536
business_2,-0.011004666535851037
election_3,-0.011074383583119208
greed_14,-0.011075707405196833
financial_1,-0.011126819905723395
DOW_JONES_9,-0.011138922839433362
investment_11,-0.011139159410865785
bank_20,-0.01116838307131356
elections_15,-0.011206627079049824
holiday_20,-0.011240909953821054
law_20,-0.0112434406514615
restaurant_4,-0.011277805485783032
carolina_2,-0.011281639838203517
service_9,-0.011302073715634653
color_2,-0.01132239845558829
buy_17,-0.011359449774201003
bonds_11,-0.011379051406000684
case_9,-0.011379667541253125
missouri_4,-0.011411496032061241
president_5,-0.011423885595712991
judge_1,-0.011431257516381566
finance_18,-0.011442875953277065
senate_2,-0.011474040230993876
global_2,-0.011475315466471203
office_9,-0.011498388691763405
markets_2,-0.011523146688627594
federal_2,-0.011527328025814288
ore_11,-0.011528497177678476
holiday_4,-0.011539321945259839
food_18,-0.0115494261170066
washington_2,-0.011564184604320581
financial_18,-0.011582185747344664
served_5,-0.011594278954730641
york_9,-0.011598390115614721
society_2,-0.011606683347535517
loss_3,-0.011610990140540834
kitchen_2,-0.011644706235824165
members_2,-0.01164533290952292
unemployment_9,-0.01176022840495885
short_selling_19,-0.011790414223683699
returns_16,-0.01179135284743733
crash_15,-0.01179798558484646
missouri_3,-0.011881001703070982
texas_20,-0.01189198215806957
council_1,-0.01191250411157876
ltd_20,-0.01194494534931274
derivatives_17,-0.011946068062315397
bonds_4,-0.012007828437788314
oil_2,-0.012016153667575491
law_9,-0.01207138974147579
social_4,-0.012097440429066153
politics_18,-0.01211052416922862
success_11,-0.012115798354201535
act_8,-0.01213692059309297
BUY_AND_HOLD_18,-0.012153937973927631
profit_18,-0.012245401743532457
finance_9,-0.012259401302690053
credit_9,-0.012259855451345492
portfolio_9,-0.012270599526109982
massachusetts_9,-0.012311688708752832
voters_15,-0.012319855693294524
police_20,-0.012362772020365708
elected_11,-0.012455835302004559
council_20,-0.012477064514774105
technology_18,-0.012586948596183301
default_20,-0.012612129091100877
voters_4,-0.012614528345895226
management_9,-0.012655497559393724
health_9,-0.012694595639789119
holiday_11,-0.012720361590577833
development_9,-0.01273653213944761
stock_market_8,-0.012782367105678283
energy_2,-0.012802007708786478
million_2,-0.012847864805295072
ohio_4,-0.012976897062242499
gain_9,-0.01298324477017605
senate_9,-0.013057763068080864
government_18,-0.013111002976595353
technology_2,-0.013163571300716836
law_2,-0.01317687643942247
founded_8,-0.013200645328243544
police_4,-0.013206139897864056
security_9,-0.013215990020776114
consume_6,-0.013235479222528546
crisis_5,-0.013282493926881012
court_2,-0.01331665645876865
finance_2,-0.013331714698652708
growth_20,-0.013457691048402599
project_4,-0.013476517000753075
markets_1,-0.013497980498053775
movement_12,-0.013618042886654202
elections_14,-0.013629919310818295
fed_9,-0.013646862118523662
global_9,-0.01376179890809115
community_18,-0.013766709853842696
market_2,-0.013852698860698042
nyse_5,-0.013858383903101101
committee_20,-0.013865177783510063
business_9,-0.013867634338143664
kentucky_11,-0.013915314439902881
texas_2,-0.013932187604319246
washington_20,-0.013939268615354484
tourism_18,-0.013995434999265855
energy_9,-0.014000834474969092
georgia_20,-0.014024310987738087
war_18,-0.014024977989262766
development_2,-0.014084553451738823
fed_18,-0.014099041277821934
senate_11,-0.014166077791995968
government_11,-0.014187335376667654
senate_18,-0.014269619078389816
party_2,-0.014278656937598111
william_4,-0.014302861019571012
bonds_3,-0.014313857066690527
water_8,-0.014371316670776336
economic_18,-0.014466961186759764
market_4,-0.014478010638391048
cash_9,-0.014500224706379882
crisis_11,-0.014515244231371538
market_20,-0.01456458398251228
travel_4,-0.014583344759580896
headlines_17,-0.014605313059546331
union_4,-0.014642599780193865
senate_3,-0.014660375220995881
marriage_18,-0.014699210488859448
political_9,-0.014804756087386916
virginia_20,-0.014933705312743272
companies_2,-0.014993662683150055
political_2,-0.015454684526790797
marketing_9,-0.01545627059510093
nyse_4,-0.015478019008939548
oil_9,-0.015478769843978312
rights_2,-0.015593622035781829
community_9,-0.015735260950113482
profit_4,-0.015820182342187405
economics_1,-0.015844764206504335
representatives_9,-0.015868707162200478
crisis_18,-0.015870776073206038
tennessee_11,-0.016039423302524856
cancer_2,-0.016042273648023332
voters_20,-0.01626890513061339
ore_19,-0.016323873401939748
present_5,-0.016337437429801517
food_11,-0.01651695230002248
union_9,-0.016526300261363303
ohio_20,-0.016626978276830684
cancer_8,-0.0166553222097247
economic_2,-0.016662717234707226
project_9,-0.016953366593983478
labor_18,-0.017034747302426247
metals_20,-0.017146468168820216
water_9,-0.0172694929650139
votes_12,-0.017320421295015098
justice_2,-0.017375799421800564
religion_2,-0.017551349851376873
stocks_9,-0.01763982483422246
inc_9,-0.01765452853596088
trader_10,-0.01786621299616047
economy_2,-0.018008029846481265
court_9,-0.018302741071170626
cash_2,-0.01835462198461868
greed_15,-0.018470666799375878
ceo_18,-0.018528449506249878
republican_9,-0.018763746410029668
companies_9,-0.018853493601359482
media_4,-0.018856179226791503
success_12,-0.01888094881822384
elections_3,-0.01888652434907361
tennessee_9,-0.01911621408349331
risk_2,-0.01918742278208143
returns_17,-0.0192353791859305
voters_12,-0.019238198796527172
social_2,-0.019370331942158557
rights_18,-0.019581318307323237
restaurant_20,-0.019636510075561754
culture_9,-0.019730857411489187
president_3,-0.019866512776769783
conflict_2,-0.019923845498086477
conflict_18,-0.020117885939700608
tennessee_4,-0.020135926579919604
politics_9,-0.020149833736411504
firm_18,-0.020179409123629744
senate_20,-0.020534490801471628
missouri_9,-0.02056975894689652
seats_2,-0.020680796377948774
religion_5,-0.020697169822045947
voters_17,-0.020862657081472613
social_9,-0.02092266074767115
ltd_9,-0.020944181955976738
act_9,-0.02098831518348563
economics_2,-0.021389763247996508
economy_18,-0.021452730206615866
representatives_3,-0.021709610177364926
markets_9,-0.021715712825238632
crisis_8,-0.021757800948378113
cancer_9,-0.021837989445519533
president_18,-0.02192542746059951
movement_5,-0.02212347325290003
voters_14,-0.022374380176974396
oil_18,-0.02252763437330465
success_9,-0.02359845779407288
economic_9,-0.024007684522903916
elections_20,-0.02412908511882601
culture_18,-0.024141360837845703
crisis_9,-0.024508959533973897
earnings_10,-0.024570208288953087
DOW_JONES_8,-0.025844205021596678
project_20,-0.026152840029679835
votes_17,-0.026400669023789458
profit_9,-0.026837871069230725
crisis_2,-0.027347881699055443
derivatives_2,-0.027493237536551397
secretary_20,-0.027921447931100317
stats_9,-0.02857637125642436
votes_2,-0.030547477869357055
voters_7,-0.03249820087823772
politics_8,-0.03556681260977017
success_2,-0.03753795686939683
greed_2,-0.03918558737251856
fond_17,-0.04067305618528048
returns_3,-0.04188283925283578
president_9,-0.05128895849060213
votes_14,-0.05316847768151407
votes_7,-0.05802612641979834
votes_4,-0.08382412339386769
votes_10,-0.08983951536186388
voters_10,-0.09542010446502999
voters_9,-0.11788303644836355
votes_11,-0.13360292812741087
votes_16,-0.18528829869169747
votes_6,-0.23173419158615166
votes_3,-0.2410044106554476
votes_9,-0.267643382250318
votes_13,-0.3656089664582685
votes_19,-0.37100986084498394
votes_15,-0.5533593439328337
