feature,feature_score
fed_12,0.006502148518854489
members_7,0.0064236593728034695
elected_16,0.006309506121870756
world_17,0.006274356011208626
freedom_15,0.006007409566221522
labor_2,0.005563281246384522
leverage_20,0.005537335139855814
kentucky_19,0.005290288415706446
greed_12,0.004998019297397116
leverage_19,0.00490481170099899
minister_8,0.004874590544481583
dividend_5,0.004851459432307847
return_18,0.0046246068145507245
lifestyle_5,0.004621582160146076
judge_18,0.004554586152915596
banking_19,0.004448293289116667
gain_8,0.004326889311849258
senate_6,0.0042919878794974945
firm_11,0.0040461148955691865
returns_15,0.004035447643929579
world_16,0.004031038008887067
greed_11,0.003990003300375089
market_19,0.0038498718481099646
hedge_19,0.00378146053614854
york_18,0.0037663681701295194
unemployment_14,0.003720502385018043
consumption_5,0.003718302870086698
returns_3,0.0037155650067676404
police_7,0.0037129812243634763
travel_18,0.003699131760445051
council_14,0.003690864839980534
food_19,0.0036590221990035142
sell_13,0.0036553231420822785
president_15,0.0036437404491074243
leverage_3,0.003640727191353199
water_15,0.0036211341462227377
nyse_6,0.003618799497795799
food_1,0.0036008162009456115
firm_19,0.003583903999471549
freedom_10,0.0035759089267577648
water_19,0.003492460522934526
kitchen_4,0.0034399085013725682
home_18,0.0033981848351050782
house_18,0.003345682117496973
society_20,0.0033213558385151386
water_14,0.0033194411710701253
dividend_13,0.003305810265427489
county_14,0.0032913652950150364
forex_16,0.003283868071154372
movement_19,0.003272248383945353
color_1,0.0032327341516894315
kentucky_17,0.0032164242244950405
arts_20,0.003194186610451655
blacklist_16,0.003180738417099982
metals_16,0.003135776997235018
chance_20,0.0031296287500476084
water_2,0.0031173199239181936
housing_7,0.003113757146891416
texas_14,0.0030971310386309404
democratic_9,0.003096713005076368
dividend_6,0.003087552512281633
car_20,0.003081804722649628
rich_15,0.003073682197392369
firm_7,0.003032111320118114
arts_14,0.003030018583084071
legal_18,0.003021461409506254
sell_4,0.003003898987627296
fond_3,0.0029885282098666586
BUY_AND_HOLD_20,0.002987806913301738
gold_1,0.0029773400009259765
inflation_17,0.002974621155795143
bonds_20,0.002966223257674949
washington_20,0.0029420863840274427
market_15,0.0029228514426468564
happy_19,0.0029219397607589404
global_18,0.002903362409328314
media_5,0.0029023181635384975
stats_7,0.0028313687293393787
massachusetts_15,0.002827267003220069
william_18,0.002816120329788241
leverage_1,0.0028036346781606714
holiday_19,0.002799441137981229
greed_1,0.002785737656471765
products_18,0.002781319556114137
greed_10,0.0027711513993589286
vermont_18,0.002753568245709026
opportunity_9,0.0027488318793920997
inflation_19,0.002743409640506833
party_18,0.0027079962454246375
republican_15,0.00270215091535031
investment_18,0.0026918951936791393
gain_17,0.0026900797436384184
hedge_14,0.0026717293390182027
party_19,0.002668635815605147
risk_18,0.0026642493316394013
kentucky_18,0.002663691502993659
carolina_11,0.002643564869853643
case_15,0.0026198111740155295
industry_14,0.0026115763166364215
derivatives_6,0.002609701940166098
finance_9,0.002580967913118015
crisis_1,0.0025776582271214597
society_18,0.00257049597386394
virginia_14,0.0025651291736656923
fond_19,0.0025636006575643798
food_18,0.00255823586736319
home_10,0.002543543908052159
ministry_20,0.0025427275632346814
metals_15,0.0025424801569552623
marriage_18,0.0025401308349665363
ministry_3,0.0025383036846232665
governor_12,0.0025344540780943394
members_14,0.0025267147161860404
legal_14,0.002522036042081832
gold_3,0.0025149910905226227
restaurant_20,0.002503151448454055
fun_4,0.0025000500653341584
earnings_5,0.0024876682815467843
senate_16,0.002487133280705067
blacklist_17,0.0024805345416747835
voters_10,0.0024791705978794098
environment_11,0.0024758566390299607
money_18,0.002458435772021983
revenue_9,0.0024564313672831516
dow_jones_7,0.0024417750674909254
nyse_7,0.0024321979830060902
DOW_JONES_3,0.0024280394548531923
district_14,0.0024257705669566533
market_18,0.00241821807050413
holiday_14,0.002406179353784088
georgia_18,0.0024056359020572017
war_15,0.002399406818037475
credit_14,0.002394194897286472
firm_15,0.002392944027015287
pennsylvania_18,0.0023877511451484645
fine_15,0.0023574359106524946
fed_13,0.0023499726185437497
seats_3,0.0023487171547897923
market_5,0.0023485780869839656
trader_7,0.002326133206261005
freedom_5,0.0023076540980963233
travel_7,0.00230112142095773
representatives_16,0.002300752949404905
county_18,0.0022916974079157494
firm_18,0.0022903587648234413
return_1,0.0022900218112609227
georgia_19,0.002284416987299509
cancer_19,0.002271185723393043
revenue_3,0.0022709455161478596
holiday_18,0.0022700495916076592
kitchen_5,0.0022630701469601444
arts_16,0.002260112544767101
markets_14,0.0022514432476025805
massachusetts_14,0.0022477918247537864
credit_18,0.002245664646145773
return_19,0.00221961023702153
train_19,0.002211890634318081
vermont_14,0.0022104255027055155
financial_markets_3,0.002205610405067615
members_19,0.002199838807762533
water_5,0.002195006182174697
world_5,0.002188074657536343
headlines_5,0.00218514733427948
rich_5,0.0021846758660141853
movement_18,0.0021841959263705136
carolina_20,0.002182973485075923
vermont_7,0.0021741046551285725
members_15,0.002161632852396167
council_15,0.002161518390877393
conflict_9,0.0021498663053343805
fond_20,0.002136730805249942
world_4,0.0021351239479979966
world_7,0.0021304712990307673
william_15,0.0021282162456783384
economics_16,0.0021280013219377334
market_10,0.002121044223024082
economy_3,0.002116738894313386
voters_1,0.0021095704671716176
million_13,0.0020985625922148587
dividend_7,0.0020934302196248256
invest_13,0.0020643475668053355
illinois_18,0.0020572030454012015
money_16,0.00205309468516659
financial_markets_1,0.002048850653333334
project_7,0.0020448818005665004
president_1,0.002044140325679078
food_11,0.0020422023575601632
tourism_15,0.00204182376580202
pennsylvania_14,0.002001988776614372
committee_15,0.0019977812961162744
minister_9,0.0019973371029213148
stats_13,0.00199392386810997
markets_9,0.0019938305226442576
virginia_19,0.00198799839883963
freedom_18,0.0019738605663629726
sell_12,0.001968044941928304
founded_20,0.001966426197266635
texas_15,0.0019655441534546236
loss_11,0.0019624456830061423
service_14,0.0019569467090554626
present_9,0.001953731489053068
wisconsin_14,0.001950911383273568
risk_17,0.001949530806611688
dividend_8,0.0019437327922557479
house_19,0.0019396387958512395
oil_15,0.0019303675185581737
short_sell_6,0.0019221752971146032
georgia_14,0.0019165212200349612
kitchen_1,0.0019155515353150633
freedom_11,0.0019145628026145944
headlines_8,0.0019038784168506685
ltd_11,0.0019028518014630792
union_14,0.0019006493154929637
water_3,0.0018982557718139725
president_18,0.0018966869706570355
transaction_5,0.0018962852990953127
bonds_6,0.0018786488867015283
financial_markets_16,0.0018769418754250422
restaurant_18,0.0018747602093827976
portfolio_7,0.0018730349693179438
texas_10,0.0018651200381955223
gold_20,0.001862850168217034
stocks_20,0.001861915279066828
kentucky_15,0.001855309825836926
ministry_11,0.001852796783917854
portfolio_14,0.0018481026446612425
wisconsin_3,0.0018463566680911425
risk_15,0.0018436585822540375
wisconsin_18,0.0018426953053637396
firm_5,0.0018424615229837293
project_11,0.0018295844816474949
ltd_20,0.0018232335454409164
portfolio_8,0.001822881411854893
ore_4,0.0018168539405743589
religion_2,0.0018168450043706485
oil_11,0.0018072450279217778
gold_4,0.0017998618990126224
home_5,0.0017858649061499366
labor_20,0.0017832550930029002
inflation_7,0.001781462056180172
BUY_AND_HOLD_8,0.0017763038303827195
fond_1,0.0017676884950883708
case_18,0.0017637656559096326
act_15,0.0017620365413221206
color_5,0.0017591432459622247
illinois_13,0.0017576381160236743
case_7,0.0017562047596568098
movie_9,0.0017530314993522201
happy_14,0.0017414966798103616
invest_4,0.0017406655437951501
bank_19,0.0017350962443761775
profit_13,0.0017323636398767438
world_14,0.0017306587923808792
texas_19,0.0017083144808084593
products_17,0.0017008258416794987
law_18,0.0016988362574552828
governor_17,0.0016958484519397521
cancer_15,0.0016932030070579084
college_14,0.0016927722900086373
minister_6,0.0016881242068397695
pennsylvania_16,0.0016862730069014508
community_18,0.0016806091044180072
republican_9,0.0016803419265986942
york_16,0.0016753575342982607
buy_5,0.0016745677435682448
security_11,0.0016703935936145165
headlines_10,0.0016698504472934638
stats_6,0.0016662435120284203
stocks_10,0.0016619781165513547
consume_10,0.0016619105586070271
rights_15,0.0016597088312098496
bonds_5,0.001659602649800318
police_5,0.001640223653576478
marketing_18,0.001639711177300085
home_20,0.00163635823994559
stats_20,0.0016357268332177321
william_7,0.0016348843840914063
revenue_14,0.0016312748715583193
investment_1,0.0016296461094355674
wisconsin_15,0.0016283642926609553
technology_15,0.0016252373574229483
washington_15,0.0016186822003372513
virginia_10,0.0016118485241562342
georgia_3,0.0016118223863401005
risk_5,0.0016105885867323312
legal_20,0.0016089622989532426
dividend_20,0.0016063933374037775
cancer_10,0.0016036363304583023
legal_15,0.0016010910328550399
greed_6,0.0015976575652882907
products_11,0.0015899980896195043
corporation_9,0.0015855511952719502
return_20,0.0015841819399838198
college_18,0.0015838483300690375
consumption_10,0.0015823042783932983
restaurant_5,0.001578037324938375
college_9,0.0015772257116752231
politics_15,0.0015738133938402842
blacklist_8,0.0015710503974583957
dividend_2,0.0015710408366904182
fine_13,0.0015665520682635492
travel_14,0.0015647374781654565
portfolio_9,0.0015596608330854522
college_15,0.0015589044905845117
firm_10,0.0015580362300496864
fed_18,0.0015577047471132754
illinois_20,0.0015492421822603131
BUY_AND_HOLD_15,0.0015428507236992183
case_20,0.001539705571102723
dividend_10,0.0015374017599610213
leverage_4,0.0015368159143470672
georgia_10,0.0015353079383449541
members_20,0.0015348770354080888
travel_20,0.0015314549757353912
fond_14,0.0015312262771363105
inc_16,0.0015278853801133252
products_10,0.0015250722097787772
health_14,0.0015225737728471911
food_7,0.0015221925071728037
environment_10,0.001520672867339079
minister_14,0.0015198379389726123
tennessee_15,0.0015177890733590437
politics_14,0.001513535131626953
restaurant_19,0.001509974008121162
water_18,0.001507257936560169
inflation_4,0.0015057134048283016
project_20,0.001497089923641437
georgia_20,0.001494075809437212
ohio_19,0.001494002230065794
money_15,0.0014928329942457408
kitchen_10,0.0014872854328871865
representatives_12,0.0014825845184697872
tennessee_10,0.0014824798530860051
washington_18,0.0014797335319568284
energy_14,0.0014740059110728509
county_19,0.0014721107648824061
restaurant_10,0.0014692374704735832
short_selling_5,0.001468125747576443
markets_6,0.0014650135562946475
arts_15,0.0014637955028554029
security_14,0.0014628752949882307
bonds_14,0.0014625276142173015
happy_9,0.0014580577013119766
crisis_16,0.0014575757608067618
finance_14,0.0014550046857539022
success_5,0.0014543482591315327
firm_3,0.001454275686931017
oil_18,0.0014535256007025988
short_sell_2,0.0014520373427725276
project_6,0.001445070239864954
federal_14,0.0014412070205348736
present_16,0.0014394529006913847
vermont_6,0.0014380697657743636
ohio_20,0.0014358482611835032
secretary_16,0.0014344237465126809
sell_1,0.0014321622258841372
garden_5,0.0014286936364936499
travel_5,0.0014272276737754773
greed_14,0.0014262759322154928
financial_markets_18,0.0014247183609009228
consumption_6,0.001419265197290831
kentucky_14,0.0014190076495951276
tennessee_18,0.00141181321267152
debt_7,0.0014077694456820834
inflation_9,0.0014066309503523388
forex_12,0.0014056226337807454
investment_13,0.0013960393407150607
york_11,0.0013950699852722792
environment_2,0.001394031630381365
social_19,0.0013917824337356332
holiday_13,0.0013904985504337385
house_15,0.0013879721347877627
law_14,0.0013869070761087122
corporation_11,0.0013863257750383663
industry_19,0.0013851844529736645
governor_1,0.0013826415570884043
inc_14,0.0013816672245945626
economics_12,0.0013814472310383018
politics_16,0.001379569391135993
consume_6,0.0013792267049772989
restaurant_17,0.001378426434098734
bank_14,0.001373219807000714
georgia_11,0.0013680745875326971
rights_5,0.0013678018195750097
society_1,0.0013671975506444722
lifestyle_14,0.001366510087953432
gains_18,0.001365749087366086
garden_3,0.0013638545758414943
hedge_1,0.0013622785820796234
financial_19,0.0013618818316042391
million_7,0.0013586000970608359
default_3,0.0013583206470298315
holiday_11,0.0013558243653992498
government_19,0.0013531139832077654
BUY_AND_HOLD_19,0.0013516838971030288
ceo_18,0.0013515462918000988
transaction_11,0.0013491103824552653
health_18,0.0013472183270122119
banking_17,0.00134273421831812
corporation_7,0.0013415378149407963
security_7,0.0013408101196223932
products_19,0.0013340435425994944
social_15,0.0013312098118944294
kentucky_16,0.0013236833718049735
happy_11,0.0013217247691015954
served_14,0.0013192975934158246
labor_9,0.0013183448708397939
profit_12,0.001317991242036598
william_19,0.0013177729207138667
short_sell_15,0.001309353050315587
market_11,0.0013069265425064592
governor_16,0.001304357055642824
office_16,0.0013029584815747342
ltd_3,0.0012984720882821543
president_11,0.0012973053387917322
ltd_7,0.0012882455807083249
markets_1,0.0012872476503591912
nyse_19,0.0012854435007360276
services_9,0.0012854198901768755
culture_15,0.0012834782949067368
fun_5,0.0012804444561295592
political_19,0.0012769903288866625
movement_11,0.0012744663354233188
conflict_11,0.001273404567624259
washington_7,0.0012732681230479103
leverage_12,0.001272690837515622
growth_10,0.0012713379169378314
short_sell_8,0.0012710225459571013
present_6,0.0012697303891878065
vermont_15,0.0012693486204813586
arts_18,0.0012686315445038288
washington_14,0.0012674990751988745
economy_9,0.0012660805662316533
sell_10,0.0012646801898985593
movement_15,0.001263712386880189
DOW_JONES_7,0.0012612662616117599
hedge_8,0.0012611674869079659
war_16,0.0012608524623753947
BUY_AND_HOLD_5,0.0012561627808318043
republican_18,0.001254353535225694
economics_11,0.0012526837005308212
business_14,0.0012521305483983226
district_15,0.0012521284151467249
revenue_16,0.001249938956919472
arts_3,0.0012494432597416783
finance_16,0.0012435147039044025
union_18,0.0012376815006255536
minister_13,0.0012373673322935597
products_14,0.0012367008888497066
food_12,0.0012316663595317134
government_15,0.0012312780853733552
fed_5,0.0012301398843582944
law_9,0.001229499297309511
BUY_AND_HOLD_1,0.0012279695115121614
stock_market_3,0.0012261720302279456
tourism_11,0.0012227602478780853
cash_12,0.001220481422355113
nasdaq_17,0.0012203011905761673
wisconsin_9,0.0012183797076513515
police_11,0.0012183578774147108
consume_11,0.0012178209518642457
stocks_7,0.001214440684222029
car_18,0.0012121343897174342
community_15,0.0012119885626657556
returns_10,0.0012108378544754216
profit_17,0.0012108320433771524
forex_4,0.0012093020635494333
committee_8,0.0012090000012881185
committee_10,0.0012084722585910645
ohio_11,0.0012063096755642766
political_20,0.0012047070831226136
stocks_3,0.001204081607231977
election_3,0.0012038742443873929
union_15,0.0012004360071244057
community_14,0.0012004039173934
political_15,0.0011987170820976223
growth_9,0.0011971307158707312
marriage_20,0.0011960338792935676
greed_4,0.0011959510663686278
freedom_1,0.0011922962140730187
marriage_19,0.0011922569541578554
finance_19,0.0011903301354485585
banking_18,0.0011901104648994964
pennsylvania_20,0.001188492766796201
college_3,0.001186091368039377
market_16,0.0011798622707819505
water_16,0.001178750562062758
returns_11,0.001178717325981471
loss_10,0.0011782777992646932
risk_20,0.001178026779386898
corporation_5,0.0011777924487864854
leverage_2,0.001175321534906537
stocks_1,0.0011748400781245393
act_14,0.0011741016172994944
texas_11,0.0011740220552084457
sell_7,0.0011675664646616734
judge_13,0.0011669558594618711
tourism_10,0.0011575611969588228
services_19,0.0011568585987329794
short_sell_1,0.0011523685075697232
development_7,0.0011481707831293652
chance_11,0.001142830296876074
massachusetts_7,0.0011422538592855247
ring_16,0.001137823550889494
ore_1,0.0011372993955106824
nasdaq_13,0.0011355105454341707
economic_20,0.0011328795262982583
trader_1,0.001131003272598141
movement_14,0.001129675227713922
service_15,0.00112704207860006
justice_14,0.0011266025779970157
stock_market_15,0.0011201958996653661
inflation_2,0.0011193954897966707
fun_3,0.0011188920074920229
present_19,0.0011170221588749029
chance_14,0.0011155889050033841
religion_12,0.0011150572064431374
crash_12,0.0011136410620060655
industry_5,0.0011135730956894241
corporation_16,0.001109765985484934
vermont_17,0.001108204432060922
consume_13,0.0011072336511730452
tourism_5,0.0011039058800263123
house_1,0.0011031993546106289
happy_15,0.0011031675549187047
car_10,0.0011014726087238192
short_sell_7,0.0011012739169649732
wisconsin_19,0.0010998427852462634
dow_jones_14,0.0010993181162801014
revenue_19,0.0010974502420036502
lifestyle_19,0.001096963544069207
wisconsin_11,0.0010968748680175277
fun_18,0.0010952294204833236
million_19,0.001095018627408395
republican_11,0.0010940041033416614
home_14,0.0010920198398475024
ministry_6,0.0010863406091287775
stocks_9,0.0010839202474332232
arts_7,0.0010827879278391794
holiday_5,0.0010824108081687988
car_3,0.0010803458686043932
economics_4,0.0010801314481660774
missouri_14,0.001080101118183241
founded_16,0.0010783229213074286
members_10,0.0010771798596757697
energy_10,0.001075722310288052
stocks_14,0.0010722916498181688
BUY_AND_HOLD_2,0.0010712663430941572
nyse_3,0.0010694562398473773
garden_13,0.0010693071433274248
environment_5,0.0010690973526437774
party_10,0.0010675379800069384
movie_4,0.0010650293958278435
trader_15,0.0010629350461963006
corporation_14,0.0010627770075572807
seats_10,0.0010625094463500239
credit_19,0.0010624016784960943
house_20,0.0010597379785346694
forex_6,0.001059625365964445
conflict_16,0.0010584593070675386
energy_7,0.001058443012917043
kitchen_12,0.001053997274870344
environment_19,0.0010528398139295846
federal_7,0.0010523040720166854
unemployment_3,0.0010522510631249648
lifestyle_8,0.0010503714138409893
short_sell_9,0.0010488828580798692
blacklist_15,0.001047814615870646
buy_14,0.001046651826195788
return_3,0.0010462824541256355
court_15,0.0010453220816600162
labor_19,0.001044944103189205
earnings_14,0.0010445588006934513
debt_10,0.0010439696218767168
election_11,0.0010429236235038886
democratic_6,0.0010419084083104434
election_14,0.0010394102977900443
stats_1,0.0010390699515083535
color_18,0.0010389636900089538
color_19,0.0010382984915344728
consumption_17,0.001037497842325852
committee_19,0.001034673349672377
government_14,0.0010337121715225273
judge_19,0.0010336890928849484
washington_11,0.0010326763146160322
home_4,0.001032364086009796
served_19,0.0010305101764699121
short_selling_6,0.0010301899422423544
DOW_JONES_9,0.001029569488085924
kentucky_8,0.001028387632747152
companies_12,0.0010275530532808607
justice_11,0.0010230904097565884
carolina_3,0.001022926347450781
management_5,0.0010227018172548562
hedge_4,0.0010205143188423138
community_20,0.0010176124256966901
short_selling_9,0.0010175916896733473
case_14,0.0010162821830883794
travel_16,0.001015564299854188
travel_19,0.0010146207829073717
greed_9,0.00101316858360756
short_sell_19,0.0010116240302938894
labor_15,0.0010110014919805677
oil_10,0.0010080028945537388
food_16,0.0010068439760611448
texas_16,0.0010056984366502374
blacklist_2,0.001003731307016409
crisis_11,0.0010017908474090121
consume_14,0.001000491317915575
short_selling_3,0.0009988965836060127
tourism_19,0.0009984756400459593
consume_15,0.000993600558817298
kentucky_3,0.0009926077350747465
fun_16,0.0009916565057548343
short_selling_12,0.000990237465401589
republican_5,0.0009902114010053031
kentucky_20,0.0009892675005604534
committee_5,0.000988916999922629
metals_12,0.0009861433844374767
loss_14,0.00098497129987547
inc_5,0.0009845691040889725
marketing_15,0.0009835514157455981
judge_16,0.0009818223787362301
police_20,0.0009809221297398586
hedge_6,0.0009797223480326744
car_11,0.0009795513135073763
office_14,0.000978113037780659
ceo_7,0.000977991506256126
seats_9,0.0009774282612696529
growth_16,0.0009762025791508089
william_3,0.0009754588854902658
founded_7,0.0009748786093002782
economics_13,0.0009708542306998691
party_7,0.0009703286907061903
government_11,0.0009692652324909234
home_1,0.0009671584316978566
committee_16,0.0009665082683858684
hedge_15,0.0009651580356435429
gain_20,0.0009646448051303213
governor_7,0.0009641388789263461
committee_9,0.000961867971978192
buy_12,0.0009614857954546308
debt_18,0.000961458071216037
sell_11,0.0009580863684082619
massachusetts_11,0.0009563616469400182
rich_13,0.0009544935308566816
short_sell_10,0.0009542667047749642
garden_15,0.000953799103850761
investment_2,0.0009523898371949002
million_18,0.0009477314190938114
industry_12,0.0009473905370726676
development_18,0.0009464841147009296
short_selling_17,0.0009464593229163709
william_16,0.0009426475824712233
tennessee_13,0.0009425297976136226
investment_5,0.0009412006815931795
labor_1,0.0009394167161268507
economy_10,0.0009388959372283346
office_18,0.0009380286063981113
earnings_15,0.0009356759025885841
financial_markets_9,0.0009343848480267037
metals_3,0.0009336743071133302
law_20,0.0009320165275072734
society_7,0.0009292678850136626
energy_18,0.0009279830308162263
hedge_7,0.0009205614636235593
management_14,0.0009196800350479428
development_14,0.0009184042003399284
office_19,0.000916048073775233
york_19,0.0009120910731240661
short_selling_18,0.0009086464540234429
risk_7,0.0009085831555225576
success_9,0.0009061134841864326
economy_19,0.0009049153337180593
business_3,0.0009045809313243724
president_5,0.0009031979575008897
money_14,0.0008998347980613497
products_16,0.000899065316559633
short_selling_14,0.0008987596481799143
leverage_5,0.0008977442194426421
ohio_18,0.0008965558922952921
bubble_15,0.0008955731138911016
return_10,0.0008949360812841256
wisconsin_10,0.0008948032221120838
union_5,0.0008941998653280824
technology_19,0.0008936093483544072
food_13,0.0008888686287308545
community_19,0.0008887989014538134
democratic_10,0.0008851369062954362
corporation_2,0.000882968568011111
portfolio_2,0.0008826562308638985
political_2,0.0008817482678783239
food_3,0.0008814395472823034
rare_earths_8,0.0008802851510030685
economics_19,0.0008802324114949745
color_12,0.0008796952894052801
minister_19,0.0008782697549662322
rare_earths_9,0.0008782443502290294
car_5,0.0008774761154453969
services_14,0.0008767509825352571
fed_14,0.000875507417597321
finance_8,0.000874742995727118
companies_19,0.0008744806797625904
war_10,0.0008739154957125628
inc_9,0.000872999670140473
vermont_2,0.0008728756373094892
business_19,0.0008719469151227122
rare_earths_10,0.0008705017540913129
market_20,0.0008697385837025618
industry_9,0.0008692980567115872
rights_12,0.000865762748040555
companies_18,0.0008652539567749251
stats_17,0.0008649316902652915
banking_8,0.0008641294422462531
media_20,0.0008623319418238129
rare_earths_3,0.0008611356154968553
rare_earths_15,0.0008606959263231628
loss_2,0.0008599790986279609
committee_12,0.0008598860104413797
secretary_7,0.0008593506977965682
rare_earths_4,0.0008590603301796174
politics_20,0.0008584613688932929
growth_7,0.0008582999725382124
rare_earths_1,0.000855416911889284
representatives_13,0.0008536597061538975
short_sell_18,0.0008510226158478407
rare_earths_17,0.00085026238736996
social_18,0.0008502005799431389
transaction_12,0.000849969757898883
social_11,0.0008491231792851828
york_14,0.0008490881748482781
rare_earths_16,0.0008483309123047845
rare_earths_7,0.0008480723996115546
market_7,0.0008475561050008906
stocks_13,0.0008473038084809481
illinois_11,0.0008469470905962062
rare_earths_6,0.0008457869555229536
economics_1,0.0008448893450673234
leverage_9,0.0008446804107265394
rare_earths_11,0.0008439560755039821
trader_5,0.0008432690763641171
massachusetts_13,0.0008419137777626817
rare_earths_12,0.0008417069520152198
fed_19,0.0008381681294930444
gold_5,0.0008381102411500141
crisis_14,0.0008355420112766465
members_5,0.0008349678877166422
marketing_19,0.0008346634883402482
party_5,0.0008336109705215256
consume_4,0.0008334068215810175
legal_3,0.0008333151037861697
pennsylvania_11,0.0008322697215871866
georgia_16,0.000831177541668815
leverage_14,0.0008308463000776589
wisconsin_20,0.0008304269356843141
bubble_20,0.0008298021115137555
debt_16,0.000828140096525476
rare_earths_2,0.0008277824870571937
vermont_3,0.000827031260556943
ohio_3,0.0008268857625710168
political_14,0.0008259734974780608
rare_earths_5,0.0008248681375339295
rare_earths_18,0.000823279590917858
return_14,0.0008227108012625939
short_selling_7,0.0008224797410178342
cancer_20,0.0008223575824007235
police_18,0.0008223397441099011
forex_2,0.0008219550346882043
illinois_14,0.0008217827321074456
security_18,0.0008200397261117542
oil_3,0.0008191536170400804
carolina_16,0.0008184184586562448
rare_earths_14,0.0008180760134018694
financial_markets_5,0.000817797104147644
corporation_18,0.0008170897218662043
democratic_11,0.0008151545277553573
government_5,0.0008149712099725815
corporation_19,0.0008142939657608261
tourism_18,0.0008133291938838827
finance_3,0.0008126874056982424
risk_19,0.0008118740819677672
inc_19,0.0008108990836611207
money_3,0.0008099675337989165
democratic_15,0.0008090636279798113
georgia_13,0.0008089255878040325
earnings_16,0.0008081296977633823
voters_3,0.0008077803545549767
rare_earths_13,0.0008065361389081094
fond_16,0.0008061183445108977
federal_18,0.0008057199608860977
case_10,0.0008044658341972877
industry_18,0.0008038512738956394
present_13,0.0008035754577320642
stocks_18,0.0008030206507755322
unemployment_15,0.0008028797105244622
color_15,0.0008027875239764448
nyse_1,0.0008027372676891575
car_4,0.0008025655948920907
default_14,0.0008025549224039308
missouri_20,0.0008018556484992833
ministry_12,0.0008015601690696261
rare_earths_20,0.0008008046023692649
william_14,0.0008004574648172502
government_18,0.0007996412165777623
garden_1,0.0007960428132817388
BUY_AND_HOLD_10,0.0007945561150598746
union_7,0.000793588977094295
loss_15,0.000790895771898148
massachusetts_19,0.000790669996022042
democratic_19,0.0007893949274284884
president_3,0.0007883867176254
products_20,0.0007883242769350041
rights_9,0.0007878667172761311
security_20,0.000787340054915231
law_10,0.0007870117929464904
development_15,0.0007865232102443054
political_18,0.000783256229421192
garden_16,0.0007830469994590583
oil_7,0.0007793200500934905
products_7,0.0007790329717148658
consume_9,0.0007788853559637099
stock_market_2,0.0007784864120309986
blacklist_1,0.0007771053583351506
york_3,0.0007758760279548583
companies_2,0.0007746804226419046
council_11,0.0007735468090185549
act_2,0.0007733905959959487
buy_11,0.0007731244833107054
media_11,0.0007729019108843937
media_10,0.0007695027570245206
cancer_14,0.000768378445229545
president_19,0.0007678768471537367
blacklist_19,0.0007670082439182879
members_8,0.000766737897591363
lifestyle_6,0.0007659693557032554
democratic_18,0.0007647372387873163
ring_3,0.0007639820694028687
county_9,0.0007628904899899203
derivatives_5,0.0007627608946814357
gold_15,0.0007622402771460424
bubble_3,0.0007605814219249441
housing_9,0.0007602879529905015
gain_3,0.0007601017069004401
justice_5,0.0007600501667916371
religion_4,0.0007595217769191809
founded_12,0.0007533922501066659
services_16,0.0007533500219255584
consumption_7,0.0007518398268329563
media_7,0.0007516245082095585
rare_earths_19,0.0007500392447374216
massachusetts_16,0.000749571531119897
washington_5,0.0007493816343544068
economics_20,0.0007474543175936876
profit_2,0.0007466755713527063
justice_7,0.0007462867764082226
massachusetts_20,0.0007449388642456034
wisconsin_16,0.00074435105375803
society_10,0.000741604152186448
banking_11,0.0007406544909557722
companies_11,0.0007401850026121703
union_20,0.0007396974613748996
home_11,0.000738881079204079
markets_12,0.0007383155181188928
firm_14,0.0007372179496944354
consumption_16,0.0007369217028625474
democratic_14,0.0007365823899706747
political_11,0.0007360352890988908
global_1,0.000735221589689683
short_sell_12,0.0007350777240284545
management_19,0.0007348818380821687
energy_11,0.0007346685597652946
seats_6,0.0007343450759540682
corporation_3,0.0007341367866657844
credit_16,0.0007340504280896054
democratic_20,0.0007337934736060259
governor_3,0.0007337055644488277
banking_12,0.0007318533809949734
sell_16,0.000731514360517016
sell_15,0.000730870547510909
movement_20,0.0007303777924093646
marketing_12,0.0007303101827520031
bubble_18,0.000730073465141734
million_14,0.0007297954489312586
industry_2,0.0007296427408042705
garden_19,0.000729036591508403
technology_18,0.0007269901166255365
home_3,0.0007253405546468362
federal_19,0.0007250253397328654
conflict_18,0.0007242751268980108
companies_14,0.0007237135199584577
fine_6,0.0007222071142944042
stocks_15,0.0007212315286113435
religion_10,0.000720799712995146
investment_7,0.0007207229642453461
sell_20,0.0007193984398973896
office_12,0.0007190480112371445
greed_8,0.0007185854570619377
minister_3,0.0007171024129971837
invest_11,0.0007160294824839041
short_selling_8,0.0007159624043020285
war_3,0.0007135718070896857
council_3,0.0007113051189502784
world_10,0.0007110477599549192
fun_15,0.0007105885967753078
members_9,0.0007090536228555155
georgia_5,0.0007086328443482115
revenue_20,0.0007063135546815813
car_15,0.0007062257074284206
kitchen_16,0.0007049835340223298
travel_3,0.0007048824372816842
inflation_10,0.0007047865316759383
short_sell_3,0.0007046817721849008
consumption_4,0.0007033264643008686
bubble_14,0.0007009024940909381
gains_1,0.0007001082936660463
social_5,0.0006994153425676775
carolina_15,0.0006983330573360202
judge_14,0.0006973829173910984
unemployment_11,0.0006967331565173263
consumption_14,0.0006960544699353477
growth_3,0.0006960068071589998
markets_11,0.0006951523597537035
technology_16,0.0006949243162879925
security_19,0.0006924969580765827
hedge_12,0.0006902385321770011
vermont_13,0.000689786382024904
democratic_4,0.0006895137065522361
bubble_7,0.0006877337664170646
gains_9,0.0006872939339711559
ring_18,0.0006862261687334171
democratic_3,0.0006847827542481921
restaurant_12,0.0006846745269231125
restaurant_11,0.0006839667658582016
ring_11,0.0006838979242269838
sell_5,0.0006835116789416951
labor_13,0.0006828215137389293
industry_4,0.0006820836686599163
movie_6,0.0006817141426619377
virginia_18,0.0006812001384216337
movement_3,0.0006794557129478962
BUY_AND_HOLD_4,0.0006792499244648864
default_7,0.0006780853794772668
growth_20,0.0006773982560798642
crisis_7,0.0006771603148985061
stock_market_7,0.0006758561411476683
gain_13,0.0006755231913954552
tourism_3,0.0006751859007600558
short_selling_2,0.0006738990550434254
financial_markets_7,0.0006734353665041493
consume_1,0.0006726501159764142
wisconsin_7,0.00067242345252021
ring_10,0.0006720900530096773
house_14,0.0006719063422747862
train_6,0.000671757818023333
home_15,0.0006716351076714089
blacklist_11,0.0006704495583750303
development_20,0.0006702922644273191
ltd_10,0.0006663704667804859
federal_5,0.0006648520978565608
marketing_14,0.0006644263973377251
tennessee_16,0.000661088871636295
ltd_19,0.0006605202233002539
earnings_8,0.0006601224773079561
million_4,0.0006595630003506381
government_10,0.0006595235551886125
inflation_1,0.0006594813302186475
metals_7,0.0006585462956164578
religion_19,0.0006584755245853113
pennsylvania_5,0.0006581129464064972
industry_3,0.0006558231101978507
health_3,0.000655509424721501
stats_12,0.0006554153146348662
profit_1,0.0006548985254023476
short_selling_19,0.0006548410776216374
million_1,0.0006548335703415731
nasdaq_9,0.0006540264369049531
nyse_5,0.0006538927518644711
culture_16,0.0006538370032775686
republican_8,0.0006533485962781027
development_16,0.0006515077776873879
products_5,0.000651353236070884
consume_2,0.0006511988607479813
stats_4,0.0006506218397886121
kitchen_7,0.0006504267953245657
kentucky_11,0.0006502060617662897
financial_markets_8,0.000649795128979469
rights_10,0.0006477274049767612
money_10,0.0006477229429534326
consume_20,0.0006476145409664902
banking_16,0.0006473762866579857
cash_15,0.0006472996455787472
greed_7,0.0006472390760502878
stats_11,0.0006471970530715244
consumption_15,0.0006467372855522901
legal_13,0.0006461187688725945
political_3,0.0006460386376361038
industry_16,0.0006458591773135014
council_10,0.0006455543803949304
representatives_11,0.0006450500256728331
car_14,0.0006444766948602298
society_13,0.0006444256227782441
industry_13,0.0006443885419531003
tourism_13,0.0006439441319223693
illinois_19,0.0006438405845299311
william_10,0.0006436048020351138
law_19,0.0006434686812897495
district_9,0.0006429302367500167
members_3,0.0006428184815576498
office_3,0.0006428026810738174
greed_13,0.0006423892572793965
politics_2,0.0006420489580353461
society_11,0.0006417249598165142
housing_18,0.0006415073459185239
judge_12,0.0006411558456328903
oil_13,0.0006397118112491995
returns_20,0.0006396311458556347
metals_6,0.0006386743657842197
society_19,0.0006366964328699432
market_14,0.0006350983603557348
short_sell_4,0.0006339252810426465
growth_18,0.000631082575251285
justice_18,0.0006309575412790647
virginia_20,0.0006297963946966911
rich_20,0.000629352156971219
council_16,0.000628862681463338
society_14,0.0006285968084822624
growth_11,0.0006273506789844952
economic_9,0.000626991910900454
markets_16,0.000626973460367708
train_10,0.000626677949078891
housing_19,0.0006258266515029697
society_15,0.0006241610355772975
arts_19,0.0006230306224746407
management_7,0.0006216465816671457
house_10,0.0006215046048672734
ceo_14,0.0006205966577481403
ltd_1,0.000617688537761274
kentucky_2,0.0006160667583795298
sell_14,0.0006158851221460315
government_3,0.0006157594683566803
short_selling_1,0.0006156957027280807
labor_3,0.0006135258456050785
color_3,0.0006114095666537977
project_3,0.0006101760398914635
opportunity_2,0.0006097197733698323
color_10,0.0006081131846435106
federal_13,0.0006072912532312458
texas_3,0.0006048691509737303
gold_11,0.0006046347474917057
security_5,0.0006036214619496771
massachusetts_12,0.0006029092506332878
sell_3,0.0006011243945343248
service_11,0.000600079813737775
media_3,0.0005992108675114682
virginia_5,0.000599064805975047
cancer_11,0.0005990431181868372
ceo_1,0.0005984437020757127
bonds_1,0.0005972727315697313
crash_9,0.0005952525598542868
court_5,0.00059513224760126
virginia_13,0.0005949730774641671
management_11,0.0005936611520052981
finance_11,0.0005904745101614095
tourism_12,0.0005898839627078934
house_3,0.0005889677774446822
war_18,0.000588326947686757
markets_8,0.0005868053797294381
ore_7,0.0005859203954567515
district_18,0.0005841624357486363
hedge_2,0.0005832649245417043
carolina_10,0.000583247475183124
tennessee_11,0.0005815119490103715
technology_11,0.0005813150307356407
virginia_3,0.0005799438685415214
federal_16,0.0005797422463096336
stats_14,0.0005784142102828848
crisis_5,0.000577321485083937
chance_10,0.0005761493905483527
community_5,0.0005759239668454263
nasdaq_10,0.0005757188812749225
judge_5,0.0005739577756634251
members_1,0.0005737963379931488
happy_16,0.0005735713388062225
banking_9,0.0005731997164725832
politics_10,0.0005731813469289415
missouri_3,0.0005731412225480348
kitchen_3,0.0005710549664534215
elected_5,0.0005708254736787489
labor_14,0.000569726924942171
BUY_AND_HOLD_11,0.0005677643375212593
return_11,0.0005668768086626974
oil_17,0.0005666017461758655
gold_18,0.0005637585555924752
fun_7,0.000563543308455361
travel_10,0.000561947702257637
fine_7,0.0005609623806797526
return_16,0.0005607228506183004
rich_8,0.0005598195733228061
police_15,0.0005523718521299071
fine_11,0.0005519628621718509
consume_19,0.0005518137060324558
ring_19,0.0005512143630638899
industry_17,0.0005506671744307301
growth_13,0.0005505940234209472
washington_10,0.0005502978910882916
republican_17,0.0005501689683193201
governor_11,0.0005500435742771925
ministry_4,0.0005495084966147257
economic_3,0.0005483406311906247
energy_19,0.0005481863804335906
society_5,0.0005481703075814748
massachusetts_10,0.0005464992347853359
fine_17,0.0005460245802093588
labor_12,0.0005459411347183529
economics_5,0.0005457907594791811
act_19,0.0005447343167621854
financial_markets_15,0.0005433162765757782
project_16,0.0005432770107525409
rights_11,0.0005432051480830147
world_15,0.0005415440805339955
culture_10,0.0005414784010184138
markets_17,0.000540529783368604
court_18,0.0005404160137153724
election_2,0.0005402006516685764
chance_12,0.0005401633480600409
health_7,0.000540097854112176
services_7,0.0005398291551033108
marriage_10,0.0005382823337982901
pennsylvania_4,0.0005379340389422893
consume_17,0.0005369114371843065
gain_19,0.0005364880958083074
global_13,0.0005363138598861062
fun_6,0.0005342090190012527
environment_20,0.000533402018018192
investment_19,0.0005330586700660111
short_selling_13,0.0005327656395809344
ohio_7,0.0005327012523825391
republican_10,0.0005316517132275989
missouri_13,0.0005299266284608306
forex_11,0.0005295145016902981
illinois_15,0.0005281487870410828
security_16,0.0005276685925107883
finance_7,0.0005275285155613929
culture_18,0.0005263843911016197
risk_14,0.0005260186234872899
buy_3,0.0005256334605547419
ltd_16,0.0005250835685626676
derivatives_14,0.0005249112994267779
ministry_9,0.000524587293216694
train_15,0.0005244565628938824
environment_16,0.0005237802029288918
service_12,0.0005231302266892612
political_12,0.0005226033421495302
transaction_7,0.0005202711143078798
forex_3,0.0005197265955280139
health_11,0.0005175630580874779
ring_7,0.0005169323816774484
rich_17,0.0005138833912434304
media_18,0.0005120805471464207
georgia_15,0.0005110048743322659
missouri_7,0.0005108057236876018
cash_14,0.0005104451371405361
wisconsin_13,0.0005100553753046855
earnings_11,0.0005094189098653557
economy_12,0.000509162811340591
environment_14,0.0005081505967803101
dividend_18,0.000508080794101895
government_20,0.0005039785394680196
present_10,0.0005031107967984783
profit_9,0.0005013294057328643
illinois_3,0.0004999160049068196
dow_jones_19,0.0004997720341486823
cancer_7,0.0004973114580264726
cancer_5,0.0004967648524116797
banking_13,0.000496433051769607
default_5,0.0004960609958212014
ohio_10,0.0004948895643164697
marriage_12,0.0004936053650965944
corporation_12,0.0004924327524409966
kitchen_19,0.0004904138638558431
health_19,0.0004903599748090403
financial_14,0.0004901755332800573
dow_jones_12,0.0004901089554009586
ltd_17,0.00048775286979596544
finance_4,0.00048594487894297876
seats_14,0.0004855111943654178
political_10,0.00048470178050836755
sell_18,0.00048363622303089216
growth_17,0.0004836162348210493
fun_11,0.000483227398546604
legal_9,0.0004828021321897413
ring_15,0.0004821752632412135
health_12,0.00048083853171161374
companies_10,0.00047822893931770416
growth_1,0.0004779869165101536
opportunity_5,0.0004745705576280956
society_16,0.00047376831064984695
financial_16,0.00047370253645733217
carolina_19,0.0004730914840094247
industry_15,0.0004696776810308778
committee_3,0.0004674948912492649
gold_14,0.00046742161512784984
founded_8,0.00046671521557966055
risk_11,0.00046642280745332607
products_15,0.00046482851790938804
finance_5,0.00046444440662816164
carolina_14,0.00046379444599347063
energy_5,0.00046379121371527
oil_12,0.00046333719275457594
marketing_7,0.0004631720769728842
travel_1,0.0004581202479297497
technology_20,0.0004576152295732605
union_3,0.00045727522427527754
restaurant_16,0.00045719529826231397
party_3,0.0004565910452653643
management_20,0.00045643300629079065
BUY_AND_HOLD_17,0.00045563327315696346
garden_10,0.0004552699300003571
union_11,0.00045515354610181635
return_15,0.00045462102919962
society_12,0.0004545397988598321
movie_7,0.0004536201781218274
secretary_1,0.0004518193183660868
service_18,0.0004513055599176585
greed_18,0.00045119312598278504
illinois_5,0.00045101143117058927
money_11,0.00045021719812130543
secretary_20,0.0004498556340337467
financial_5,0.0004497078569313473
companies_5,0.00044950917479382737
restaurant_3,0.0004489810888145929
food_10,0.0004485974621601718
earnings_9,0.0004472743626059428
republican_3,0.0004466739493616201
bank_18,0.0004463985426269579
profit_16,0.0004461845645072016
pennsylvania_3,0.0004443660324501719
religion_7,0.0004443374960118707
cash_3,0.0004442484384691081
business_18,0.00044288555541203143
management_9,0.0004400520062491697
war_14,0.0004394969597451892
republican_19,0.00043850200666095684
missouri_2,0.0004384204114185275
union_9,0.00043593654342615195
freedom_3,0.0004354086879389873
wisconsin_5,0.0004353659895779405
government_13,0.0004353545466289965
politics_3,0.00043309749793991604
dow_jones_20,0.0004328933006990665
loss_5,0.0004322806311612304
law_15,0.000431561214212195
color_11,0.00043084996528528483
default_1,0.00043046486733013813
justice_20,0.00042911009655342
water_11,0.0004290637870232539
secretary_18,0.00042836796996277294
greed_20,0.00042795059974278795
debt_3,0.00042684270129382805
inc_13,0.0004268288964782485
governor_6,0.0004261601436851725
marriage_14,0.0004238484407266041
media_15,0.00042370799038959905
media_19,0.0004230595264892889
freedom_17,0.0004229123009119595
crisis_20,0.0004191395555772859
revenue_11,0.00041745267700601387
bubble_19,0.0004171595067713918
illinois_16,0.0004165046654801552
wisconsin_12,0.00041602905717608163
fun_14,0.0004155863208618937
environment_18,0.0004143352851364801
health_16,0.00041428924844391093
fond_18,0.0004141929829928559
economic_15,0.00041381283709409635
greed_15,0.00041369818969496654
marketing_17,0.0004129768044793591
technology_12,0.00041183843921357435
ceo_17,0.0004118017468812907
court_2,0.00041092745654081053
marketing_5,0.00040945395400378005
BUY_AND_HOLD_16,0.0004087574820722528
crisis_18,0.0004087102891101813
inc_17,0.00040710778078938413
chance_1,0.00040587829914062734
service_13,0.00040550815600435273
housing_20,0.00040371173648607873
ministry_18,0.00040348200208584206
leverage_15,0.0004024704506409016
economy_18,0.00040236460458984433
consumption_11,0.0004004034096959597
case_16,0.000399404109206114
seats_16,0.0003980400233328352
freedom_20,0.00039788199700119264
rights_14,0.00039716121243360547
opportunity_14,0.0003963305809490558
train_7,0.00039620148882952845
trader_11,0.00039570942527007437
fine_19,0.0003947235844562025
housing_10,0.0003931569236144128
cash_7,0.0003922733827047331
development_5,0.000391792998456042
police_3,0.00039153911122831176
nyse_10,0.00039145752202243147
republican_20,0.0003908743947740767
service_9,0.0003898566440104556
movement_2,0.00038977899997463263
financial_markets_20,0.0003893291078744143
revenue_18,0.00038830201665116524
portfolio_5,0.0003882792853611372
economic_18,0.0003869204898809597
police_19,0.0003856929705196688
bank_3,0.0003838913761785356
rights_19,0.0003836396667078024
police_14,0.00038355787820500977
consumption_2,0.0003829158263537469
restaurant_7,0.0003827657558787445
democratic_12,0.0003819170365188862
fond_10,0.0003803644016920904
profit_5,0.00038010377022332784
cancer_9,0.00037757712531909514
bonds_19,0.0003773965517612776
consumption_13,0.00037702620825248446
service_7,0.00037521269369777954
risk_16,0.0003742994677210287
judge_15,0.00037262675110258934
labor_5,0.00036927912191442314
buy_9,0.0003687089562917301
house_5,0.00036845982401521036
council_20,0.00036777254900592914
freedom_16,0.00036751708800026873
portfolio_19,0.00036748843821317046
dividend_16,0.0003658950044486575
york_13,0.0003652888612051486
crash_11,0.000364618540379813
success_14,0.00036215463426871877
profit_3,0.00036184659606401935
vermont_20,0.0003615287883115714
BUY_AND_HOLD_6,0.00036001404683596585
inc_12,0.0003589716915899821
marriage_16,0.00035671923641023007
energy_15,0.00035652299127082455
market_3,0.0003563838684133458
marketing_13,0.0003562293579515874
district_19,0.0003551875771982349
ore_5,0.00035341927411638443
trader_3,0.00035263413004262836
marriage_1,0.0003520020960733561
default_13,0.00035184725802932525
government_7,0.00035137143032530903
stocks_16,0.00035130884371390445
transaction_16,0.00034919215179776144
unemployment_20,0.0003488871010886241
ltd_14,0.00034874248858689504
bubble_16,0.00034868211886682763
services_13,0.0003475707907662828
culture_14,0.00034745721550741846
garden_7,0.0003469567498486148
vermont_9,0.0003468080823901154
pennsylvania_19,0.0003466540238779237
ohio_14,0.00034561215534190115
returns_9,0.0003456091713806675
georgia_12,0.0003455113857245617
default_16,0.00034533203691140547
fine_14,0.0003452877098263807
global_11,0.0003451901288374248
restaurant_1,0.0003445530328891833
food_5,0.0003433145271729332
war_20,0.00034271851042235737
money_5,0.0003413809267958978
million_17,0.00034031055310606017
senate_10,0.00033924508561826715
opportunity_6,0.0003378838537931861
stocks_11,0.00033742772153442233
ore_6,0.00033649182775934426
legal_19,0.0003364534542703579
greed_16,0.00033515185159496144
texas_18,0.0003346374870597524
politics_19,0.0003308380835074454
arts_10,0.0003303361505665681
health_5,0.00033001829395433723
fun_1,0.00032942893984828637
community_11,0.0003283270675626948
economic_12,0.0003272290450323512
carolina_12,0.00032652834004831544
committee_17,0.0003258180750056683
travel_15,0.00032526802527483857
dow_jones_4,0.0003251961385753566
development_3,0.00032175761825468106
legal_11,0.00032147070541643785
tourism_2,0.0003212830540402889
project_14,0.00032035477446779037
unemployment_8,0.00031983710974152756
investment_11,0.000319726326947567
nasdaq_1,0.000318898907049725
district_5,0.00031850484326958475
metals_19,0.0003177639095260032
secretary_3,0.0003176233264609252
nyse_14,0.0003171461504563267
illinois_17,0.00031687685828469815
tennessee_14,0.00031667790005862617
bubble_1,0.00031529368671860957
loss_7,0.00031335255105224835
health_9,0.00031234547139007417
inc_1,0.00031195236153538366
committee_1,0.0003093258440229008
fine_18,0.00030902409280115785
massachusetts_3,0.00030829998924484234
act_11,0.0003080966705767185
oil_19,0.00030780935762204643
arts_11,0.00030737622427567945
elections_14,0.0003060722017779849
stock_market_6,0.00030568850934233895
social_20,0.00030516804896927317
cancer_13,0.0003050508411537534
unemployment_12,0.00030492590379112007
voters_19,0.00030155096968118575
development_9,0.0002991368226687108
industry_10,0.0002980362201422615
chance_9,0.00029732308367187433
risk_9,0.00029724452445081264
markets_13,0.0002961985861630767
risk_3,0.00029549942809294907
virginia_11,0.00029512762483434595
texas_13,0.00029386641364426147
business_11,0.0002920219529323642
finance_13,0.0002918666923136026
service_3,0.00029184877513053207
financial_markets_2,0.00029157044630614417
inc_18,0.0002912953984052447
credit_11,0.0002910301394372317
house_7,0.0002908294304299952
ltd_5,0.0002907727300159424
president_14,0.00029003705969954385
investment_14,0.0002891810122373384
global_10,0.0002868528321720021
buy_10,0.000286097635506799
financial_18,0.0002843329751564871
chance_15,0.00028418637929674697
religion_6,0.00028381077513004447
return_13,0.000282369077889677
founded_9,0.0002793271873750447
democratic_17,0.0002786920703529816
gains_13,0.00027812454723890044
york_10,0.0002779032664507186
kitchen_14,0.0002775783558855993
project_5,0.00027539577115180957
hedge_18,0.0002753149806210997
pennsylvania_12,0.0002751039578855474
inc_11,0.0002739768441093915
elections_17,0.0002729773277337255
returns_8,0.00027278426401895485
case_12,0.0002723349178660239
massachusetts_18,0.000272185092381938
gold_16,0.00027105652954892976
economic_14,0.00027042204045772954
service_19,0.0002697965071501773
risk_12,0.00026887578984537976
rights_17,0.0002683623281373615
fine_16,0.0002666091863618991
metals_4,0.00026652981883716896
rich_7,0.00026435276347738237
security_3,0.0002622729468811036
political_9,0.0002619703429469933
opportunity_13,0.00026191945985871713
consume_3,0.00026172556860801775
global_19,0.0002615773657748788
companies_13,0.00026150685192305456
unemployment_5,0.0002610729515953647
house_11,0.00026033630637634086
representatives_14,0.0002595964908433723
act_3,0.0002582208515792495
management_16,0.00025791445380372033
war_5,0.0002568170725956165
housing_17,0.0002567081742214761
train_11,0.0002563391406206206
finance_12,0.0002538650007413157
marketing_11,0.0002530977110350552
BUY_AND_HOLD_12,0.00025296808334653866
tennessee_19,0.00025117593095542735
labor_7,0.0002485400112712588
economic_11,0.00024797970211558605
transaction_20,0.0002470624436415658
missouri_15,0.00024673795777718777
secretary_10,0.00024470076621649903
loss_3,0.00024451340441009604
house_16,0.00024376182653285117
lifestyle_4,0.000242536937207527
garden_14,0.00024135259871518321
service_10,0.00024110866688953347
short_sell_13,0.00023865397162146085
forex_19,0.00023708091991139212
management_15,0.00023630822506355288
revenue_15,0.00023517285470440186
senate_20,0.00023493122625928287
legal_1,0.0002347696834235524
minister_16,0.00023442153927986099
unemployment_7,0.0002330146753953155
rights_18,0.00023145721831385746
party_9,0.00022854401391867452
pennsylvania_17,0.00022733341885525782
legal_16,0.0002244278358064733
corporation_15,0.0002232869124432657
ministry_13,0.00022268150694408905
blacklist_5,0.00022257030865142636
train_17,0.0002213098839950689
security_10,0.00022053019566585784
rich_18,0.00021983454547715997
secretary_6,0.00021917993264009006
votes_11,0.00021856718791877228
court_14,0.0002185400790719827
development_19,0.00021704478732744725
fun_10,0.0002168985162996906
opportunity_7,0.00021687039188578172
senate_11,0.00021589825421350906
office_13,0.00021509625448699055
vermont_16,0.0002143668549114297
invest_18,0.00021423278159402593
business_7,0.00021403745660448782
returns_16,0.00021375172172184432
york_5,0.0002126048733871677
movement_9,0.00021189883410956955
economics_18,0.00021155675904580563
bank_5,0.00020820376501335948
business_20,0.00020687847527800507
service_20,0.00020636353751031234
fed_11,0.00020585998987416866
crash_5,0.00020552123017740785
marketing_10,0.00020490387152776178
derivatives_9,0.00020327202536993827
marketing_16,0.00020323822752066345
nasdaq_6,0.0002027912928297848
corporation_20,0.00020248861826994703
committee_20,0.00020227561686649853
police_16,0.0002017189554555987
social_14,0.00020151880784142763
garden_18,0.00020061102184438796
ceo_9,0.00020037316406396055
metals_1,0.0001972221735883295
chance_13,0.00019674997237917324
industry_1,0.00019576894390447297
default_10,0.0001947417265035334
pennsylvania_10,0.00019280864640356388
william_1,0.00019273056944140164
financial_13,0.00019260858204364072
conflict_5,0.00019224913080708727
debt_5,0.00019140003661615167
act_13,0.00019015757741613903
global_5,0.00018877637702463534
default_11,0.000186069209468398
earnings_18,0.00018463525632930188
culture_9,0.00018429831163568888
fed_15,0.00018400251919257205
trader_10,0.00018396089640624336
portfolio_1,0.00018381363437760533
kentucky_7,0.000183693711725752
default_20,0.0001825517295023893
seats_13,0.0001803006782658878
act_12,0.00017995148239553506
virginia_16,0.00017986263108682454
crisis_4,0.00017975191614445497
credit_9,0.00017970690594315553
project_10,0.00017861012622271132
governor_4,0.00017781957765521382
gain_2,0.00017730618719691282
act_5,0.00017709853998322257
security_9,0.00017602292097169682
virginia_1,0.00017421397613694988
economics_14,0.00017377514120877623
technology_5,0.0001729081482753525
happy_7,0.00017272330730295772
society_3,0.00017261065722327107
blacklist_18,0.00017247829963207284
present_18,0.0001719253524771869
ore_15,0.00017072605027386168
present_14,0.00017071072613124018
invest_16,0.00016929397074814113
fond_8,0.00016837686119905993
missouri_11,0.00016686155333682783
founded_11,0.00016590281232429228
economic_13,0.00016571817461308314
minister_18,0.0001640421576842188
war_11,0.00016376056127125337
council_19,0.00016325443966147546
service_16,0.0001631533663736695
bonds_3,0.00016063992556896166
nasdaq_12,0.00015740133438955085
management_10,0.00015520386036229627
president_20,0.00015500023063963475
sell_6,0.00015440505033192942
massachusetts_5,0.00015390740477245758
labor_18,0.00015388052076021897
debt_12,0.00015341467610625604
crash_8,0.00015307066557881387
economic_16,0.00015302957948759577
products_1,0.00015153733301045413
corporation_1,0.0001513743498373188
finance_18,0.0001506701951781375
kentucky_10,0.00014981916620728785
ceo_19,0.0001478474194729795
case_3,0.00014756330128935514
dividend_3,0.00014580435969397955
virginia_7,0.0001457370529530655
conflict_17,0.0001456664183274059
crisis_3,0.00014221033379855364
rich_11,0.00014141525590234406
representatives_20,0.00014131080817392228
kitchen_18,0.0001410162123970826
greed_17,0.00014098859563911327
seats_7,0.00014060516339244877
food_15,0.00014050968210768122
council_4,0.00013878959855155858
fond_5,0.0001386935996980254
credit_7,0.00013771169096639114
crash_2,0.00013704738835345064
president_12,0.0001370031074328537
leverage_8,0.0001368034410560437
marketing_3,0.0001363391069288955
fun_20,0.00013544609872595537
vermont_19,0.00013501054370368415
unemployment_17,0.0001325123591277011
nyse_13,0.00012603141921248008
justice_15,0.0001259620367079828
lifestyle_9,0.00012557288678678448
stock_market_17,0.00012496235880501416
ceo_12,0.0001227030931569395
bonds_11,0.00012199970648887337
court_7,0.00012140239805504826
ministry_14,0.00012136380800933377
corporation_17,0.00012105778695958858
members_2,0.0001206607131794435
greed_2,0.00012041088554570756
food_14,0.0001190043966352361
crash_13,0.00011769719661958167
revenue_13,0.00011733122166301957
elected_9,0.00011584411735092726
water_13,0.00011582236764497988
growth_15,0.0001156608975415363
dow_jones_3,0.00011528653938353006
rich_3,0.00011315821143467186
blacklist_20,0.00011174621644260974
business_9,0.00011011840505699144
energy_3,0.0001094212220348334
services_5,0.00010909388025523992
ltd_12,0.00010822111294923608
technology_14,0.00010810517902819506
kitchen_6,0.00010756695077658307
tourism_16,0.0001063304792825015
culture_20,0.00010618566488047598
products_13,0.00010592305496299747
fed_4,0.00010591101035657413
housing_3,0.00010583999152311563
stocks_6,0.00010408788442428651
profit_20,0.00010127387647462793
markets_15,0.00010121622196879176
gold_10,0.00010008730597867998
economy_7,9.995557709456815e-05
unemployment_9,9.95770095208126e-05
kentucky_9,9.947190464623112e-05
washington_16,9.918836672777598e-05
project_1,9.608709870463361e-05
derivatives_12,9.347370295731405e-05
rich_10,8.925946268067975e-05
conflict_10,8.60241164746256e-05
act_16,8.510133583150559e-05
trader_6,8.44679068241927e-05
gain_4,8.432816566017465e-05
development_12,8.412682946530303e-05
hedge_20,8.17624140986517e-05
short_sell_20,8.042124490541536e-05
ring_1,7.995969716820817e-05
returns_2,7.80629059113469e-05
market_13,7.690217566866942e-05
default_18,7.664153679396435e-05
invest_20,7.539382449366361e-05
headlines_4,7.52196401155425e-05
health_13,7.310253077488226e-05
stock_market_12,6.805979308521781e-05
garden_6,6.774595579199794e-05
council_18,6.66231465537237e-05
founded_17,6.637123313684157e-05
ring_14,6.630637839664111e-05
democratic_2,6.625493037761831e-05
cancer_18,6.355419626928871e-05
earnings_19,6.270181833434307e-05
trader_20,6.13597034991642e-05
services_18,6.106901598843529e-05
freedom_13,6.0951312360635336e-05
world_13,5.9251064134802076e-05
DOW_JONES_12,5.901502307474882e-05
served_11,5.7926681715869675e-05
stocks_2,5.6743976001039084e-05
washington_19,5.5483482648344126e-05
consume_5,5.540294649477584e-05
elected_14,5.2815021744900824e-05
law_11,5.160370911021506e-05
loss_18,5.09123486250207e-05
return_7,5.065458190416372e-05
secretary_2,4.919256926454452e-05
members_18,4.620179154619652e-05
earnings_7,4.5178058169970116e-05
financial_20,4.343383209746143e-05
court_9,4.3266603101055345e-05
committee_18,4.104688025683423e-05
movie_14,4.101305593691151e-05
metals_14,3.9177034028892166e-05
blacklist_4,3.8527453078307516e-05
management_3,3.811298683507047e-05
cash_20,3.698842999402263e-05
missouri_19,3.660101083513556e-05
kitchen_11,3.48675911355345e-05
headlines_3,3.408167902365644e-05
BUY_AND_HOLD_18,3.356245058407925e-05
default_15,3.2404537625296824e-05
credit_5,3.206417855425858e-05
rich_9,3.176501235417906e-05
party_15,3.0565946031813064e-05
fine_1,3.0419817360161082e-05
nyse_8,2.8976735121855057e-05
leverage_16,2.886032244682202e-05
buy_6,2.712184795266026e-05
justice_19,2.5659858856674767e-05
earnings_20,2.3204174567381665e-05
culture_12,2.2886834922752897e-05
home_9,2.2234802163589863e-05
minister_20,2.217939208608577e-05
massachusetts_17,2.192896135466693e-05
stats_16,1.909546846026178e-05
home_7,1.8642961846482285e-05
minister_2,1.844783287190399e-05
religion_15,1.7762644664642836e-05
bank_12,1.6244950159727267e-05
financial_markets_14,1.5523825378571666e-05
case_11,1.5403451317030915e-05
holiday_10,1.4495144675108484e-05
car_7,1.4379795315178079e-05
cash_11,1.323546136351439e-05
firm_2,1.2232794780464573e-05
court_19,1.1636711812679224e-05
ohio_16,1.081569247425307e-05
short_selling_15,1.0551632356858853e-05
earnings_17,9.93054820603856e-06
kitchen_13,8.840238081941897e-06
police_10,8.445583530214406e-06
present_20,8.293447141327626e-06
york_17,7.795429195933679e-06
cash_10,7.026336500493003e-06
energy_16,6.269295341243542e-06
social_1,2.3131031364753696e-06
garden_12,1.3053497350146159e-06
transaction_1,1.0757287873142118e-06
religion_5,-2.526339010699985e-06
development_17,-3.274562607757936e-06
short_sell_5,-4.840512092951776e-06
trader_14,-5.09487167907885e-06
ministry_17,-6.841851228145401e-06
consume_16,-8.238360728052285e-06
metals_10,-8.428175571406627e-06
market_1,-9.38929009688394e-06
cancer_3,-1.1741125868347524e-05
governor_5,-1.2734498967481577e-05
party_11,-1.3634376876425769e-05
DOW_JONES_17,-1.4218935471399518e-05
pennsylvania_13,-1.4400831627514599e-05
return_12,-1.472938461579698e-05
court_16,-1.6619136980433603e-05
restaurant_13,-1.8111097947381972e-05
representatives_3,-1.8899820321749415e-05
ltd_9,-2.0717622082822017e-05
court_11,-2.25832420200911e-05
crash_6,-2.2770606253774694e-05
marriage_3,-2.5201217411030542e-05
ohio_5,-2.5258145047968307e-05
default_12,-2.6676714594398022e-05
short_sell_16,-2.6680698417136382e-05
labor_10,-2.7043544261839968e-05
banking_5,-2.758429852538491e-05
invest_5,-2.919829864027612e-05
debt_2,-3.015076497743241e-05
health_17,-3.170419072726638e-05
travel_2,-3.42686691617633e-05
economy_16,-3.469994999336645e-05
loss_1,-3.700184684258811e-05
economic_10,-4.185241864576028e-05
federal_11,-4.2027963564583716e-05
york_12,-4.2042111520945725e-05
conflict_20,-4.2714574651525615e-05
technology_10,-4.3394911410699066e-05
social_12,-4.394428226903724e-05
judge_17,-4.5867768378560214e-05
election_5,-4.6559878035457024e-05
environment_13,-4.70869713946831e-05
vermont_4,-4.94308836431534e-05
industry_6,-4.9909686943405696e-05
party_14,-5.0699774968632205e-05
present_15,-5.3205206750139845e-05
founded_5,-5.349478874197011e-05
revenue_10,-5.382830608144928e-05
act_10,-5.421568133061605e-05
forex_18,-5.52219180983915e-05
oil_14,-5.53725876499156e-05
missouri_12,-5.7526889127768045e-05
rights_4,-5.800441577901161e-05
happy_3,-5.919985640283621e-05
york_15,-5.99335726998218e-05
dow_jones_16,-6.020969291802292e-05
services_2,-6.163468760371771e-05
freedom_19,-6.226638988824363e-05
profit_7,-6.302620677416382e-05
cancer_16,-6.371083807721334e-05
illinois_7,-6.443351225930982e-05
million_16,-6.45963356124879e-05
garden_17,-6.473920354019836e-05
security_17,-7.002612348714355e-05
carolina_5,-7.080938047807628e-05
portfolio_13,-7.555024282035472e-05
invest_19,-7.564082089999147e-05
crash_1,-7.71997511085365e-05
gain_11,-7.852529812353292e-05
environment_12,-7.900525408421899e-05
transaction_4,-7.917446525513849e-05
gain_16,-7.9427597899695e-05
stock_market_14,-7.98913935838641e-05
council_5,-7.997172938811747e-05
members_6,-8.012638577747921e-05
technology_9,-8.042627041262573e-05
housing_14,-8.054273455007088e-05
house_13,-8.197053151692835e-05
present_5,-8.200289588076171e-05
debt_19,-8.709827690043249e-05
DOW_JONES_19,-8.764693087095487e-05
marriage_11,-8.775127171336549e-05
police_1,-8.851600762151967e-05
credit_3,-8.951595000705748e-05
success_20,-8.9941480989153e-05
secretary_12,-9.093288246881936e-05
transaction_14,-9.231335719646072e-05
energy_13,-9.252742077447973e-05
georgia_7,-9.304486719079464e-05
election_17,-9.42396531573575e-05
unemployment_13,-9.453559758891839e-05
senate_15,-9.482261966928807e-05
inc_15,-9.537367262548723e-05
judge_2,-9.686411622220615e-05
gain_14,-9.731445761369528e-05
consumption_18,-9.740489471943281e-05
movement_5,-0.00010570137249725775
washington_3,-0.00011094646531124574
consume_8,-0.00011306540469087078
finance_20,-0.0001131294370609659
district_2,-0.00011452314161510823
firm_13,-0.00011511607779273181
office_5,-0.00011524608177611028
chance_3,-0.00011583258624594527
politics_9,-0.00011733021863424842
portfolio_4,-0.00011858548016006055
virginia_12,-0.00011873227591057134
marketing_20,-0.00012057036531161191
profit_15,-0.00012240295034771087
community_9,-0.0001225895764359386
car_6,-0.00012441699457661494
nyse_15,-0.00012474381226250663
debt_9,-0.00012533422124281213
federal_20,-0.00012870289195274776
metals_5,-0.0001301582697078363
elected_1,-0.00013330529495907405
buy_13,-0.0001342964316922046
law_16,-0.00013503283439664227
fond_6,-0.00013669845618797806
consume_7,-0.00013674888351087323
water_10,-0.00013889468573058394
opportunity_10,-0.00013966530545561628
served_6,-0.00014002695518100516
industry_7,-0.000142597675533751
world_18,-0.00014306953958942437
minister_17,-0.00014341338108849743
tennessee_7,-0.00014368540478486568
loss_13,-0.00014400382415016288
tennessee_5,-0.0001443412124007226
law_12,-0.00014474625405547226
gain_18,-0.00014594710046116343
chance_17,-0.00014699074275934532
success_13,-0.00014741196863838902
holiday_7,-0.00015029726055064695
economy_2,-0.00015050232137776566
court_12,-0.00015333040304090772
oil_5,-0.00015348063905278319
management_17,-0.00015456467946688423
portfolio_10,-0.0001548330292983957
district_3,-0.00015509707479104405
success_18,-0.00015729968715365582
revenue_12,-0.00015750932458296062
project_15,-0.00015843840845644052
car_12,-0.00015860213275658007
blacklist_9,-0.00015913864090495445
technology_1,-0.00015927082917135404
rights_13,-0.0001597377225104335
representatives_15,-0.0001606782446796684
derivatives_18,-0.0001613310871642737
york_7,-0.0001620563504780792
firm_4,-0.00016334612903654567
health_20,-0.00016378419688301005
ohio_15,-0.00016532077448727645
travel_6,-0.00016536115483671842
corporation_13,-0.00016570363787373754
investment_16,-0.00016599899815994412
million_20,-0.00016816961364112258
global_14,-0.00016848248404723875
buy_19,-0.00017061813529692938
financial_11,-0.0001724691577004167
headlines_13,-0.0001735879885535807
missouri_5,-0.00017583024191352158
union_19,-0.00017688430122972943
invest_12,-0.00017816253369606905
development_13,-0.0001788917381086108
office_20,-0.00017990747564200493
economics_9,-0.00018083543401803404
gains_17,-0.00018108729697166037
business_13,-0.0001814911229081506
metals_20,-0.00018269950467351138
religion_3,-0.00018423544614738497
war_13,-0.0001855915723535606
industry_20,-0.0001877543073871779
lifestyle_18,-0.00019006043118672267
financial_markets_10,-0.00019027278594758724
democratic_5,-0.0001909797790802914
ministry_16,-0.0001923028156806561
union_10,-0.00019370216211889169
secretary_14,-0.00019428988384220247
travel_12,-0.00019451313062528451
home_19,-0.00019474625315853977
office_9,-0.00019659841399306545
million_12,-0.00019668348761945343
ohio_17,-0.00019728608998812459
economy_14,-0.0002001489010252655
lifestyle_2,-0.00020076271874083229
financial_10,-0.00020236990120696684
carolina_13,-0.00020478488499426907
housing_15,-0.00020540139184712646
media_14,-0.00020558800630399165
markets_5,-0.00020595945275001526
legal_5,-0.00020677586372124245
gains_5,-0.0002079266436042282
legal_10,-0.00020860186457702934
governor_14,-0.00020970353147409249
invest_17,-0.00021076895630820492
business_17,-0.00021097476154436913
society_9,-0.00021172623142555745
william_20,-0.00021262361180751643
dow_jones_11,-0.0002133931412408474
county_12,-0.00021421345204397646
fond_9,-0.00021465244912282077
county_15,-0.00021668178394584903
profit_19,-0.00021751814754078502
crash_4,-0.0002190885796345521
bubble_12,-0.00022021065070609858
fond_2,-0.00022196805164464983
gain_5,-0.00022198336154950483
greed_19,-0.00022306968315612962
carolina_18,-0.00022453994582272152
served_8,-0.00022891180167095015
ceo_3,-0.00023053621109891953
forex_1,-0.00023077286851296285
elections_2,-0.0002340419077024425
lifestyle_10,-0.00023528879984329175
transaction_10,-0.0002354097999221594
community_12,-0.00023636264311592824
derivatives_20,-0.00023809119559015102
federal_3,-0.0002393794776980096
union_13,-0.0002436098294472666
kentucky_13,-0.00024675454264124765
district_16,-0.0002501576702268471
happy_20,-0.0002506886041707679
ministry_8,-0.0002536218930719647
leverage_6,-0.0002576237003044213
financial_markets_6,-0.00025794499525888526
economics_15,-0.0002590036599641632
massachusetts_6,-0.00025999696248075744
nyse_4,-0.00026145309721885556
committee_11,-0.00026215373521971675
inc_3,-0.00026220725351979726
present_1,-0.0002627026164035096
community_16,-0.00026320476400196744
products_3,-0.00026362111142419486
firm_16,-0.00026449913233850264
growth_12,-0.0002649428187357916
development_11,-0.00026530918897247344
management_18,-0.00026672048371552127
debt_15,-0.00026982019887551446
culture_5,-0.0002703990942224843
movement_16,-0.00027169782498879245
office_11,-0.0002746092129922717
chance_2,-0.0002771249816165389
social_16,-0.0002780368503041197
society_17,-0.00027910115112013135
dow_jones_13,-0.00028045761484276623
ore_16,-0.00028266951175879294
happy_5,-0.000283202434073182
party_13,-0.0002843086883027146
culture_7,-0.0002853965598882846
ore_14,-0.000286760171129008
ltd_6,-0.0002880075045582853
vermont_12,-0.00028895172014853365
legal_17,-0.00028911981612260717
politics_12,-0.00028978979674059157
derivatives_8,-0.00028994339666508215
committee_2,-0.0002900564599841671
union_16,-0.0002910683193095842
crash_10,-0.00029247142721344765
movie_5,-0.0002945084221875671
inc_7,-0.000294796293502797
home_13,-0.0002953354289872534
ceo_16,-0.00029556264852839134
water_17,-0.00029573836165746047
services_12,-0.0002979791489288175
holiday_12,-0.000298558660422521
greed_5,-0.000298568086864881
cash_18,-0.00029903920186211683
missouri_18,-0.00029936470923259685
secretary_5,-0.00029992230524360507
lifestyle_3,-0.0003000921548030222
management_2,-0.00030268207265586876
fed_9,-0.00030567778094339195
illinois_10,-0.0003066324591083358
market_17,-0.00030717973475298256
gain_9,-0.00030882000029823774
finance_17,-0.0003112054896847294
elected_10,-0.0003120523668154407
business_10,-0.0003129258276133529
investment_4,-0.0003150411115615759
case_13,-0.0003164997388807489
hedge_16,-0.0003187567408614589
council_12,-0.00031945497983869585
voters_9,-0.00031952201294052076
rights_3,-0.00032266872953921053
fed_20,-0.0003261716227856981
crisis_15,-0.0003265297973097603
garden_11,-0.00032735447336349475
environment_15,-0.0003298715603681224
short_sell_14,-0.00033025756342119905
chance_7,-0.0003305951050294409
served_16,-0.0003328040959005296
washington_9,-0.00033528264103552805
financial_markets_13,-0.0003357979650220555
governor_9,-0.0003372964958767266
buy_7,-0.00033789657881762026
holiday_3,-0.000338579160964958
court_13,-0.00033884544536837423
derivatives_17,-0.00034247457536038526
nasdaq_19,-0.0003427189935223618
dividend_14,-0.0003429202554046329
district_20,-0.00034293096416919687
housing_1,-0.00034422230786983475
nasdaq_5,-0.00034556772283302897
fun_19,-0.0003470321580837599
energy_20,-0.0003480998134018032
restaurant_2,-0.0003481173950088401
fine_12,-0.0003481630749555986
ceo_10,-0.00034867315090092443
business_16,-0.00034970811207137855
credit_13,-0.00034971109928758624
culture_3,-0.0003499370196320406
georgia_1,-0.00034997470694726475
management_13,-0.00035022080383102506
voters_13,-0.0003506691704479925
founded_2,-0.0003520390190266287
default_19,-0.00035224609571082866
technology_13,-0.00035799491139354433
community_3,-0.0003585747006057405
politics_11,-0.0003598735929264185
unemployment_16,-0.00035988264956519076
seats_17,-0.00036027012385424494
law_7,-0.00036138335098891974
stats_3,-0.0003634872829278546
cash_1,-0.000364224550218184
BUY_AND_HOLD_7,-0.0003723300042766331
inc_10,-0.00037392219909988534
college_10,-0.0003746467744284443
political_8,-0.0003777888930168283
federal_12,-0.00037877025774397667
gains_14,-0.0003811755977698894
founded_19,-0.0003832324179163127
court_3,-0.00038355700675622993
loss_20,-0.00038695570364779555
returns_17,-0.000388731385514629
blacklist_3,-0.0003889002873675773
buy_15,-0.0003941938062647754
nyse_11,-0.00039620456030426966
gain_15,-0.00039672374200911965
color_4,-0.0003974670125879376
freedom_8,-0.0003978527926781439
president_17,-0.0003999801965635541
profit_18,-0.00040116057187618016
holiday_20,-0.00040446020786439886
leverage_11,-0.0004046947400271783
bubble_4,-0.0004103945614287952
carolina_17,-0.00041066078867519896
texas_9,-0.00041237918043921515
committee_14,-0.00041374043541848594
minister_11,-0.00041430432418170237
bubble_9,-0.0004144159100320399
short_selling_4,-0.00041532358686715567
fed_1,-0.00041592826712364415
elected_17,-0.0004164928294094761
markets_7,-0.0004169187143183262
conflict_15,-0.00041805987405378885
judge_20,-0.0004189859395717477
economic_7,-0.0004192511346582384
leverage_13,-0.0004206524626055641
unemployment_19,-0.0004215565107703378
financial_7,-0.0004216392322546669
services_20,-0.00042267071449726413
labor_16,-0.0004296243361089136
served_15,-0.00043331331820426475
office_1,-0.0004371047412510709
party_20,-0.0004399578143023719
crisis_12,-0.0004433038867966754
bank_11,-0.0004444804872386188
social_13,-0.00044548362948504394
social_7,-0.00044600891938766373
bank_20,-0.0004461464659265335
case_1,-0.00044663207982325036
gain_1,-0.00045171353847506257
inflation_12,-0.0004522198101166719
companies_7,-0.00045230484079983313
elected_8,-0.00045322284588789064
georgia_17,-0.0004532281357990442
union_2,-0.0004540636060624603
hedge_9,-0.00045932071142884556
headlines_17,-0.0004617337694776902
governor_15,-0.0004618490546669074
labor_11,-0.00046220085491708305
hedge_3,-0.0004628087823194793
bonds_10,-0.00046380418980322967
district_13,-0.0004640743207408038
inflation_15,-0.0004648665175108313
markets_3,-0.00047080194456505797
act_7,-0.00047096273683557845
county_3,-0.00047265078512499504
crash_14,-0.0004731761504390253
money_19,-0.00047662300377577794
vermont_5,-0.0004803461377706375
social_10,-0.0004819035881231004
inc_20,-0.00048243910451613027
tourism_7,-0.00048453212825376734
county_5,-0.00048541036169464925
train_3,-0.0004864567159964528
gains_11,-0.0004870603301242893
color_14,-0.0004880708676796797
water_7,-0.0004887003289304915
law_13,-0.0004894676754857663
arts_13,-0.0004911477963775556
banking_7,-0.0004930932898432605
carolina_7,-0.0004942120414384244
success_19,-0.0004982894672802329
fine_20,-0.0004992407809426336
fed_3,-0.0005002913903188411
lifestyle_17,-0.0005049561018843462
happy_18,-0.0005056019090437624
buy_16,-0.000507106203393648
tennessee_12,-0.0005078048404877356
bonds_15,-0.0005125139179036564
earnings_4,-0.000517733675385168
loss_6,-0.0005246084494713532
transaction_19,-0.0005308356234163814
crash_19,-0.0005359289848139604
risk_10,-0.0005360593136529035
governor_10,-0.0005368797907870038
car_13,-0.0005376670217766665
missouri_9,-0.0005392700676251305
law_3,-0.00053951474522127
movement_4,-0.0005415690954891472
tourism_4,-0.0005417878037154323
financial_1,-0.0005421646285866055
profit_14,-0.0005446203519496428
ministry_5,-0.0005469093737270114
metals_2,-0.0005478482274045238
secretary_15,-0.0005515410756065763
district_7,-0.0005516589779962055
short_selling_20,-0.0005533376132410339
washington_12,-0.0005573022565745544
rights_7,-0.0005577583470539604
energy_9,-0.0005589002010550015
representatives_10,-0.0005589103949368735
opportunity_12,-0.0005620564587514698
community_13,-0.0005666593655337726
chance_16,-0.0005668088227144708
texas_20,-0.000567269251132263
seats_5,-0.0005699931667228376
texas_7,-0.0005763897801258855
voters_18,-0.0005765460041137427
marriage_2,-0.000576967671550821
dow_jones_15,-0.0005780086294504994
economics_10,-0.0005780619279359911
travel_9,-0.0005794157357318141
tennessee_3,-0.0005800059932719259
economic_2,-0.0005806884618963171
debt_14,-0.0005819391097655168
economy_6,-0.000583404675520871
headlines_16,-0.000584612827788078
trader_9,-0.0005859270947828454
finance_10,-0.000587931501430572
project_13,-0.0005884708645998105
bonds_18,-0.0005891722747959349
loss_16,-0.0005913539268612489
services_3,-0.0005914682545327566
stocks_19,-0.0005935108339568008
car_2,-0.0005943831937980538
services_11,-0.0005952105054739532
restaurant_4,-0.0005962420216042875
governor_18,-0.000596772717226246
kitchen_15,-0.0005973288142130829
project_18,-0.0006024054112701682
economics_17,-0.0006116910905815676
vermont_11,-0.0006127060510171311
ministry_2,-0.0006138373514791295
nyse_2,-0.0006144942698945943
risk_2,-0.0006145869259070791
services_17,-0.0006163652853420798
rights_20,-0.0006172959070729789
william_9,-0.0006198134243491138
stock_market_20,-0.0006216265383738095
restaurant_15,-0.0006217659644019103
technology_2,-0.0006250432448536625
marriage_15,-0.0006269909419233111
movie_11,-0.0006275731391468753
wisconsin_17,-0.0006286920125257778
crash_15,-0.0006291482103455426
opportunity_20,-0.0006368438629071882
buy_20,-0.0006397199753378491
cash_2,-0.0006408936703557133
finance_15,-0.0006464041310542568
house_4,-0.0006469613354527226
success_3,-0.0006546194318478582
success_8,-0.0006560207984377175
return_5,-0.0006628138368678816
justice_3,-0.0006646794243402532
marketing_9,-0.0006655765931246505
served_9,-0.0006664038359808
crash_7,-0.0006667266546347861
global_12,-0.0006670015701370158
elections_9,-0.0006671795400523095
conflict_2,-0.0006678539549122454
financial_9,-0.0006678735856540108
fond_17,-0.0006710362954313931
judge_3,-0.0006719911646575483
forex_17,-0.0006728721742283117
gains_10,-0.0006767730139101813
judge_11,-0.0006789963140960475
million_15,-0.0006836305088891104
crisis_19,-0.0006864786615112361
loss_9,-0.0006879602548268471
culture_11,-0.0006920592527507763
home_16,-0.000693303793231137
party_12,-0.0006939678979827058
religion_18,-0.0006947088178951066
texas_17,-0.000694813155032925
court_10,-0.0006996238364271656
cash_16,-0.0006997891848820493
fond_11,-0.0007005121256474567
served_20,-0.0007025834025468969
served_4,-0.0007029846408170171
marriage_4,-0.000706163369086732
leverage_18,-0.0007094312762225164
york_2,-0.0007106155897387501
community_10,-0.000710884514570087
products_9,-0.0007112858403377498
blacklist_7,-0.0007126726397642224
massachusetts_9,-0.0007128471428891947
bank_17,-0.0007190400646907902
growth_5,-0.0007199259069079033
earnings_2,-0.0007234951321932303
derivatives_10,-0.0007266143985852569
companies_1,-0.0007267445450065413
forex_20,-0.000726996634630428
technology_7,-0.0007277701243158408
law_5,-0.0007289474534409868
political_6,-0.0007299267311568381
served_17,-0.0007307565839060892
gain_6,-0.0007330843688117649
election_16,-0.0007384929980433386
happy_2,-0.0007386219349847067
inflation_18,-0.00073888137185103
ceo_20,-0.0007432129426564682
blacklist_12,-0.0007435017646723052
train_4,-0.0007438502465117569
movie_12,-0.00074451009972607
fed_6,-0.0007462522172074548
district_10,-0.0007494602123745197
world_3,-0.0007507064615215553
service_5,-0.0007523506696430094
credit_10,-0.0007530804071123276
gain_7,-0.000755211486515539
security_2,-0.000755342383516644
marriage_5,-0.0007571495024473407
bank_16,-0.0007578401699935844
firm_20,-0.0007638067756485567
inflation_6,-0.0007668476228509302
justice_10,-0.0007672594619120288
arts_6,-0.0007714963799033247
lifestyle_7,-0.0007732295385398213
college_16,-0.000773540668570738
texas_1,-0.000773967484830096
social_3,-0.0007747394404860275
judge_4,-0.0007749729642624103
justice_2,-0.0007751324467800025
car_16,-0.000776769200373506
management_12,-0.0007769021509645091
business_12,-0.0007795297874701124
travel_13,-0.0007801592622593834
members_12,-0.0007801831490716227
wisconsin_2,-0.0007812272926690067
fine_9,-0.0007843780744383411
investment_3,-0.000784490945196814
media_16,-0.0007892476516852653
stocks_12,-0.0007915913281479004
energy_17,-0.0007928387637808898
dow_jones_2,-0.0007942770704881142
marriage_8,-0.0007957989432333834
founded_10,-0.0008010935851804568
bank_7,-0.0008012990550849475
religion_11,-0.0008037152335609532
success_4,-0.0008046110274938067
metals_18,-0.0008075378350906881
travel_17,-0.0008082841782619532
bonds_16,-0.0008105480628521455
rich_14,-0.0008113256810755809
gold_13,-0.0008121538503933045
short_sell_17,-0.00081329922109179
companies_3,-0.0008145408313108948
invest_9,-0.0008169561227734379
crisis_13,-0.0008183014488878148
unemployment_2,-0.000819308038917943
money_7,-0.0008200755886551781
dividend_12,-0.0008203120929689111
elected_7,-0.0008221286721475929
nasdaq_11,-0.0008232666438585445
dow_jones_8,-0.0008242082208589796
revenue_17,-0.0008247204561746768
security_12,-0.0008249700044250074
founded_6,-0.0008249909707049863
massachusetts_2,-0.0008309603403416022
unemployment_18,-0.0008313558584039704
william_17,-0.0008315640213244046
banking_3,-0.0008317619417526956
law_2,-0.0008324969351129141
DOW_JONES_16,-0.0008331466222644357
development_10,-0.0008338597473258824
money_1,-0.0008355784369935115
ceo_4,-0.0008362559919580237
missouri_1,-0.0008370315535890071
million_11,-0.0008414329352153471
rich_1,-0.000844815754816719
pennsylvania_7,-0.000845799713781048
ceo_5,-0.0008469969049898606
loss_17,-0.0008476497827914597
pennsylvania_9,-0.000847924216867213
car_1,-0.0008490625879060687
committee_13,-0.0008509748506942527
seats_11,-0.0008512034763531684
economic_1,-0.0008525682968932857
forex_5,-0.0008526559468259087
markets_10,-0.0008537257307810187
movie_3,-0.0008540199959370387
political_17,-0.000857945430220397
federal_1,-0.0008583007232575435
crash_16,-0.000860382109732516
cash_6,-0.0008622950141077945
global_20,-0.0008644787748773641
conflict_19,-0.0008646798556266822
nasdaq_7,-0.000864840156616764
chance_6,-0.000867638243153479
elected_2,-0.0008766979262764263
lifestyle_12,-0.0008783988137544885
voters_16,-0.0008797354882030594
DOW_JONES_20,-0.0008851065151534776
marketing_1,-0.0008869120136721032
crisis_10,-0.0008870515651046018
stats_8,-0.0008887693081390368
happy_10,-0.0008919941786516228
case_2,-0.0008926777857603651
companies_16,-0.0008941805445028539
movement_6,-0.0008967222511424122
buy_4,-0.0008990519546997255
health_2,-0.0009003045604381255
elected_4,-0.0009003803718269143
market_12,-0.0009004783963632246
arts_9,-0.0009067182078848157
ohio_12,-0.000906764139959404
council_7,-0.0009097485833714503
fine_3,-0.0009111560226355397
security_13,-0.0009161083742243337
movie_13,-0.0009190229807396033
representatives_19,-0.0009191669310139484
gains_7,-0.0009211961171328387
portfolio_15,-0.0009222636031180232
election_7,-0.0009230276147028204
secretary_11,-0.0009320227800297953
corporation_4,-0.0009326504943960812
wisconsin_1,-0.0009330124962325437
office_7,-0.0009343489217360946
justice_1,-0.0009343697810797469
massachusetts_1,-0.0009379732471984648
federal_9,-0.000938936119539302
debt_20,-0.0009410143173917307
fine_2,-0.0009445801502029116
banking_2,-0.0009452611682495782
seats_15,-0.0009484775867703687
representatives_7,-0.0009504653928211759
movie_16,-0.0009513375563669601
car_9,-0.0009529127313542718
freedom_14,-0.0009554801321740358
stocks_5,-0.000957680306734865
bank_13,-0.0009581489500785744
management_1,-0.0009587949477702695
present_11,-0.0009590670707806837
train_14,-0.0009617736642624885
union_6,-0.0009631431963817328
housing_11,-0.000965272238107917
invest_2,-0.0009691058529109231
banking_1,-0.0009695378299198421
freedom_9,-0.0009695657043630179
election_10,-0.0009704203123588329
democratic_1,-0.0009725078930949316
county_16,-0.0009727044539799001
derivatives_1,-0.0009751967302311204
money_9,-0.0009759291426714833
pennsylvania_15,-0.000977252175522958
sell_19,-0.0009774250789716277
financial_12,-0.0009774559451791952
technology_3,-0.0009858678757007188
garden_2,-0.000990338126786372
elections_5,-0.000990342077374362
federal_10,-0.0009911118585310685
district_11,-0.0009922846453449985
community_2,-0.00099239073523385
stats_15,-0.000993753737094183
finance_2,-0.0009959079065064546
william_5,-0.000996808762886725
ceo_13,-0.0010000608917084097
war_19,-0.0010006337228886774
trader_13,-0.001002374940297579
fond_4,-0.0010029952430323564
revenue_8,-0.0010030023491223172
security_1,-0.0010080557154397817
representatives_2,-0.001012230558727656
consumption_9,-0.0010129677445117613
county_11,-0.0010142954694350782
world_11,-0.0010164975582824588
services_10,-0.0010202568579058546
tourism_9,-0.001024746402598997
political_4,-0.0010263653907427895
representatives_9,-0.001026417790721501
success_2,-0.0010286781579362803
tennessee_2,-0.0010326564766375058
color_16,-0.0010326706491246228
development_1,-0.0010345958550535884
media_1,-0.0010371172426005605
arts_17,-0.0010372130108518896
freedom_4,-0.0010379955612539015
missouri_10,-0.0010387391252584476
political_5,-0.001038862695194953
health_10,-0.0010419667285507471
house_12,-0.0010429537816123214
party_4,-0.0010431377162635647
religion_14,-0.0010432777673360593
opportunity_18,-0.0010458476309368025
BUY_AND_HOLD_3,-0.001046341407474971
rights_16,-0.0010463459753741633
products_12,-0.0010466369480890414
minister_7,-0.0010472064269873016
companies_15,-0.0010481344179496643
district_12,-0.0010512297865667764
politics_1,-0.001051332962311613
returns_5,-0.001051522649458425
DOW_JONES_4,-0.0010563985595424263
tennessee_6,-0.0010586790915150467
fine_5,-0.0010617484178018887
minister_10,-0.0010644546323665294
case_5,-0.0010653337399865181
nyse_9,-0.0010657019967555748
money_20,-0.0010662174515500445
metals_9,-0.0010681362809766837
business_5,-0.0010704893581043873
ore_8,-0.001070574719565487
culture_1,-0.0010713103862300733
college_7,-0.0010715780996574775
republican_14,-0.0010752151812658984
council_13,-0.0010764483626895416
companies_20,-0.0010844326116424385
ore_3,-0.0010899331376541311
water_12,-0.0010918344126164881
metals_13,-0.001097372020669307
movie_1,-0.0010986597487923743
founded_3,-0.0011007415995909708
investment_20,-0.0011008081016821158
opportunity_3,-0.001100939139054935
massachusetts_4,-0.0011042584770578402
politics_5,-0.0011064535561303046
kentucky_5,-0.0011092673077210291
movement_10,-0.0011104861458672843
headlines_14,-0.0011132427528840027
service_1,-0.001113410097338985
movement_13,-0.0011144626284979252
william_13,-0.0011164273519625122
court_20,-0.001117830286924537
forex_14,-0.0011179863210546647
fond_7,-0.0011183269656775741
global_16,-0.0011187846482969776
gains_15,-0.0011205604553813364
texas_5,-0.001120637276012526
present_7,-0.0011242054271521473
politics_18,-0.0011245585211423048
economic_5,-0.0011267776871095147
war_12,-0.001129122882544209
risk_1,-0.0011295686016598693
founded_1,-0.0011296884128934482
members_4,-0.001131053737937915
ohio_13,-0.0011317850843840071
kentucky_1,-0.0011351006658652184
fun_12,-0.0011365746928643893
federal_15,-0.0011383100673178158
loss_19,-0.0011446807538342929
legal_12,-0.0011473130979314794
committee_7,-0.0011474603012783247
legal_8,-0.0011494220892014795
service_17,-0.0011528677986569536
wisconsin_4,-0.0011566794497229528
train_16,-0.0011569482270786802
oil_20,-0.001159730006936699
restaurant_14,-0.0011625397077106082
voters_17,-0.0011687862565016526
legal_7,-0.0011711497772934453
short_selling_11,-0.0011786876343268028
services_15,-0.0011825989218023248
firm_12,-0.0011854776835445112
fun_13,-0.0011859021494811772
social_9,-0.001194971512160925
federal_17,-0.0011963770424281428
marriage_6,-0.0011978743367788037
elected_13,-0.0011984331984722818
short_selling_16,-0.0012023098055982783
consumption_3,-0.001204267394608216
case_9,-0.0012067245240530821
union_17,-0.0012067961719428367
color_20,-0.0012074861362549206
services_1,-0.0012145627522545332
finance_1,-0.0012167187455306872
car_19,-0.0012183979554849956
banking_20,-0.0012201841305993443
stock_market_19,-0.0012260826907039002
bonds_12,-0.001229219669907411
social_2,-0.0012327942919756474
invest_7,-0.0012392545294087176
act_1,-0.0012401217152260059
political_7,-0.001241519219370568
nasdaq_14,-0.0012427617536995062
movement_12,-0.0012433775461365925
illinois_12,-0.0012452799159092364
president_10,-0.0012466789688259095
train_13,-0.001248888904714951
project_19,-0.0012527805974422933
hedge_13,-0.001253798936568007
college_12,-0.0012542956550283479
business_15,-0.001257878929064238
default_9,-0.0012586278621357749
economy_8,-0.0012654869759185505
trader_12,-0.0012661037672205833
markets_20,-0.001266942802872939
religion_9,-0.0012682228058449319
ore_12,-0.0012697137900760324
texas_12,-0.0012700041065464517
bubble_5,-0.0012702261393831682
success_15,-0.0012705513379088983
missouri_6,-0.0012732957832632952
case_19,-0.0012747901493030734
invest_10,-0.0012790281266684023
police_6,-0.0012823549928659972
fed_16,-0.0012836752564064692
banking_14,-0.0012893632412564805
nasdaq_3,-0.0012906462658240025
happy_8,-0.0012925157865517844
lifestyle_15,-0.001294812291435976
garden_20,-0.0012956735119017849
college_20,-0.0013038437168509053
consumption_19,-0.0013083600696216723
tourism_1,-0.0013096160253119437
business_1,-0.0013126776245099502
home_12,-0.0013179120541042977
war_2,-0.00131953911762408
trader_17,-0.0013218895872339153
union_1,-0.0013226599676114947
earnings_3,-0.0013242799734093813
home_6,-0.0013299339580971736
headlines_1,-0.0013302347906440025
council_1,-0.0013324961281210967
world_6,-0.001337087064930076
republican_2,-0.0013376717094363722
republican_13,-0.0013389351707693508
movement_7,-0.0013456530081423113
college_2,-0.0013459310715735918
loss_12,-0.0013464438709795746
stock_market_11,-0.001349635356292267
environment_3,-0.0013496979853881985
social_4,-0.001358519575891326
portfolio_12,-0.001359413410274035
market_6,-0.0013610200483523682
default_6,-0.0013650554062340837
ltd_15,-0.001369966991982685
energy_1,-0.0013718290285967606
representatives_5,-0.0013732028745096826
served_5,-0.0013743603371350276
pennsylvania_6,-0.001374951996028595
housing_12,-0.0013827215489761624
crash_18,-0.0013853580098150743
society_6,-0.001387420486271651
gold_9,-0.001387759252092846
gains_3,-0.0013884248192014281
economic_19,-0.0013887832663149967
missouri_8,-0.001390086143750624
DOW_JONES_11,-0.0013946978486280236
court_17,-0.0013957057824460772
pennsylvania_2,-0.001398101264262297
nyse_16,-0.0014029467535972228
dividend_4,-0.0014054515514891675
lifestyle_1,-0.0014054825515184665
opportunity_4,-0.0014061848141605493
economy_20,-0.0014093165589841306
health_15,-0.0014104157954864416
gains_19,-0.0014118771974555688
financial_markets_17,-0.0014125546388386256
york_20,-0.0014161780721274387
fed_7,-0.0014181930353756478
banking_10,-0.00141942224150573
gold_12,-0.0014218020016253385
industry_11,-0.0014251227820368585
tennessee_20,-0.0014252873794297737
hedge_5,-0.0014274706086584877
york_9,-0.0014319005648532946
ring_12,-0.0014324083974819324
virginia_15,-0.0014344959650985922
DOW_JONES_14,-0.001435048092681268
growth_19,-0.0014373265572760418
government_2,-0.0014399739644485488
travel_11,-0.0014475508319612197
vermont_10,-0.0014498017660506735
arts_1,-0.0014506809695999268
secretary_17,-0.001456177839897843
justice_4,-0.0014572058717774005
global_17,-0.001458418310348053
seats_1,-0.0014649522662504078
william_12,-0.001470015669881608
georgia_6,-0.0014727463559452536
party_16,-0.0014733840679627352
consumption_12,-0.001479423759999765
republican_1,-0.0014797507599525028
illinois_2,-0.0014799787213137794
fine_10,-0.001480019678477018
justice_17,-0.0014818218231017033
washington_13,-0.0014828192198447665
train_5,-0.001486048563709086
financial_markets_19,-0.0014898498422101446
environment_7,-0.0014927018014392556
bank_9,-0.0014958248589081347
missouri_4,-0.0014963596491662345
energy_12,-0.0014965091868250012
ring_9,-0.0015034948415236116
york_1,-0.0015039792033606282
case_6,-0.0015052516431918405
community_7,-0.001508281513394949
portfolio_3,-0.001509989813014423
labor_17,-0.0015159189915500582
forex_8,-0.0015204497231355418
credit_20,-0.0015219513750755142
financial_3,-0.0015226454497493601
consumption_20,-0.0015269652794922984
missouri_16,-0.001538962443780556
washington_17,-0.0015453780445681352
derivatives_13,-0.0015456448273915902
returns_6,-0.0015460497291260866
chance_8,-0.0015473057544787006
bubble_13,-0.0015479996683355202
security_15,-0.0015532926689088677
case_17,-0.0015551914714561077
buy_18,-0.00155890420000937
products_6,-0.0015606252752059513
environment_1,-0.0015607165123405764
lifestyle_20,-0.0015662711281588582
ltd_4,-0.0015692937661921924
holiday_16,-0.0015701488224318717
investment_12,-0.0015715229109438899
government_16,-0.0015742801097694103
investment_15,-0.001574772592772744
ring_2,-0.0015749311180494052
served_18,-0.0015777655976514592
derivatives_11,-0.0015796281860212202
derivatives_19,-0.0015881486822776792
metals_11,-0.0015935961011199096
opportunity_15,-0.0015989277508411171
bubble_17,-0.001610898716759257
financial_15,-0.0016177645478560709
vermont_1,-0.001622111522451486
justice_16,-0.001622375673957266
chance_19,-0.0016289475064201974
trader_16,-0.0016302924767685801
movie_2,-0.0016308830324760048
election_9,-0.0016311196909672976
oil_1,-0.001632439486088666
world_12,-0.0016324494541182677
elections_19,-0.0016329484153152717
representatives_6,-0.001635214289644149
government_12,-0.0016363526647138692
legal_6,-0.001639166477046472
financial_markets_4,-0.0016402542477462756
inc_4,-0.0016425925261448926
social_17,-0.0016480674595142463
office_17,-0.0016486775352502424
kentucky_12,-0.0016503985564529922
economy_11,-0.0016512265775972868
credit_12,-0.0016582642061865327
economy_13,-0.0016590939725669384
million_6,-0.0016643053736794533
tourism_17,-0.0016649053857376917
inflation_20,-0.0016660969584127994
corporation_10,-0.001666998354930782
project_9,-0.0016681088243323706
unemployment_10,-0.0016692459996083598
technology_17,-0.001670266682570043
conflict_3,-0.0016714304926761514
unemployment_6,-0.0016721446101715775
returns_18,-0.0016744018415558726
served_7,-0.0016777594438424526
world_20,-0.001679432090202848
georgia_2,-0.0016796748052369415
credit_15,-0.001684306928296575
DOW_JONES_10,-0.0016852804270307553
kentucky_6,-0.0016892056270001454
religion_16,-0.0016896263922018483
bank_1,-0.0016918238987313483
stock_market_1,-0.0016930866547096857
seats_12,-0.0016961715369159026
portfolio_20,-0.0016967229185462119
bonds_9,-0.0017032771188577379
elections_11,-0.0017042391333579987
ohio_6,-0.0017047711586791082
federal_4,-0.0017077481336093437
gains_16,-0.0017110890090737518
stock_market_8,-0.0017148149540233471
trader_2,-0.0017149224452298385
police_13,-0.0017278018528174676
inflation_14,-0.0017286671198993408
revenue_1,-0.0017307369025204799
police_12,-0.0017317703871794431
global_7,-0.001741245200538155
cash_4,-0.0017414803850865467
bonds_7,-0.0017424729570421737
seats_19,-0.001746355211174122
bubble_2,-0.001749495628277531
project_17,-0.0017498256599667306
economic_17,-0.00175156889896928
nyse_12,-0.0017544100002086838
ministry_19,-0.0017549282520640918
members_11,-0.0017578297915175512
ltd_13,-0.0017585883531545665
labor_8,-0.0017641655659415
housing_16,-0.0017673484571512743
act_18,-0.0017691281263136683
business_2,-0.0017721980849237707
tourism_14,-0.0017784889934455927
portfolio_11,-0.0017810623395423165
default_17,-0.001782572880398381
senate_19,-0.0017866217770439174
hedge_10,-0.0017869188249010292
stocks_17,-0.0017871077192864516
rich_16,-0.0017876920917322182
train_20,-0.0017898212723435059
train_2,-0.0017964742426878955
crisis_9,-0.0018005106311723695
trader_8,-0.0018062299473302402
conflict_13,-0.0018077237342978725
act_20,-0.0018121909326577423
rich_19,-0.0018138347828683399
metals_17,-0.0018335225497739139
judge_10,-0.0018366651584833748
risk_13,-0.001837529323968501
president_16,-0.0018375787628754025
county_13,-0.001843329565296492
election_1,-0.0018453834223289389
million_5,-0.0018533436346785282
blacklist_14,-0.0018546548557334618
gold_7,-0.0018554615242989182
union_8,-0.0018600806566200223
trader_4,-0.0018606213582954777
profit_6,-0.001862762599663803
garden_4,-0.0018734011746728064
virginia_6,-0.0018782026419331022
conflict_14,-0.0018794145684596364
consumption_8,-0.0018796809313261554
inflation_16,-0.001882342655856184
short_sell_11,-0.0018843141980394052
senate_2,-0.0018862994438525239
inc_2,-0.0018885060738444536
media_13,-0.0018897259953620572
representatives_8,-0.0018961665830291574
legal_4,-0.0018979690494664414
gold_6,-0.0019015330812777176
marketing_2,-0.001907940154058263
union_12,-0.0019097915652462217
georgia_4,-0.0019133679909276503
project_12,-0.0019153933166947024
restaurant_9,-0.0019173668040429748
arts_2,-0.0019214168287354561
companies_17,-0.001926207125507995
justice_12,-0.0019271136797395893
members_16,-0.0019288466208282617
culture_4,-0.0019314028939955597
leverage_10,-0.0019323392002546847
success_11,-0.001932570601345307
present_8,-0.0019338311725018542
ohio_1,-0.0019371111628430527
bank_15,-0.0019426397407063644
happy_1,-0.0019440688143592011
representatives_4,-0.001947903695223241
nyse_18,-0.0019581421867790327
war_1,-0.001960814808650735
founded_18,-0.001964638389701778
college_13,-0.0019745745829009564
conflict_6,-0.0019753966350429366
governor_2,-0.001977425761259233
college_11,-0.00198152010985424
headlines_6,-0.001981947608250323
markets_19,-0.0019826250163845318
freedom_7,-0.0019859340270048653
economics_7,-0.0019916954915448317
ore_17,-0.00199272404069224
carolina_1,-0.001993885146243013
minister_5,-0.0019945127035138287
marriage_9,-0.001995100570653374
return_17,-0.00199651392227822
ore_10,-0.001997056388086871
court_4,-0.0019999103107032124
transaction_15,-0.0020017051079612934
county_20,-0.0020035896234189996
ore_20,-0.002004766840694905
county_1,-0.0020060223443419067
bubble_11,-0.002015618207443337
county_17,-0.002016109189222437
democratic_8,-0.0020210614370820947
holiday_17,-0.00203178379258826
revenue_7,-0.00203225975146335
ministry_15,-0.0020324965701863373
holiday_6,-0.002035977650469789
ore_13,-0.0020420254868617426
environment_17,-0.002048697688343748
democratic_16,-0.0020631945169045764
debt_17,-0.0020686161362089227
district_6,-0.002079177325301762
stats_5,-0.002082470707566264
derivatives_7,-0.002083996441080016
opportunity_17,-0.002085485907681184
ohio_9,-0.0020863414892321242
transaction_2,-0.0020891543463586125
debt_11,-0.002090309270192514
gains_12,-0.0020914167760871516
bubble_10,-0.0020970853155800606
headlines_12,-0.002097459400430246
world_19,-0.0021021374171378503
investment_17,-0.0021046227408728193
bonds_17,-0.0021099765244912082
dow_jones_18,-0.002113723157287284
money_4,-0.0021227146626821235
transaction_6,-0.002125412273702465
law_17,-0.0021326670515502853
federal_2,-0.0021355410520847995
kitchen_2,-0.0021369868120420634
economy_17,-0.0021421467551336225
ministry_7,-0.0021430324009598543
economy_5,-0.0021443580113973404
politics_4,-0.0021443909186334544
conflict_4,-0.0021460392878348777
earnings_6,-0.0021469159175194763
home_2,-0.0021471657482969642
cash_13,-0.002147339524418701
buy_2,-0.0021473765795557488
marketing_6,-0.0021493845404204183
markets_2,-0.0021580950455801773
opportunity_19,-0.002159007978150318
water_6,-0.002159624151608952
war_17,-0.002167615014009172
minister_15,-0.0021682738771483965
corporation_8,-0.0021752813960977946
world_1,-0.0021781033147049156
community_1,-0.002178181875135743
governor_19,-0.0021877611725828585
ceo_6,-0.002199631291305537
crash_20,-0.0022015254011596985
stats_10,-0.002202530137707037
health_4,-0.002208691393727369
house_6,-0.002212294960920147
judge_7,-0.002212631871993542
fed_10,-0.0022128364244955235
president_7,-0.002212901330945294
illinois_9,-0.002215154491394067
justice_6,-0.002215586970630179
college_6,-0.0022155896798900176
water_4,-0.002218920611796249
world_9,-0.0022221131611663393
act_6,-0.002224100733899448
senate_12,-0.002225461581571575
derivatives_15,-0.0022264443111468246
nasdaq_18,-0.0022292095298699797
money_17,-0.0022311891512534878
justice_13,-0.0022331073966817883
secretary_19,-0.002239597254401571
bank_2,-0.002245654325483826
loss_4,-0.002248705902268733
sell_2,-0.0022525998742799038
election_15,-0.0022531473794878075
cancer_4,-0.0022630726376521083
health_1,-0.002268527605884585
fond_13,-0.0022710587415211148
investment_10,-0.002271466562461488
culture_19,-0.0022731882667917703
secretary_9,-0.002274750509225676
crisis_17,-0.0022764346552314185
elections_18,-0.0022781250851324096
lifestyle_11,-0.002287342207189491
gain_12,-0.0022911262387330655
forex_10,-0.0022953131693223437
ring_20,-0.00229856312932013
headlines_11,-0.002302366752238938
million_9,-0.0023048483094709306
derivatives_2,-0.00230539133548584
war_4,-0.0023066841866316024
color_2,-0.002317011380776868
tennessee_17,-0.002317111717115683
movement_1,-0.00231897230413185
representatives_1,-0.002320934889802273
party_6,-0.00232459053076155
stats_9,-0.0023407026228016827
law_1,-0.0023442940116620735
movie_17,-0.0023498801735740925
media_17,-0.0023516040560704887
train_1,-0.00235683544282006
default_8,-0.0023571685974750345
community_17,-0.0023664954657611537
media_12,-0.0023681511292435787
economics_3,-0.0023690424573002077
carolina_4,-0.002371449652028401
money_6,-0.0023737793308669765
council_9,-0.002376262632575754
money_13,-0.002376322177516066
BUY_AND_HOLD_9,-0.002378172659146549
fond_12,-0.002383128686505498
inflation_3,-0.002386497469862614
business_4,-0.0023871785994094897
york_4,-0.002392837096223488
water_20,-0.0023973634583554617
invest_15,-0.00240368222377636
food_20,-0.002404265421159235
college_5,-0.0024081437978105804
gain_10,-0.002409707249423598
oil_16,-0.002410379145758634
present_2,-0.002415282797777185
greed_3,-0.0024173586440823904
district_17,-0.002418613038400608
party_1,-0.0024215211498821664
representatives_18,-0.0024230775626757463
restaurant_6,-0.0024243616984632953
committee_4,-0.0024438966411308716
house_9,-0.002446105034712165
tennessee_9,-0.0024466325694207035
markets_18,-0.0024499845436301904
office_10,-0.002450953897921493
elected_3,-0.002454902368046308
members_13,-0.0024564111543050825
religion_13,-0.0024565460255753235
profit_11,-0.002463673315254722
marriage_7,-0.0024690378733917217
financial_4,-0.0024695234436917348
return_9,-0.0024717526822310987
ore_2,-0.0024774893330046233
firm_17,-0.0024820213470495346
gold_8,-0.002483342388856791
revenue_5,-0.002498163404793452
financial_6,-0.002510179655192757
arts_12,-0.0025103698358394768
governor_8,-0.0025108794005039847
society_2,-0.002511160453976413
unemployment_1,-0.0025164160802141565
world_2,-0.0025258369935578394
ltd_18,-0.0025259218331334043
risk_4,-0.0025284173435226043
republican_12,-0.0025285856002418726
leverage_17,-0.002529654284241767
ring_13,-0.002529833993911712
bank_4,-0.0025445909359379736
voters_4,-0.0025490506381923963
firm_6,-0.0025528627997833063
portfolio_6,-0.0025531524859206513
labor_4,-0.0025554925402523354
housing_6,-0.0025607098706824207
debt_4,-0.0025634913584686283
seats_2,-0.0025736241926571425
william_11,-0.0025740158383223298
republican_7,-0.0025746611503817186
war_6,-0.0025777688244828178
nyse_20,-0.002579180865835884
office_15,-0.00258161605987921
virginia_4,-0.0025822931251400227
seats_20,-0.0025840505450827724
economy_15,-0.002596080623938213
economics_6,-0.0025996091884170625
ring_5,-0.002600417223823581
forex_9,-0.0026005885160847566
stock_market_10,-0.0026007006402401387
success_10,-0.0026009110203621733
chance_5,-0.002601768334063714
police_17,-0.0026023861692864745
council_17,-0.0026040391688576525
global_3,-0.00260578280909145
economic_6,-0.0026097705919843283
happy_17,-0.002609914264436819
ring_4,-0.0026157406129298844
college_19,-0.0026178626751905522
transaction_18,-0.0026220010433788852
culture_13,-0.002626117482851198
republican_6,-0.0026291759335636657
headlines_7,-0.00263107496463304
ore_9,-0.00263155197779501
dividend_9,-0.002632776298160433
color_6,-0.002633950488318826
DOW_JONES_5,-0.0026344025993993323
fond_15,-0.0026501837625632295
metals_8,-0.002652222210792776
senate_14,-0.002652378205465089
buy_1,-0.0026524406687997936
dividend_1,-0.0026635441193510133
voters_20,-0.002668370271539344
senate_3,-0.0026790706627358276
economics_2,-0.0026921641721701084
governor_13,-0.0026922363115564176
minister_1,-0.0026960744106447887
district_4,-0.0026971463215773373
oil_4,-0.0027216544321118754
office_2,-0.002723989520962866
risk_8,-0.0027251808169863833
services_4,-0.002726641649000583
train_9,-0.0027297607793526748
DOW_JONES_13,-0.0027303073900245113
committee_6,-0.002738080856356273
chance_4,-0.0027418253223162824
stock_market_4,-0.0027422101912526033
ceo_11,-0.002743243024208075
credit_2,-0.002754293749479153
politics_7,-0.0027559505076800495
william_6,-0.002768855177968499
media_6,-0.0027693137992343075
management_4,-0.0027709723459914625
opportunity_11,-0.002772165547768113
corporation_6,-0.002795643899194111
BUY_AND_HOLD_13,-0.0027968221910061432
food_9,-0.002798375575143686
fed_17,-0.002798457180892111
revenue_6,-0.0028002694206140876
energy_2,-0.0028045861822433293
money_12,-0.0028053476702815995
trader_19,-0.0028121505113045454
invest_1,-0.002815817551315658
government_1,-0.002816671374721591
forex_15,-0.0028204931858740066
federal_8,-0.002821322369243773
pennsylvania_1,-0.002832349774295939
million_10,-0.0028328892444534847
ministry_10,-0.0028342708362144808
court_1,-0.002841739126262488
case_4,-0.0028455584896299293
religion_8,-0.0028493129217816104
holiday_2,-0.0028562934616320535
police_4,-0.002856354020366658
financial_markets_11,-0.0028593634598704344
council_2,-0.0028609113923771857
food_17,-0.0028645015686314503
growth_2,-0.002874187510513071
election_4,-0.002883555344109845
returns_12,-0.002893482069124409
color_13,-0.00289479963399446
lifestyle_13,-0.0028954407630260802
cash_19,-0.002896778444978576
county_10,-0.002898022846204529
stock_market_16,-0.0029074132340052737
voters_5,-0.0029092412403979306
invest_8,-0.0029202343687510625
police_9,-0.002926268057764925
products_4,-0.002935618642177884
portfolio_17,-0.0029431264935657177
crisis_2,-0.002944760981971317
republican_4,-0.002949136647784889
arts_5,-0.0029517102722224076
consumption_1,-0.0029676217461418464
elected_19,-0.0029731255442303484
water_1,-0.002974700592267987
transaction_8,-0.002975945062579388
district_1,-0.002978561205412689
companies_4,-0.0029812584490054974
present_12,-0.002986462506735954
success_7,-0.002999295097696764
ohio_2,-0.0030042318565914883
government_6,-0.003011288570801729
dow_jones_17,-0.0030136223223220736
william_4,-0.0030170883828676944
justice_8,-0.0030221709914414197
portfolio_18,-0.0030246346437810432
DOW_JONES_15,-0.0030320953277530593
color_9,-0.003035484927763643
tennessee_1,-0.0030479898119848857
kentucky_4,-0.003055129283859892
global_9,-0.003055796370982811
rights_1,-0.0030564538722356984
money_2,-0.0030688723116706782
society_4,-0.003082659412923383
act_9,-0.0030987421187769425
inflation_13,-0.003106423948506931
house_2,-0.003107965100245935
freedom_12,-0.0031118851996793095
products_2,-0.0031124188374790805
derivatives_3,-0.0031124317840427462
president_2,-0.003120977452229656
gains_4,-0.0031328663257966126
energy_4,-0.003143565579747998
sell_9,-0.0031524871889383687
financial_2,-0.003164189282691199
politics_13,-0.003166305079196685
rich_2,-0.00316880224716396
transaction_3,-0.0031715347466259704
earnings_10,-0.0031771107160527778
dividend_19,-0.003192791985983612
legal_2,-0.003192846729125942
washington_2,-0.003202577482968971
judge_9,-0.003203863299292342
washington_4,-0.00321437077506499
college_17,-0.0032163623649981822
housing_5,-0.0032195439321496488
nasdaq_20,-0.0032198734538177788
project_2,-0.0032220933990501745
million_2,-0.0032238659572475957
elected_20,-0.003232091612663557
law_4,-0.0032332197916139726
ring_8,-0.0032435582456049605
returns_14,-0.0032485565380974578
transaction_17,-0.003285541925665059
elections_16,-0.0032954622593059923
present_3,-0.0032979948895718093
election_6,-0.0033035412985576106
DOW_JONES_6,-0.003304065455774463
home_17,-0.0033068571535384674
return_4,-0.003309222745006468
elected_18,-0.003318412369234225
crisis_8,-0.003319059997115792
housing_13,-0.003319189906668374
companies_9,-0.0033248295967221566
bank_8,-0.0033278222066149164
cancer_8,-0.0033297056476218724
dividend_11,-0.00333721493294028
economic_8,-0.003337262859506751
headlines_19,-0.0033444990518231243
ring_6,-0.0033506237315506617
social_8,-0.003360688373268128
minister_12,-0.003363226132308594
color_7,-0.0033719495015096966
success_16,-0.0033731286754644873
buy_17,-0.0033762355174829393
community_4,-0.0033773958862392205
return_2,-0.0033780424776328477
ceo_2,-0.0033848852102216
growth_6,-0.0033961708401563095
elected_12,-0.003404844420457187
financial_17,-0.0034063975469860843
inflation_11,-0.0034068949121025317
law_6,-0.003415634583122529
texas_6,-0.0034178290703833934
food_6,-0.003427425097152681
growth_8,-0.0034329059710535457
environment_9,-0.00343360074667316
freedom_6,-0.003444076781905414
banking_15,-0.0034603297523625675
democratic_7,-0.003460538108084399
ohio_4,-0.003464060305974015
investment_8,-0.003473139528546465
global_4,-0.0034848560068919455
return_6,-0.0034854867457320806
chance_18,-0.003487727728838652
carolina_6,-0.0034917222960982653
transaction_9,-0.0034922875512996667
rich_12,-0.003499303871019488
bonds_4,-0.0035056435735161483
services_6,-0.003520420331036367
war_8,-0.0035275345381405865
politics_17,-0.0035332168777059136
credit_17,-0.0035400559311299594
stats_2,-0.0035576437138322703
garden_9,-0.003564383018199746
votes_7,-0.00357530587743764
gold_19,-0.0035884329228646817
investment_9,-0.003589621833650014
virginia_2,-0.0036020835019061836
tourism_8,-0.00360314127358321
global_2,-0.0036071602595189045
DOW_JONES_2,-0.003607659974742594
development_6,-0.0036087286737016113
republican_16,-0.003610253676427333
cash_17,-0.0036104256035399463
tennessee_4,-0.003612403695787081
marketing_4,-0.0036124855032924506
ceo_8,-0.0036125700159592043
ring_17,-0.003612785968476984
credit_1,-0.0036227578968282435
marriage_17,-0.003628228796879385
garden_8,-0.003630786511762807
tourism_20,-0.0036348393717129833
senate_17,-0.0036383442307730716
BUY_AND_HOLD_14,-0.0036401455300398623
DOW_JONES_1,-0.003645992919472274
movie_20,-0.003658138442253334
credit_4,-0.00367010651548656
nasdaq_16,-0.003677622367211075
labor_6,-0.0036787215156216303
founded_14,-0.0036849248049504848
services_8,-0.0036909335501587705
elections_7,-0.003719306936734279
federal_6,-0.003724701762907845
served_10,-0.003724905722498373
elections_4,-0.0037264303576404643
profit_4,-0.0037390072715345777
project_4,-0.0037440151020551094
nasdaq_8,-0.0037594811541686647
derivatives_4,-0.0037759808732328536
development_4,-0.0037770428688635115
served_12,-0.003779178246036197
rich_4,-0.003779535922766364
texas_2,-0.0037816544810804543
wisconsin_6,-0.003783573102578308
war_9,-0.003786228110167644
firm_8,-0.00379842096028602
dividend_15,-0.0038076685881716977
government_4,-0.003824219231108872
county_4,-0.0038318586478603978
stats_19,-0.0038352471472146597
invest_14,-0.0038380668888648105
carolina_9,-0.003845018262117139
service_2,-0.0038461414144513205
political_16,-0.0038476034519762336
fed_2,-0.0038514613848076975
movement_8,-0.0038658154421431943
default_4,-0.003866343351669843
culture_17,-0.003872863833973206
election_8,-0.0038864388744015653
profit_10,-0.0039032558745858426
judge_1,-0.0039336183693117425
ltd_2,-0.003938716248633223
rich_6,-0.003951350235364326
growth_14,-0.003964354551222416
happy_4,-0.003969617200023113
security_4,-0.0040065241886056095
kitchen_8,-0.004007649803762892
movement_17,-0.004007775304136829
democratic_13,-0.0040177572373017775
market_4,-0.004020500964327556
media_9,-0.004023421238485381
president_6,-0.0040264735066734
movie_15,-0.004042360819738522
marriage_13,-0.004055059319568821
dow_jones_6,-0.004067726567175067
media_2,-0.00408451610615479
cancer_12,-0.004086432081485314
firm_9,-0.004087452762039123
opportunity_16,-0.004122741030847666
government_9,-0.0041326636005053485
county_7,-0.0041339894810551005
war_7,-0.004139026299189319
cancer_6,-0.004140177327694427
debt_1,-0.004145169164244389
district_8,-0.004153840051158686
massachusetts_8,-0.004166565199500827
unemployment_4,-0.004169283318196748
stocks_4,-0.0041788893939314065
development_2,-0.00417932457063257
revenue_2,-0.004183897416710924
illinois_1,-0.004203852983694034
movie_19,-0.004221972281209907
seats_4,-0.004225671733328063
judge_6,-0.0042261696655097715
election_20,-0.004231726114406031
college_4,-0.004241475641869297
rights_2,-0.004252284187931443
house_17,-0.004255404885115044
fun_2,-0.0042663428003448575
banking_4,-0.004266968774341695
growth_4,-0.004304025357594732
washington_1,-0.004309795075993916
returns_13,-0.004313032295520336
blacklist_6,-0.004326606327729276
DOW_JONES_8,-0.004328703646548626
election_19,-0.0043363145408799484
forex_13,-0.004341376636471295
global_15,-0.004343410994948194
success_6,-0.004348869035144176
secretary_4,-0.0043574973347304535
party_17,-0.004358310400008181
cancer_2,-0.004363904144835828
justice_9,-0.004381754892488132
inflation_5,-0.004383432705004342
fed_8,-0.004391707287736413
health_6,-0.00439848354184118
financial_8,-0.0044079086030791356
politics_6,-0.004412079480099274
stock_market_18,-0.004427085745665726
economics_8,-0.00442825257282291
union_4,-0.004443560270204938
holiday_1,-0.00445792437484036
return_8,-0.004462011494506446
consume_12,-0.00446868295505769
happy_13,-0.004480210771545123
nyse_17,-0.00448106509558086
present_17,-0.004492129271903944
william_2,-0.004499617279352841
travel_4,-0.00450185890041026
voters_11,-0.0045100444808981125
success_17,-0.00451507454875788
stock_market_9,-0.004516363868013995
founded_15,-0.004521129136636248
headlines_15,-0.0045240917230720875
kitchen_20,-0.004533962629736865
car_17,-0.004539714616118728
economy_1,-0.0045588751472748655
kitchen_9,-0.0045630577665870305
founded_4,-0.004569322510409446
york_6,-0.004576166274337079
inflation_8,-0.004576211221100901
movie_8,-0.004580371545611928
office_6,-0.0045885439680033
forex_7,-0.004599298629662352
senate_13,-0.004613478593164211
security_6,-0.004638414385983003
water_9,-0.004673596576693928
county_2,-0.004677537487405093
food_2,-0.00467858210268266
cancer_1,-0.004679767863565299
served_1,-0.0046841444280637965
crash_3,-0.004685900235821094
train_18,-0.0047007513067748976
dow_jones_9,-0.004711050387509208
business_6,-0.004711091016612867
finance_6,-0.0047190613044234995
minister_4,-0.004733837083716131
housing_4,-0.004742930243033849
oil_6,-0.004756662510502929
served_2,-0.0047602402069561785
government_17,-0.004763743591772829
council_6,-0.0047739129922745645
founded_13,-0.0047854704722000594
arts_8,-0.0048033601482319055
investment_6,-0.004803536937777508
DOW_JONES_18,-0.004810761850611733
stock_market_5,-0.0048115737596749805
earnings_13,-0.004821678882498404
religion_20,-0.00482726730464309
food_4,-0.0048272860797332175
society_8,-0.004832662543669164
water_8,-0.004867831790471788
cash_9,-0.0048801195086309425
returns_1,-0.0048827611507608944
georgia_9,-0.004885882543967113
culture_2,-0.004889012364085543
hedge_11,-0.004923534396316343
seats_18,-0.004926154168906849
elected_6,-0.004935593261716775
governor_20,-0.004948230013024846
elections_3,-0.0049494233136129885
elections_20,-0.004956910065413855
president_13,-0.004969496772876125
social_6,-0.004972028221975289
technology_4,-0.004989337261456473
blacklist_10,-0.004995762158629136
holiday_15,-0.0049982660177397605
ceo_15,-0.004999739623858623
holiday_9,-0.005010222561555877
ministry_1,-0.005013579684171243
portfolio_16,-0.005025009720501972
religion_1,-0.0050264930018664835
virginia_9,-0.005036247721128473
risk_6,-0.005055837074738068
virginia_17,-0.005058753875157263
media_4,-0.005063493042076162
technology_8,-0.005075616304592012
buy_8,-0.005106962874644428
county_6,-0.005107210859686018
elections_10,-0.005122440386924132
short_selling_10,-0.0051433487588679935
travel_8,-0.005150228892478159
cash_5,-0.005152274552561531
environment_4,-0.005152624029853859
votes_8,-0.005171534142068235
service_4,-0.005219944355292316
fun_17,-0.005224717414280411
service_8,-0.005232569328707059
inc_6,-0.005255682054819455
conflict_7,-0.005256669248397428
bonds_13,-0.0052716526859383885
tourism_6,-0.005283242501256402
election_12,-0.00531429878174341
ore_11,-0.005316081607466394
oil_2,-0.005320098837546183
office_4,-0.005328034143527271
color_8,-0.005329513051871326
stats_18,-0.0053343617389727035
returns_7,-0.005361209781620868
inc_8,-0.005362921477503058
votes_5,-0.005368594351206202
holiday_4,-0.005368927434513404
management_8,-0.005399116547041572
election_18,-0.005410098499683769
economy_4,-0.00543799977097803
secretary_13,-0.005445073538911216
culture_8,-0.005462233249561787
texas_4,-0.005462695506615156
religion_17,-0.005467855470316074
illinois_4,-0.005503205749154927
present_4,-0.005509079667705974
hedge_17,-0.005515955715790754
dow_jones_1,-0.005548559901065664
earnings_1,-0.005574663427565319
loss_8,-0.00557612800924463
stocks_8,-0.005598956132916366
security_8,-0.005603343665253613
bubble_6,-0.005616332338242902
community_6,-0.005617633715375913
success_12,-0.005621479991516076
debt_6,-0.005624916588794759
carolina_2,-0.005645331998622582
credit_6,-0.00565234759203328
secretary_8,-0.005697803983533234
train_12,-0.005703539156671056
seats_8,-0.005722111199212487
service_6,-0.005741098061020855
oil_9,-0.005754124661244209
illinois_6,-0.005757866185242278
headlines_9,-0.005758642809810266
cash_8,-0.005795609162180426
act_4,-0.005795705150095509
gains_2,-0.005810166490754809
bubble_8,-0.005810620057692684
conflict_8,-0.005820980306018786
political_1,-0.0058229533691677385
college_1,-0.005833309150255905
bank_6,-0.005883128962683015
transaction_13,-0.005931717101351075
election_13,-0.00593372215039456
car_8,-0.005945099889932704
court_8,-0.00595130069587071
nasdaq_15,-0.005988956358213127
senate_18,-0.006004856775836842
gains_20,-0.006039200574491921
missouri_17,-0.006047871935976956
fun_9,-0.006051034925420295
movie_10,-0.006054875186142494
opportunity_1,-0.006060418974454818
court_6,-0.0061004108166676785
senate_9,-0.006114449441145875
rights_6,-0.006125058333106992
york_8,-0.006133818160713944
market_9,-0.006159416407471152
bank_10,-0.0061607458351253365
headlines_2,-0.006164063623448612
invest_6,-0.006199734569674442
community_8,-0.006226489656837431
office_8,-0.0062439531599027594
william_8,-0.006271443984228453
million_3,-0.006287395028772669
products_8,-0.006362346378258788
ohio_8,-0.006417949359993669
senate_5,-0.006421206370504607
served_13,-0.006422087946208355
markets_4,-0.006438283919761955
stock_market_13,-0.006488393385035751
house_8,-0.006504310008621261
conflict_1,-0.006514690394574485
earnings_12,-0.006520271731101368
gold_17,-0.006527929073094629
dow_jones_5,-0.006553003483508402
college_8,-0.006576169259687159
fine_8,-0.006603016506358928
management_6,-0.00661786106560025
returns_19,-0.006642557646984426
market_2,-0.006657834950617336
washington_6,-0.0066886630170786224
served_3,-0.006712727379878203
vermont_8,-0.0067723285336120705
party_2,-0.006818053015514747
world_8,-0.006845864750895147
nasdaq_4,-0.006866547073984597
success_1,-0.006882341420533633
default_2,-0.006889945453117918
food_8,-0.006924007304475977
elected_11,-0.006957449840063435
energy_6,-0.0069747630238255805
profit_8,-0.006985338247614803
financial_markets_12,-0.006996722346393325
environment_8,-0.007007952620090152
housing_2,-0.0070158401710475275
gold_2,-0.0070511962661907734
senate_8,-0.007072558402886386
marketing_8,-0.007085598992878595
dividend_17,-0.007090336646999362
politics_8,-0.007117987933957059
trader_18,-0.007127647402170733
gains_6,-0.007148688939167203
home_8,-0.007156646932378741
companies_6,-0.007161739366523911
health_8,-0.007233690688706695
cancer_17,-0.007254169925470988
law_8,-0.007308581310421914
movie_18,-0.007317410623067855
crash_17,-0.007321357561375597
economic_4,-0.007348241371566577
global_8,-0.007384005997652099
opportunity_8,-0.007410165229548049
representatives_17,-0.0074308496362588405
president_4,-0.007475896237839818
happy_6,-0.007481988721846111
police_2,-0.007512020104435857
political_13,-0.007513297079602066
technology_6,-0.007538750209666012
freedom_2,-0.0076598014720215876
votes_10,-0.007664017568428072
headlines_18,-0.007664459319300709
washington_8,-0.007664958901086827
consume_18,-0.007683191993818705
act_17,-0.007744687967869068
ltd_8,-0.007764837611922459
energy_8,-0.007776184188567426
money_8,-0.007808035752352738
council_8,-0.007808071455057197
credit_8,-0.007810583938721871
case_8,-0.007895047094509167
development_8,-0.007915689370238389
business_8,-0.007950792044894527
media_8,-0.007960092537700914
color_17,-0.007962848824601387
party_8,-0.00807751682648412
conflict_12,-0.008088127434203262
banking_6,-0.008149042421352726
tennessee_8,-0.00820329265423041
sell_17,-0.00829780052893574
virginia_8,-0.00832443491756305
rights_8,-0.0084130231961004
voters_8,-0.008417704110582735
global_6,-0.00846780563939713
pennsylvania_8,-0.008490825507267897
wisconsin_8,-0.008497090970532594
elections_8,-0.008678800825154775
fun_8,-0.008795681820382284
county_8,-0.008806693595993087
fine_4,-0.008826114696314691
happy_12,-0.008882825168543596
carolina_8,-0.008888359925157486
government_8,-0.008948412582149134
members_17,-0.008958900765214706
georgia_8,-0.009008899323844877
kitchen_17,-0.009025744448161888
votes_13,-0.009105533420108424
leverage_7,-0.009249342244032354
revenue_4,-0.009253976259562102
texas_8,-0.009375899780923435
illinois_8,-0.009466713584551156
environment_6,-0.009510283366003902
arts_4,-0.009515269554583084
culture_6,-0.009831734934459768
elections_1,-0.00986635607794768
senate_1,-0.009880285926116273
voters_7,-0.009935867141382126
blacklist_13,-0.010008591323147308
sell_8,-0.01015238346145395
act_8,-0.010337243319756162
invest_3,-0.01041944758562563
crisis_6,-0.010438005750254286
bonds_2,-0.010447332154633693
judge_8,-0.010468881275667474
restaurant_8,-0.010489735393406452
train_8,-0.010499300349351582
president_8,-0.010756696242888997
ore_18,-0.010849939914132523
gains_8,-0.010912262257673855
debt_8,-0.010974240632668542
bonds_8,-0.011071168823457734
elections_6,-0.011109028411112965
million_8,-0.011116170914881351
ore_19,-0.011194398649469162
derivatives_16,-0.011380708847568144
dow_jones_10,-0.011517084010342437
companies_8,-0.01155228037531042
headlines_20,-0.012461240742953761
senate_4,-0.012592618737799998
returns_4,-0.012742042395412989
project_8,-0.01278180324126994
housing_8,-0.0129164691618606
police_8,-0.012979993872493068
nasdaq_2,-0.013150818074320036
debt_13,-0.013445028214115307
elected_15,-0.013609195028435873
lifestyle_16,-0.013705773348585004
industry_8,-0.014002611621986882
senate_7,-0.01406605855921852
elections_12,-0.014807501462256734
elections_15,-0.01483806330647075
firm_1,-0.015014279143528486
oil_8,-0.015039803302886812
market_8,-0.015059485962713804
holiday_8,-0.015346626052987066
president_9,-0.016582763167387694
votes_4,-0.017224645726549737
elections_13,-0.017569371630959618
voters_6,-0.017807348923304756
voters_12,-0.020618093541938266
voters_2,-0.021057449426724474
voters_15,-0.030115522258762926
voters_14,-0.03923947894866089
votes_20,-0.04474125590977349
votes_18,-0.048798747583566435
votes_3,-0.06271452391787402
votes_12,-0.0692439751979077
votes_9,-0.07087254419860067
votes_17,-0.10030854735535435
votes_14,-0.10891786914408677
votes_6,-0.11309507163279335
votes_16,-0.13808180792939126
votes_2,-0.151244846552471
votes_15,-0.2769887309837901
votes_19,-0.2789163473657401
votes_1,-0.3680056037673501
