feature,feature_score
short_selling_16,0.002443225839573759
court_1,0.0014631002244744318
profit_15,0.0013809649735804829
freedom_8,0.001359449353566584
unemployment_1,0.001293093618264167
society_12,0.0012878445667209755
democratic_14,0.0012399218796285525
bank_15,0.0012361405131879155
media_4,0.0012170794274768216
BUY_AND_HOLD_12,0.0011813663229942155
marriage_11,0.0011371447041111141
minister_1,0.0011340620080474949
fun_19,0.0011177337142642297
virginia_17,0.0010438934114696864
world_7,0.0010424983124042457
house_10,0.001022528938352073
blacklist_20,0.0010220696778655057
short_selling_12,0.0010132745082691015
arts_4,0.0009793115396398305
home_20,0.0009747516873067232
act_2,0.0009708336530771588
products_17,0.0009697768353121974
security_10,0.0009615714892188223
blacklist_11,0.0009605638716902836
ring_2,0.0009571209569667824
kentucky_12,0.0009561370555546015
corporation_16,0.0009303714812011967
elections_17,0.0009024158863273273
business_4,0.0008995210321553939
justice_20,0.0008977033806620672
ring_9,0.000883492672266173
elected_2,0.0008819032209683486
color_10,0.0008764219906017988
portfolio_10,0.0008745333359332778
services_19,0.0008736415554540364
economy_1,0.0008650343973998391
markets_17,0.0008645423112088636
happy_2,0.0008632271469254157
service_5,0.000862874045199701
union_4,0.0008558528996512411
financial_17,0.0008449592710326237
freedom_6,0.000838937075865636
business_6,0.000836958459339073
elected_5,0.0008349508068361468
oil_19,0.0008288880642629553
chance_14,0.000827387326704101
dividend_8,0.0008268103798441069
health_18,0.0008253129034785758
media_2,0.0008222108615947519
banking_8,0.0008191163992609249
home_11,0.0008107969108491841
secretary_19,0.0008072778585014714
happy_3,0.0008063677616747543
votes_12,0.0008007092554832668
movie_17,0.0007954461433244982
act_14,0.0007947295269824683
justice_9,0.0007907035531647227
garden_4,0.0007870554034365669
unemployment_6,0.0007851754181544483
economic_4,0.0007816312721296588
tourism_6,0.0007758755189964338
happy_16,0.0007681012397134807
elected_10,0.0007621510823012317
political_15,0.0007606765579749853
markets_19,0.0007560658916990693
culture_20,0.0007541220794494647
ring_18,0.0007509571653978022
inflation_6,0.0007500484616115918
district_14,0.0007496541144050603
bonds_16,0.0007491647709352903
members_1,0.0007486344616184356
corporation_20,0.0007469530077742719
governor_1,0.0007465992088757665
cash_20,0.0007464196824622174
headlines_11,0.0007447945098999473
unemployment_13,0.0007376370348682842
color_12,0.0007303329765017253
oil_3,0.0007283531293202438
services_18,0.0007279254029533899
york_14,0.0007262946242858352
happy_15,0.0007255218356299533
society_1,0.0007253250249422269
ore_13,0.0007222189993770827
committee_14,0.0007179960681313651
members_13,0.0007100569539067882
industry_7,0.0007087402599040682
security_17,0.0007039436140739096
nasdaq_11,0.0007036198709944284
cash_5,0.0007010205275661103
politics_14,0.0007007633858943134
finance_12,0.000697699300346496
county_9,0.0006970257658567302
short_selling_5,0.0006924457985511184
dow_jones_10,0.0006918370315109732
gain_19,0.0006895988087711872
texas_6,0.0006861195600858368
governor_12,0.0006832288418157039
missouri_11,0.000682566417511067
law_7,0.0006823612534806101
million_18,0.0006766885645432671
kentucky_6,0.0006758502743565472
products_11,0.0006730699496521426
served_5,0.0006725758766780078
missouri_4,0.0006706612541261884
ore_9,0.0006705955091829836
return_12,0.0006698508559733299
food_4,0.0006680597666521383
party_3,0.0006661401398231418
religion_17,0.0006586646131470531
bank_16,0.0006579103824307798
war_16,0.0006527286057126392
district_2,0.0006492103907274567
home_7,0.0006490524635148079
headlines_1,0.0006483766571196437
carolina_13,0.0006483738804423934
services_3,0.0006478046238775143
rich_13,0.0006472318404268048
gold_12,0.0006469216061220085
environment_14,0.0006465779866221442
case_6,0.0006452146915969259
water_12,0.0006441924965490715
arts_15,0.0006440162945014326
restaurant_9,0.0006428548101157473
train_11,0.0006404900940988197
business_20,0.0006402968244422929
court_15,0.0006397102714674902
texas_11,0.0006361563388266866
fine_3,0.0006347630182480733
market_15,0.0006302602305906056
virginia_5,0.0006283019169593222
bonds_8,0.0006281606140219662
religion_10,0.0006253341839733538
justice_16,0.0006226304164260768
political_4,0.0006206283520294219
union_10,0.0006200679474494476
chance_18,0.0006198384722889941
market_3,0.0006194141446241557
texas_8,0.0006189681409100617
service_16,0.0006187743150511594
college_18,0.0006142935507063504
project_10,0.0006138542294969177
fond_20,0.0006136587488204686
district_4,0.0006121816779755173
car_8,0.0006116151019740951
restaurant_15,0.0006096830874772647
holiday_2,0.0006087363494266456
tennessee_14,0.0006076682391733249
minister_10,0.0006074261120085368
companies_7,0.0006052862902764661
chance_6,0.0006048251575843454
voters_11,0.0006046162934988287
movement_3,0.0006032275859675735
justice_4,0.0006025639941517452
global_10,0.0005994085755542905
color_8,0.000597550633518801
ore_14,0.0005960966046502301
bank_11,0.0005956051016755051
invest_8,0.0005954522678268701
consumption_18,0.0005946236943555612
county_6,0.0005941809088618982
college_12,0.0005928409873102063
development_6,0.0005913946465341076
washington_13,0.0005882604768370957
case_13,0.0005880405531104441
firm_19,0.0005875905955436392
political_18,0.0005875210119370423
stock_market_8,0.0005853185672154575
loss_16,0.0005853165925234291
economics_11,0.0005850906104970402
kentucky_5,0.0005831996234781118
service_17,0.0005811943081693973
portfolio_16,0.0005811584969979358
massachusetts_19,0.0005782867224108455
risk_12,0.0005775122128896616
housing_5,0.0005770615989299872
financial_1,0.0005758601902714589
rights_13,0.0005754984885134875
cash_4,0.000574028098576185
pennsylvania_10,0.0005738699399785367
business_19,0.0005731988222530504
movie_13,0.0005700708129267728
government_15,0.0005680541475542074
firm_4,0.0005651851052309255
present_14,0.0005646050392324881
washington_1,0.0005637754246112779
politics_7,0.0005631115071783116
credit_11,0.0005617137157208166
secretary_18,0.0005606257300094916
fun_7,0.0005601550943034092
william_8,0.0005600548996983126
fed_1,0.0005587511459112227
corporation_14,0.0005580942498435807
banking_16,0.0005574402789840708
tourism_17,0.0005550142499785631
democratic_19,0.000553708107322962
technology_3,0.0005534656843830005
success_7,0.0005530374723222137
headlines_8,0.0005529775831905918
voters_1,0.0005513572208193916
oil_14,0.000550362911534464
water_1,0.0005498346469476673
chance_19,0.0005487866402150088
movie_15,0.0005481285736820054
stock_market_1,0.0005480042712526508
democratic_12,0.0005475862838799271
car_15,0.0005467631446978526
stocks_17,0.0005467328239245003
water_13,0.0005463197410836255
marketing_3,0.000546067702273331
oil_1,0.0005451364733611038
housing_6,0.0005450342085854126
texas_17,0.0005435314461871525
political_17,0.000543445104214648
world_4,0.0005432300270539729
restaurant_1,0.0005411285439997734
buy_19,0.0005411268238672622
energy_17,0.0005405454605046666
growth_20,0.0005402976232843104
law_8,0.0005400999578122874
garden_3,0.0005399520915452925
markets_7,0.0005391217894360809
wisconsin_6,0.0005382025265723134
technology_13,0.0005380310100718979
case_3,0.0005374014892447302
travel_14,0.0005373029293003025
travel_2,0.0005360554498566466
short_selling_9,0.0005359575373653343
federal_16,0.0005347849583827676
global_2,0.0005345945816321332
invest_9,0.0005340099433135698
texas_18,0.0005334225053912313
ltd_16,0.0005330383373378063
market_4,0.0005328230591247259
democratic_11,0.0005323922689508289
garden_18,0.0005322409180993519
office_1,0.000531575719212489
dow_jones_2,0.0005308138144804363
garden_19,0.0005304880795858352
secretary_15,0.0005298073448798753
carolina_14,0.0005272961852444153
nasdaq_6,0.0005265725103140159
credit_4,0.0005259342168783502
development_10,0.0005257995922513555
money_6,0.0005257647816710349
founded_11,0.0005243504417502537
world_18,0.0005236666223841429
economy_17,0.0005229635562903479
chance_17,0.0005221442373533866
politics_11,0.0005219420754342194
security_1,0.0005208998594554129
transaction_8,0.0005207065218436691
unemployment_9,0.0005205904177883644
law_12,0.0005202123488853924
growth_16,0.0005202117123444303
leverage_13,0.0005197137196911387
environment_12,0.0005190123650020696
media_17,0.000518882541084201
trader_12,0.0005177921765976826
rare_earths_1,0.0005172296006285388
judge_10,0.0005166983201628046
government_3,0.0005163326857759523
return_9,0.0005161290042120618
water_8,0.00051593689883161
forex_14,0.0005157498587442922
ohio_10,0.0005148677475505076
york_17,0.0005130733124177528
police_3,0.0005124690198473731
council_5,0.0005121372256979293
return_6,0.0005117168569819458
default_7,0.0005113531001178738
wisconsin_10,0.0005112270272281248
water_18,0.0005106337122495894
minister_6,0.0005104798078056262
crisis_2,0.0005100987153214816
court_8,0.0005099331866986359
law_13,0.0005091207261383443
stats_8,0.0005082928127825363
office_3,0.0005078734886700977
district_1,0.0005078676423289257
leverage_7,0.0005078439602678599
holiday_4,0.000507773779427254
political_7,0.0005077484518498988
gold_17,0.0005072994999861255
president_10,0.0005064135543222423
society_8,0.0005061454642459843
energy_12,0.0005059866515907724
kitchen_1,0.0005059254022831516
fun_15,0.0005056532309098677
car_4,0.0005055749116939293
financial_markets_2,0.0005050216091461261
security_12,0.0005037511486823095
present_13,0.0005015347941578712
project_13,0.0005014369412824625
elections_3,0.0005011323663168539
short_sell_14,0.0005009938237679241
loss_14,0.0005008435025122741
legal_9,0.0005004449195004969
voters_12,0.0004994965957736829
county_15,0.0004976658883105929
loss_6,0.0004976422874840923
gains_16,0.000497391630112672
car_10,0.0004972889066229255
war_7,0.0004970414791448737
minister_13,0.0004957333569415264
happy_10,0.0004956555584568797
county_8,0.000494356041571467
health_15,0.0004943282332540606
conflict_7,0.0004942229637244829
ohio_4,0.0004936670665335177
illinois_1,0.0004936386226930157
georgia_17,0.0004925451547995066
bank_13,0.0004921580137690618
hedge_11,0.0004920682493675831
crash_20,0.0004920367197433023
world_5,0.0004916868615765589
senate_19,0.0004914909141675171
holiday_7,0.000490627050601643
union_16,0.0004903615293243012
energy_15,0.0004900452120801625
texas_9,0.000488703896200478
marriage_7,0.000488514634098754
inflation_13,0.0004881191763240044
business_2,0.0004867798351977161
arts_7,0.00048653121939492736
carolina_17,0.00048626658365541817
cancer_2,0.00048616355624453845
illinois_17,0.00048559733161960655
movie_2,0.0004848182970536963
stocks_11,0.00048430677496112245
society_5,0.00048402970582443213
consume_13,0.00048243036399327275
debt_17,0.00048235519872711464
health_14,0.00048109168896637365
kitchen_2,0.0004808664859685465
society_18,0.0004796583736271915
founded_2,0.0004794336422771633
house_19,0.0004788491312464321
elections_8,0.0004785361008587364
profit_5,0.0004779902110983379
stocks_12,0.0004777606436181422
gain_20,0.0004767515961205626
economic_10,0.00047626927039788223
service_11,0.00047598672946440324
social_9,0.0004757883706706652
social_15,0.0004757332412468536
seats_4,0.00047510366937233663
restaurant_12,0.0004744715063759569
election_5,0.00047409026718121404
district_5,0.00047398817358322413
governor_11,0.0004738067495126508
fun_16,0.00047349994909169093
movement_16,0.0004733266788008127
arts_16,0.00047264256924539833
home_19,0.000472109267736797
office_13,0.00047121188614352723
religion_15,0.00047090839437500723
environment_7,0.00047054315800748787
cancer_10,0.0004698032981979608
profit_12,0.0004689820698542697
happy_9,0.0004683824805956176
bank_9,0.0004678189345341575
investment_14,0.00046766990123296096
development_9,0.00046751141813600487
buy_20,0.00046733776973977443
federal_18,0.00046637531959874785
project_14,0.00046498965620719716
county_10,0.0004643894867363912
society_6,0.0004639707861128792
politics_6,0.0004632117562872327
success_9,0.00046246298224451
market_13,0.00046230788152760164
happy_8,0.0004619364458953954
georgia_15,0.00046184339811596243
technology_19,0.0004617522982414384
investment_8,0.00046052569438933703
justice_6,0.000458627821146127
tourism_19,0.0004572996559997249
missouri_8,0.00045659523479796776
marketing_16,0.00045642915055676243
president_8,0.00045537491897006837
derivatives_3,0.0004537561004318528
vermont_7,0.0004534776146296566
economic_1,0.0004534579815314967
management_8,0.000452993709627639
bubble_15,0.000451910452664991
pennsylvania_9,0.000451854880284073
oil_7,0.0004510726665535159
county_2,0.0004510211766271703
religion_1,0.0004507553559935988
president_13,0.0004506815451530377
judge_8,0.0004496975274001196
security_3,0.0004494155252389917
credit_8,0.00044928502372297606
crash_8,0.00044919939423169103
missouri_17,0.00044916610634977266
water_6,0.00044879742976351066
act_3,0.0004483781305788871
pennsylvania_14,0.0004469653037337462
elected_7,0.0004468093811908041
inc_15,0.00044679204349546916
corporation_7,0.00044661866351966795
credit_5,0.00044540748457846697
minister_15,0.00044526305060071193
world_17,0.0004448927657165915
judge_14,0.00044407975423310496
business_7,0.0004436919658780035
ring_13,0.000443262640431692
act_8,0.00044303995552172587
vermont_18,0.0004430185099345084
banking_12,0.0004426361794422461
governor_13,0.0004423534592618295
global_11,0.0004422105064926416
finance_1,0.00044128401611283515
gain_2,0.00044104407516384035
minister_12,0.00044091443958971054
justice_2,0.0004408755560502746
district_7,0.0004405601360431333
washington_16,0.00043986040239246086
technology_16,0.0004397415132933066
social_20,0.0004396966702608871
blacklist_2,0.0004394577745578576
fine_1,0.00043933965437201834
stats_17,0.0004392477962891924
blacklist_15,0.00043910315114042975
returns_5,0.00043803121072831264
bank_4,0.0004379117798797301
travel_18,0.0004372624271585319
food_9,0.00043719355037807786
money_12,0.0004367612561383377
district_19,0.0004360470135904113
credit_14,0.0004359219292133168
law_2,0.0004358072145881319
stats_13,0.0004352828595162148
party_6,0.0004339319952232903
marriage_15,0.00043393084424181433
firm_16,0.0004334925548006136
media_16,0.00043337614368053196
rich_3,0.00043337489286386215
committee_7,0.00043322739786678683
management_1,0.00043321229392070764
community_4,0.0004329183442814149
project_17,0.000432275568040516
secretary_5,0.0004317774576938058
default_9,0.0004314696468856095
finance_9,0.0004313630116408606
DOW_JONES_5,0.00043073608361460935
kentucky_16,0.0004306688496204471
investment_7,0.00043054096625848434
home_3,0.0004304437160778494
business_8,0.000430312032962496
unemployment_5,0.0004298528273360665
products_9,0.0004296689071355273
ltd_2,0.0004294360772102571
housing_2,0.00042884680830298106
security_20,0.0004285007629167058
travel_16,0.0004281212074019565
security_19,0.0004277146081427109
act_5,0.0004274101914399112
stats_14,0.00042668064943143796
rights_14,0.0004265613084157397
sell_10,0.000426302893802097
products_3,0.00042626053676700517
union_6,0.0004262309931298147
social_5,0.00042614959019457937
project_3,0.0004261056367975978
district_18,0.0004257913966595957
kitchen_13,0.000425384145187483
gold_14,0.00042432492304537403
markets_2,0.00042380004335193045
success_18,0.0004234660434628897
marketing_6,0.00042333451486931584
cancer_11,0.0004231997587817101
investment_18,0.0004226524068091693
products_19,0.0004221855519040641
fine_12,0.00042196996058559784
carolina_19,0.0004212171005304276
housing_4,0.0004207069789739821
council_13,0.00041978197588784534
blacklist_5,0.00041944335898671365
act_1,0.0004190056565200595
senate_2,0.0004189259134521922
case_5,0.0004184906334242558
movie_1,0.0004179051781093041
case_14,0.000417257688003255
court_11,0.0004171961088281375
services_13,0.0004171299509971163
union_17,0.0004159693581002931
tourism_16,0.0004157275615146917
justice_17,0.000415313320176678
color_20,0.0004151977791218893
ohio_12,0.0004151200229443332
housing_7,0.0004145765146196659
justice_12,0.00041403902844598813
revenue_5,0.0004139368314004327
government_13,0.00041377032962881897
project_2,0.00041322383161209575
kitchen_5,0.0004129947278189996
political_14,0.00041268650064581164
unemployment_16,0.0004126836784369397
firm_14,0.00041228968181267683
council_12,0.00041227418290108064
banking_10,0.0004121321009596746
act_18,0.00041183518891569216
ltd_5,0.0004117507685539613
present_2,0.00041174916808327765
global_14,0.00041126917223460496
bank_8,0.0004099027412257623
revenue_11,0.00040966140529619983
vermont_19,0.00040919875707167883
economy_13,0.00040899908830986366
world_8,0.0004089749029615131
illinois_15,0.00040828786392018747
rich_17,0.0004082540594658878
missouri_14,0.00040821170821688017
nyse_2,0.00040790740755888665
debt_15,0.0004078177527775186
virginia_13,0.00040721500564417984
security_14,0.0004068938537114962
market_14,0.000406887606107129
movement_13,0.0004066018451065973
return_17,0.0004064913537779802
community_8,0.000406457131347498
economic_13,0.00040621635320970567
gains_1,0.00040580647918771055
happy_14,0.00040541410337325515
lifestyle_1,0.0004050442468547154
portfolio_8,0.00040486211836824037
home_13,0.0004048546884397094
car_14,0.00040481992333612327
house_12,0.00040459043749908885
missouri_1,0.00040421483726945013
tourism_20,0.0004041735696422821
global_7,0.0004040393210073354
markets_12,0.0004037663712261539
york_9,0.00040356747142252566
rights_18,0.00040335320312157047
virginia_8,0.00040310665657801556
york_11,0.00040292789238178747
BUY_AND_HOLD_15,0.00040287233567045354
DOW_JONES_12,0.00040283351335316814
movie_12,0.0004026678945647315
war_18,0.0004026312288841736
global_6,0.0004020824583551011
housing_14,0.0004018008998807741
conflict_12,0.0004013284208348978
financial_18,0.00040109463674085184
project_6,0.00040052332165669196
fed_5,0.0004000860910914145
society_15,0.0003997749175362984
short_selling_6,0.00039945358256107737
elections_14,0.00039869399235406067
travel_12,0.000398689853026057
debt_6,0.0003984595684660737
government_6,0.00039811644522105
train_14,0.00039790830429145964
washington_8,0.00039774682248058655
car_17,0.00039771177454114067
culture_1,0.0003976861042558102
office_10,0.0003975791049313168
county_1,0.00039739300702371755
community_13,0.0003970193824434897
health_13,0.00039645635239379237
ohio_17,0.000396382290872925
washington_7,0.0003960189436453636
office_5,0.0003959869356094906
william_5,0.0003957914618077616
social_6,0.0003956987424889462
college_3,0.000395667112693097
credit_10,0.00039565485192426237
court_3,0.0003955518411688871
finance_2,0.0003954564309460496
restaurant_8,0.00039532446524737016
ceo_12,0.00039526638688688334
ohio_19,0.0003952441745823782
house_17,0.0003952392595040422
fond_8,0.0003951987583552585
short_selling_4,0.0003944583263259047
travel_17,0.0003940591160388428
district_6,0.000393909087288279
war_10,0.00039362771028489765
business_5,0.00039291087395811964
health_8,0.0003924590129374377
growth_9,0.000392248975544656
economics_10,0.0003919884102519833
president_5,0.00039194737959134416
labor_3,0.00039155541724088396
buy_4,0.0003915036241014221
market_10,0.00039118472784555226
holiday_20,0.00039111708923907887
loss_19,0.0003910684726190351
success_14,0.0003908389213433664
texas_4,0.00039082541400705214
happy_1,0.00039071136673077516
bubble_12,0.0003903542149128767
representatives_20,0.0003901823197333592
seats_6,0.0003894864925768864
nasdaq_18,0.0003894698408692724
returns_18,0.00038933038750845584
social_10,0.0003893278855525015
gains_4,0.0003893004800034985
dow_jones_3,0.00038877807700317434
stats_20,0.00038860014897455276
crisis_10,0.0003884088102557507
economic_6,0.0003877293371053192
economics_12,0.00038763877529503015
opportunity_19,0.0003875442378578703
act_12,0.00038747780259723846
ministry_18,0.0003873520747242128
credit_6,0.00038715921588132696
secretary_6,0.00038714140932764467
financial_2,0.0003864142426026553
unemployment_15,0.00038608461553263536
ohio_6,0.00038580273477316704
buy_18,0.00038575190138994813
management_13,0.00038575037197843874
war_19,0.0003854601514075102
oil_20,0.0003853615620480744
office_18,0.00038488193889740026
trader_3,0.00038473483842042035
companies_9,0.0003845527487524863
project_1,0.00038447486154215375
founded_4,0.0003837994600160426
government_8,0.00038332829237037737
housing_8,0.00038316096340119363
culture_8,0.00038303484968214233
gain_3,0.0003828628767271281
marriage_5,0.0003824469782774217
water_15,0.0003823392737919996
pennsylvania_3,0.00038181385320311287
bank_10,0.00038168898790833807
ring_12,0.00038117062368450623
return_10,0.00038106850999052017
pennsylvania_1,0.0003806895234675177
market_18,0.00038022672172026813
leverage_4,0.0003801592741831433
police_20,0.0003800970948532223
office_2,0.00037977098537434313
service_19,0.00037976949644955824
ltd_14,0.0003795318175380085
college_16,0.00037943965589860666
stocks_10,0.00037919173910946766
gold_15,0.0003784005261746025
carolina_2,0.0003780869099085872
return_15,0.00037748261781028926
stock_market_17,0.0003771248445307554
health_7,0.00037667162189660265
texas_1,0.0003764511165107218
consume_5,0.0003760078847654425
credit_17,0.0003758394935777379
dow_jones_17,0.0003756409940030324
portfolio_5,0.00037552251046493154
growth_13,0.0003752754731880409
service_2,0.0003751995897169041
gains_7,0.0003744899170170636
world_6,0.0003744356675697503
police_5,0.00037411311269680537
travel_4,0.000373918888457952
court_20,0.00037389732340581617
culture_11,0.0003736032454221522
committee_10,0.0003734460829678016
management_12,0.00037343095922477985
success_13,0.0003733274842788375
money_3,0.000373250315750604
products_20,0.0003731617813749252
financial_markets_9,0.0003730817842818712
york_16,0.00037303183202576064
legal_4,0.00037290203550821783
pennsylvania_19,0.0003727576816311944
train_20,0.00037273387633021487
federal_13,0.0003726780948105865
votes_11,0.00037250176108113287
york_10,0.00037242414095953435
community_2,0.0003724126412242337
seats_16,0.0003720619585462269
committee_19,0.00037173230464545567
massachusetts_16,0.0003716499931345917
kitchen_16,0.00037158473563322377
restaurant_2,0.0003715755739964157
republican_15,0.0003714921370195176
credit_1,0.0003714819619502989
ltd_19,0.00037140737364723016
labor_17,0.00037124382434001074
act_15,0.0003708680543915113
global_15,0.0003705016120984448
william_4,0.00037049066623785125
derivatives_5,0.00037029641577357263
fun_5,0.00037028983334083
business_13,0.00037024425225606807
votes_19,0.000370157162367804
loss_4,0.00037013268554795186
president_17,0.00036972858762629316
fed_3,0.00036960399608266067
revenue_20,0.0003694549018524835
health_12,0.00036943669699203836
health_1,0.0003693767994522409
economy_20,0.0003692979100608093
college_20,0.00036890197780767834
court_16,0.0003686795865837205
elections_6,0.0003681025946601749
development_3,0.00036805445333638
management_2,0.0003677443989096801
default_6,0.0003675878840458863
world_11,0.00036730984216788487
legal_10,0.00036726657162122913
illinois_9,0.000367099936820606
union_20,0.00036689113615530095
freedom_3,0.0003668245289298855
senate_3,0.00036633815763831154
markets_13,0.0003662280323742484
virginia_7,0.0003662198109686476
sell_1,0.00036606175947500187
community_6,0.00036587914977596837
senate_10,0.00036530177748711153
vermont_6,0.0003650193642339197
college_6,0.000364828019225864
college_2,0.0003647714018444141
ring_5,0.0003642640531198595
county_3,0.0003642248009963899
voters_10,0.0003641381044641697
council_18,0.0003639977920174846
transaction_19,0.0003637277681861833
dow_jones_14,0.00036290907844379233
marketing_10,0.00036255559437184864
cash_16,0.0003625407246818594
representatives_9,0.00036252546266414434
wisconsin_17,0.00036199099441953464
business_3,0.00036185396319664135
elected_17,0.0003617812447749377
profit_3,0.00036154778943470325
forex_19,0.000361513554931097
car_9,0.00036149326613164347
virginia_11,0.0003613792334324506
texas_5,0.00036123369631170375
risk_13,0.00036112288117147006
religion_9,0.0003607528989168914
election_12,0.0003607528798099673
short_selling_18,0.00036054010962337376
party_10,0.00036051503318921966
gain_8,0.00036046285730851154
culture_18,0.0003604582930937919
development_7,0.0003600722794094156
republican_5,0.00035994011108955964
forex_15,0.0003595496700514062
home_5,0.0003591876573040567
inc_4,0.0003591372181077478
ceo_13,0.00035912275439746585
house_1,0.0003591172257020101
government_4,0.00035902981303235994
food_7,0.000358918306512317
party_18,0.00035874927634846343
million_11,0.00035826805860686987
georgia_20,0.000358245489501311
social_17,0.00035822923659638636
debt_4,0.0003582166991865174
cash_9,0.00035804952552030044
kitchen_8,0.0003573830597705097
technology_6,0.0003571455933348176
train_2,0.0003571224070020531
bubble_4,0.00035708320423482616
fine_11,0.00035691577782417504
management_9,0.0003568449056469132
present_7,0.0003568336068435901
fed_2,0.00035647856201959837
democratic_3,0.0003564732853456557
office_17,0.00035611963002734015
water_14,0.0003560218298060913
ohio_8,0.0003552070462740385
wisconsin_7,0.00035512891950743587
federal_2,0.0003550708126332061
war_8,0.0003547523092914028
garden_13,0.0003545276333056863
business_18,0.00035370778462473257
million_1,0.00035362586286920734
wisconsin_11,0.0003535299036002668
office_12,0.00035351938409643223
garden_5,0.00035350531844565987
wisconsin_1,0.00035323009190758604
environment_3,0.0003530589114392735
credit_2,0.00035303025321084324
government_20,0.00035282547824686515
holiday_10,0.0003528208289865748
debt_5,0.00035269555395403714
development_18,0.00035256635366454227
health_10,0.00035251119770554336
management_15,0.00035236320541884856
county_17,0.00035229019684057157
firm_1,0.0003522514043792138
companies_5,0.0003521609788714297
stocks_13,0.00035207930471616966
representatives_16,0.0003517801449303765
inc_3,0.00035175620845502684
virginia_2,0.00035170888756391326
political_8,0.00035161586650713487
greed_16,0.000351601401374416
freedom_9,0.00035158999624542434
politics_19,0.00035153358049028703
wisconsin_3,0.0003513538795912714
rights_20,0.0003513396805735294
governor_4,0.0003512432202237107
carolina_8,0.0003512271742830882
industry_15,0.000351174800643142
industry_5,0.00035103167176962557
political_20,0.0003509341808483398
fed_18,0.0003508310368211148
district_8,0.0003504316190433369
risk_10,0.0003502291252088185
tennessee_15,0.00035002163880316033
fine_8,0.0003498172387506833
chance_16,0.00034951892549445115
voters_8,0.00034951312709920494
leverage_2,0.0003494366064811264
senate_11,0.0003492033404042206
union_9,0.00034918429666967564
debt_20,0.00034874580624460967
gold_7,0.00034869003091300097
opportunity_5,0.000348232676707232
health_3,0.0003482172587224192
companies_2,0.00034785298221743174
buy_9,0.00034772096640394915
movement_1,0.0003477132052960055
movie_14,0.000347706724299098
judge_20,0.00034752024135130464
development_8,0.000347432758388367
bank_2,0.0003474074629791042
companies_12,0.00034704651670432613
secretary_11,0.0003469950221615333
washington_11,0.0003469560990218576
voters_9,0.0003469453665945877
tennessee_6,0.00034608778463745535
culture_9,0.00034605224319910925
nyse_6,0.0003457973326360097
office_20,0.0003457965416462121
bonds_17,0.00034572106486357784
party_7,0.0003456945879896268
inc_10,0.00034562263737356004
nasdaq_19,0.00034557261452011767
products_7,0.00034552101739657366
bank_14,0.0003453887380807405
hedge_7,0.00034532137802241746
color_19,0.00034511343980503075
community_11,0.0003448093778968406
war_20,0.00034453596707010534
services_12,0.00034445094305663414
ring_8,0.00034424122500149504
economic_17,0.00034410558567636064
sell_12,0.0003437250687553287
money_7,0.0003428819933816042
house_8,0.00034281319016028284
court_19,0.00034272065440548236
labor_19,0.00034268742269874015
tennessee_8,0.000342474966691556
development_16,0.00034215784809209785
crisis_15,0.00034203899681330683
services_2,0.00034190312889931435
council_6,0.00034147907934294866
holiday_9,0.0003413915919775243
technology_14,0.0003413564968472442
default_17,0.00034135638536601467
federal_17,0.00034118912162036633
home_16,0.00034085206993376407
buy_14,0.00034084685093509394
bonds_5,0.00034083221322107904
environment_16,0.0003407592259217339
democratic_5,0.0003407304926923306
president_9,0.0003406243139189565
credit_18,0.00034056596751062004
york_15,0.0003403594753928379
social_7,0.0003403118782014293
investment_10,0.00034008304307297474
labor_18,0.00034008037690936064
carolina_1,0.00033994719851990267
industry_12,0.00033979947731525693
ceo_15,0.00033979512016186743
headlines_4,0.00033938432746774994
house_15,0.00033914148488204613
crash_7,0.0003387676009055999
growth_7,0.0003387265612540135
crisis_18,0.00033836052835182383
development_1,0.00033819550255028764
william_14,0.0003381478546196536
buy_12,0.00033796841949884486
companies_19,0.00033793477254155045
holiday_13,0.00033775094786615817
food_16,0.00033774321498827886
rich_10,0.0003377377833530952
crash_4,0.00033769321682767384
judge_1,0.0003376697051895427
kitchen_3,0.0003374983647959524
tennessee_19,0.0003373518502086443
management_10,0.0003369942548841752
house_13,0.00033696666422128487
bubble_19,0.0003369329272273789
president_12,0.00033679674999392975
happy_6,0.0003364495835946981
million_13,0.00033638006473137483
energy_14,0.00033634646146505536
court_13,0.0003362772513722366
BUY_AND_HOLD_11,0.00033619966426692263
oil_18,0.00033613230116077205
transaction_11,0.0003361135856097755
color_16,0.0003360799215640658
ohio_3,0.00033599913720846423
bubble_17,0.0003357368535594016
election_15,0.00033571710639370686
happy_5,0.000335481149735454
district_11,0.00033539277429098376
act_7,0.00033529611488153127
trader_14,0.00033514857798192996
fine_7,0.0003351470839870453
corporation_6,0.0003351299254887978
lifestyle_15,0.0003349144166742181
hedge_5,0.0003347492899482535
politics_17,0.00033437103850591875
greed_20,0.00033436658581943794
inc_2,0.0003342787158332352
county_13,0.00033406354483617114
train_3,0.0003339625255742942
inflation_2,0.0003339270068327498
forex_13,0.00033380801584833767
freedom_5,0.00033362095498805665
served_18,0.0003335181246560366
york_1,0.00033292233417385177
earnings_18,0.00033264695172943455
bubble_3,0.0003326452481353877
global_3,0.0003323510153072083
banking_5,0.00033220633070462133
investment_9,0.000332101928218648
firm_12,0.00033172551324778894
environment_10,0.0003314398252336461
justice_1,0.00033125111052887134
opportunity_20,0.00033116364726626266
federal_20,0.0003311303700500186
missouri_9,0.0003310672549718549
million_19,0.00033076841981356347
cancer_15,0.00033068625844385384
votes_8,0.0003305024637884774
washington_18,0.0003304311672956104
financial_20,0.00033024054605365323
justice_8,0.0003301498462201123
rights_16,0.0003298742295110238
william_1,0.00032959024583412253
votes_18,0.00032926996969692566
ohio_20,0.0003290107104405908
investment_13,0.00032882176899706245
water_7,0.00032847446469582624
inc_19,0.00032839100427178505
office_16,0.000328353617586408
debt_13,0.00032820626585997964
marketing_9,0.00032807702547484
judge_2,0.000327839967467328
marriage_8,0.00032771791351550564
financial_14,0.00032762800793244816
finance_7,0.00032701013682882185
pennsylvania_8,0.0003268530879002912
transaction_17,0.00032681515859255754
global_16,0.0003267763619831098
texas_20,0.0003264907585090919
religion_19,0.0003263057621158136
car_7,0.0003262556574738047
market_16,0.0003257422562856641
massachusetts_5,0.00032569190618477514
senate_18,0.00032550432764805984
war_13,0.00032526851514179687
ministry_16,0.0003252165166226349
party_14,0.0003251627008472062
conflict_15,0.00032513004198538373
vermont_9,0.000325126907840725
buy_3,0.0003248916472273977
tourism_14,0.000324826186666445
ohio_16,0.00032455467049909967
media_3,0.00032453858801746494
movie_20,0.0003245132988541471
development_17,0.0003244780596006102
governor_20,0.00032422691319791984
home_1,0.0003241750530192084
fun_4,0.0003241662678727937
district_15,0.0003240754141035884
served_1,0.00032405455817228373
bank_7,0.00032392066048328054
growth_1,0.00032378645687670634
voters_20,0.00032375388057805354
president_11,0.000323611728593016
texas_14,0.0003235423660301495
office_8,0.00032325023480115483
housing_12,0.0003227204974428801
war_11,0.00032253866790854415
banking_15,0.00032244399819034776
council_9,0.000322279057471866
products_1,0.0003222187294456763
industry_6,0.0003219506563942135
cancer_1,0.000321929588089194
fed_16,0.0003218928707964122
senate_20,0.00032185767713203435
judge_6,0.00032169479879224597
economic_12,0.000321539145302472
freedom_20,0.00032147232084984653
union_1,0.0003214599429483557
movie_6,0.00032115678440535763
served_16,0.00032100917670640697
economic_20,0.00032096257020317487
unemployment_8,0.00032078523979379433
security_13,0.0003207534926915836
president_4,0.0003205979813446165
movement_12,0.00032046284441639345
court_4,0.00032043059773940134
case_15,0.0003204288620649582
portfolio_11,0.0003204272561598961
federal_9,0.00032040474167338286
firm_15,0.0003201886513370125
water_9,0.00032011808337709027
loss_12,0.00031992695331518233
unemployment_12,0.0003194039008112736
crash_13,0.0003193976191349249
companies_1,0.0003193446486067352
virginia_1,0.00031904394699721765
political_5,0.0003188553819400457
crisis_4,0.0003188021121536676
representatives_19,0.0003186006622390896
virginia_16,0.0003183554647447326
justice_14,0.00031825555621906623
world_20,0.00031796356397817687
president_1,0.000317912493674632
republican_18,0.0003177763979883061
oil_15,0.00031766797798750467
management_14,0.00031763060540441384
market_11,0.0003173419320798136
illinois_11,0.0003173290130786201
york_18,0.0003171579338577516
federal_19,0.0003170221680290541
restaurant_7,0.00031699463566393216
financial_4,0.00031693230578989907
stats_18,0.0003168054913482668
federal_4,0.000316712842778078
home_17,0.0003165942639639543
politics_20,0.00031651340749504333
county_5,0.00031641498634317234
portfolio_1,0.00031619762499916835
tennessee_5,0.0003161949490914236
rich_4,0.00031611244554123234
global_9,0.0003159924582928813
financial_16,0.0003155521837747003
movie_16,0.0003153912629738511
secretary_7,0.00031533536332054447
democratic_8,0.0003153102744867877
portfolio_14,0.0003148647257542793
county_18,0.0003148011480686676
county_4,0.0003146746875894541
leverage_12,0.00031465426983430674
companies_16,0.0003146350354729538
bank_12,0.00031455260636746335
million_4,0.0003145412742405532
food_13,0.00031435056171915104
case_19,0.000314175246331428
government_5,0.0003141719857425453
portfolio_15,0.00031397373144266235
million_14,0.00031388744462855966
kentucky_17,0.00031387885834540584
returns_9,0.00031387745955327874
kitchen_15,0.0003138582390553424
republican_12,0.00031370400552933897
management_11,0.00031366559011201565
bonds_1,0.00031365435800807405
york_13,0.00031361097025174497
fun_20,0.00031335080963953554
party_5,0.0003131509183228609
vermont_4,0.0003130505353616502
ltd_3,0.0003129600790672536
society_20,0.00031293059670153427
law_9,0.0003127095070352386
case_8,0.00031269175782303233
transaction_20,0.0003125157626613397
banking_11,0.0003124886420377395
president_18,0.0003124143020029504
religion_6,0.00031236770251412004
district_3,0.0003122273557247512
wisconsin_13,0.0003121646833631858
happy_19,0.0003121237269116375
arts_10,0.0003119105751738944
freedom_10,0.0003118498730853264
holiday_11,0.00031177788476966363
massachusetts_15,0.00031175186515738196
energy_7,0.000311720260928818
project_19,0.00031158725592433587
crash_19,0.0003112523656053177
management_5,0.0003111239839559646
tennessee_9,0.0003106975827514609
economic_15,0.0003106640967371752
law_20,0.00031065550858583535
invest_20,0.0003106242678272933
world_2,0.0003104020249888448
marketing_1,0.0003102936043972917
economic_16,0.000310201914741517
travel_3,0.0003100243138456393
marriage_17,0.00030977754856602796
culture_12,0.00030952738528550514
union_11,0.00030942377628852535
bank_6,0.00030938261515971703
county_11,0.0003092973555266129
stock_market_9,0.0003092809607712989
kentucky_3,0.00030913795963157615
democratic_20,0.00030912435593985423
wisconsin_2,0.0003090526973076158
council_19,0.00030886476336667115
unemployment_17,0.0003088286923197145
washington_6,0.00030839932194143233
case_4,0.00030816612106023266
election_19,0.0003078681710809428
management_3,0.00030762028463256804
ceo_7,0.00030742605862164684
oil_11,0.00030725558315581827
war_14,0.00030693465022095734
college_5,0.0003069014969281806
case_2,0.0003066465557129636
war_17,0.0003066173552419456
oil_2,0.00030659059544059714
marketing_5,0.00030654056832751645
politics_5,0.0003065262149145233
carolina_16,0.00030601242771108084
health_19,0.0003060054094325781
community_12,0.0003058816398586328
energy_11,0.00030569250057469285
legal_6,0.000305404920066312
market_7,0.00030513275680029084
federal_1,0.00030508642763687604
georgia_12,0.0003049131243493269
color_7,0.00030489880032536935
fun_3,0.0003048575717829436
culture_13,0.00030485182082414387
party_13,0.00030484853045327596
headlines_10,0.00030465254781330165
water_16,0.00030459350446432034
train_19,0.0003042454814775666
voters_4,0.00030416259082346683
nasdaq_7,0.00030414580981930707
election_3,0.00030413896559397486
representatives_4,0.00030406294291454345
republican_8,0.0003038824190961417
movement_6,0.00030386483899999176
college_7,0.0003037791654685496
police_1,0.0003035117739866596
trader_16,0.0003035067379438935
william_13,0.0003034496921305471
consumption_4,0.00030339934734685705
marriage_14,0.000303349302419933
votes_14,0.00030324472067021094
revenue_18,0.0003032164884393917
illinois_3,0.00030304561250939633
derivatives_18,0.00030288280675406604
elections_11,0.0003024800629602268
environment_2,0.00030246576183581863
society_19,0.00030241019151355477
movie_8,0.00030230436569623706
returns_19,0.0003022565043572149
senate_6,0.0003020416448989019
judge_3,0.00030201551530254655
county_14,0.0003019272534272083
loss_1,0.00030179818536299545
kentucky_8,0.00030178439335255705
gain_16,0.00030171442615894235
return_18,0.0003016578551381866
union_14,0.0003016253949893957
labor_5,0.0003014337454661596
restaurant_16,0.0003014099256553472
transaction_4,0.0003012158298862201
earnings_17,0.00030096734240089704
return_8,0.00030094915126276496
services_5,0.0003007711688806621
business_14,0.00030057824972174835
texas_16,0.0003005405517755665
served_20,0.0003004759598602333
gains_14,0.00030041275883101957
cancer_12,0.00030035294543881934
stocks_2,0.0003000332629350683
senate_8,0.00029990045216990967
project_9,0.00029989255036030535
food_2,0.00029966054741174504
food_6,0.0002996468849133552
unemployment_14,0.00029960496454190953
management_4,0.00029955182962808786
technology_7,0.00029955152640072
georgia_13,0.00029940412997158137
college_14,0.00029921140215538903
freedom_2,0.00029866915663089765
rich_20,0.00029858885833355605
federal_14,0.0002985392673509961
dow_jones_11,0.000298519302652008
media_9,0.00029838095015862306
management_17,0.0002983308119126863
house_7,0.0002982328806443497
party_1,0.00029812340812895117
business_10,0.00029812005745634456
oil_17,0.0002979437753434575
court_7,0.00029789104896913576
act_11,0.00029785358514065305
freedom_17,0.0002978462717399636
fond_7,0.0002978079694500112
corporation_12,0.0002978051905072956
success_19,0.00029778338593906535
housing_19,0.0002976719172899822
dividend_14,0.00029741784800373924
governor_8,0.00029740664971306206
hedge_17,0.0002974021911565704
technology_5,0.00029721937985962497
happy_17,0.00029713283305428265
massachusetts_20,0.0002970027803585373
holiday_3,0.0002969856340573922
college_17,0.00029690803196218255
union_15,0.0002967979274140353
banking_14,0.00029665638815392097
members_12,0.00029654151898941963
banking_9,0.00029649902051314195
election_11,0.00029646953193702166
community_5,0.00029606451971015763
service_1,0.00029599024842527616
ring_16,0.0002959691444185953
society_4,0.0002959470499468107
transaction_2,0.00029593457456788007
police_19,0.0002956744843129233
bank_17,0.00029545793659331603
war_1,0.00029527397235231735
case_1,0.0002951526840622531
senate_13,0.00029509837337541103
economics_14,0.0002948237380810313
train_13,0.0002947669827153401
color_1,0.00029473734537202383
market_2,0.0002947204430558869
oil_8,0.00029465790982150875
housing_3,0.00029463499529377204
restaurant_3,0.00029449711987045423
credit_19,0.00029445952272232886
travel_13,0.0002944556868648081
investment_12,0.00029437037472232437
garden_7,0.0002942758121207196
blacklist_4,0.00029414293025680735
car_13,0.00029382895093190266
representatives_13,0.00029364011982847696
banking_19,0.0002936192033606965
bank_1,0.0002935665573016584
corporation_5,0.00029315560044679214
garden_17,0.00029312313205348247
profit_16,0.00029304884808935294
economy_18,0.00029287172442370434
corporation_10,0.00029266166246547163
restaurant_4,0.0002926343954540157
global_19,0.0002925821458790134
texas_19,0.00029209291859477445
energy_1,0.00029208900895805466
judge_11,0.00029208056845024885
elections_9,0.0002920707869952137
dow_jones_19,0.0002920636091338627
chance_13,0.00029187238323208033
opportunity_7,0.0002916821030829536
management_18,0.00029158999496994647
markets_1,0.0002915552156783901
gold_13,0.00029151616374790767
happy_11,0.0002914944886317697
senate_14,0.00029118682878188484
security_9,0.00029115952068799807
votes_10,0.0002910237235063518
risk_16,0.0002910063882965409
market_12,0.0002909470013845418
representatives_3,0.00029078058026353354
carolina_9,0.0002907564732268605
happy_12,0.00029070032879320514
success_20,0.0002906696808588266
transaction_3,0.00029058291105158
religion_18,0.0002904524278655326
markets_6,0.00029043501917147573
present_15,0.00029042129704956937
representatives_15,0.00029030089553228565
secretary_14,0.00029019600828152753
cancer_9,0.0002901709968794208
georgia_2,0.0002901682843321983
consumption_10,0.00029011925377817814
police_17,0.00029010410914946384
culture_7,0.00029000551941708733
loss_7,0.0002899728656695691
committee_4,0.00028995747482539426
ring_3,0.00028988696903062234
fine_5,0.00028986246674755667
revenue_15,0.0002896553298787043
seats_10,0.0002895491901819788
industry_9,0.00028936303193683615
bank_5,0.0002893540670252754
pennsylvania_17,0.00028929178544881965
tourism_15,0.0002891898131798627
cash_14,0.0002891829387998465
technology_4,0.00028907678996535066
cancer_6,0.0002883014673178022
opportunity_11,0.00028828039853032666
society_2,0.00028824112916200727
politics_10,0.0002881389089373955
federal_11,0.0002876770955532369
inc_13,0.0002876580809624005
development_13,0.0002876043678837676
world_12,0.0002873079937435083
marriage_16,0.0002871140544765449
present_19,0.0002870724053247233
house_5,0.0002869478663763093
union_18,0.00028690017532480966
happy_20,0.00028683448898123704
buy_2,0.0002866521938464984
inc_1,0.00028652098036807883
inc_6,0.0002865152730633192
missouri_15,0.00028639300287355867
party_16,0.0002862890186440599
loss_5,0.00028622143297728865
DOW_JONES_2,0.00028610948975501264
service_7,0.0002858785356987802
success_10,0.0002858321919751448
community_9,0.0002858319912725724
crisis_16,0.0002857642487971647
companies_17,0.00028562866501012147
justice_11,0.0002855695628388194
sell_9,0.0002855592197867453
finance_18,0.0002852715919887455
community_10,0.00028520118730773503
district_9,0.0002850325874791466
opportunity_4,0.0002849412600234917
william_6,0.00028484914980421514
kentucky_9,0.00028479695939475204
opportunity_14,0.00028476964564809124
bubble_16,0.0002847458189666184
corporation_15,0.00028472036486905
dividend_4,0.0002847028994224937
arts_18,0.00028459018955567946
court_17,0.00028452470574374765
market_20,0.0002843154295745327
carolina_7,0.0002840486405734536
leverage_10,0.00028396090238054007
community_20,0.0002838646001702927
media_13,0.00028385466705893657
transaction_15,0.000283756898442356
secretary_9,0.00028372250537383423
york_12,0.00028364515442885
police_4,0.0002835853197641636
stocks_19,0.0002835662969028564
growth_6,0.00028343423659350753
court_10,0.00028316783776855285
media_20,0.0002830940326573632
industry_11,0.00028302701437437836
companies_15,0.00028283341904551527
district_20,0.00028280997993599733
members_4,0.0002827156234596993
council_11,0.00028252190231499425
federal_6,0.00028231747568688097
kentucky_2,0.000282292305792828
inc_14,0.00028208727195612026
train_10,0.00028199339782635386
marketing_13,0.0002819786568691541
senate_15,0.00028179411845397144
technology_2,0.00028168983766904644
york_4,0.000281675273129246
transaction_13,0.0002815501028912746
illinois_5,0.00028135546789721664
served_3,0.00028126307714251825
consumption_7,0.00028122193879700656
culture_3,0.00028109623897841116
kitchen_20,0.0002810845564796691
house_18,0.0002809533761932471
police_16,0.0002808815834466938
elected_14,0.0002805874644714105
dow_jones_7,0.00028036835614550233
pennsylvania_11,0.00028029652025948445
council_7,0.00028019365706390364
media_6,0.00027997222765801567
health_17,0.0002799471170764156
government_11,0.000279926165607777
corporation_18,0.00027983493589099607
fun_18,0.0002797164995562769
case_9,0.0002797054062981344
movie_5,0.00027969834016387595
labor_16,0.0002796707548162612
money_19,0.00027959290260518976
judge_9,0.00027924011993195173
ministry_6,0.00027921725488092995
holiday_12,0.00027883684592606035
present_8,0.0002788183101882775
products_8,0.0002787912579260478
nasdaq_17,0.0002787620437724589
financial_11,0.0002787620170552192
credit_3,0.0002787385258217959
services_4,0.00027869784519482613
labor_20,0.00027860914468029176
services_14,0.0002786028228284274
default_2,0.0002785054088616885
bonds_10,0.0002784734174065586
opportunity_10,0.0002782442636771627
development_11,0.00027810069605156533
technology_12,0.00027807489586658703
election_17,0.0002780448252691882
crisis_9,0.00027804283139101223
elections_4,0.0002776965684629602
metals_4,0.0002775532817995287
food_1,0.00027729756434083554
marriage_6,0.00027717378729260516
short_sell_20,0.00027715085527485543
corporation_11,0.0002771392336020587
labor_11,0.0002766715515428248
secretary_4,0.0002766485329079912
washington_10,0.000276585633104247
gold_5,0.0002765137309176778
political_1,0.0002764254733925879
marketing_18,0.0002763908558603184
party_20,0.00027619741461938483
consumption_16,0.00027618598431776193
minister_18,0.0002761717183190444
conflict_13,0.0002759883327898579
massachusetts_8,0.0002758461474419004
credit_13,0.000275787251357722
headlines_3,0.0002756939963158496
house_6,0.00027568504825948507
william_18,0.00027554389249925555
economy_16,0.00027525982437418825
world_1,0.00027523226261756624
party_19,0.00027520717110309515
house_20,0.00027517121531309136
corporation_17,0.00027510610829765877
cancer_3,0.0002750801542134804
hedge_10,0.0002750169079732072
illinois_14,0.0002749118638176867
house_14,0.0002749006017637796
project_18,0.00027475726098281976
hedge_3,0.000274603701700059
texas_3,0.0002744833921987874
tourism_9,0.0002744563305473686
economy_4,0.0002743010238083446
unemployment_2,0.00027422871393013447
culture_4,0.00027417829686726984
ohio_13,0.0002738853711884514
house_2,0.00027382118019983904
revenue_14,0.0002737414733757978
georgia_11,0.00027373816243646677
food_10,0.000273696049018638
movie_19,0.00027358580423185485
party_9,0.0002735185708880505
health_6,0.00027351051856066167
sell_8,0.0002734341800695514
fun_6,0.0002733702655415114
stocks_20,0.0002730341088317338
members_2,0.0002730258404665537
elections_19,0.0002730153651121282
economic_19,0.0002724482002198353
unemployment_11,0.0002724198312912041
chance_5,0.00027241435193518614
train_12,0.00027235901167640085
stats_10,0.00027220941263795184
virginia_9,0.00027177318529345826
media_1,0.0002716125251124692
financial_10,0.0002714399683286767
ore_15,0.0002713174030167069
restaurant_5,0.00027110086940220553
development_15,0.00027108933752974717
case_11,0.0002708491117728708
metals_3,0.00027077729371157073
money_15,0.00027024482993259763
missouri_13,0.0002701209413792189
rights_1,0.00027010573250133143
industry_13,0.00027008673205939867
conflict_8,0.00026998572487350317
car_2,0.0002699626640462581
secretary_13,0.00026979237984145075
restaurant_20,0.0002696974215225201
community_19,0.0002696248553024493
judge_17,0.00026957449757469045
justice_15,0.00026948398499462405
DOW_JONES_14,0.00026944908555514115
default_20,0.00026924989618257373
secretary_3,0.0002692215403756162
revenue_2,0.000269123130972078
earnings_16,0.00026893027534912833
money_18,0.00026880946287355725
massachusetts_7,0.00026880418582038375
loss_15,0.0002685696796332058
justice_10,0.00026848507515159437
marketing_4,0.0002684662247481756
rare_earths_6,0.0002684609334970127
served_13,0.00026845388644783293
legal_14,0.00026834403057135497
leverage_18,0.0002682558905909537
chance_2,0.0002682337657679022
oil_16,0.00026810288413236003
election_4,0.00026803423232209684
health_4,0.0002678886956249436
lifestyle_18,0.00026782983089803817
DOW_JONES_7,0.0002677475884736312
present_12,0.0002677291469149117
ohio_2,0.0002675439834697479
water_10,0.0002675151517876136
lifestyle_14,0.00026751328659804617
governor_7,0.00026751322395494816
tennessee_20,0.0002675094929601848
president_19,0.00026742627635595773
stocks_15,0.0002673790628547405
dow_jones_12,0.0002673638918061537
global_20,0.00026732710134377423
financial_19,0.0002672587284027889
representatives_18,0.00026724628197610323
gold_16,0.00026717973570162667
republican_7,0.0002671126001464542
fed_13,0.00026700881289953924
massachusetts_14,0.0002670072754883224
markets_5,0.0002669869066185151
religion_3,0.00026693225008084714
legal_7,0.00026685421798661413
college_11,0.0002667763012252468
republican_13,0.0002667717867553665
DOW_JONES_8,0.00026673652425888576
massachusetts_12,0.00026665101331324847
service_15,0.00026655498834836984
cash_1,0.0002665241304974032
stock_market_2,0.00026651473545703504
movement_9,0.00026648072497489916
sell_20,0.00026631782431543987
profit_6,0.0002662465814068933
invest_5,0.000266246092776247
buy_11,0.000266195808731654
profit_2,0.0002661253084813705
environment_13,0.0002661208139457753
inflation_3,0.0002661158590147375
return_7,0.00026584396181484113
missouri_18,0.00026575468904670564
vermont_5,0.00026567699562033445
growth_19,0.00026556930837967217
stats_19,0.0002655146700610644
secretary_2,0.0002654458012034069
energy_18,0.00026543712709675623
president_3,0.000265362985803485
religion_2,0.0002653132474947417
gold_18,0.00026529488894077387
travel_20,0.0002651403505256346
tennessee_2,0.00026509284734065964
revenue_16,0.00026504180296736023
default_19,0.0002650079880218957
debt_3,0.0002646023854644895
ring_15,0.0002645730045183837
finance_8,0.0002644879729816478
county_7,0.0002644871254395782
banking_2,0.0002644270680097216
federal_15,0.000264356841018164
georgia_1,0.00026425736779614434
garden_2,0.0002641480173806168
economics_8,0.00026410097356281334
energy_3,0.00026409920633291094
gains_15,0.0002639808571200625
bonds_3,0.0002637308466544301
stock_market_7,0.00026365594183193146
house_16,0.00026365331016181965
movement_2,0.00026363589456896184
council_14,0.0002635409570362301
president_15,0.00026347417076866525
color_18,0.0002633994422245458
debt_1,0.00026331078374777127
texas_13,0.0002632108396551618
headlines_9,0.00026294171229522854
success_4,0.0002629108118290213
crisis_7,0.00026282763174905084
social_19,0.00026273386947837484
food_14,0.00026264180280159314
bank_3,0.0002623765101898013
gold_9,0.0002623429338494389
banking_13,0.000262328711621542
opportunity_13,0.00026225621805730143
train_16,0.00026220483718155085
nyse_3,0.00026218524229601155
law_10,0.00026217813523589064
movie_10,0.00026216984385966273
washington_4,0.0002621518450821644
financial_8,0.00026194216135843067
food_11,0.00026185986550902613
seats_14,0.00026184903174423965
buy_8,0.0002618392579056771
markets_16,0.00026182132601648207
buy_13,0.00026179171167712754
tennessee_4,0.00026169348154052985
law_16,0.00026159316108546426
governor_6,0.0002615862589863813
bonds_15,0.00026139466589324953
fun_13,0.0002611662581571763
kitchen_14,0.00026080235147559036
pennsylvania_15,0.0002607448050940206
risk_4,0.00026061050196114684
economic_5,0.00026059569267976724
inflation_9,0.00026056111793003225
federal_7,0.0002605155409832021
social_4,0.0002604615353114356
market_6,0.0002604586907275479
debt_9,0.0002601157056191317
law_18,0.00025985088921394434
college_10,0.00025982872057155423
war_3,0.00025976727046338633
profit_17,0.00025966244395148286
office_9,0.00025965324562538954
banking_17,0.00025937575250580333
governor_5,0.0002593386988269836
services_7,0.0002592928031358689
arts_14,0.0002592542780057025
movie_9,0.00025923596647432285
tennessee_17,0.00025917561115123644
georgia_7,0.00025913173073408604
county_19,0.0002590849144726184
arts_2,0.00025905020576314397
illinois_6,0.00025901413542810673
ltd_4,0.00025863158138580603
oil_5,0.0002584522273971452
health_20,0.0002583098406157866
bonds_12,0.00025830149983041713
service_13,0.00025813558256354514
products_14,0.00025813315318938925
committee_3,0.00025809126334590347
forex_10,0.0002580607145119216
earnings_12,0.00025797216571263825
forex_8,0.0002579551937565722
environment_15,0.00025793447806035907
financial_3,0.00025781591871601743
tourism_18,0.00025767375726869023
kentucky_18,0.0002576693132612389
finance_5,0.0002576680177744621
york_2,0.00025762741365323267
security_8,0.00025751935893513216
arts_8,0.00025740146111594695
william_16,0.00025738578709726394
industry_16,0.00025721651090541736
inc_7,0.00025703593463424003
cancer_13,0.0002568266988085266
consumption_12,0.0002566477360714822
office_7,0.0002566311947594142
inc_11,0.00025659686116094897
act_4,0.00025646806144299976
companies_8,0.0002563310270620638
stock_market_6,0.00025619920046841317
finance_11,0.0002561739745196431
investment_15,0.00025614224341278483
case_12,0.000256011616709976
marketing_8,0.00025591441794217435
unemployment_7,0.00025579313523709483
corporation_8,0.00025546452558740065
money_2,0.00025537754410707167
federal_3,0.0002553616717130481
law_4,0.00025535721798192385
rights_6,0.0002552535018236305
million_9,0.0002552076973670866
massachusetts_17,0.00025511574499009255
case_18,0.0002550649543441621
buy_5,0.00025497874840538324
opportunity_9,0.0002548110223280482
voters_7,0.0002547976629327908
rich_14,0.00025471320078191545
gold_6,0.00025466863801807326
movie_3,0.00025442682713516584
services_20,0.0002544201818150709
council_17,0.0002543682602037344
stocks_9,0.00025435537136254916
virginia_20,0.00025434023834031535
politics_8,0.0002542671064919921
technology_1,0.00025418716344480707
risk_6,0.00025408067548212044
rights_19,0.000254069828627931
revenue_3,0.00025403193766652683
lifestyle_6,0.000254029902771748
consumption_5,0.0002540206278110452
business_1,0.00025396697178723245
freedom_4,0.00025371669213114804
stats_2,0.00025369313247744165
cash_18,0.0002536083830020557
president_7,0.0002534063016142983
georgia_9,0.0002533999159905715
color_5,0.00025333058572608023
william_20,0.0002531007788558447
politics_1,0.0002530848190495567
service_3,0.0002530028074641304
travel_1,0.00025298146315667257
credit_15,0.0002528814139255953
travel_10,0.0002526023272887373
inc_17,0.00025244812605162737
financial_12,0.00025237665411451164
virginia_3,0.0002523301308130979
money_4,0.00025207010486869545
missouri_5,0.0002520463618376955
revenue_6,0.0002520323535459892
food_18,0.00025173294165794683
derivatives_17,0.0002516990537786865
william_10,0.0002515980504764176
labor_1,0.000251563853144946
returns_10,0.0002515061578481541
culture_15,0.00025150364198772175
car_18,0.0002514928766217141
rich_9,0.00025146279109782975
management_19,0.00025145063837991475
loss_18,0.00025144509592066945
home_8,0.0002513832103897436
illinois_10,0.0002512966845788981
carolina_11,0.00025129501816681545
marketing_17,0.00025127349440194613
trader_1,0.00025124998796226
wisconsin_12,0.0002512028388233612
government_12,0.0002511164451561285
sell_2,0.0002511014816120884
housing_13,0.00025106920018303533
cancer_17,0.00025095833689915323
color_15,0.0002509362310572868
senate_17,0.0002508992182927112
elections_12,0.0002508533802057652
sell_7,0.0002508269329192084
ore_16,0.00025082655500540893
votes_17,0.00025077140666006223
ceo_4,0.0002507697802903631
cancer_20,0.0002505725985054166
hedge_9,0.00025048225494372597
lifestyle_13,0.0002504756610107958
kentucky_14,0.0002502813738645059
culture_2,0.00025012261268676756
debt_7,0.0002501172960085161
law_11,0.00025001220884926067
movie_4,0.0002498827336241688
financial_markets_5,0.00024986132981207586
legal_8,0.0002497905126055789
votes_16,0.0002496465123875548
senate_12,0.00024958619941870366
vermont_20,0.00024955534239503186
marriage_18,0.00024945578959038357
money_17,0.0002494505298831569
services_15,0.0002494380595275618
restaurant_18,0.000249435131353693
law_5,0.0002494168495204271
rich_6,0.00024912764209793003
color_14,0.00024893020714166934
labor_13,0.00024879417427580645
seats_12,0.00024871146827897575
conflict_16,0.00024861968061670373
council_4,0.0002485711091588937
senate_5,0.0002483177703600361
food_15,0.0002482880625836629
happy_4,0.00024823197961633056
house_4,0.00024822974113605507
markets_8,0.00024814082275042014
law_15,0.0002479201461361897
democratic_16,0.00024774012290955003
carolina_10,0.0002476556628598196
council_8,0.00024715002191935426
police_15,0.0002471116030763666
investment_5,0.00024710318366080296
project_16,0.00024709950434349055
kitchen_9,0.00024702968570754555
services_17,0.0002469821486590691
buy_17,0.0002469792086984534
investment_20,0.0002469224156788793
kentucky_10,0.0002469209506342543
rich_19,0.00024690543893049623
fun_14,0.00024688955019368204
carolina_3,0.0002468651652249471
missouri_19,0.0002468318221924231
lifestyle_12,0.00024667808939658715
garden_8,0.0002465631157816813
rights_8,0.0002464784759975116
georgia_5,0.00024641421244206776
tourism_12,0.0002462345040280729
consume_1,0.00024550105925092737
cancer_19,0.0002454931040147235
tourism_8,0.000245371424432794
vermont_16,0.0002453382964786623
environment_6,0.00024522241151889754
leverage_17,0.00024521931862713105
leverage_15,0.00024510590539824
carolina_12,0.00024492452602675735
gain_15,0.00024491252863689236
housing_15,0.0002449062576075434
ltd_7,0.0002448567709276727
money_9,0.0002447676509690899
returns_17,0.0002445760155795689
wisconsin_5,0.00024451600464952666
bank_19,0.0002444424698293992
revenue_17,0.0002442566867697844
movie_11,0.0002439996439173297
ltd_10,0.0002439260581547644
chance_4,0.00024379371060019253
massachusetts_11,0.0002437506530097503
religion_20,0.00024367601913064581
energy_10,0.0002435671766671545
cash_11,0.000243556301546738
georgia_8,0.0002434728140792647
management_6,0.0002434290173820956
georgia_18,0.0002434132672447376
companies_18,0.0002433936477859627
car_11,0.00024334775552104063
washington_2,0.00024314443718370264
tennessee_10,0.00024302188215219057
rights_4,0.00024301840816382808
default_10,0.00024296392987538945
district_13,0.00024276961026240468
DOW_JONES_4,0.00024275237727213077
virginia_12,0.00024273168423543038
labor_12,0.00024270504121969008
DOW_JONES_17,0.00024269338332705487
growth_5,0.0002426800589914146
bubble_18,0.00024265844934788497
government_18,0.0002426286483695027
culture_14,0.00024262797153966415
act_10,0.0002424539898814709
ore_18,0.00024234699789852277
development_19,0.00024230974689611992
freedom_12,0.00024223356051750655
ceo_10,0.00024220348229780995
gain_11,0.0002421468070306835
cancer_14,0.00024210112338589923
elected_13,0.00024197042346713168
financial_5,0.00024185902085350062
kentucky_4,0.00024174369173460733
case_10,0.00024167540662718882
missouri_16,0.00024152108151323612
arts_12,0.0002414253136274211
food_5,0.0002413524726345415
tennessee_3,0.00024134747328400473
federal_8,0.0002413433526893683
business_12,0.00024126624261016407
hedge_14,0.0002411853062259876
stats_15,0.0002411117670530875
religion_12,0.0002410034986688623
hedge_4,0.00024094132683368384
forex_2,0.00024091882700759764
services_10,0.00024088892200075342
ceo_1,0.0002406481497602884
election_18,0.00024057123273289532
democratic_15,0.0002405560976499856
inflation_4,0.00024053792130883768
committee_6,0.00024045553131089517
governor_9,0.00024042685079693544
movement_8,0.00024038875148294395
energy_9,0.0002402633516834514
conflict_1,0.00024022465802569376
carolina_4,0.00024007674823672725
judge_18,0.00024004642865545865
consumption_17,0.00024001130672680454
security_5,0.000239916342105612
kentucky_1,0.0002399061105214919
gold_2,0.00023985411214982207
members_19,0.0002398046646500729
fed_10,0.0002397189203524168
stats_9,0.00023961235900470899
missouri_12,0.0002395270115118441
sell_3,0.00023947242242369264
service_10,0.0002394711711270815
earnings_8,0.0002394361374385977
washington_9,0.00023941836427144526
county_20,0.00023940557209304198
markets_11,0.00023924833051188832
nasdaq_12,0.00023916603105256825
world_10,0.0002391141076585665
million_6,0.0002390668262472132
representatives_7,0.00023892219130419
markets_4,0.0002387980192626295
economics_19,0.0002385597148056862
fine_15,0.0002385287689156549
committee_5,0.00023850467510137016
marriage_19,0.00023850248407588683
project_11,0.0002383101325297074
religion_13,0.00023828182129810176
kitchen_10,0.00023824972041388241
police_9,0.00023815970587616787
election_7,0.0002381325085646084
global_12,0.00023783514230752548
oil_13,0.00023770306020570156
culture_6,0.00023750154091150516
york_3,0.00023737575323504414
train_17,0.0002372121292394416
energy_8,0.0002371892198080729
tennessee_18,0.00023713434725534545
society_11,0.000236923421933958
council_3,0.00023684572543347565
law_1,0.00023682665763439061
ohio_18,0.00023678840826287423
conflict_9,0.00023676757024525933
economy_8,0.00023675299922761744
stats_16,0.0002367355033916416
business_11,0.0002366990878286528
crisis_11,0.00023651473899987172
york_7,0.00023634918987466974
crisis_19,0.00023618811981418082
nasdaq_2,0.0002360901597254072
service_12,0.000236084351886537
election_1,0.0002358113478123192
house_11,0.0002357317640143068
marketing_19,0.0002357006833064224
dividend_6,0.00023567412551874178
stats_12,0.0002356060047486444
trader_20,0.00023554873910875543
home_10,0.00023539562801215316
media_12,0.00023532735669489619
market_9,0.00023517158619989437
chance_20,0.00023514826345912734
unemployment_19,0.0002350682533081061
services_1,0.0002350331690013457
legal_15,0.00023485246321848315
color_6,0.00023483038590128554
service_18,0.00023481747449899555
risk_14,0.00023480326520105888
corporation_13,0.0002346803025411767
media_19,0.0002346174635912255
fun_9,0.0002345609336081417
william_17,0.00023446264750696407
council_1,0.0002342914472694608
derivatives_14,0.00023424760530542547
forex_4,0.0002342020023093354
earnings_11,0.00023406104883577481
companies_11,0.00023395658030577734
crash_16,0.00023393721784549496
society_3,0.0002339312170668773
governor_18,0.00023388859832399435
home_18,0.00023386628422648398
million_12,0.00023373851036777196
committee_2,0.00023365208342403506
growth_18,0.00023350932059213418
success_15,0.0002334722994966255
services_9,0.00023347146934394092
present_17,0.0002333860862782264
dividend_1,0.00023332136970706543
crash_9,0.00023330748463894327
rich_7,0.0002332042528649394
republican_6,0.0002331559349624293
market_17,0.00023314417124189907
energy_16,0.00023309372496543897
present_1,0.00023303520344845454
million_17,0.000233006787736044
washington_17,0.00023298899603425995
color_9,0.00023290880676541588
missouri_10,0.00023285484376043444
bonds_9,0.00023281399003132242
seats_1,0.0002327372864305517
short_selling_8,0.00023273613351277174
unemployment_20,0.0002326881659202894
environment_9,0.00023264745227028237
project_7,0.0002326116328562903
elections_10,0.0002325663770044184
finance_13,0.00023253665162812061
gains_3,0.00023245233476942037
loss_8,0.00023242986466239453
bonds_2,0.00023240473184173575
bubble_1,0.00023238755213735333
stock_market_12,0.0002322613478939888
missouri_2,0.00023218078930942125
legal_17,0.00023202972223001093
stats_6,0.00023196425424010282
greed_14,0.00023195528710020992
success_17,0.00023186146193967998
revenue_12,0.00023179437899234083
markets_9,0.0002317332387334238
legal_3,0.00023167009065509057
bonds_7,0.00023160874433558482
headlines_6,0.00023157567321222133
community_1,0.00023149282107289457
buy_16,0.00023148247275973805
technology_15,0.00023140605889545484
companies_10,0.0002313650652199
gain_9,0.00023134487397454492
william_11,0.00023134285072645849
stats_11,0.00023122508567215567
gains_17,0.00023113178096496298
media_14,0.00023111982171411904
profit_8,0.00023107707946155878
committee_9,0.00023097394878357808
gain_7,0.0002309103373702002
governor_16,0.00023073312630472813
marketing_7,0.0002306649935088946
labor_9,0.00023066003210986708
water_4,0.0002306478507674562
ministry_17,0.0002304454426722669
political_10,0.00023042546279800318
founded_1,0.00023021005106857017
consume_7,0.00023019991932179647
finance_20,0.00023013235252039243
county_12,0.00023011013764016747
labor_14,0.00023003143373416543
legal_5,0.00022994019560148448
county_16,0.00022986191758176959
invest_13,0.00022985529044224174
religion_4,0.0002297870633425244
nasdaq_20,0.00022969419863627465
global_18,0.00022966321363830357
political_2,0.0002296214352255189
ore_6,0.0002294948462428879
ministry_20,0.0002293922976921628
holiday_1,0.00022936071443672076
police_11,0.00022921847227470025
minister_9,0.0002291493861501233
buy_10,0.00022904792705722446
fed_12,0.00022891839456639648
home_2,0.00022890531659394253
marketing_12,0.00022866081304104733
missouri_20,0.0002285750859423711
restaurant_17,0.0002284993534681812
technology_20,0.00022848712852182007
financial_markets_12,0.0002284327677338661
republican_16,0.00022810458475108365
community_16,0.0002280845454368831
unemployment_3,0.00022802066764889746
tennessee_1,0.00022797130399181866
governor_17,0.00022796447580883866
train_1,0.0002278317364172397
services_6,0.00022774782961203945
government_16,0.00022771316271115577
founded_19,0.00022769249064250063
management_7,0.0002276590815953889
marriage_1,0.00022756178416926808
development_5,0.0002275537299672101
judge_5,0.00022751330346383809
washington_3,0.00022748195708488135
legal_18,0.0002274536556926519
investment_1,0.00022741576518079293
color_4,0.00022707007318493
society_7,0.00022706536828828722
dow_jones_9,0.0002270231864515792
college_4,0.0002269366049816253
tourism_3,0.00022687936690352222
gold_3,0.00022685656251915734
served_12,0.00022684890339202843
environment_5,0.00022684558318123002
security_6,0.0002267936252566156
risk_1,0.00022674973634945962
banking_7,0.00022665263721916885
office_11,0.0002264362080579453
energy_2,0.00022633441028698886
election_6,0.00022608337376063412
invest_15,0.00022608054420822357
stock_market_10,0.00022603601625764152
legal_11,0.00022600502021034491
fine_6,0.00022584327986232433
banking_1,0.00022580559027716957
oil_6,0.00022575942702260542
portfolio_17,0.00022575888323041744
district_12,0.00022572148796825078
illinois_16,0.0002257120465901267
garden_1,0.00022568583001062806
markets_3,0.0002254917309331085
money_14,0.00022542954566890836
financial_markets_11,0.00022534790101920918
ceo_5,0.0002252853160253244
economics_5,0.00022513398553551783
fed_6,0.00022490812073097622
ring_14,0.00022488241629583229
industry_10,0.00022474984869032816
kitchen_17,0.0002247299037660392
dividend_18,0.00022472616723801474
earnings_13,0.00022468333042442447
world_9,0.00022465201578610416
legal_20,0.00022459207075562157
votes_15,0.000224521577248523
fun_17,0.00022449199780088242
voters_16,0.00022437315748612125
arts_17,0.00022435554156722163
credit_9,0.0002243388881884269
william_9,0.0002242660801934488
project_5,0.0002242441531773492
services_11,0.0002242383408059569
bubble_8,0.0002242256997975405
service_9,0.00022421248330864522
car_20,0.00022409797032211831
world_16,0.00022406200483775392
trader_4,0.0002240141512375085
dividend_2,0.0002239497605696607
economic_2,0.0002239305354409397
project_12,0.0002239131975018688
pennsylvania_6,0.0002238610849133897
oil_12,0.00022368389841226856
vermont_3,0.0002236065444286895
social_3,0.00022341942161841708
war_9,0.0002233615292243436
court_6,0.00022335788628715097
headlines_15,0.00022325643225230767
firm_18,0.0002232388831598213
election_13,0.00022320292484364468
union_12,0.00022319539609074257
financial_6,0.00022317239345923573
economic_18,0.0002229588106824315
DOW_JONES_10,0.00022286557966803925
invest_3,0.00022279817399919699
members_10,0.0002227716249192851
rights_9,0.00022265654169375848
home_9,0.0002222104521779603
marriage_4,0.00022215879120202623
stock_market_11,0.00022207678498953638
rights_10,0.00022201402581248643
health_5,0.00022194511472616528
college_15,0.0002219411781791375
arts_11,0.00022188474421873863
community_7,0.000221843614160608
republican_9,0.00022181374515340565
products_10,0.00022181304179324433
million_5,0.00022178316835373677
finance_4,0.00022162832396190786
political_11,0.00022162827197308275
court_9,0.00022158148795422622
stocks_1,0.0002214649360864337
present_4,0.00022141394875313056
home_12,0.00022124367995005235
economics_3,0.00022113697781020464
election_20,0.00022093680179042667
global_13,0.00022082616832996534
members_16,0.00022057741827452267
cancer_7,0.00022045940078300224
fed_7,0.00022045348065937158
stock_market_3,0.00022045047574976905
earnings_19,0.00022041414393478092
inc_18,0.0002203772031312483
inc_12,0.00022015358487910753
hedge_16,0.00022008347290719356
committee_15,0.00022008313237342202
act_19,0.0002200220850682188
freedom_15,0.00021996146377144816
tennessee_16,0.0002198891045145939
fond_10,0.00021988221398312914
seats_13,0.0002198813499210456
government_1,0.0002198148101880064
illinois_2,0.0002197889102511817
headlines_18,0.0002197289161315193
invest_4,0.00021963578156048092
district_16,0.0002195922267969532
minister_16,0.0002194879544194457
consumption_15,0.00021933169705264758
vermont_8,0.00021926028773636478
william_15,0.00021919041887155432
fine_4,0.00021899796771284173
financial_7,0.00021878274101917367
arts_9,0.0002186120285437064
DOW_JONES_3,0.00021853902238956624
arts_20,0.00021852158236368132
office_4,0.00021848995277204744
wisconsin_14,0.00021844187480050747
president_16,0.0002183962278507606
legal_12,0.00021836600218563218
act_16,0.00021823541221712225
movie_18,0.00021783768741642456
energy_20,0.0002177631641484176
dow_jones_1,0.00021771345506022992
products_16,0.00021742104063026123
democratic_2,0.00021734443061059675
york_8,0.000217325161286922
virginia_18,0.00021730295706635325
water_3,0.0002172556962010181
health_16,0.00021717498730294542
business_15,0.0002170160477805345
cash_6,0.0002168489453120853
dow_jones_15,0.00021658228993358728
ltd_9,0.00021639003836605757
profit_13,0.0002162848125856094
cash_15,0.00021627301182831587
fed_19,0.00021622283131132107
cash_2,0.00021613813751841421
law_6,0.00021613376889090732
social_11,0.0002160988659889743
justice_5,0.00021607278732506152
georgia_16,0.00021605309279819376
holiday_18,0.00021597466167895348
restaurant_14,0.0002159227558168864
marriage_12,0.00021584585385175904
marriage_3,0.00021581647304908465
federal_10,0.00021581086037226173
economy_9,0.0002157970448102048
business_9,0.00021575748734461493
revenue_1,0.00021569032996613795
greed_3,0.0002156531775841916
security_18,0.00021561580103891665
ring_17,0.00021549589961545216
dow_jones_20,0.0002154239297259587
legal_19,0.00021538901200523927
earnings_4,0.0002153713316309428
gains_18,0.0002152946865141485
short_selling_10,0.0002151650153664246
texas_15,0.0002149479803703576
representatives_17,0.00021489953360938747
food_8,0.00021483883077229386
texas_7,0.00021483668416190892
world_14,0.00021479024918853016
seats_17,0.00021475555429611987
sell_14,0.00021474784750568352
community_18,0.00021446434111016478
secretary_16,0.00021435811410471423
william_3,0.00021432607293924276
color_3,0.00021427311472184835
social_12,0.00021414930940984994
ore_5,0.00021413109642715223
travel_7,0.000214055961217669
bubble_5,0.000214015317512555
social_8,0.0002139567837129497
gold_10,0.00021383468366988333
restaurant_19,0.0002138224685313356
judge_16,0.00021381137892383388
nyse_4,0.0002135818726510976
returns_13,0.000213446237714053
tourism_11,0.00021343801209484567
court_12,0.00021331926221809628
pennsylvania_20,0.0002131738310420252
invest_7,0.00021308756352680407
legal_13,0.0002130446967584413
business_16,0.0002127724957424501
dow_jones_18,0.0002127474413896199
transaction_5,0.0002127448344656381
chance_1,0.00021249007601788631
economic_7,0.00021245884502526269
crash_2,0.00021229317537259254
finance_19,0.00021205863436327824
lifestyle_20,0.00021204351620549182
transaction_1,0.00021177175695647043
media_11,0.00021175516787999804
media_5,0.00021173083447711567
garden_20,0.000211522404711282
train_8,0.0002115137597620211
dow_jones_13,0.00021149985112244623
industry_18,0.00021144160623838245
arts_1,0.00021105161978637
products_13,0.00021096773671855148
revenue_10,0.00021094505838448985
founded_20,0.0002109267122633311
money_1,0.00021089740500296412
gains_19,0.00021069157028003722
market_5,0.00021057873290671451
ohio_1,0.00021042667307534052
vermont_15,0.00021038054512162988
ministry_1,0.00021028384742312206
college_13,0.0002101626999715393
police_14,0.00021000160338486808
virginia_6,0.000209902471288749
court_5,0.0002098359842369057
bonds_14,0.00020982488634192867
rights_11,0.00020981243987341417
opportunity_12,0.00020979011073035984
seats_20,0.00020971709873780282
georgia_19,0.00020971231818234375
community_3,0.00020956942783247875
politics_16,0.0002095462923419192
kitchen_7,0.00020953825759832882
ltd_20,0.00020940269512630368
ohio_9,0.0002093042741389752
garden_15,0.00020927899996780577
opportunity_16,0.0002088764115167664
housing_16,0.0002088504716888834
consumption_13,0.0002087587266550665
sell_15,0.00020872510125241728
trader_11,0.00020869026754806092
risk_8,0.00020864755917898785
politics_15,0.0002086470788752995
financial_markets_16,0.00020863198255263924
money_10,0.000208625663529625
crash_3,0.00020861775469258623
chance_7,0.00020861350728948032
products_5,0.00020854572483599936
gold_4,0.0002085285169392901
technology_11,0.000208228440552792
firm_8,0.00020794884708342576
corporation_9,0.0002078490022336171
holiday_17,0.00020774400278582468
members_6,0.0002077322892155007
rights_2,0.00020757567900096411
crash_15,0.00020755137226925732
risk_20,0.00020755117446824732
housing_11,0.00020752277622413013
fed_17,0.00020748961200528333
court_2,0.0002073928743960085
train_6,0.00020723904267257252
gold_8,0.00020723176935061115
inc_9,0.00020717788044923973
garden_12,0.00020717787844324977
gain_14,0.000207068814131272
war_2,0.00020702638912630013
college_19,0.00020701068659372319
act_6,0.0002068295261837492
BUY_AND_HOLD_2,0.00020679717772808213
texas_12,0.0002067896923132421
sell_19,0.00020670214887273292
senate_4,0.00020667889910996567
nasdaq_8,0.0002066286088442184
illinois_19,0.0002065607483216991
illinois_12,0.00020655112074504018
dividend_3,0.00020648053486772944
nyse_7,0.00020645958296733327
stock_market_15,0.00020644724138779748
votes_9,0.00020641077056387667
legal_16,0.0002063065878031405
judge_19,0.00020630413314436146
georgia_3,0.00020626710373420912
president_14,0.0002061759442353304
secretary_1,0.00020610904167882028
corporation_4,0.00020606144522905307
police_12,0.0002057806511487328
sell_11,0.00020575962520736311
global_17,0.00020572330838278057
stats_7,0.00020570535143171542
police_13,0.0002054860633898779
wisconsin_9,0.00020537953315160248
crash_10,0.00020536645547610438
republican_10,0.0002051467372849555
pennsylvania_2,0.00020505849121390827
union_8,0.00020496521662263903
carolina_18,0.000204932113050494
community_17,0.00020481607478270385
bonds_13,0.00020467729139294605
corporation_3,0.0002046536289210309
buy_6,0.00020465329017912477
financial_markets_7,0.0002044869798646211
secretary_20,0.0002044810525145963
justice_18,0.00020448072820164825
growth_3,0.00020446917617349488
democratic_17,0.00020446819907534933
voters_3,0.00020431577000054932
washington_12,0.00020431235719771398
food_20,0.00020430718828609855
fed_15,0.0002042766923119172
ring_10,0.000204156336220788
government_10,0.0002041450513165151
loss_11,0.00020407194501323588
water_20,0.00020397377396145407
holiday_16,0.0002038384449788032
office_19,0.00020380643932781757
inc_8,0.00020377117470849284
million_7,0.00020359229201575215
ring_7,0.0002035789361076713
trader_15,0.0002034821140202001
revenue_13,0.00020339191489453988
returns_15,0.0002032542573754095
labor_15,0.0002032332896659112
development_12,0.00020317655907807524
party_2,0.0002031711570674125
district_17,0.00020316176271893734
virginia_19,0.00020306435339449184
short_selling_13,0.00020299872686032168
ore_17,0.00020274435430174567
economics_9,0.00020270228526832044
oil_4,0.0002026324304891405
stocks_18,0.0002025207652495517
trader_2,0.00020249089699246072
stats_5,0.0002024042813132058
products_15,0.00020238973380320389
media_15,0.0002023653562261742
ohio_5,0.00020230357463349493
wisconsin_8,0.00020228818639942545
party_11,0.00020211651200562997
holiday_14,0.00020209156058383846
party_4,0.0002020620401301395
health_2,0.0002020266815590721
lifestyle_9,0.0002019580139101751
transaction_10,0.0002019489738488676
media_18,0.00020185190105001023
firm_6,0.00020183699037857526
security_2,0.00020164860883506536
ministry_2,0.0002016206368267458
democratic_6,0.00020160371304713096
consume_2,0.00020157506631110576
social_13,0.00020147257849944657
million_16,0.0002014523518469998
tennessee_13,0.00020142528263260192
lifestyle_3,0.00020135995375686127
washington_5,0.00020114784517018678
rights_15,0.00020114077734955464
nasdaq_13,0.00020103742590754547
money_20,0.00020101131830069224
ring_20,0.00020097814431260946
ministry_5,0.00020097643295506016
police_2,0.00020088863914262381
york_6,0.0002005465256782923
debt_2,0.00020047530400469108
votes_13,0.00020045049545653015
market_1,0.00020042088744365638
case_16,0.00020039800174369909
headlines_20,0.00020036995316908548
ohio_15,0.0002001246760537011
wisconsin_4,0.00020000635721059535
labor_6,0.00019996314302788155
founded_16,0.0001999069385218068
economics_1,0.0001998377795778824
inc_5,0.000199833853508566
seats_11,0.00019980234888928423
products_12,0.00019975647178857445
food_17,0.00019966036564464544
holiday_19,0.000199518624174148
social_16,0.00019947877218672375
earnings_10,0.00019946592874641687
court_18,0.00019943387463082192
dow_jones_8,0.00019938662576503752
opportunity_15,0.000199325336188131
world_3,0.00019926370353597726
ministry_12,0.00019919536189250811
ohio_14,0.00019918408967134642
president_20,0.00019914890600152406
health_9,0.0001991248896789504
nasdaq_3,0.00019904166323954982
ltd_13,0.0001990084782369279
world_19,0.00019898831445962136
washington_19,0.00019898548769964173
ltd_1,0.0001987940259700075
political_19,0.00019872314563711024
housing_1,0.00019867489016361359
union_3,0.00019863289734979047
cancer_18,0.00019859790943459735
unemployment_18,0.00019854227608936416
money_16,0.00019848831683806493
fond_13,0.0001984632737716908
case_7,0.0001983114286320652
members_20,0.00019826685655612245
business_17,0.0001982594132606837
illinois_13,0.0001980923208426521
security_7,0.0001978335488897348
forex_9,0.0001976025620930752
trader_19,0.00019718574156990038
ring_1,0.00019715719898273081
massachusetts_6,0.00019692342778845684
judge_15,0.0001966364398319069
politics_13,0.00019663606039523583
republican_4,0.00019639158142868943
greed_9,0.0001963067330188118
stock_market_20,0.0001962437562949405
earnings_14,0.00019624306761299387
greed_8,0.00019605101129232632
nyse_18,0.00019590493597802374
stocks_5,0.00019578028426623102
office_15,0.00019573750132878605
movement_17,0.00019573693236011404
DOW_JONES_15,0.0001957029015204351
labor_4,0.00019569386601606521
gold_11,0.00019554081631688915
gains_2,0.0001955375811819651
industry_3,0.0001955307676327146
ministry_13,0.0001954928811731807
votes_1,0.00019545228114000959
stocks_7,0.00019544867725818427
served_10,0.00019544528224464864
election_9,0.00019519703618846163
present_10,0.0001951533850535628
dow_jones_5,0.0001949975428070589
fine_13,0.00019499696006224364
police_8,0.00019498115624242337
founded_5,0.0001949129444143787
companies_3,0.00019482724381762268
justice_7,0.00019468610432132782
ltd_6,0.0001946527494322388
kentucky_15,0.0001946118285155993
seats_9,0.00019458148861233192
garden_14,0.00019447404430761743
conflict_10,0.00019442406943156651
lifestyle_16,0.00019420365483974888
sell_4,0.00019416271977645524
profit_11,0.00019411550061576428
community_14,0.00019396564832467836
present_9,0.00019395676551453797
virginia_14,0.0001939516439005485
politics_18,0.000193710290301018
oil_10,0.00019355321584419235
gains_6,0.00019353511614071399
greed_5,0.0001934899076875293
council_15,0.000193300020020422
judge_12,0.0001932530705053236
ltd_17,0.0001931678701041474
earnings_2,0.00019308154875273382
buy_7,0.00019299130609878257
fed_8,0.00019297659625804362
elected_9,0.00019292973196457505
economics_20,0.00019279844271226148
massachusetts_2,0.00019264434028016083
ring_6,0.00019262714699957368
kitchen_18,0.00019260847495196972
legal_1,0.00019258240842777452
federal_12,0.0001924981866172237
environment_8,0.00019248679244575695
derivatives_2,0.00019243520907601266
service_20,0.00019239815379283617
sell_5,0.00019233761347402651
massachusetts_18,0.0001922914578328881
travel_11,0.000192285869682573
tennessee_7,0.00019221193286801254
democratic_9,0.00019220186526639792
legal_2,0.0001919199508290491
office_14,0.0001917916504232567
economy_12,0.0001916714952084208
marketing_20,0.0001914782668788364
metals_11,0.0001914297976705274
ltd_15,0.0001913589844757583
loss_20,0.0001913485186048416
growth_12,0.00019130083899635965
loss_3,0.00019124729382633427
hedge_6,0.00019121211143938104
office_6,0.0001910084256026956
metals_12,0.0001909976459961529
firm_20,0.00019081781910864064
committee_8,0.00019081211897372012
nyse_17,0.0001907531151156498
texas_10,0.00019075310632604817
conflict_4,0.0001907352691288627
government_7,0.00019071980129656242
global_4,0.0001907040001174474
committee_17,0.000190574631527042
stocks_6,0.00019055678056726066
housing_20,0.0001904280973268244
garden_9,0.00019041510226742252
war_12,0.0001903514526785402
texas_2,0.0001903114531703325
representatives_2,0.00019028383371324836
illinois_20,0.00019025867574287245
restaurant_10,0.00019016430036339536
development_4,0.0001900771503842276
freedom_11,0.00018984119857055307
served_9,0.0001897997671643424
bonds_19,0.00018979216199620878
fond_9,0.0001896118038881364
credit_12,0.0001895857920542289
government_19,0.00018955131141090923
banking_20,0.00018953276861945865
service_14,0.0001894705157244631
economy_6,0.00018941785701029383
massachusetts_4,0.0001893943122917132
environment_1,0.0001893072621027808
housing_18,0.00018923220776821952
rich_15,0.00018908552144816736
party_8,0.00018907876024812232
happy_7,0.00018907421156744863
service_8,0.00018898734014641643
marketing_14,0.00018864774233426427
republican_1,0.00018862953118712448
members_8,0.000188513853662567
train_7,0.00018849375157373315
freedom_19,0.0001883720521410039
nyse_10,0.0001882918557726248
economics_7,0.00018813466091565438
media_10,0.0001880671137980539
companies_4,0.00018804294668972732
act_9,0.0001877488788717264
restaurant_6,0.00018758333312628733
marketing_2,0.00018736288634651428
culture_19,0.00018712313335613912
crisis_6,0.0001870302339772854
political_9,0.00018692743838039184
government_9,0.0001868636205817722
ring_4,0.000186851297112352
debt_12,0.0001868463941805593
inflation_11,0.00018680502946758835
labor_10,0.00018671201941666685
travel_9,0.0001866000605681401
risk_17,0.00018656338935211383
kitchen_12,0.00018640548813017176
election_10,0.00018630470344613333
fun_8,0.0001861098716519615
house_3,0.00018598701366604264
home_15,0.00018595339864702008
metals_14,0.0001859503361605712
success_16,0.00018592885177043064
sell_16,0.00018588184281465966
stats_3,0.00018585221753885428
economy_3,0.0001858494641122592
service_6,0.00018571138024545936
wisconsin_15,0.00018566444980181373
fond_14,0.00018565119463565425
fun_10,0.00018563705124963515
water_2,0.00018557411443671486
opportunity_17,0.00018541612748640226
secretary_8,0.0001853579755684875
religion_8,0.0001852789242458933
growth_4,0.0001852356590424797
vermont_2,0.00018520038829832318
representatives_10,0.00018486667118421482
economics_2,0.00018464309755964712
nasdaq_5,0.00018447801861082452
economic_14,0.0001844558150311084
movement_4,0.00018429355101452148
fed_4,0.0001841747747263649
illinois_18,0.00018403642333290638
fine_16,0.0001840085146448676
inc_16,0.00018374880418085495
representatives_8,0.00018368396167055568
union_19,0.00018362467749670966
revenue_8,0.00018348941823718987
dividend_11,0.00018326435775708528
culture_16,0.00018310553158784831
companies_20,0.00018307192144377099
portfolio_13,0.00018305792027995864
college_8,0.0001830444010929361
housing_9,0.00018301752777405224
crash_6,0.00018297698918681065
act_17,0.00018293307847613824
debt_16,0.0001828351180716827
travel_6,0.00018277257371110265
bonds_4,0.0001827261801318264
unemployment_4,0.00018269826666888716
bubble_20,0.00018263380514902931
return_5,0.0001826293923394221
management_20,0.00018253425293617682
movement_20,0.00018242522730141521
secretary_17,0.00018242048557879804
court_14,0.000182412121658908
bank_18,0.00018221334029291548
social_2,0.00018202197511377744
portfolio_6,0.0001820210060929284
carolina_15,0.0001819113981208578
invest_1,0.00018190204011956724
development_14,0.0001818522917403428
headlines_2,0.00018181721941300076
returns_16,0.000181707048899014
risk_5,0.00018169489934906108
chance_3,0.00018168910873431608
services_8,0.0001816467150672424
companies_6,0.00018160416725541696
sell_18,0.00018152258801867332
default_13,0.00018138248693301765
rich_18,0.00018125513781519574
industry_1,0.0001812398793756875
headlines_19,0.0001812323151258372
DOW_JONES_13,0.000181227765353424
million_10,0.00018118044397309982
voters_15,0.00018114492906948326
economy_5,0.0001810395473137666
cash_19,0.00018101274236777167
derivatives_1,0.00018093395354072745
election_14,0.00018091861855023216
consumption_2,0.00018089475342328697
metals_19,0.00018081397293366283
representatives_14,0.0001808035300237392
tourism_10,0.00018078577933348835
police_10,0.00018074970612290907
happy_13,0.00018054748722701454
garden_6,0.00018054620327857864
firm_9,0.000180478447360986
social_1,0.0001804542618697798
movement_5,0.00018043183080786925
water_17,0.00018034786524822902
buy_15,0.0001802729806226305
bubble_6,0.00018026137419061388
fine_2,0.00018024429417732064
gains_13,0.0001802268966538709
firm_3,0.00018015204368365895
energy_5,0.0001800990931278561
consume_17,0.00017999536647287772
gain_13,0.00017995389787744148
color_11,0.00017986739618510442
inflation_7,0.00017951776609458864
tourism_4,0.00017950754191075702
happy_18,0.00017925677348775798
investment_2,0.00017916853474324616
earnings_6,0.00017880555260971266
marketing_11,0.00017874154012468326
holiday_6,0.00017869953828684925
technology_8,0.00017861387932911892
governor_19,0.0001785607602582962
ceo_9,0.00017847879501176712
companies_14,0.00017847644907345204
invest_11,0.00017847354689055046
rich_8,0.00017842201648680058
william_19,0.0001784015239919397
oil_9,0.00017826914307561998
voters_5,0.00017817840041069532
kitchen_11,0.0001781605793352083
industry_4,0.0001779744835057261
leverage_20,0.0001779672513237003
derivatives_6,0.00017795179377675017
college_9,0.00017776724824726395
products_6,0.00017775373151223195
consume_18,0.00017771532191607466
senate_9,0.0001776868840337417
ore_8,0.00017752451149981562
leverage_16,0.00017746824050782287
rights_7,0.0001770595701460441
stock_market_16,0.0001770428866894571
dow_jones_6,0.00017681510119161935
rich_2,0.00017674766148692022
consumption_11,0.00017669410651906283
housing_17,0.00017664094158835502
inflation_19,0.00017662149240668993
inflation_10,0.0001766174474232356
founded_6,0.00017647729963778732
banking_6,0.0001764495349687331
debt_19,0.00017635344644289052
credit_20,0.00017628609997273509
ore_1,0.00017620892643594545
gain_1,0.00017618742593575342
government_14,0.00017599626163587482
ore_10,0.00017595573494536717
derivatives_15,0.00017594479902672028
party_12,0.0001758689951174035
hedge_19,0.0001758162697316894
virginia_15,0.00017579815889533145
law_14,0.00017577578483608808
banking_18,0.0001756968735673983
water_19,0.00017569486933360622
debt_8,0.00017569214437868617
hedge_8,0.00017568919633320258
water_11,0.00017558868600471586
union_5,0.0001754757493899855
judge_7,0.00017543717585971234
served_17,0.00017540052334613404
revenue_19,0.00017539093731114687
religion_11,0.00017537506626056452
firm_11,0.00017531048199573925
elections_13,0.00017519015113084008
judge_13,0.00017511691829155012
committee_12,0.00017510667975989644
union_2,0.000174951440063825
finance_17,0.00017484562232319826
travel_5,0.0001748112047765164
district_10,0.00017471389292606518
law_3,0.0001744526242635199
consumption_3,0.00017428386433859265
holiday_15,0.00017425684747625076
party_15,0.00017420557617906448
ore_2,0.00017418120838625043
government_2,0.00017415940398809817
energy_4,0.00017414951264377142
economy_15,0.00017411049925620503
portfolio_7,0.00017409462044879717
democratic_18,0.00017401603876784243
investment_11,0.00017398651856611976
members_7,0.0001739336442812955
transaction_9,0.00017388147691192607
bubble_9,0.0001738389304491814
investment_19,0.00017382886480716197
economic_9,0.00017380126532348894
present_5,0.0001737211340442517
rich_1,0.0001736829226647266
money_11,0.00017355584769628536
georgia_6,0.00017350603160198934
council_20,0.00017336715366134532
management_16,0.00017335961546692798
global_8,0.00017294103744967815
william_12,0.00017291913199160604
car_3,0.00017283137314898906
blacklist_3,0.0001727345812551111
investment_17,0.00017259297009236942
present_20,0.00017258350601693256
risk_18,0.0001725318660481129
travel_8,0.00017248868812232626
massachusetts_1,0.00017238597686373497
founded_15,0.00017235429962309833
ceo_18,0.000172313564540144
governor_2,0.00017219301682403144
minister_14,0.00017209342803048273
party_17,0.00017204322629813914
fond_15,0.00017203564024627376
bonds_11,0.00017199976283311812
movement_19,0.00017198633629187833
invest_10,0.0001719350679563349
DOW_JONES_20,0.00017163651916298126
political_3,0.00017163557434839478
representatives_6,0.00017149942774586762
crisis_20,0.000171337496590557
union_13,0.00017120160412583118
hedge_13,0.00017086342284956384
nasdaq_14,0.00017078948299900648
police_18,0.0001707763715727827
chance_8,0.0001707754461291272
wisconsin_19,0.00017070461834203403
republican_19,0.00017046325452408197
seats_3,0.000170357236880281
cash_7,0.0001696602154725905
short_sell_15,0.00016952876869888157
rights_17,0.00016950805575876218
pennsylvania_4,0.00016949057069365366
credit_16,0.00016945013371133774
project_15,0.00016941691941842166
pennsylvania_18,0.00016911114720581012
train_4,0.0001690661243282804
travel_19,0.0001689150154973454
labor_7,0.0001689136243886346
opportunity_3,0.00016889822707870754
default_8,0.00016885838979789695
bonds_6,0.00016884617177647963
return_19,0.0001687394127050973
ring_19,0.0001687323789833431
conflict_6,0.00016870538848897017
fine_20,0.00016855737560371253
metals_5,0.00016851941206016548
fine_10,0.00016842084191314723
industry_2,0.00016834227491099206
fond_5,0.00016823644557378018
products_18,0.00016813193752644132
gold_19,0.00016805994217641162
nasdaq_16,0.0001679214621404653
firm_5,0.00016786657001534807
dividend_10,0.00016777414796596254
portfolio_2,0.00016761553944322582
DOW_JONES_11,0.00016756227499212063
dividend_15,0.0001675338746142654
gain_17,0.00016746542973437037
nasdaq_4,0.00016745757130251862
georgia_4,0.000167418784384111
kitchen_19,0.00016739942727398623
republican_20,0.00016737418663883977
economic_3,0.00016736611178733648
inflation_15,0.00016736062777543417
forex_17,0.0001673435836242433
finance_6,0.00016726798393813658
pennsylvania_5,0.00016716556716436456
conflict_19,0.00016709336087091997
train_9,0.00016694376971483133
profit_14,0.00016685103867286364
DOW_JONES_9,0.00016676200968130923
elected_12,0.00016669466519770183
growth_2,0.0001666913614561464
vermont_10,0.00016668468237033545
served_15,0.00016666163615257384
labor_8,0.00016663854664051208
economics_15,0.00016655754621037157
members_17,0.00016645290066852255
returns_6,0.00016643576105618724
train_18,0.00016618885533677184
market_8,0.00016609871730733546
credit_7,0.0001660503564238933
car_12,0.00016593652896063077
election_16,0.00016569826054240242
elections_1,0.00016569416322246338
committee_18,0.00016565898174925796
inflation_17,0.00016541800562235403
movie_7,0.00016537686991813572
ministry_8,0.00016530512124513156
vermont_17,0.00016523913228319573
cash_3,0.00016521078693095844
products_2,0.0001652074233163753
profit_1,0.0001649763931250173
ministry_9,0.00016497281536706767
community_15,0.00016496912667528324
debt_18,0.00016473043564135364
inc_20,0.00016468672204688654
financial_13,0.00016463035224547877
car_5,0.00016454709943729707
senate_1,0.0001644921888727985
political_12,0.0001643299312125298
corporation_2,0.00016427820885673466
college_1,0.0001642719540314957
revenue_9,0.00016426718644669186
movement_15,0.0001642583840215185
consumption_20,0.0001639964973462064
metals_8,0.0001638966714439334
holiday_5,0.000163889263741426
elections_18,0.00016387630633850838
color_13,0.00016355841099586487
religion_5,0.00016353404094473364
security_4,0.0001635128334621661
conflict_14,0.0001633390375009052
cancer_5,0.00016329197509226985
president_2,0.0001632611810165439
ceo_6,0.00016320131785383448
revenue_4,0.00016300511391013385
freedom_1,0.0001629307087763744
financial_markets_18,0.00016240280952957718
movement_7,0.00016232871067210547
return_20,0.00016221550438847568
cancer_16,0.00016219323739962124
DOW_JONES_18,0.00016210373683261503
crash_14,0.0001620583219171785
economic_8,0.00016191582690814208
washington_14,0.0001619106756001325
unemployment_10,0.00016180128377192525
kentucky_13,0.00016172877564432062
dividend_7,0.00016172631716761298
minister_20,0.00016168379692896531
minister_19,0.0001616312595824988
DOW_JONES_6,0.0001615780134272559
fine_19,0.00016153551580722802
war_6,0.00016143722757759152
transaction_16,0.00016141520096033622
consumption_1,0.00016125628001185369
stock_market_4,0.00016119849804905313
arts_6,0.00016090368066992448
gains_20,0.00016087540777912692
lifestyle_4,0.00016075286308203792
act_20,0.00016070146243473812
york_20,0.00016062082337063466
transaction_18,0.00016048092396286638
million_8,0.000160253923271886
finance_3,0.00016022031955878846
car_6,0.0001602190066895675
act_13,0.0001602073261355685
conflict_5,0.00016018033336921274
economic_11,0.0001601788989583496
dow_jones_16,0.00016009925560918535
fine_18,0.00015976683863654038
rights_5,0.00015973628545865414
democratic_4,0.00015963604620458066
illinois_4,0.00015947148767644757
dividend_12,0.00015946791576997954
committee_13,0.0001594419614752577
million_2,0.00015941039134334024
kentucky_19,0.00015936787483582454
investment_16,0.00015934240418701852
founded_13,0.000159339909309973
gold_1,0.0001592823542859725
firm_13,0.00015927847957005438
pennsylvania_7,0.00015926317895786728
bubble_14,0.0001592358402190975
ore_20,0.0001591799338174946
security_16,0.0001591723708189931
ceo_11,0.00015906793501239383
media_7,0.00015883608646820427
companies_13,0.00015878972249380177
growth_8,0.00015875083442987617
return_11,0.00015868656605973362
growth_14,0.00015851405450926142
derivatives_7,0.0001585023374004541
rich_12,0.00015847609950661278
forex_20,0.00015844819558348606
gain_4,0.00015837689034939464
republican_14,0.00015833354399817816
minister_11,0.00015818337992433751
return_2,0.00015804737924643154
washington_20,0.00015799916862341255
money_8,0.00015798696324098422
house_9,0.00015797058680326145
holiday_8,0.00015788872990153279
social_18,0.0001577940505687025
nasdaq_1,0.0001577815345314836
washington_15,0.00015767130357730917
union_7,0.00015757222708971894
fun_1,0.00015745496319191597
committee_20,0.00015722369939509022
DOW_JONES_16,0.0001570221893600094
leverage_19,0.0001568428931721505
senate_7,0.00015672475914367765
ceo_17,0.0001566887955066099
movement_11,0.00015665261045430228
industry_14,0.0001566219612560556
votes_7,0.00015655788390142928
development_2,0.00015647127233221842
portfolio_18,0.0001564027230751117
governor_10,0.00015638319896059343
debt_14,0.0001563652589183577
minister_8,0.00015622232795641186
security_11,0.00015616321777876092
million_3,0.00015610394047572802
elected_19,0.0001560781158202762
success_6,0.00015606195155055868
greed_7,0.00015598707380880042
council_10,0.00015556436256021304
freedom_13,0.0001554941167973565
debt_10,0.00015542195634219767
media_8,0.00015539445247862154
loss_13,0.00015535332588229318
trader_10,0.00015532714641730363
housing_10,0.00015532685154755137
served_4,0.0001552904995843036
financial_9,0.0001552650502958309
development_20,0.00015525477904837801
rich_16,0.0001552239724473575
travel_15,0.00015512336674815502
crisis_12,0.0001550958572669454
global_1,0.00015495514088441944
lifestyle_7,0.00015475239614008671
representatives_12,0.00015460513037735444
nyse_15,0.00015457911620647355
short_sell_8,0.00015450999028031356
leverage_11,0.0001544045727158028
return_14,0.00015435373070949986
headlines_7,0.00015434550319696997
ore_11,0.00015417646406696276
cash_12,0.00015406722102816035
food_19,0.00015402564377169447
environment_19,0.00015399317157588783
project_4,0.00015396525388638598
missouri_7,0.00015384124833740158
money_13,0.00015382480857616473
massachusetts_3,0.00015374994614608564
georgia_14,0.00015365786846413003
invest_19,0.00015356506210611158
portfolio_3,0.00015353903828973866
conflict_20,0.00015347881590257347
returns_12,0.00015329101428212958
car_16,0.00015321539595159866
loss_9,0.00015298172069307502
cash_8,0.00015289212034956922
risk_9,0.00015286670404577088
energy_19,0.0001526241504643268
gain_5,0.00015262241715856034
risk_7,0.00015254321457159725
leverage_14,0.0001525041255562154
republican_17,0.00015239902055564318
default_3,0.0001523486415894905
gain_10,0.00015230251647307358
restaurant_11,0.00015229558480650397
gains_9,0.00015229277386633066
society_16,0.00015223275730769973
seats_19,0.00015222365217088988
industry_8,0.00015221788609275972
firm_7,0.00015218689939315992
elected_15,0.00015217772613105476
justice_19,0.00015209980251499654
investment_6,0.0001520983808430931
case_17,0.00015203272622443836
trader_13,0.00015201232877817792
nyse_13,0.00015184209645544274
bank_20,0.00015159835159153358
politics_12,0.00015159739156290624
representatives_1,0.00015155258423852543
car_19,0.0001514920861112514
minister_17,0.00015109119389728528
trader_8,0.00015098711174348198
service_4,0.00015092168121543594
portfolio_4,0.0001508591940596721
present_18,0.0001508130931673643
elections_16,0.00015072597480686952
arts_19,0.00015069975730885044
gain_6,0.000150638125738279
kentucky_11,0.00015061112113485766
metals_9,0.00015060758903663016
DOW_JONES_1,0.00015049469764970346
transaction_12,0.0001504469083260631
ceo_19,0.00015042732265344383
carolina_6,0.00015042638599275227
ltd_18,0.00015019507379842076
elections_15,0.00015012847326891762
society_9,0.00015007945359736866
leverage_8,0.0001499103669842307
kentucky_20,0.00014980489144774447
gains_11,0.0001497877322228255
ltd_8,0.00014962636418890782
stats_1,0.0001493979676623834
buy_1,0.00014925884239808983
consume_20,0.00014920065959419542
rights_12,0.00014919711100975654
religion_7,0.00014916133167850403
crash_1,0.0001490916106515707
trader_18,0.0001490115809241416
portfolio_19,0.0001489944326647087
global_5,0.00014899085185006206
opportunity_1,0.00014894922772946392
ceo_20,0.00014889625408827373
debt_11,0.00014874593667661722
world_13,0.00014868491925156734
nyse_12,0.00014861396857901132
world_15,0.00014861087433421235
republican_3,0.00014858923193182194
gold_20,0.00014847828056494032
forex_18,0.00014844918949777854
earnings_9,0.00014837587684335637
voters_17,0.0001479620798893434
fine_17,0.00014768076290100422
governor_14,0.00014767085383819175
dividend_19,0.00014760379224815846
fine_9,0.00014752550922074423
loss_10,0.00014749032326070674
voters_6,0.00014748824781556926
seats_5,0.00014739990951518164
secretary_10,0.00014734843672582982
portfolio_9,0.00014729220870307559
war_4,0.00014725629287392605
crash_11,0.00014716809056360765
served_11,0.0001471669301452951
society_14,0.00014715732968976196
founded_8,0.00014701546792171254
metals_10,0.00014693146465097933
financial_markets_10,0.00014689173489424083
stock_market_5,0.000146806071341873
banking_4,0.0001467701984184259
vermont_11,0.0001467477161449112
finance_16,0.00014667539516567332
stocks_3,0.00014658694396326623
missouri_6,0.00014652699260466693
votes_20,0.0001464914240211175
law_19,0.00014644054236111082
religion_16,0.00014639813585340446
movement_18,0.00014638660166877524
governor_15,0.00014601945293245088
blacklist_17,0.00014599664148634128
default_15,0.00014590422162091485
technology_9,0.00014587426007708302
tourism_13,0.00014581627082483568
financial_markets_17,0.00014543144970896718
culture_10,0.00014537624995799399
conflict_18,0.00014531791818308724
growth_10,0.00014518501668735713
ohio_11,0.0001451463971804852
minister_7,0.00014505035870293444
voters_18,0.00014492595483388967
leverage_9,0.00014491733015442896
default_12,0.00014459909732382598
inflation_12,0.0001445695951704408
loss_2,0.00014455839662395642
sell_17,0.0001444687992075295
portfolio_12,0.00014435562443230183
massachusetts_10,0.00014420937143406364
elections_7,0.0001441825405514429
economy_19,0.00014411696957271876
ministry_15,0.00014410715126423435
republican_11,0.00014398890915393636
trader_5,0.00014382141416905374
william_7,0.00014366010743665255
police_7,0.00014356952140314575
health_11,0.00014350525101123983
served_8,0.00014346686095349342
society_13,0.00014345234496710604
energy_6,0.00014312109814366788
served_6,0.00014310868137678607
lifestyle_5,0.00014309132842515966
products_4,0.00014305400547170056
corporation_19,0.00014304151683543827
cancer_8,0.00014289380471379563
georgia_10,0.00014286072250591767
chance_10,0.0001427686757472984
trader_9,0.00014276219578264788
return_16,0.0001426807606572772
york_5,0.0001425547653291772
inflation_18,0.00014254193174072417
wisconsin_20,0.00014251296444706208
senate_16,0.00014236466407522758
law_17,0.00014233464915884575
garden_10,0.00014205255156764658
growth_15,0.00014203691780253572
fed_9,0.0001419121743610137
return_4,0.00014185646952578378
chance_15,0.00014184521479007264
short_selling_1,0.00014181215207400533
election_8,0.00014179972022259794
train_15,0.0001417680631829131
returns_14,0.00014159280455311167
stock_market_18,0.0001415887796535878
votes_5,0.0001415650106423991
seats_18,0.000141554761146236
consumption_14,0.00014151410710589872
risk_19,0.00014130883414506515
war_5,0.00014128152367187552
return_13,0.00014119087743035236
ceo_14,0.00014112580580946134
politics_3,0.00014108137876808462
rich_11,0.00014101981099890338
short_selling_20,0.00014098360369229926
returns_2,0.00014091047923598966
investment_3,0.00014088168808943792
tourism_5,0.00014084043019778577
tennessee_12,0.00014070089624777609
federal_5,0.00014063429122386742
fed_14,0.00014059350596309976
crisis_17,0.00014036047505435294
political_13,0.00014014753993004154
revenue_7,0.0001400449418922221
returns_8,0.00014000006766975358
ore_3,0.00013994187939113484
finance_14,0.0001399290628815391
vermont_12,0.00013987601248092852
judge_4,0.00013964817544844584
ministry_11,0.00013953645141773037
crisis_1,0.0001395101512513873
crisis_8,0.00013940385987473638
ohio_7,0.00013938137881434626
politics_4,0.00013937602189011998
success_2,0.00013933111469393805
fond_1,0.000139327976714503
stocks_4,0.00013918443449107294
environment_17,0.00013909070260812261
bubble_10,0.00013895617701977758
fond_16,0.00013893826896976596
stock_market_14,0.00013891837225467386
invest_16,0.00013889919196870642
case_20,0.00013886963475049667
movement_14,0.00013872799270206408
blacklist_19,0.00013868078999750618
blacklist_9,0.00013863268991455162
labor_2,0.00013850543561931666
derivatives_20,0.0001384835789602889
finance_10,0.0001384746680392059
social_14,0.00013843913146533858
firm_10,0.00013823863189317827
short_sell_4,0.00013818530404824628
ceo_3,0.00013811050574173152
vermont_13,0.00013809567490251145
profit_18,0.0001380085299878288
earnings_20,0.00013799457582162663
opportunity_2,0.00013789462601270503
elected_6,0.00013778914614604823
stocks_16,0.00013769926766000283
tennessee_11,0.00013764755027679138
financial_15,0.00013761998141240578
marriage_20,0.00013745890602005536
risk_3,0.00013741996596607555
metals_2,0.00013712866393367302
conflict_17,0.00013710051593509914
lifestyle_10,0.00013705299917077742
religion_14,0.00013693143224348457
ministry_7,0.00013660881332056685
votes_3,0.0001366078526933776
votes_6,0.0001362215235449801
carolina_5,0.00013618565569161123
blacklist_10,0.0001361139638148211
million_20,0.00013610877800157578
bonds_20,0.0001360970672809963
marketing_15,0.0001358900406122178
politics_2,0.00013581628245613102
police_6,0.00013573460004727658
trader_6,0.0001355861874348503
crash_5,0.00013554039818753315
derivatives_13,0.00013549311651962938
stats_4,0.00013541745954693152
restaurant_13,0.0001352963188028006
vermont_1,0.0001347597923962423
success_1,0.00013472074372491202
industry_17,0.00013431879343748124
virginia_4,0.00013419464354367982
home_4,0.00013408694688897657
returns_4,0.0001340623369399887
metals_17,0.00013398868753128996
profit_19,0.000133975983837161
freedom_14,0.00013385616714283312
car_1,0.00013378418819271268
money_5,0.00013342600036436963
committee_1,0.00013342572496456332
short_sell_18,0.00013339778473022074
wisconsin_16,0.00013309599056265383
environment_4,0.00013305327309736642
society_10,0.00013288028336496765
default_4,0.0001327427459090086
profit_10,0.00013272902412455844
markets_18,0.00013257781813289562
financial_markets_8,0.00013248831844404421
committee_16,0.00013237766277637231
pennsylvania_16,0.00013234660377882927
ceo_16,0.00013222073043200175
default_1,0.00013162565351909988
security_15,0.0001316061851080673
project_8,0.00013153842300620426
fond_3,0.00013145045769018103
environment_18,0.00013144285148669054
massachusetts_13,0.00013140278318014498
democratic_7,0.00013132284882533615
society_17,0.00013117499742848636
elections_2,0.00013095861586587195
train_5,0.00013080312220244903
virginia_10,0.0001307430437725749
headlines_13,0.00013069804859277946
ministry_14,0.0001305984505735112
economy_7,0.00013037629682301528
dividend_5,0.00013029220599632317
profit_7,0.00013028391840865438
forex_6,0.00013019905896610983
color_2,0.00012981149927065384
cash_10,0.0001298067416547415
trader_7,0.00012937534956404808
services_16,0.00012929187579589118
bubble_2,0.0001289946474583239
justice_13,0.00012881182353500462
consumption_19,0.00012874149381033697
return_1,0.00012842089127735104
seats_15,0.00012832760385696705
home_6,0.00012828263209959387
markets_10,0.0001280999679495921
members_9,0.00012809416053091165
wisconsin_18,0.0001280283174606328
technology_17,0.00012790300539289431
greed_1,0.0001278490861597904
consumption_9,0.00012772313260160694
fond_2,0.0001274763507967474
crisis_5,0.00012737958807077437
fond_11,0.00012737009942940557
ore_7,0.00012709226230975606
voters_2,0.00012694469833278492
food_3,0.00012674819893597478
consume_11,0.00012673791083123002
members_3,0.00012652403641770315
secretary_12,0.00012650001214591558
greed_13,0.00012641276586552804
derivatives_8,0.00012629298181259698
metals_1,0.00012625781633607158
republican_2,0.00012625568651281383
corporation_1,0.0001261936784707695
minister_3,0.00012615560154975437
missouri_3,0.00012605405531893065
illinois_7,0.00012602409562607558
food_12,0.00012581203827871526
default_5,0.00012581145234489232
economics_17,0.00012563165726232312
election_2,0.00012552452418914718
financial_markets_14,0.00012540437568084355
invest_6,0.00012526116794639867
seats_2,0.00012519193500438802
nyse_20,0.00012509072377551913
hedge_20,0.00012477537980131972
returns_20,0.00012462783459472667
chance_11,0.00012453171122417725
million_15,0.00012451157969986515
forex_3,0.00012429912979846928
opportunity_6,0.00012429203390795107
headlines_17,0.00012400376262313966
served_2,0.0001236248116800304
derivatives_9,0.00012343428912204234
vermont_14,0.00012316583307254235
elected_18,0.0001231002643291974
ministry_3,0.0001229210213153181
marriage_9,0.00012273223992397093
inflation_1,0.00012261487507712104
gains_10,0.00012245635053461596
headlines_5,0.00012232504821616322
crash_12,0.00012203506332302637
trader_17,0.0001220253343479588
derivatives_10,0.00012192091344019983
tourism_7,0.00012191583033828347
massachusetts_9,0.00012189784022121367
blacklist_18,0.00012175493269782583
metals_6,0.00012164320212858767
william_2,0.00012156857316325865
war_15,0.0001215569148731844
default_18,0.00012138037631759658
nyse_14,0.00012134075600080002
fun_2,0.00012131650711359319
greed_15,0.00012122528507020005
dow_jones_4,0.0001210623200213733
government_17,0.00012104896003890857
DOW_JONES_19,0.00012083987240969655
york_19,0.00012078663692951391
water_5,0.00012058401224002836
pennsylvania_13,0.00012055556967698591
economy_14,0.00012055086107300945
financial_markets_1,0.00012027941851496875
investment_4,0.00012018701025815857
growth_11,0.00012006928546948986
conflict_2,0.0001198470173323914
invest_2,0.00011959303289391946
president_6,0.00011955484987306751
home_14,0.00011906944416770376
success_11,0.00011899843707502724
invest_14,0.00011887890361190383
served_14,0.00011871577162208444
bonds_18,0.0001184790501972296
minister_2,0.00011834229171868623
crash_18,0.00011815104346765832
risk_11,0.00011807820463774236
kitchen_4,0.00011789482529425293
default_14,0.00011784221042768613
transaction_6,0.0001177897126839999
members_14,0.0001177707287915314
technology_10,0.00011755760601025965
crisis_13,0.00011738122541697332
stock_market_13,0.00011726521901079211
blacklist_1,0.00011723277053709824
ministry_4,0.00011712653570019673
economy_2,0.00011682579502906653
forex_16,0.00011680914815312228
energy_13,0.00011660409591475335
voters_13,0.00011639427698206909
political_6,0.00011630594707388902
arts_3,0.00011625999196784207
governor_3,0.00011605024229103325
greed_10,0.00011574620180969808
bubble_11,0.00011568484502324631
crash_17,0.00011536083342047473
forex_5,0.00011526795048231782
hedge_2,0.00011507100152597051
transaction_7,0.00011498732798673147
sell_13,0.00011498492475093624
risk_15,0.00011483458120871687
democratic_1,0.0001146642913584395
firm_17,0.00011465626442004523
default_16,0.00011451636932398384
loss_17,0.0001143303583553392
consume_14,0.00011422984797653477
nyse_19,0.00011403445762488436
nyse_8,0.00011396316410616473
industry_19,0.00011391752042376355
seats_7,0.00011387929497053941
stock_market_19,0.00011382544132597388
fun_12,0.00011354325408432021
nasdaq_15,0.00011304194784240076
earnings_5,0.00011291464063039109
stocks_8,0.00011260026393864248
metals_20,0.00011258762389776246
freedom_18,0.00011258377739655256
elected_4,0.00011248641474838445
founded_12,0.00011226200695676026
nyse_11,0.00011207592945611563
banking_3,0.00011206644054508252
invest_17,0.00011174468433621277
garden_11,0.00011159185976300112
kitchen_6,0.00011154172366275944
economics_18,0.00011139040771015293
chance_9,0.00011133376883491943
marriage_10,0.00011124179323155764
garden_16,0.00011123402394780447
headlines_16,0.00011104329987573533
returns_7,0.0001110133165641371
founded_10,0.00011097377151130647
invest_18,0.00011054985876059187
economics_6,0.00011050103518806975
success_8,0.00011048542188576192
minister_4,0.00011038307104984831
environment_11,0.00011005702632671255
dividend_17,0.00010996527481382298
fed_11,0.00010983279737048598
hedge_15,0.00010976583112636569
elected_11,0.00010940724341811457
hedge_1,0.00010933436222088608
firm_2,0.0001092669200413402
markets_20,0.00010886091996675811
short_sell_10,0.00010877360524963102
culture_17,0.00010848350678093709
founded_9,0.00010846060710667193
leverage_1,0.00010836999075580734
consume_3,0.00010827799896824239
forex_7,0.0001079824249892398
project_20,0.00010795960549622228
ltd_12,0.00010709183462274129
profit_20,0.00010683173742817071
fond_12,0.00010678440377115029
lifestyle_19,0.00010645984196879725
ring_11,0.00010639619010019859
transaction_14,0.00010633451055018527
nyse_5,0.00010612295233528756
consumption_6,0.00010598275857816905
markets_14,0.00010592597177240896
inflation_20,0.00010582915873979008
elected_20,0.0001055309126869188
derivatives_4,0.0001052863853542521
justice_3,0.00010527907145656321
founded_17,0.00010525696764471824
movement_10,0.00010508940026967084
freedom_16,0.00010478876905493508
metals_7,0.00010461953132089693
carolina_20,0.00010460573049269721
greed_4,0.00010453910181741783
elected_1,0.00010436986599246798
democratic_10,0.00010434413334528284
kentucky_7,0.00010419368634540324
leverage_6,0.00010416378281974524
elections_20,0.00010406456425530082
fond_18,0.0001040079069267188
crisis_3,0.00010398888380055567
finance_15,0.00010394783738719687
members_15,0.00010385442107560468
bubble_13,0.00010382932271873825
chance_12,0.00010378410156116923
ceo_2,0.00010359071452413516
inflation_14,0.0001034591563304856
opportunity_18,0.0001032306361195392
metals_13,0.00010308100102769476
served_7,0.00010303998618524869
economy_10,0.00010301030086812042
arts_13,0.00010298832982982618
representatives_11,0.00010284735329214684
ltd_11,0.00010278609105844048
earnings_7,0.00010271028254359034
council_2,0.0001027019271186428
ceo_8,0.00010261434385798372
conflict_3,0.00010251524713353296
profit_9,0.00010240229121295304
earnings_1,0.000101915317807113
nyse_9,0.0001014886979436837
returns_11,0.00010130684279008172
blacklist_12,0.00010123261093223484
voters_14,0.00010108116392522564
cancer_4,0.00010088005230655652
consume_16,0.00010087610049291462
metals_16,0.00010082824937246166
dividend_9,0.00010058328657941613
technology_18,0.00010024270823739113
political_16,0.0001000983590304662
greed_18,9.976561495935884e-05
rich_5,9.967576505230727e-05
elections_5,9.917314494057406e-05
elected_16,9.85797680147286e-05
freedom_7,9.854369605285268e-05
markets_15,9.834914401063926e-05
ore_4,9.817309576956818e-05
served_19,9.809705577176749e-05
culture_5,9.806942849695721e-05
BUY_AND_HOLD_14,9.788826056155316e-05
pennsylvania_12,9.761035776066538e-05
dividend_20,9.753545789823794e-05
founded_3,9.740744845415966e-05
founded_18,9.694568292947716e-05
return_3,9.67383129003006e-05
ministry_19,9.6433051995799e-05
cash_13,9.595030582748468e-05
default_11,9.576001745818292e-05
hedge_18,9.558168214026408e-05
marriage_2,9.505411788243706e-05
politics_9,9.498865379385291e-05
conflict_11,9.496452470508321e-05
economics_16,9.495338081005345e-05
nyse_16,9.457919890889352e-05
committee_11,9.452599197561688e-05
democratic_13,9.43644045905761e-05
tourism_2,9.357683481931284e-05
dividend_13,9.353805133443216e-05
lifestyle_17,9.344596071141744e-05
environment_20,9.318858302942521e-05
success_12,9.254819101283669e-05
economy_11,9.239880578352872e-05
industry_20,9.220834356190914e-05
rights_3,9.218553579863675e-05
forex_11,9.214640586767353e-05
illinois_8,9.203153236325529e-05
council_16,9.147367758399069e-05
nasdaq_10,9.146486405457923e-05
fun_11,9.124219913982024e-05
gains_12,9.090980390675572e-05
inflation_16,9.058596204010268e-05
success_5,9.049652353478747e-05
fed_20,9.006399210601786e-05
opportunity_8,9.00209460518879e-05
earnings_15,8.970479614670583e-05
derivatives_16,8.957853905871985e-05
tourism_1,8.932436969446467e-05
leverage_3,8.883762112351421e-05
headlines_14,8.882257613802112e-05
returns_1,8.877859692412475e-05
greed_19,8.841793540696198e-05
short_sell_2,8.809569465885396e-05
growth_17,8.796963204176164e-05
invest_12,8.791816601945732e-05
fond_6,8.769230398931163e-05
earnings_3,8.757189865252172e-05
market_19,8.744832835293079e-05
blacklist_8,8.735541520521879e-05
present_3,8.727721370454577e-05
stocks_14,8.721198600325727e-05
forex_12,8.673901547589179e-05
lifestyle_8,8.672429299968923e-05
crisis_14,8.658056192866095e-05
consumption_8,8.642059672018394e-05
votes_2,8.621885972194985e-05
voters_19,8.585774496868795e-05
present_6,8.553366461236534e-05
rare_earths_19,8.548829209969752e-05
risk_2,8.539417287322777e-05
nyse_1,8.528235631319904e-05
present_16,8.486064814778819e-05
profit_4,8.406664818120355e-05
present_11,8.380569343640702e-05
metals_18,8.375705658334893e-05
ministry_10,8.365238926462053e-05
headlines_12,8.324129702082724e-05
minister_5,8.3015174033842e-05
cash_17,8.217353599343387e-05
economics_13,8.203551990688695e-05
gain_18,8.163515146018219e-05
fond_17,8.14837272381678e-05
lifestyle_2,8.134159574611792e-05
ore_12,8.132034037811278e-05
inflation_5,8.0569355468166e-05
leverage_5,8.041640827568225e-05
gain_12,7.91338442786879e-05
derivatives_19,7.912420958603411e-05
arts_5,7.88278912581144e-05
blacklist_13,7.872431171510966e-05
financial_markets_19,7.818072649125249e-05
consume_15,7.706178543746241e-05
marriage_13,7.705625687751961e-05
members_5,7.699944751718004e-05
members_11,7.590521133231192e-05
derivatives_12,7.519520647737602e-05
short_sell_5,7.435902070833608e-05
short_selling_15,7.427306008975899e-05
financial_markets_20,7.374918833637131e-05
gains_5,7.300007899734519e-05
nasdaq_9,7.192709508104836e-05
success_3,7.169753492656645e-05
economics_4,7.146387419861433e-05
color_17,7.065477118928237e-05
BUY_AND_HOLD_1,7.02279014543692e-05
blacklist_16,6.988257255785423e-05
sell_6,6.927108984930727e-05
founded_7,6.767319095672287e-05
short_selling_2,6.728686059506488e-05
metals_15,6.635757108164408e-05
blacklist_14,6.627948470899101e-05
short_sell_12,6.615716150952476e-05
hedge_12,6.584081761182447e-05
ore_19,6.56938845177995e-05
fond_19,6.536542244723175e-05
returns_3,6.508049512012484e-05
BUY_AND_HOLD_17,6.47750085329585e-05
financial_markets_6,6.355525335140527e-05
dividend_16,6.34576726809486e-05
lifestyle_11,6.344718231159295e-05
short_selling_11,6.274983498111271e-05
elected_3,6.26862573698627e-05
votes_4,6.095009003840533e-05
blacklist_6,5.988443422586985e-05
financial_markets_15,5.955721796042173e-05
seats_8,5.823304106844965e-05
short_selling_19,5.7824795628640574e-05
elected_8,5.7114991829233e-05
consume_9,5.6181309804078085e-05
greed_6,5.563528379559811e-05
short_selling_14,5.5600435376560666e-05
BUY_AND_HOLD_10,5.541751458597567e-05
BUY_AND_HOLD_7,5.507868408238121e-05
forex_1,5.462370866003094e-05
portfolio_20,5.39895546684752e-05
founded_14,5.383847744591691e-05
members_18,5.3185846272146144e-05
short_sell_3,5.28474662921652e-05
derivatives_11,5.2793086623793155e-05
rare_earths_14,5.233709614620491e-05
greed_12,5.2075896322557346e-05
short_sell_9,5.187826578447699e-05
consume_19,5.075340591159601e-05
greed_2,5.018771658887281e-05
gains_8,4.9667312560118484e-05
short_sell_17,4.954155031805519e-05
fine_14,4.8930860411122586e-05
short_sell_6,4.8851001998040836e-05
short_sell_16,4.811701414138098e-05
blacklist_7,4.7512640301228774e-05
BUY_AND_HOLD_8,4.745554514004787e-05
short_selling_17,4.717710641791655e-05
inflation_8,4.684135811205851e-05
consume_12,4.662205749536506e-05
consume_6,4.435192399406584e-05
fond_4,4.321204879472702e-05
BUY_AND_HOLD_16,4.251555593212319e-05
financial_markets_4,4.2017777663311575e-05
short_sell_1,4.076852653443459e-05
short_sell_11,4.00822863994108e-05
financial_markets_13,3.948391383377792e-05
bubble_7,3.874890860863185e-05
greed_17,3.8530045005931e-05
consume_10,3.796289094690357e-05
consume_4,3.7703587201459726e-05
rare_earths_4,3.400152218344133e-05
greed_11,3.361763984123147e-05
short_sell_7,3.2351668465685145e-05
rare_earths_18,3.088761273039771e-05
representatives_5,2.812645704938265e-05
short_sell_19,2.577657210668605e-05
BUY_AND_HOLD_5,1.6086109784246538e-05
consume_8,1.5248830750599712e-05
BUY_AND_HOLD_3,1.3527529377726496e-05
short_selling_3,1.2299895777036242e-05
BUY_AND_HOLD_4,1.1882180996359136e-05
short_selling_7,1.0465871666070396e-05
BUY_AND_HOLD_19,4.453738200901816e-06
financial_markets_3,4.051533492860946e-06
rare_earths_5,1.6684475873428115e-06
BUY_AND_HOLD_18,1.001354798335302e-06
BUY_AND_HOLD_6,
BUY_AND_HOLD_9,
BUY_AND_HOLD_13,
BUY_AND_HOLD_20,
rare_earths_2,
rare_earths_3,
rare_earths_7,
rare_earths_8,
rare_earths_9,
rare_earths_10,
rare_earths_11,
rare_earths_12,
rare_earths_13,
rare_earths_15,
rare_earths_16,
rare_earths_17,
rare_earths_20,
short_sell_13,
