feature,feature_score
financial_markets_11,0.02156297503740904
ring_6,0.01583913708748066
greed_8,0.014145203370101769
dow_jones_11,0.014007769700119656
democratic_4,0.013016977287609493
election_13,0.011575756411984323
consumption_14,0.01017305179968823
dow_jones_12,0.009629367976974591
growth_13,0.008855821271513768
technology_11,0.00882635454407289
nasdaq_6,0.008736859509071236
short_sell_20,0.008587836408815648
financial_11,0.008293348047645114
law_13,0.008153302564896435
nyse_12,0.007770724960304922
ring_10,0.0076480332416547815
financial_13,0.007609370430669609
illinois_5,0.007490134844655888
consumption_15,0.007463524147596459
senate_2,0.007302456205309719
government_11,0.00719256874956494
money_12,0.006923288997602431
elections_9,0.006898501682205597
stats_17,0.006820084144228733
bubble_7,0.006737689509212543
bank_11,0.0064990796732958
garden_13,0.006415527552852685
travel_4,0.00622887732258666
cancer_13,0.006168270757095929
ring_1,0.00611623651866138
society_16,0.005529132905194914
corporation_8,0.0054817375716717355
crash_19,0.005476888936932247
religion_8,0.005372984237007606
color_1,0.005247348865252335
crisis_3,0.005205946795401907
nasdaq_13,0.005198863901304465
ceo_3,0.005195093467276103
media_11,0.005151346482297441
service_14,0.005072105219915782
rich_6,0.005061572466908016
development_11,0.0049937799068700715
lifestyle_5,0.004840684034581182
portfolio_7,0.00481394876165074
inflation_14,0.004802519085957728
movement_8,0.004728830556569498
market_1,0.00462599151474142
inc_2,0.004602129725000958
social_19,0.0044616373102478075
crisis_15,0.00441427949488152
police_11,0.004396259232297243
founded_9,0.0042469133478406605
garden_10,0.004133747877591664
business_12,0.004118384203949085
republican_17,0.004118048221182515
corporation_2,0.004081738651127486
lifestyle_14,0.004038943874739022
arts_9,0.0040373980221211645
war_20,0.004027953658470976
food_18,0.0039603064763517005
act_2,0.0038769503100005423
house_1,0.003834745013022522
financial_markets_6,0.003827804804685523
services_3,0.0038190348082541297
case_13,0.0037816620553004538
crash_17,0.00373421831161759
bank_17,0.0036787136892438227
energy_1,0.003663976622140149
economic_12,0.0036551586227043134
trader_13,0.0036457240968096657
credit_15,0.0035851988372757595
markets_4,0.0035307609864797056
nasdaq_15,0.0034908523328692443
financial_markets_15,0.0034114729917745137
county_19,0.0034052372379151344
finance_4,0.003395128345523917
wisconsin_4,0.0033723933582810927
companies_15,0.0033577131005146305
seats_6,0.003338059845030639
legal_19,0.0033214190207314803
water_3,0.0033172902786069765
invest_19,0.003292009409671911
fine_7,0.0032427565162148147
cash_18,0.003188630856795313
politics_3,0.003178083875057335
court_19,0.0031403002611283745
banking_11,0.003122997019721769
justice_19,0.003094482477898685
justice_10,0.0030608163938745945
act_10,0.003021044435957721
marketing_4,0.002991422817782639
holiday_13,0.002974870591097533
economics_9,0.0029700226353287567
kentucky_4,0.00296469128569048
development_6,0.0029364001851325872
travel_14,0.002909316275494329
religion_19,0.0029076761006730247
president_6,0.002902512344507127
council_9,0.0028983491548505856
district_6,0.0027842619701683143
leverage_14,0.0027290373042079693
seats_15,0.002655713840915052
york_8,0.0026527190328720337
elected_16,0.002631440262549421
trader_10,0.002598070508675983
food_12,0.0025718791239458944
health_6,0.002564539749952077
movie_6,0.002547253421186885
fun_5,0.002536430330525986
money_9,0.0025353256155698466
secretary_13,0.0025290764545454762
holiday_2,0.002499798726118265
vermont_15,0.002444314404472397
secretary_8,0.0024426584228845827
project_10,0.002426200015940209
stats_1,0.002399827668716176
voters_5,0.0023844068653285358
greed_20,0.0023412694238630067
texas_11,0.002337337151685932
inflation_20,0.002304641185503985
default_4,0.002263448158811671
travel_13,0.0022367302260872853
housing_19,0.0022291355757523
lifestyle_12,0.0021850333870677037
portfolio_6,0.0021778628075999067
services_9,0.0021526457976479693
party_15,0.0021414575032234354
BUY_AND_HOLD_8,0.002129223794625578
train_13,0.002120666372400174
governor_13,0.0021116185968657604
fun_18,0.00209529088508549
transaction_14,0.0020703089808942142
lifestyle_2,0.002053957415573162
train_18,0.0020302047978066327
home_17,0.002010112936681938
short_selling_8,0.0020076906246225047
voters_9,0.0020022709192180333
energy_13,0.001992996697413285
tennessee_6,0.0019903406846511467
marriage_15,0.0019679385802417746
movement_18,0.0019418387671926239
marriage_20,0.001936898339900598
stats_13,0.0018563897500813824
case_10,0.0018510617271947653
revenue_18,0.0018467238857183133
short_sell_6,0.0018307031100468485
opportunity_20,0.001820519304445508
police_18,0.0017995225842237167
inflation_2,0.0017920525916504519
fine_1,0.0017643855467636173
massachusetts_17,0.0017086369642515071
earnings_6,0.0017071948026281631
arts_18,0.0017062434632684929
court_2,0.001704739722793998
ministry_12,0.0016867114935201176
religion_7,0.0016727594611355516
voters_2,0.0016695951382930132
management_11,0.0016575457808229409
management_17,0.0016363579674065838
hedge_6,0.001634919650731614
gains_6,0.001630621233334741
tourism_2,0.0016256800193008342
marriage_13,0.0016237997730841095
global_18,0.0016175749647298788
market_7,0.0016118562105198713
crisis_4,0.001608911970157117
kitchen_19,0.001579771996326809
politics_9,0.001576134706162331
derivatives_10,0.0015734802485126785
party_4,0.001544679660432739
governor_10,0.001530042903656437
county_5,0.0015216347248503054
environment_6,0.0014969683363746768
blacklist_7,0.0014648211190334535
president_16,0.0014560841910122367
trader_14,0.0014410201225609814
governor_16,0.001425180001633193
illinois_15,0.0013840352406947318
ring_16,0.0013810579726072547
blacklist_6,0.0013700913460928644
kentucky_11,0.0013639188726728886
risk_16,0.0013622200663146232
ministry_15,0.0013608265996684786
college_19,0.001358122959971169
members_2,0.0013416841419366672
freedom_20,0.0013267928391796676
ohio_18,0.0013265851362268134
office_9,0.0013001609153890186
media_12,0.00127999579825165
success_13,0.0012668840825812214
business_6,0.0012538990892802609
security_13,0.001249862446379542
market_3,0.0012411852785307231
washington_9,0.0012124948192451153
rare_earths_16,0.0012106146256097823
ltd_7,0.0011931195560061225
massachusetts_20,0.0011836963312922765
law_6,0.001175042052062883
corporation_13,0.0011720838254165526
water_16,0.0011676680300116932
movie_17,0.0011673273554846828
college_6,0.001165001076508856
ltd_10,0.0011501913464676725
members_6,0.0011261742649830832
short_sell_19,0.001117388917696082
stocks_19,0.0011070489632120976
industry_7,0.0011019978332419754
million_7,0.0010993058910447502
massachusetts_8,0.0010920038158434033
hedge_12,0.0010899454384034348
stocks_5,0.0010780683261624225
earnings_7,0.00106666778575369
seats_11,0.0010655963754837813
police_2,0.001056055257968818
media_13,0.0010479484316871378
judge_6,0.001028416307918616
project_14,0.0010117098537805224
county_4,0.0009849989693733762
health_20,0.0009720382801809324
energy_7,0.0009717076823230936
law_1,0.000970228126189733
judge_2,0.0009586778282427476
york_16,0.000955048023443877
money_3,0.0009439784411000644
william_20,0.0009336884476375543
debt_13,0.0009274745174705248
finance_2,0.0009269290407485768
movement_17,0.0009171206577469249
restaurant_12,0.0009110385483319344
oil_17,0.0008975661783787119
economic_9,0.0008968648803541519
war_9,0.000889404141028653
financial_markets_19,0.0008893452294322608
college_7,0.0008888246252664764
texas_6,0.0008782486275304514
vermont_13,0.00087356138757747
economy_9,0.0008733611727363059
texas_10,0.0008684363867589022
financial_12,0.0008648905096815852
secretary_14,0.0008597798188247677
lifestyle_16,0.0008521674154426217
hedge_5,0.0008409353882676177
restaurant_10,0.0008347670882896928
home_20,0.0008343177789128972
conflict_15,0.0008311516095633069
ministry_7,0.0008265740647530742
washington_4,0.0008230950210982768
minister_7,0.0008093400658294303
leverage_5,0.0007919692504168769
kitchen_14,0.0007914904261530258
tourism_12,0.0007826918786181076
service_18,0.0007800939872757875
marriage_6,0.000774972720998769
restaurant_18,0.0007731964407181818
business_7,0.0007692733220413853
happy_13,0.0007678344489061081
elected_6,0.0007656687606910424
gold_19,0.0007640527074988918
industry_11,0.0007626857929117153
credit_14,0.0007608787802589758
fun_1,0.0007606900732664421
stocks_7,0.000736328265497532
cancer_20,0.000721812061437978
inc_10,0.0007209423303376019
blacklist_11,0.000718854541361253
sell_15,0.0007168940798663332
college_14,0.0007130564299199754
success_4,0.0007111129189493863
legal_5,0.0007085809681560793
corporation_1,0.0007051236630716254
legal_15,0.0007001438955312259
market_8,0.0006948953843316504
gold_18,0.000692362544391576
returns_14,0.0006897447521345268
project_11,0.0006834407998183611
vermont_19,0.0006762662928352964
development_18,0.0006745387666127551
federal_5,0.0006728106434329445
political_9,0.0006664658761640625
governor_7,0.0006620699705127963
chance_5,0.0006594793757902187
massachusetts_2,0.0006431817397436957
economics_14,0.0006369085430442338
missouri_6,0.0006346164385358567
gains_11,0.0006320406407392215
ltd_16,0.0006288009017665543
committee_15,0.0006234685759621702
short_selling_15,0.0006217871455126151
debt_7,0.0006163444112866204
committee_17,0.0006093854536821992
carolina_11,0.0006049717945707268
fond_12,0.0006017874633123363
labor_10,0.0005898137380057018
representatives_19,0.0005891398241930189
hedge_1,0.0005775549598758267
economics_3,0.0005751986944911403
products_9,0.0005606361286852619
stocks_16,0.0005560281952699389
economic_10,0.0005482417583560467
fine_11,0.0005405594010881205
fun_13,0.000531386855216975
virginia_16,0.000530888777566951
security_2,0.0005291874181920951
service_4,0.0005282627345594297
virginia_2,0.0005227079424135295
consumption_10,0.0005180321854134591
opportunity_3,0.0005099058930616666
nasdaq_5,0.0005059843297261268
office_5,0.000504671950009312
earnings_20,0.0005025018240828419
missouri_1,0.0005008464276386465
chance_7,0.0004866716520014716
served_2,0.00048480581972357997
president_15,0.00048303609459995976
return_6,0.00047587385413881575
restaurant_7,0.0004724693350907921
food_10,0.0004694913295857628
politics_17,0.00046551334847692334
blacklist_17,0.000460972950706288
members_10,0.00045956497930008583
service_5,0.00045845093179971356
police_6,0.0004487217869761389
elected_18,0.00044443595857529805
present_12,0.0004426113587861085
health_15,0.0004425889255076504
security_14,0.0004407205714867077
virginia_5,0.0004372059593512397
earnings_8,0.0004364915550041035
political_16,0.00043637854114088255
success_6,0.00043455077810618974
credit_10,0.0004335203323021918
development_20,0.000432439071706893
security_17,0.0004311545144046394
default_1,0.00043007050218035655
world_8,0.0004273149588166205
global_14,0.0004225725581058245
health_18,0.00042169480055927823
firm_4,0.00041682935296311535
economic_7,0.0004166816180326683
freedom_15,0.0004164569845235261
ring_12,0.0004144697900067611
food_7,0.0004124672160214196
nyse_14,0.00040957292398840535
fine_13,0.0004061306817133877
firm_5,0.00040562471136669536
nasdaq_10,0.0004038465214018924
rich_8,0.0004025017062639169
republican_11,0.00039921242022458286
short_sell_1,0.0003989340474912537
legal_3,0.0003976499333932322
credit_9,0.0003964103333934862
bubble_20,0.0003930698022033432
cash_12,0.00039188099368564884
arts_1,0.0003874603936022501
profit_3,0.0003864186063426616
garden_14,0.0003855759275312149
metals_14,0.00038166549321606765
train_15,0.000381440842016908
lifestyle_3,0.0003789006464279815
ceo_19,0.0003786677528830773
ore_17,0.0003703990703914225
housing_11,0.00036990625449502784
DOW_JONES_6,0.00036543735967570933
short_selling_17,0.0003644805239266858
ceo_7,0.00036350079474859983
kentucky_14,0.0003607336134550291
york_11,0.00035858335950162285
federal_3,0.00035647244021877965
republican_7,0.00035442814005147736
security_19,0.00035435678638931733
home_18,0.0003538790521482193
pennsylvania_15,0.00035372076249474526
profit_8,0.0003535532556552317
district_11,0.00035277387045132665
home_5,0.00035273505947802555
massachusetts_1,0.00035169042951657285
loss_14,0.00035167596140178085
ceo_4,0.000350075600957174
voters_7,0.00034972889690319185
culture_9,0.00034939389342763014
fond_15,0.000348862476469479
invest_5,0.00034802327906166715
carolina_17,0.00034617004156184563
million_9,0.00034603548625515383
food_8,0.00034499969827272227
buy_17,0.00034455561661319217
cancer_9,0.0003428061685824203
water_13,0.0003421017953155091
revenue_14,0.0003417724415451145
restaurant_15,0.0003414017705639793
unemployment_4,0.00034131122753538616
union_3,0.0003409854950487433
leverage_6,0.0003398948533429946
conflict_1,0.0003393607032789332
greed_1,0.0003386755986081634
economy_15,0.0003386556972138901
members_15,0.00033601174238061937
court_16,0.00032964375368172604
political_17,0.00032576971623583963
energy_14,0.0003254756505122011
legal_16,0.0003253721618949497
home_8,0.00032156262297075203
water_8,0.0003215067206122597
business_17,0.00032139730070630834
committee_19,0.00032060169555203286
growth_11,0.0003203251286166634
opportunity_10,0.0003184469903306392
trader_20,0.00031765788086906004
trader_17,0.00031612872167260334
tennessee_8,0.0003157741965990065
services_20,0.0003150562718588112
home_19,0.0003134089608806249
unemployment_8,0.00031256469250583294
votes_5,0.0003098373615575468
bubble_10,0.0003089728858337878
rich_20,0.00030861151396654194
default_13,0.0003078417253467986
council_19,0.00030635728898609514
greed_16,0.0002987259426196725
blacklist_20,0.0002984558868774662
inflation_4,0.00029819723736393617
companies_13,0.00029784502894676266
governor_12,0.00029761548138265725
founded_11,0.0002959738729475052
fed_12,0.00029536734043422735
unemployment_10,0.00029308349143456494
minister_20,0.00029296030151388763
kentucky_12,0.0002927029611980457
rare_earths_12,0.00029247792652070616
secretary_2,0.00029102046438702814
kentucky_1,0.00029037794876366564
virginia_1,0.0002878789679789207
movement_16,0.0002869913254166526
council_7,0.00028483364022328575
kitchen_10,0.0002834795607916346
elections_18,0.00028275523713547975
cash_19,0.00028226446176190986
firm_19,0.0002820953903675033
pennsylvania_14,0.000280394458206582
government_6,0.00028007090537695537
crisis_9,0.00027915274448045576
representatives_4,0.00027725972829987865
unemployment_16,0.00027374434871968087
freedom_2,0.0002693551345394934
governor_4,0.0002689836824074184
revenue_7,0.00026844368841948845
police_15,0.00026810049875087714
representatives_6,0.0002669008767279132
council_14,0.00026570187395859204
greed_10,0.0002656853185016436
inc_12,0.00026295443384632164
short_selling_4,0.0002625705339318983
media_14,0.00026198338916494623
marketing_19,0.0002610777298043674
finance_10,0.00025950020004049504
gold_3,0.0002583037516984454
banking_8,0.00025699084033501123
companies_18,0.000256729419886516
development_8,0.0002563581274421997
seats_5,0.00025552566074828653
conflict_14,0.0002537545986103724
police_13,0.00025363378934427654
georgia_7,0.0002521144280847833
stocks_12,0.00025142489862995683
nyse_11,0.0002511383140672753
fine_2,0.00024436688125145076
present_4,0.00024386841378386915
kitchen_4,0.00024339769308400679
pennsylvania_3,0.00024237596334779669
fine_6,0.00024226141151870503
tourism_7,0.0002409436289236913
returns_9,0.00024093094786333682
financial_markets_8,0.00023941358263376435
votes_17,0.0002388236010926985
fed_4,0.00023771305474043795
dow_jones_19,0.00023767180273445034
food_20,0.00023747704162076406
products_10,0.0002369548552195345
economics_6,0.0002369409937785311
home_4,0.00023607648030270543
development_9,0.00023434275261436708
chance_18,0.000232452813307014
legal_4,0.0002313363973362513
politics_6,0.00022993610686425196
law_19,0.00022939097115871068
illinois_6,0.00022873380041365005
car_8,0.00022652806302396074
crash_4,0.00022585861052543813
politics_15,0.00022581655023088515
representatives_11,0.00022519922371334083
cash_8,0.00022495462631934508
freedom_12,0.00022441499508397215
global_7,0.00022372174517087002
project_18,0.0002224342723442023
growth_18,0.00022189327022287841
travel_11,0.00022009412084016903
fed_5,0.0002187216591985128
cancer_11,0.00021805448548587795
crisis_6,0.0002178058858350344
present_6,0.00021675510644022074
consumption_20,0.0002162606383985
law_11,0.00021573619789153092
restaurant_5,0.00021505865500960126
loss_18,0.00021485299333043992
stocks_10,0.00021481299796621709
fun_7,0.00021187817575419216
missouri_3,0.0002096733841011378
business_11,0.00020926258807069472
william_13,0.00020826472840594995
gold_2,0.00020712312163180492
financial_18,0.00020693658820721128
bonds_12,0.000206389161798088
fond_10,0.00020596269443900827
money_1,0.00020586946969056557
vermont_16,0.00020459062300884362
development_14,0.0002041745250920008
success_17,0.00020396340005095494
water_18,0.00020372384829651813
management_9,0.0002028955011216742
services_16,0.00020242717324719036
community_9,0.00020114162702565409
georgia_13,0.00019792887511169724
money_2,0.0001977935929398964
rich_15,0.00019763604035137424
ltd_18,0.0001975051365724605
office_15,0.0001970013113495393
gain_16,0.0001968885228710623
movement_20,0.00019600268347642506
sell_11,0.00019580562282540457
market_6,0.00019572949813548488
gains_8,0.00019547166135100476
county_18,0.0001951158247272576
rich_11,0.00019495401440767235
security_10,0.0001940893557435837
world_16,0.000194063259437915
legal_20,0.0001933083565959992
lifestyle_20,0.0001929536114422057
return_14,0.0001917984969884561
management_15,0.00019163712578647323
members_13,0.00019142208616406155
earnings_1,0.00019036814858376593
water_12,0.00018932842356908448
police_14,0.0001889156634780948
massachusetts_16,0.00018865399914612583
virginia_19,0.000188136408180552
fine_20,0.00018796259128298765
elections_6,0.00018796256559744696
economic_2,0.00018754317412138095
senate_8,0.0001864779436037004
revenue_3,0.00018596280866472318
culture_15,0.0001857053834310036
development_15,0.00018551701153094556
business_13,0.00018546414475395878
gains_4,0.00018450596960597533
dividend_11,0.00018438766681448597
secretary_18,0.00018186059526409891
revenue_2,0.0001813259853335664
sell_2,0.0001808809084215557
return_13,0.00017873868960096578
million_17,0.0001776697868571247
president_19,0.00017695101596797443
bank_6,0.00017659585410874506
food_2,0.00017626445307068682
gains_5,0.00017612257946616368
york_10,0.00017475029895576947
loss_1,0.00017416545144640632
political_19,0.0001734935991237419
happy_11,0.00017340077435628755
district_10,0.00017327390929923342
nasdaq_4,0.00017315481515695386
housing_4,0.00017273348460115575
marketing_1,0.00017269881041472742
train_9,0.00017245988851598862
holiday_11,0.00017019577650959582
lifestyle_9,0.000169815423239466
world_13,0.00016975776275715774
kentucky_6,0.0001688932521470632
movie_12,0.00016844277161356084
president_7,0.0001682567664195521
act_16,0.00016720049105026802
firm_2,0.0001666612397441425
washington_14,0.00016633454251142307
short_selling_18,0.0001662986744920765
ltd_3,0.00016625511548876184
labor_7,0.00016531543536145668
secretary_17,0.00016493616710890817
returns_6,0.00016477494177523927
war_7,0.00016429035707162508
served_6,0.0001628757703730717
fed_1,0.0001628073895797307
ltd_20,0.00016226148706857105
served_4,0.00016222085024281146
college_2,0.00016189893943209126
derivatives_5,0.00016172191130655214
gains_19,0.00016140664770200431
health_9,0.00016133639206359742
justice_9,0.000161218673878439
party_5,0.00015969570981166773
DOW_JONES_12,0.00015935848286094748
social_7,0.00015875048256665895
investment_14,0.00015855313353507414
ministry_10,0.00015775857956558598
arts_16,0.0001575380975830492
union_5,0.00015734147176553446
movement_15,0.00015623298403585602
financial_markets_2,0.00015575163135399567
justice_6,0.00015489140564117038
washington_3,0.0001541069899410787
bank_16,0.00015399303940840953
marriage_5,0.00015358932583988595
council_4,0.00015349321633237602
travel_20,0.00015322849107303956
gold_5,0.00015192986313596746
social_12,0.0001509455523501305
health_1,0.00015039573800464085
society_8,0.00015032888918872482
headlines_11,0.00014952986949995915
district_7,0.00014843364691338403
court_12,0.00014835854063859606
house_7,0.00014826512729244247
gold_4,0.00014766574847284358
case_3,0.00014713706032678766
growth_1,0.00014663843998884268
housing_10,0.00014656105832891258
ohio_5,0.00014592718959787582
labor_15,0.00014583571120520243
bank_15,0.0001455887145971333
nyse_2,0.0001452472196485068
dow_jones_6,0.0001446166708746137
services_11,0.0001446038653554084
market_5,0.00014392121939799858
world_7,0.00014380499634631346
DOW_JONES_16,0.0001435635748405181
law_20,0.00014345749190766493
office_11,0.00014336585182874085
conflict_7,0.0001420183980091526
judge_5,0.00014200382832943806
headlines_18,0.00014130375026152292
founded_6,0.00014051879216195594
restaurant_11,0.0001403886776588883
markets_2,0.00014021380407729607
present_14,0.00013882261185181016
law_7,0.00013845815762132725
products_2,0.000137822695687613
environment_3,0.00013769680089329578
color_10,0.00013682173505696966
gain_13,0.00013659921595189734
democratic_5,0.00013654833476685915
technology_3,0.0001363542883416459
restaurant_20,0.00013622063509584285
crash_11,0.0001356292789652917
crisis_10,0.00013556240405651488
buy_10,0.00013547732646722432
stocks_14,0.00013546481209537482
ohio_4,0.00013452644276357154
nyse_13,0.00013428735467648113
hedge_9,0.00013413981646305604
travel_5,0.00013399243198915721
fond_5,0.00013375996458288379
health_19,0.00013356651913157006
sell_17,0.0001331151554286838
members_3,0.00013293248772792607
stock_market_2,0.0001325733732445364
members_17,0.0001323986293362203
debt_12,0.00013237083488570306
portfolio_9,0.00013219965532313544
law_14,0.00013200319857847683
election_1,0.00013175057357606298
government_9,0.00013153192527270784
republican_14,0.00013152199121301396
politics_16,0.00013119569933248878
opportunity_4,0.00013086496877901817
republican_3,0.0001304741275008206
returns_15,0.00013040358039600924
firm_18,0.00012987186479970802
movie_7,0.00012983906591125722
cancer_16,0.00012966948054920515
crisis_17,0.00012940981379456354
union_18,0.00012913843724607368
district_19,0.00012907135054577437
business_14,0.00012892770183285158
ltd_5,0.00012868707225750746
secretary_3,0.00012842985048477822
social_6,0.00012826963079337858
district_12,0.00012817749318931698
dividend_10,0.0001273530401918493
global_5,0.00012701055032378314
investment_3,0.0001267428421619878
inflation_1,0.00012669918772163864
nasdaq_14,0.0001262967794329411
industry_17,0.00012599734747396535
business_8,0.000125722514341297
senate_9,0.00012550420129815924
virginia_17,0.00012526675535738899
college_16,0.00012485098787546844
virginia_12,0.00012472922318101424
office_8,0.00012471450515283628
bonds_19,0.0001242892235219993
nasdaq_8,0.00012424831664529297
energy_16,0.00012386332612268906
committee_10,0.00012338248054561692
stats_11,0.00012231088314724805
inc_18,0.00012194367203612336
fed_16,0.00012158262606937068
garden_1,0.00012157265348203733
social_15,0.000121365194056348
gains_15,0.00012096639663098472
georgia_14,0.0001206710994123114
illinois_8,0.00012030100858635896
media_9,0.00012028341694940984
train_4,0.00012001163113723042
economy_19,0.00011986797663970041
fine_17,0.0001195897212131334
bubble_14,0.00011940351236660141
sell_16,0.000119276043622178
voters_12,0.00011864540100971453
unemployment_17,0.0001185378802652013
pennsylvania_2,0.00011838959415178658
rights_18,0.00011805239203175791
sell_18,0.00011772985143835364
act_8,0.00011772812969201334
labor_14,0.00011746673529679272
opportunity_7,0.00011742919784282837
union_1,0.00011717749970102937
community_1,0.00011703206272606077
gold_13,0.00011700959035605896
fed_2,0.00011688285883247349
garden_16,0.00011681512823635683
elections_7,0.00011648113426474988
marriage_16,0.0001164343820788186
culture_10,0.000116363722392851
tennessee_11,0.00011602299353111635
financial_5,0.00011573968798184472
marketing_13,0.00011573912608138415
development_10,0.00011555866149150058
stock_market_17,0.00011553843956588166
home_9,0.00011492445010698394
governor_2,0.00011490447561930637
illinois_12,0.00011482565542264426
president_14,0.0001146310047091314
short_sell_7,0.00011457722435590415
firm_12,0.00011444806396178235
credit_2,0.00011443563000976079
global_2,0.00011419749774351728
vermont_5,0.00011416604889392769
forex_15,0.00011379266000473096
development_7,0.00011362709844104105
happy_1,0.00011360932956501192
oil_5,0.00011321422309268672
gain_11,0.00011307357938917842
war_15,0.00011284419683520896
loss_3,0.00011279457495941946
social_13,0.00011244235329212646
district_15,0.00011224767364672525
leverage_19,0.00011197296119290068
inc_9,0.00011162231431696826
project_6,0.00011138625909657482
short_sell_17,0.00011076170957213936
garden_18,0.00011075805612905606
DOW_JONES_10,0.00011069278608270088
democratic_7,0.00011042215279945669
york_5,0.00011036855512664322
trader_5,0.00011034210525636997
world_6,0.00011021835272016328
freedom_3,0.00011012558512041332
massachusetts_6,0.00011008784246944388
market_4,0.00010902792926888084
kentucky_9,0.0001085722240820996
marketing_3,0.00010811420420829753
DOW_JONES_18,0.0001077505051095167
votes_19,0.00010729289543331479
unemployment_3,0.00010716087247014772
union_16,0.00010673807618124273
rights_1,0.00010639151773028504
carolina_9,0.00010634810780046451
energy_9,0.00010572298361522302
government_16,0.00010504529828816594
senate_18,0.00010499812751178608
elections_1,0.0001049185587158373
project_1,0.00010431674818780012
fed_3,0.00010416479294377294
corporation_5,0.00010383177917526027
growth_2,0.00010353815578275328
president_3,0.000103490494877752
risk_13,0.00010346346700142484
dividend_2,0.00010339677120292644
corporation_11,0.00010303960266385716
republican_5,0.00010281928867321595
project_9,0.0001023018220905448
stock_market_9,0.00010200573255365352
buy_16,0.00010199523731195533
firm_7,0.00010193620327372375
companies_8,0.00010193487053665752
revenue_13,0.00010171492103378358
seats_17,0.00010161527913063164
legal_8,0.00010152670202161074
inc_13,0.00010127255551703064
social_20,0.00010098315374130367
movie_5,0.00010068008809441234
president_2,0.00010054642170072522
members_4,0.00010011039856256296
media_8,9.996823024371404e-05
banking_7,9.97088714969826e-05
war_17,9.948643538328534e-05
return_5,9.92241825781353e-05
legal_18,9.922062740934913e-05
risk_9,9.920289743403341e-05
car_18,9.918776930152542e-05
votes_9,9.912338782803903e-05
elections_11,9.90240022820712e-05
market_18,9.878424544969392e-05
energy_5,9.866272845656087e-05
default_16,9.859417973298452e-05
short_selling_13,9.847141750233438e-05
seats_2,9.840778222965248e-05
investment_8,9.836623281372248e-05
william_16,9.812017601046384e-05
food_13,9.809302203175256e-05
democratic_11,9.802760540584632e-05
buy_20,9.801549421100124e-05
opportunity_2,9.793202905190412e-05
DOW_JONES_9,9.79062126273078e-05
present_16,9.730259300063353e-05
kentucky_15,9.710897837990467e-05
color_12,9.708785925669662e-05
DOW_JONES_13,9.625242411804032e-05
conflict_11,9.616635548824296e-05
voters_4,9.60852523662848e-05
returns_2,9.607857806486274e-05
fine_8,9.604043993401708e-05
president_18,9.587832224344098e-05
forex_1,9.558966772492663e-05
county_13,9.55374315712215e-05
texas_18,9.55069137880915e-05
revenue_12,9.511452599877379e-05
industry_19,9.492598765886148e-05
companies_1,9.480289420370359e-05
garden_5,9.474591941523168e-05
fun_14,9.450513702188055e-05
party_11,9.439068664301596e-05
members_20,9.407870755390772e-05
world_20,9.39969875886732e-05
happy_7,9.30103876763188e-05
car_10,9.288180403553828e-05
massachusetts_18,9.258812191344008e-05
derivatives_15,9.235138469589746e-05
crash_18,9.212771440326828e-05
car_14,9.21063287191674e-05
media_1,9.209153634000883e-05
management_8,9.190516302679592e-05
society_20,9.186579613234164e-05
court_20,9.17872827808837e-05
law_18,9.167719380000356e-05
carolina_4,9.144567814619925e-05
management_18,9.114228831804446e-05
restaurant_6,9.110717220096691e-05
legal_11,9.093453427103453e-05
minister_2,9.092219241672224e-05
house_3,9.070456716776222e-05
washington_8,9.070199069380818e-05
service_9,9.04043651639225e-05
legal_7,9.038894112277055e-05
happy_14,9.018273962061432e-05
management_3,8.994740703264954e-05
consume_17,8.97475237664239e-05
industry_1,8.97128583831363e-05
investment_17,8.970266575083916e-05
blacklist_5,8.92895720743521e-05
consumption_9,8.902633166479591e-05
secretary_11,8.892570750247043e-05
committee_6,8.891971078983464e-05
fun_12,8.869841048160622e-05
short_sell_13,8.860857210027396e-05
governor_19,8.850724384264585e-05
party_8,8.847847829757628e-05
tourism_16,8.845835535121768e-05
short_selling_2,8.839394873291225e-05
fed_6,8.838515794082757e-05
world_3,8.815606438816387e-05
management_7,8.800305408139698e-05
bubble_2,8.773836206176377e-05
color_14,8.768754741278878e-05
police_17,8.715458068020254e-05
present_5,8.712041086513344e-05
short_sell_4,8.687038842742819e-05
rights_20,8.666036414676759e-05
economic_17,8.660740427531894e-05
money_13,8.582205154328843e-05
members_9,8.568551408286444e-05
success_11,8.518354245756003e-05
returns_17,8.516229365218232e-05
media_3,8.480403739507305e-05
loss_5,8.477238536280161e-05
tennessee_18,8.467137748182857e-05
fun_6,8.446364440408014e-05
financial_15,8.419220278138429e-05
act_15,8.416047568642072e-05
technology_9,8.371807996293687e-05
banking_19,8.352308029219327e-05
returns_19,8.351880817379191e-05
rich_2,8.347697398781889e-05
office_19,8.346992122398158e-05
health_16,8.344932381762474e-05
party_9,8.341738089074019e-05
society_3,8.341362691509262e-05
politics_10,8.341045108847045e-05
risk_7,8.327997343374381e-05
industry_2,8.323840749900766e-05
success_9,8.310332215267598e-05
federal_2,8.296774430055849e-05
rich_17,8.291345379883381e-05
banking_2,8.280963398854015e-05
market_2,8.277278358063007e-05
vermont_9,8.27435396168358e-05
massachusetts_7,8.274112655731423e-05
BUY_AND_HOLD_19,8.260765212768417e-05
happy_16,8.229206010557434e-05
transaction_8,8.220033847915084e-05
act_1,8.214962158609256e-05
cancer_15,8.201316144067336e-05
million_1,8.19502947712083e-05
unemployment_9,8.15584784375284e-05
kitchen_15,8.150185327705132e-05
gain_4,8.149402336644844e-05
county_14,8.142867082502333e-05
labor_4,8.114149957889971e-05
social_3,8.096257437392989e-05
tennessee_1,8.069769850792048e-05
color_2,8.064234453743495e-05
college_3,8.051526885573909e-05
kitchen_2,8.041549564382441e-05
economy_8,8.040866917168785e-05
votes_13,8.039249924560841e-05
debt_20,8.011621245659903e-05
tennessee_19,8.009437912066029e-05
returns_5,7.977057495955753e-05
york_14,7.972630454436187e-05
fond_11,7.959107333349703e-05
products_11,7.952648703076887e-05
oil_13,7.951808927362275e-05
headlines_9,7.918588568953423e-05
tourism_4,7.916356355272075e-05
train_11,7.912511251488727e-05
economic_4,7.867096744177208e-05
virginia_7,7.863629766347903e-05
lifestyle_11,7.863250913392187e-05
economic_16,7.856922662750981e-05
movement_4,7.849516737695881e-05
sell_5,7.843124295789508e-05
kentucky_10,7.83499159767586e-05
judge_16,7.827586851590846e-05
travel_8,7.827377421456476e-05
wisconsin_17,7.815008024515812e-05
labor_12,7.805851132349505e-05
government_7,7.77075871487753e-05
money_17,7.756735620900451e-05
crash_13,7.744739469672953e-05
metals_1,7.722255558617002e-05
debt_2,7.716892818395086e-05
economics_17,7.699674065712563e-05
massachusetts_14,7.698365504608391e-05
party_18,7.697516832740788e-05
services_18,7.617574587975941e-05
million_5,7.617047269408784e-05
economic_13,7.616149158225035e-05
risk_4,7.611966632633561e-05
william_6,7.602856507024564e-05
members_12,7.594128873103762e-05
union_12,7.590772325424443e-05
color_16,7.584356627122991e-05
profit_1,7.583333469239655e-05
stock_market_7,7.57850329713397e-05
party_20,7.550413037919965e-05
metals_13,7.53902761123448e-05
financial_14,7.516779722711373e-05
bank_20,7.491743418825614e-05
opportunity_14,7.478494410430807e-05
earnings_11,7.478336180138725e-05
illinois_1,7.472108940783281e-05
earnings_16,7.470758989997411e-05
services_8,7.443543425497101e-05
economics_12,7.43385407162293e-05
voters_10,7.41593253998691e-05
blacklist_10,7.414970886176846e-05
headlines_2,7.40059269192431e-05
security_15,7.395752114751758e-05
train_17,7.380492886252513e-05
housing_1,7.380119462630797e-05
success_3,7.376612087477995e-05
growth_12,7.364753956580006e-05
crisis_18,7.363486621266901e-05
college_1,7.355419221167482e-05
washington_7,7.354794634019561e-05
returns_8,7.337864842435283e-05
political_8,7.335673015621261e-05
happy_18,7.328937900126342e-05
war_5,7.315922412162573e-05
kentucky_17,7.304772829360483e-05
transaction_16,7.289300799656635e-05
blacklist_14,7.286059986041514e-05
washington_1,7.263821701046676e-05
investment_11,7.249264850460613e-05
market_12,7.246634008430023e-05
fun_20,7.239900618980252e-05
media_7,7.235424617052841e-05
housing_14,7.229983994921619e-05
carolina_19,7.213189438220432e-05
government_5,7.205613347313141e-05
members_8,7.202761763878412e-05
earnings_19,7.194487399285864e-05
members_11,7.180436447537011e-05
products_12,7.143735410998923e-05
global_3,7.142636710089626e-05
senate_19,7.123490785223556e-05
earnings_9,7.088617919868929e-05
tourism_14,7.054623859838264e-05
return_8,7.039305295218638e-05
court_8,7.034659647883866e-05
culture_2,7.032931819997094e-05
arts_5,7.030671338903634e-05
politics_8,7.021244251225054e-05
conflict_16,7.013367904057968e-05
return_2,7.01320932619126e-05
tourism_11,7.008862345937284e-05
debt_16,7.008625328371206e-05
freedom_10,6.986138025823878e-05
tennessee_12,6.97069138557823e-05
william_3,6.966087514070851e-05
gain_10,6.955794927061719e-05
movie_1,6.947408301521964e-05
rights_2,6.946191800079081e-05
justice_3,6.942021270277604e-05
development_1,6.926062458011755e-05
georgia_18,6.925066761134029e-05
sell_14,6.894953475121082e-05
food_11,6.868200237060838e-05
secretary_20,6.867357257206245e-05
oil_12,6.865594139540732e-05
metals_4,6.83699367859674e-05
ohio_19,6.830512688009781e-05
energy_18,6.816246394133106e-05
fine_19,6.79872231175303e-05
house_2,6.766562155091348e-05
federal_7,6.765416109558595e-05
house_11,6.759665697439311e-05
ltd_9,6.740837260932056e-05
derivatives_2,6.735551275863915e-05
missouri_12,6.735138771616001e-05
cancer_10,6.732669899516687e-05
arts_15,6.713153413333674e-05
metals_2,6.704888576271063e-05
democratic_9,6.701111417654762e-05
representatives_5,6.697795219366183e-05
finance_13,6.693612643331317e-05
success_10,6.678453679674123e-05
housing_7,6.648552182097109e-05
gains_17,6.642487073712079e-05
representatives_9,6.639719986192457e-05
election_11,6.634310720198413e-05
food_17,6.631816333798914e-05
loss_20,6.63000236539137e-05
judge_4,6.61224482825798e-05
nyse_5,6.601356457385026e-05
default_6,6.583039985403e-05
federal_12,6.581440377673975e-05
derivatives_11,6.565936382230028e-05
companies_2,6.558575330432302e-05
travel_1,6.549022544786762e-05
ceo_14,6.546528019811307e-05
revenue_17,6.535393941888511e-05
labor_16,6.531352345125732e-05
crash_20,6.530808280035054e-05
social_1,6.520437202752586e-05
transaction_9,6.509207090905245e-05
founded_8,6.50390346919309e-05
house_5,6.485385143610471e-05
credit_17,6.483364839744197e-05
investment_18,6.481976531171304e-05
political_6,6.479486115754845e-05
elections_4,6.474649377703425e-05
crisis_13,6.462453303709842e-05
kitchen_1,6.455189141208427e-05
federal_17,6.454911367655723e-05
votes_20,6.452221512390887e-05
pennsylvania_6,6.448293886931244e-05
stats_12,6.434800032674513e-05
religion_10,6.418615120120227e-05
risk_15,6.418167313349712e-05
political_20,6.415855488113476e-05
financial_16,6.381333762601931e-05
project_12,6.375099631263303e-05
products_8,6.368009840585352e-05
fun_19,6.35972971610538e-05
invest_10,6.350460079583845e-05
stocks_18,6.346592277398986e-05
ohio_2,6.34243655910754e-05
global_13,6.33926997890216e-05
tourism_17,6.325526156650355e-05
metals_18,6.309640866272731e-05
ltd_19,6.309170052580449e-05
service_3,6.308989779179142e-05
case_2,6.308697461266459e-05
fond_19,6.304959910047115e-05
transaction_15,6.28124540490349e-05
fun_2,6.274987079752963e-05
district_2,6.260293528608746e-05
judge_20,6.253502553378323e-05
rich_3,6.223286163550994e-05
nyse_9,6.218807474259972e-05
democratic_16,6.211767120871834e-05
holiday_5,6.210790340494267e-05
nasdaq_1,6.172458811411472e-05
federal_6,6.16756724323739e-05
chance_16,6.164365778793861e-05
technology_5,6.163737121122649e-05
community_3,6.161039375480272e-05
election_9,6.160776582466697e-05
present_19,6.140748838835736e-05
rich_10,6.13315802824849e-05
food_14,6.130813076906241e-05
community_15,6.127825949365298e-05
management_13,6.127043051586241e-05
party_2,6.122133169477384e-05
voters_15,6.120607752530075e-05
technology_12,6.120329388932058e-05
loss_16,6.104462906455272e-05
marketing_15,6.100950553408707e-05
william_7,6.0887076052186916e-05
rare_earths_10,6.076049763604111e-05
senate_17,6.0445833785106104e-05
social_18,6.025351302453326e-05
democratic_18,6.021151331003136e-05
bonds_16,6.016461191660737e-05
elections_12,6.0150823131622106e-05
carolina_3,6.0135014304579324e-05
trader_11,6.0067469150199124e-05
inc_3,5.9994289560720936e-05
chance_3,5.9981124479992564e-05
act_6,5.997262656049896e-05
judge_9,5.991002500793197e-05
growth_20,5.979830541441097e-05
virginia_18,5.963050473220818e-05
war_16,5.95250610337e-05
kentucky_13,5.949514372530706e-05
transaction_3,5.942713980652921e-05
minister_18,5.931421731233585e-05
gain_18,5.92881790066575e-05
financial_markets_3,5.9151707103911634e-05
committee_5,5.9128658819357495e-05
industry_14,5.8902978289172645e-05
industry_18,5.883532319835605e-05
profit_11,5.880046980685883e-05
growth_17,5.8799109626628824e-05
services_4,5.878569587772886e-05
money_4,5.874435477635963e-05
pennsylvania_1,5.872767667903208e-05
committee_12,5.840901788690818e-05
election_4,5.837124579406714e-05
return_7,5.8217131939797766e-05
justice_17,5.8193554496804284e-05
project_4,5.815402437702522e-05
illinois_4,5.815161277121369e-05
wisconsin_19,5.8092051407401636e-05
consume_8,5.808721280215376e-05
inc_8,5.801032702997619e-05
arts_4,5.798903319383782e-05
ohio_13,5.7897711659921705e-05
cash_3,5.782773517819636e-05
returns_18,5.7782651013792174e-05
crash_14,5.755845307197664e-05
technology_10,5.7539739277876566e-05
act_11,5.752598009292291e-05
firm_16,5.752305864804891e-05
stocks_15,5.7504013772697376e-05
nasdaq_2,5.749421588948327e-05
buy_3,5.7431113829601845e-05
county_8,5.739550946565058e-05
debt_6,5.7091849145805895e-05
portfolio_20,5.7082260973026135e-05
travel_12,5.704061636067151e-05
served_5,5.684893617049889e-05
economy_6,5.6818508246930724e-05
culture_11,5.6749138490176577e-05
oil_16,5.671658029651801e-05
gain_7,5.668854049457254e-05
federal_11,5.656826290311167e-05
governor_6,5.6480789068677526e-05
members_16,5.644948311290267e-05
housing_9,5.641523620347497e-05
bonds_14,5.6362773111653296e-05
blacklist_4,5.6217230560310814e-05
consumption_7,5.6195614124750964e-05
world_18,5.619005706751128e-05
lifestyle_7,5.6078304212810705e-05
housing_15,5.6016012085479394e-05
ring_14,5.596681030985907e-05
fun_3,5.594892725466316e-05
crash_7,5.5804684631920535e-05
financial_6,5.576133653834863e-05
financial_3,5.5756433033760704e-05
global_11,5.568392078776373e-05
georgia_17,5.5274214506830734e-05
legal_10,5.5199488712453384e-05
house_9,5.516439885509452e-05
culture_6,5.516296373895217e-05
leverage_7,5.51352137223437e-05
project_3,5.493103784409461e-05
government_14,5.4789647268086466e-05
financial_20,5.451971546796894e-05
chance_2,5.4424830857675736e-05
companies_7,5.43694238451952e-05
elections_13,5.422258954788277e-05
money_15,5.42129327742058e-05
profit_16,5.399893593761275e-05
texas_12,5.397321544927554e-05
transaction_13,5.394055846779234e-05
representatives_10,5.38401240564081e-05
debt_14,5.371396032931391e-05
district_20,5.369913559356703e-05
county_2,5.3414979536505734e-05
wisconsin_16,5.338976762583983e-05
founded_14,5.336122969202077e-05
health_7,5.334391110100483e-05
judge_15,5.326504154095784e-05
technology_8,5.319288750946494e-05
act_12,5.3015868167717187e-05
home_13,5.2955663154633444e-05
fun_15,5.292963128207882e-05
health_13,5.2854501048832035e-05
market_17,5.284859135701337e-05
york_4,5.2824031613963266e-05
color_5,5.2616196205884695e-05
buy_18,5.2605071998936166e-05
fed_15,5.247979098002844e-05
tennessee_14,5.234721262666285e-05
rights_5,5.228623195394544e-05
health_2,5.21463857480025e-05
committee_18,5.213754421909981e-05
house_18,5.213000748506358e-05
financial_markets_14,5.208147956379845e-05
kitchen_7,5.204514522970661e-05
garden_2,5.202544550870125e-05
hedge_17,5.194185702401721e-05
train_16,5.187504074787934e-05
consume_19,5.185189867413405e-05
case_9,5.176906943759422e-05
unemployment_11,5.162794885758501e-05
justice_11,5.1454405504295695e-05
labor_19,5.118447046032751e-05
house_13,5.1125233508473716e-05
consume_16,5.1081665342438046e-05
gold_1,5.105641122111808e-05
members_7,5.104539679427057e-05
holiday_15,5.0900246073482754e-05
security_7,5.0894118861850766e-05
bank_1,5.0852502159870706e-05
washington_6,5.067699871269862e-05
debt_10,5.056817379153391e-05
corporation_18,5.05472204041073e-05
york_9,5.043368207321502e-05
politics_18,5.037543173160324e-05
trader_8,5.024627641349961e-05
chance_9,5.016007514216483e-05
tourism_6,5.012775074090224e-05
nasdaq_3,5.011324594382566e-05
firm_3,5.005139887020175e-05
service_10,4.999596632219579e-05
companies_12,4.996941864949804e-05
secretary_6,4.994331908315993e-05
economic_6,4.9935071883702694e-05
district_18,4.986875928433219e-05
media_19,4.982958443934168e-05
religion_2,4.9749876644795365e-05
opportunity_1,4.969431447020423e-05
served_16,4.936015855349496e-05
corporation_15,4.935187121973786e-05
ohio_20,4.912880579453079e-05
inflation_15,4.909428153131911e-05
case_8,4.905413447036455e-05
representatives_7,4.9025646514171164e-05
earnings_3,4.900515429451384e-05
carolina_7,4.893705817532497e-05
house_12,4.8843026569271726e-05
firm_17,4.882532661391146e-05
rights_15,4.8760341482723406e-05
portfolio_13,4.86679529141197e-05
minister_10,4.850726802819372e-05
dow_jones_7,4.845281019969649e-05
headlines_17,4.830867834007021e-05
home_1,4.8305621488264456e-05
missouri_11,4.829109508129714e-05
stats_6,4.824509436385681e-05
tennessee_15,4.814054657535391e-05
home_11,4.8119433486891996e-05
conflict_5,4.807404891378584e-05
crash_12,4.800697496933624e-05
firm_1,4.792878584213617e-05
consume_18,4.790349706576358e-05
fed_7,4.785263202072576e-05
office_20,4.7817742485942385e-05
secretary_4,4.778192061439844e-05
county_15,4.773882593615127e-05
world_4,4.772395467248845e-05
media_2,4.7715862175757376e-05
votes_14,4.769809491756667e-05
massachusetts_4,4.7663708454588784e-05
services_2,4.757379798192007e-05
portfolio_10,4.757280706956888e-05
inc_11,4.753209262310095e-05
greed_7,4.749222198233949e-05
missouri_17,4.7480558330372495e-05
bubble_6,4.745099327748809e-05
stats_2,4.7349398515034086e-05
ministry_5,4.722630799300985e-05
ministry_20,4.715454639462021e-05
politics_4,4.714991698142296e-05
movie_19,4.7142142933458143e-05
hedge_10,4.710795446332688e-05
transaction_11,4.697798682473628e-05
stocks_11,4.6917691275460056e-05
service_11,4.68538800269928e-05
crisis_12,4.685357791094214e-05
cash_16,4.664929453167574e-05
carolina_14,4.6624699314356456e-05
marketing_17,4.660665375124165e-05
gains_20,4.654355472050743e-05
council_5,4.649874097753289e-05
color_4,4.649002379008856e-05
ceo_11,4.644406199108294e-05
unemployment_20,4.639914645326048e-05
police_16,4.636500695166253e-05
kentucky_7,4.630417246087257e-05
elections_16,4.611547065192986e-05
wisconsin_7,4.61060919164041e-05
transaction_2,4.6004275538317466e-05
markets_7,4.5977692730495474e-05
office_1,4.585162511078883e-05
banking_20,4.584875665172245e-05
consume_9,4.576904130339232e-05
chance_8,4.572963995135973e-05
world_12,4.561730134576452e-05
products_6,4.555936352752018e-05
consumption_16,4.553441572130912e-05
crash_9,4.545415246034925e-05
stock_market_12,4.538987554253311e-05
success_8,4.533322762118969e-05
democratic_3,4.514109939583158e-05
office_17,4.511995344361253e-05
short_sell_11,4.509269362509515e-05
DOW_JONES_4,4.504492415332274e-05
freedom_1,4.4993845856196725e-05
nyse_10,4.481424985571587e-05
senate_12,4.478514685279927e-05
social_2,4.47695319451521e-05
technology_7,4.459111535721244e-05
greed_2,4.455832067397968e-05
dow_jones_3,4.453912799064642e-05
party_13,4.432011650562996e-05
media_5,4.424827754856635e-05
hedge_4,4.423782913417045e-05
federal_8,4.4175039336552295e-05
politics_14,4.409782657988316e-05
president_9,4.40712024124564e-05
investment_10,4.396915082345897e-05
consume_15,4.3952981338902936e-05
union_15,4.389298153204589e-05
case_14,4.386980796514586e-05
president_1,4.384139361592039e-05
management_1,4.377323257369665e-05
million_13,4.369775865313128e-05
services_12,4.364262913432307e-05
washington_10,4.357557498088137e-05
county_1,4.352970855296977e-05
democratic_10,4.352484386555034e-05
conflict_10,4.3451669903549436e-05
cancer_12,4.3445073146601374e-05
bonds_3,4.344181060207937e-05
election_7,4.343252338939712e-05
ministry_1,4.342683697184414e-05
labor_17,4.338658875169096e-05
oil_6,4.3353310011902586e-05
lifestyle_17,4.333395900989435e-05
society_12,4.331568396881963e-05
buy_7,4.3234549779680704e-05
rights_19,4.322402372018222e-05
cash_6,4.3082909820222544e-05
community_4,4.303928309398456e-05
william_8,4.28440027189244e-05
labor_11,4.280780770014937e-05
forex_17,4.269187860374337e-05
council_10,4.265426650390651e-05
legal_12,4.2299144144557736e-05
holiday_14,4.218414044716437e-05
ltd_2,4.215390863300432e-05
marketing_7,4.212322319777113e-05
ceo_5,4.203323883019653e-05
lifestyle_15,4.197853727303024e-05
revenue_20,4.196302624395036e-05
freedom_17,4.193590964712815e-05
arts_8,4.1909117156358645e-05
law_9,4.1887681205301254e-05
culture_8,4.1878425464688594e-05
marriage_17,4.1860141576887376e-05
stats_14,4.1811875553975895e-05
environment_13,4.176113037488618e-05
market_16,4.1706736288429874e-05
politics_1,4.1572795910726534e-05
technology_2,4.154242968421848e-05
financial_7,4.149125945752175e-05
train_1,4.140880100596254e-05
trader_19,4.1399945840496705e-05
law_16,4.1355627838567844e-05
opportunity_18,4.133918965689079e-05
kentucky_18,4.1137531142571287e-05
bank_7,4.111704436195381e-05
william_11,4.106663661218012e-05
movement_5,4.1045961690049126e-05
headlines_13,4.104420152722184e-05
investment_9,4.096545247741959e-05
judge_13,4.090177602368565e-05
fond_13,4.084339042108965e-05
pennsylvania_13,4.075971510695896e-05
default_18,4.0733750801658174e-05
world_19,4.073345851584904e-05
fine_5,4.065174130622607e-05
short_selling_16,4.0623905751307704e-05
war_12,4.0558487197527615e-05
missouri_7,4.0556629952604494e-05
inc_20,4.0454648598398706e-05
growth_6,4.035381059099114e-05
car_12,4.034679070295211e-05
washington_20,4.032677775215618e-05
security_6,4.0314768009740745e-05
act_5,4.0314588301452205e-05
investment_2,4.031299785954824e-05
returns_4,4.0223303401716054e-05
arts_20,4.019177046977345e-05
oil_18,4.014891107604968e-05
management_14,4.0033338162672995e-05
greed_13,3.989495722744529e-05
election_16,3.988384058601979e-05
risk_20,3.9881467704822225e-05
market_9,3.986702994198577e-05
politics_5,3.98349942748399e-05
water_10,3.979819160467441e-05
short_selling_14,3.971552224050495e-05
conflict_17,3.968987812837961e-05
ministry_4,3.9620878083573826e-05
york_13,3.961480720059272e-05
wisconsin_18,3.960392701567161e-05
senate_16,3.956181100151328e-05
crisis_20,3.954938527991444e-05
office_6,3.95296461179923e-05
served_15,3.941644096886126e-05
election_8,3.9409235229996006e-05
illinois_14,3.9347776957118266e-05
fine_3,3.929009585530893e-05
sell_8,3.9278139291245224e-05
inflation_10,3.9272879957842276e-05
markets_9,3.919587578869021e-05
consume_12,3.9083490866348496e-05
project_13,3.903718832246682e-05
food_19,3.903086121513162e-05
car_16,3.899772794750269e-05
economics_19,3.898893704485821e-05
money_14,3.893306074244879e-05
success_16,3.8921589496183024e-05
lifestyle_19,3.8893131643530436e-05
gain_5,3.8822970529312876e-05
gold_11,3.88003416662421e-05
court_4,3.878534648224009e-05
bubble_17,3.8767449842394254e-05
profit_18,3.873917123474359e-05
federal_20,3.871609296833021e-05
greed_15,3.868471984260224e-05
election_20,3.8653126446027976e-05
hedge_16,3.862254004001487e-05
government_18,3.860687157156434e-05
gold_10,3.857883573185677e-05
finance_12,3.856701836430368e-05
holiday_18,3.847145200349728e-05
risk_12,3.8457321837573716e-05
case_11,3.8453543464042e-05
short_sell_18,3.836231105705778e-05
car_2,3.830991268997365e-05
business_10,3.830438296764451e-05
justice_18,3.830183011833423e-05
banking_1,3.827563290618858e-05
marketing_2,3.8252863826899394e-05
portfolio_18,3.824419513861751e-05
water_5,3.823769062300578e-05
services_14,3.814091465194958e-05
district_14,3.801910431022903e-05
train_14,3.801161581352466e-05
happy_2,3.800722726214794e-05
short_selling_3,3.796107559396743e-05
war_19,3.794828350462913e-05
minister_6,3.7935307881104524e-05
food_1,3.7922990439556013e-05
tennessee_9,3.789012602346773e-05
home_12,3.77333670033063e-05
case_15,3.7729005570085785e-05
missouri_14,3.7728203070604916e-05
loss_7,3.772456339668089e-05
project_20,3.7491986485173636e-05
ceo_2,3.7454266444118976e-05
project_5,3.743733848573442e-05
debt_19,3.740672244594274e-05
debt_3,3.733456933730108e-05
happy_9,3.73321872759836e-05
service_12,3.731726583961376e-05
government_1,3.726760741236208e-05
leverage_18,3.7262619600403967e-05
buy_13,3.724894699895225e-05
ohio_9,3.723757328654747e-05
health_10,3.714272083181215e-05
trader_9,3.7100276936556546e-05
rich_12,3.704678043517232e-05
corporation_10,3.704085188194783e-05
bank_18,3.7018366126790585e-05
service_20,3.694151959684786e-05
consumption_11,3.6928481838549043e-05
law_8,3.686301859600871e-05
management_2,3.685898216024004e-05
minister_17,3.680935200728048e-05
travel_18,3.6788029009650335e-05
governor_15,3.6762464145901975e-05
inc_19,3.674425551069777e-05
society_6,3.6716452664764585e-05
happy_15,3.6685753800775934e-05
ring_8,3.667764070410874e-05
republican_15,3.6663251101408754e-05
freedom_7,3.6615043068168546e-05
revenue_10,3.660232135694904e-05
business_15,3.652792226860814e-05
home_15,3.650948369803266e-05
community_5,3.6480132324025485e-05
business_19,3.6463870012093767e-05
bank_19,3.644086534850779e-05
case_5,3.641532382303319e-05
hedge_2,3.641313809562863e-05
rights_16,3.640022805219934e-05
conflict_8,3.6347528700745946e-05
energy_2,3.6347403175819156e-05
industry_9,3.625207697405652e-05
ore_13,3.624954653599498e-05
judge_7,3.6245197833164804e-05
derivatives_16,3.624246254360189e-05
energy_6,3.6161516595465585e-05
development_16,3.614834633511604e-05
county_16,3.6134307352337594e-05
headlines_14,3.61036008205482e-05
act_9,3.6065565809971576e-05
sell_10,3.604570662312408e-05
forex_9,3.600240161229385e-05
chance_13,3.588096934478978e-05
car_4,3.58751595067201e-05
movement_12,3.585777875046793e-05
labor_9,3.5808656824695605e-05
elections_5,3.580736313404492e-05
virginia_8,3.5697942063908416e-05
companies_14,3.568032949876668e-05
hedge_15,3.5669231440276984e-05
present_15,3.565390165127113e-05
act_3,3.5585862734482865e-05
federal_14,3.552349576088545e-05
marriage_18,3.552077846194648e-05
federal_18,3.551677750455897e-05
marketing_12,3.549563015933981e-05
act_7,3.539608735045805e-05
texas_4,3.5379298057251035e-05
security_9,3.534501872372735e-05
massachusetts_9,3.527639791631349e-05
short_sell_8,3.525491033998247e-05
cash_7,3.523701405799814e-05
federal_19,3.509844392632769e-05
firm_10,3.508852978313118e-05
credit_12,3.5037927676761564e-05
portfolio_2,3.502633216505725e-05
marketing_18,3.501911320881021e-05
industry_8,3.4794927702259494e-05
committee_3,3.4727157389031314e-05
ceo_17,3.4705661903300555e-05
president_12,3.468915048497485e-05
present_9,3.468099159951794e-05
finance_20,3.4678611411779186e-05
restaurant_19,3.4651925580046456e-05
council_8,3.4643768388382795e-05
finance_11,3.463848493262361e-05
headlines_10,3.4605060189307157e-05
crash_10,3.448492798039136e-05
ohio_12,3.4359139655681565e-05
president_8,3.4351318975623655e-05
restaurant_14,3.4297646929329775e-05
virginia_9,3.422473919687057e-05
court_10,3.42113980268432e-05
court_15,3.419264985080428e-05
gold_15,3.4151025126093736e-05
hedge_14,3.409584413073625e-05
industry_12,3.4093028226403826e-05
party_6,3.409198798747749e-05
county_11,3.406960537648095e-05
arts_19,3.4059279099407675e-05
nyse_1,3.4058751555103936e-05
million_4,3.402421357881294e-05
sell_6,3.3986969177748624e-05
dow_jones_10,3.392958440692119e-05
georgia_4,3.389951644509035e-05
court_18,3.386341914707171e-05
greed_18,3.3831478576370063e-05
car_9,3.382814767389863e-05
inflation_13,3.379376900164046e-05
served_3,3.379037894830456e-05
travel_7,3.374189587053464e-05
garden_3,3.3736602377560664e-05
office_16,3.37293791839646e-05
minister_12,3.3673644916800296e-05
buy_11,3.3649457461296765e-05
opportunity_5,3.361194211571055e-05
texas_17,3.359394036898082e-05
court_1,3.358298306373326e-05
case_17,3.358262982832879e-05
ore_19,3.353623752538717e-05
invest_3,3.346520071977895e-05
metals_6,3.345834438040789e-05
democratic_20,3.345003494254399e-05
returns_13,3.34254421662746e-05
county_7,3.3413351803968e-05
government_20,3.336736223516631e-05
community_8,3.3357155534790037e-05
train_6,3.3333586126424706e-05
market_10,3.321558908929931e-05
technology_15,3.305812817442284e-05
war_18,3.302322993714801e-05
stocks_20,3.300497035126493e-05
rich_16,3.293725153762869e-05
buy_9,3.292126653891688e-05
gold_8,3.2803122152611184e-05
ore_16,3.280269422535087e-05
market_20,3.2780971493106306e-05
act_14,3.2774829738131706e-05
georgia_2,3.276097500601992e-05
marketing_14,3.2750448665007825e-05
culture_5,3.271022228831297e-05
rich_19,3.269007249142417e-05
management_20,3.262360175132652e-05
elections_20,3.254167234680238e-05
service_8,3.2519611859473005e-05
economic_19,3.2482314828510306e-05
ohio_16,3.2423846546045555e-05
markets_17,3.240953613357741e-05
growth_14,3.2386932602172284e-05
train_5,3.229378603438985e-05
train_20,3.2288721896117794e-05
college_8,3.2226746509925225e-05
oil_1,3.222000132075925e-05
republican_19,3.2189477472196105e-05
movement_11,3.214356141551345e-05
market_19,3.209415188396428e-05
vermont_18,3.209380664570165e-05
million_10,3.209188566647429e-05
financial_10,3.2081279540074465e-05
derivatives_18,3.2066306005038374e-05
market_15,3.2009507864744174e-05
carolina_16,3.1991058409377994e-05
industry_4,3.194022712354629e-05
court_14,3.192464727881549e-05
DOW_JONES_20,3.1924562093340746e-05
movie_10,3.1805352520601866e-05
union_2,3.1796229558705044e-05
banking_4,3.17322358122901e-05
marketing_10,3.169749360523473e-05
housing_8,3.1617677271022345e-05
economy_10,3.161752530107358e-05
profit_12,3.1599047931501724e-05
dow_jones_5,3.146828052434956e-05
senate_20,3.14662994403092e-05
global_8,3.146309316318344e-05
marriage_14,3.142085905442558e-05
nyse_3,3.137556538796031e-05
war_3,3.1340011810097044e-05
project_8,3.1311130478079044e-05
william_14,3.1309056650995535e-05
energy_17,3.130656107382574e-05
dividend_8,3.127870204199029e-05
growth_10,3.1244373718910643e-05
unemployment_5,3.124429693207713e-05
senate_1,3.114112132999192e-05
metals_11,3.112560986702481e-05
judge_1,3.1112729268221674e-05
conflict_19,3.1101177492095314e-05
office_3,3.108737288384158e-05
risk_11,3.10002414500818e-05
management_6,3.0975692053889836e-05
gain_12,3.0955499737066864e-05
environment_5,3.094545771110446e-05
ohio_6,3.0914184662437545e-05
council_15,3.087613836613882e-05
legal_13,3.0872183470372025e-05
portfolio_11,3.0854311559224546e-05
york_12,3.083878374392163e-05
culture_13,3.083090669290646e-05
political_15,3.082387675664098e-05
industry_5,3.0790230369281466e-05
county_12,3.075754074964775e-05
chance_6,3.075074457674839e-05
tennessee_5,3.067998740925189e-05
credit_5,3.0674165999744025e-05
illinois_11,3.0666257691353384e-05
financial_8,3.065149467379105e-05
political_18,3.0591654071484825e-05
law_5,3.0552484257932285e-05
returns_3,3.052253219847098e-05
unemployment_15,3.044828590415293e-05
college_15,3.044639961055955e-05
bubble_18,3.0422197455311187e-05
senate_11,3.0400734850414128e-05
markets_10,3.0373111274237483e-05
restaurant_4,3.034459065965781e-05
happy_19,3.0335291625646076e-05
washington_13,3.0298591564554375e-05
government_19,3.0235714777379847e-05
votes_11,3.0222798437753765e-05
stats_4,3.0184818874116594e-05
carolina_5,3.0176788718551947e-05
georgia_15,3.0159862854156232e-05
crisis_19,3.0117324042704192e-05
invest_12,3.0111075015981915e-05
massachusetts_15,2.9986490086656408e-05
kitchen_8,2.9967237448037513e-05
police_8,2.9955120326758838e-05
government_2,2.9954874930445563e-05
buy_2,2.9935518369208808e-05
inc_17,2.9927869830608196e-05
products_18,2.9884817190403322e-05
banking_16,2.9875809572739356e-05
marketing_6,2.9864263707889778e-05
conflict_6,2.978974887887801e-05
party_17,2.978568579990485e-05
missouri_15,2.9783578709834613e-05
labor_1,2.9776981657729328e-05
color_15,2.9730285819617497e-05
ring_5,2.9726332585094952e-05
nasdaq_11,2.9718013602462102e-05
technology_20,2.9682201418188533e-05
ceo_15,2.965641134614217e-05
ore_4,2.964165740834544e-05
industry_15,2.9614105836885772e-05
financial_4,2.9606695991822786e-05
finance_19,2.9581945770755847e-05
texas_8,2.9576714526443336e-05
unemployment_2,2.953990542185469e-05
justice_14,2.9530809269328552e-05
gain_2,2.948398581817876e-05
health_8,2.9463265189557683e-05
government_12,2.9447523838407745e-05
revenue_19,2.942923192568733e-05
food_3,2.9403584122678852e-05
wisconsin_15,2.9388949521321203e-05
senate_10,2.93886150232554e-05
police_3,2.935901999443441e-05
ring_13,2.9294546243129157e-05
political_11,2.9288436060188753e-05
ohio_17,2.927854754646228e-05
house_6,2.9277133482873004e-05
political_7,2.9273213147011853e-05
bonds_20,2.92111640435336e-05
development_4,2.9206310648136407e-05
travel_10,2.914351023335641e-05
federal_9,2.911363801686795e-05
return_4,2.9077325156411714e-05
unemployment_6,2.9054091890252697e-05
crash_2,2.9021893313324675e-05
products_15,2.901855330148147e-05
court_13,2.900193846256709e-05
ohio_1,2.89949769956518e-05
economy_20,2.898142514833945e-05
train_8,2.896846591865559e-05
tennessee_4,2.8864876813692626e-05
case_16,2.879326519141024e-05
stocks_3,2.8773492685689295e-05
elections_19,2.8748347805144257e-05
environment_7,2.873600834117507e-05
voters_3,2.8727386347877228e-05
loss_11,2.8717370254760804e-05
york_7,2.8689151294802098e-05
ohio_10,2.8682318803360932e-05
firm_15,2.868112718900548e-05
unemployment_7,2.865215130960183e-05
default_20,2.8620542169365942e-05
justice_5,2.860036148804513e-05
ohio_3,2.8573004823069152e-05
success_19,2.8561487813541954e-05
ltd_1,2.853592748477602e-05
dow_jones_4,2.8535697593889538e-05
world_1,2.8532234671708366e-05
debt_4,2.8525464657632726e-05
vermont_1,2.849065254775891e-05
pennsylvania_16,2.8451737139684856e-05
financial_1,2.843872724348314e-05
fun_16,2.8430164144198393e-05
social_8,2.8427957361088348e-05
tennessee_3,2.8388119189299126e-05
missouri_19,2.8385789437264342e-05
companies_5,2.836746740824426e-05
consumption_17,2.834866647995224e-05
seats_12,2.8332662683668816e-05
representatives_1,2.8325488573269933e-05
food_9,2.8310373992069496e-05
consumption_4,2.8288364206739546e-05
car_11,2.8285631419192906e-05
york_3,2.8265473726793536e-05
services_19,2.825664482078993e-05
house_16,2.8208068163717402e-05
dividend_6,2.8205785132813105e-05
debt_17,2.8177936673303307e-05
republican_16,2.8162406380226696e-05
seats_20,2.8140074370896728e-05
short_selling_7,2.813221250797691e-05
service_2,2.8130349571477844e-05
success_14,2.8106446914245477e-05
banking_3,2.810291358100661e-05
trader_12,2.8064305979090197e-05
dividend_16,2.804578562009151e-05
committee_7,2.8045725948221997e-05
district_4,2.8028460159170506e-05
chance_1,2.7965617368316033e-05
profit_2,2.795180802489627e-05
founded_4,2.794954593956609e-05
rights_3,2.792640659865073e-05
holiday_16,2.7879892105667254e-05
secretary_10,2.7871799489303002e-05
dividend_15,2.7868693311550262e-05
legal_2,2.7843980536569627e-05
credit_20,2.7842800149998344e-05
illinois_2,2.7831560953417006e-05
energy_3,2.78004724118606e-05
fed_18,2.7798677553167506e-05
william_10,2.7761504053999512e-05
judge_11,2.7748542994276823e-05
profit_17,2.7747460889793266e-05
york_1,2.7713675941982783e-05
election_19,2.7689420899542018e-05
blacklist_19,2.7677743498177405e-05
corporation_17,2.767019999083432e-05
BUY_AND_HOLD_15,2.7618431330386934e-05
county_3,2.7606583111171114e-05
stocks_13,2.7598507613031384e-05
georgia_11,2.7583285720483307e-05
corporation_7,2.758232656454107e-05
home_7,2.752295036411284e-05
college_11,2.7500004332086933e-05
buy_4,2.74892282593125e-05
political_5,2.747844232367747e-05
carolina_2,2.744508118655401e-05
office_10,2.740781959823061e-05
missouri_18,2.7357194424102092e-05
society_2,2.7355426112483577e-05
freedom_6,2.730048900821825e-05
metals_3,2.7258382034022105e-05
war_13,2.725750733174667e-05
project_19,2.724513132194571e-05
leverage_16,2.722901680923216e-05
act_19,2.721520972854777e-05
buy_8,2.7202541968105192e-05
return_20,2.7177355542248262e-05
garden_6,2.715276251977672e-05
chance_10,2.7114702948488645e-05
train_2,2.7111490175502152e-05
cancer_18,2.709123352507154e-05
ore_20,2.707685612805033e-05
community_13,2.7070021583707393e-05
economic_5,2.7032156440975213e-05
business_2,2.7014131066608747e-05
college_18,2.701091199206068e-05
water_14,2.696055307965529e-05
risk_5,2.694553914214358e-05
texas_3,2.6938821560300932e-05
members_14,2.6829663508692068e-05
carolina_20,2.680318531166997e-05
corporation_9,2.676419627263955e-05
politics_13,2.6748338778601315e-05
unemployment_14,2.674402133264551e-05
house_20,2.673347762116256e-05
crash_16,2.6715212412955945e-05
stocks_2,2.664386602571365e-05
wisconsin_11,2.6640361635051473e-05
holiday_12,2.661393786595419e-05
consumption_19,2.6606772930680467e-05
inc_1,2.65952550161246e-05
kitchen_18,2.6575336802052565e-05
senate_3,2.65386291984254e-05
tennessee_16,2.649358399451641e-05
senate_15,2.6477127336155465e-05
william_4,2.636150054120738e-05
freedom_5,2.6359140896000087e-05
global_17,2.623138727769274e-05
loss_19,2.6210914184758067e-05
credit_18,2.621066197846869e-05
nasdaq_16,2.619499340668149e-05
DOW_JONES_14,2.619444000658058e-05
rights_11,2.6148809873499373e-05
world_15,2.6131770150649703e-05
oil_7,2.613151175192948e-05
court_6,2.611751773852927e-05
chance_12,2.6111920970719674e-05
loss_10,2.608260336958153e-05
hedge_13,2.6064998334758303e-05
council_6,2.6037448424860786e-05
car_6,2.601968883320559e-05
community_7,2.599970903355288e-05
invest_4,2.598689213579898e-05
culture_12,2.5974200718549412e-05
republican_8,2.594023524773907e-05
court_5,2.5888248432923386e-05
county_6,2.5858106046150674e-05
bank_5,2.583740604264359e-05
carolina_10,2.5836642158177356e-05
financial_markets_20,2.5803895216665585e-05
restaurant_13,2.578118204589891e-05
office_13,2.5778196776032158e-05
court_7,2.5772907128992135e-05
car_1,2.5660572581551432e-05
return_12,2.5649061928453584e-05
products_4,2.5644458015315992e-05
rich_14,2.5622404033728328e-05
rich_1,2.55770466271122e-05
college_12,2.5544731390563142e-05
forex_11,2.551498950276459e-05
nasdaq_9,2.5502878599322325e-05
bank_8,2.5485012338343374e-05
nyse_6,2.545668840244058e-05
financial_markets_5,2.543458133992237e-05
consume_13,2.541291184049895e-05
council_12,2.5391570492710636e-05
elected_10,2.539065953511163e-05
union_13,2.536378364467205e-05
president_5,2.533040213092079e-05
loss_9,2.529408737619464e-05
nyse_4,2.5278931030333233e-05
companies_16,2.5261435156601793e-05
wisconsin_10,2.524644745253558e-05
greed_12,2.5245313533165914e-05
dow_jones_13,2.5234772388120333e-05
transaction_7,2.5214523409627373e-05
college_20,2.5146209393846883e-05
arts_3,2.5144654651969446e-05
house_10,2.5110236781035722e-05
illinois_20,2.509729376847305e-05
stock_market_16,2.509205017259299e-05
consumption_5,2.5079791248870998e-05
district_17,2.504623602620624e-05
democratic_19,2.5013368120432567e-05
derivatives_20,2.500619267374751e-05
party_10,2.498039383682623e-05
color_7,2.497723455153449e-05
health_5,2.494421441025813e-05
metals_7,2.490857092895851e-05
economics_18,2.4904751366728612e-05
freedom_11,2.4883923903359422e-05
money_11,2.4874006542237908e-05
wisconsin_14,2.4839610152254927e-05
environment_2,2.4819655758582574e-05
wisconsin_6,2.4819054851479543e-05
society_14,2.481555119359938e-05
economics_16,2.4796433175659894e-05
companies_6,2.4793004685409885e-05
technology_16,2.477132135004212e-05
washington_16,2.4714713477630215e-05
environment_11,2.468954815110663e-05
served_17,2.4655625222908138e-05
million_14,2.464305035956361e-05
invest_15,2.462934389832707e-05
media_10,2.4624226591190357e-05
debt_8,2.4616886650323277e-05
housing_20,2.459283198397866e-05
corporation_3,2.4527103777597227e-05
carolina_18,2.450763440452745e-05
conflict_12,2.450066423374361e-05
color_13,2.447571637755028e-05
banking_6,2.447418675645303e-05
revenue_11,2.446101862476489e-05
bank_4,2.4443161116142505e-05
markets_13,2.444234143368301e-05
health_14,2.438336401709551e-05
technology_4,2.4383187160993687e-05
movement_6,2.43265509649085e-05
consumption_13,2.431013449399845e-05
buy_6,2.427850011409424e-05
derivatives_1,2.4275564057082692e-05
service_7,2.4248692655897657e-05
washington_11,2.423396154911462e-05
voters_20,2.42261824138918e-05
ministry_11,2.4185619893896867e-05
world_10,2.41450277643344e-05
sell_19,2.4115399796807888e-05
texas_16,2.405745595616378e-05
social_11,2.405466788329152e-05
union_10,2.4007700675677773e-05
gain_14,2.3993607581028453e-05
senate_4,2.399045078532899e-05
council_20,2.398274748806985e-05
stock_market_11,2.390796736745956e-05
growth_7,2.39055709256674e-05
finance_16,2.389440332519657e-05
federal_13,2.3868544240584954e-05
kitchen_3,2.3846600867066885e-05
transaction_20,2.3833780380578768e-05
inflation_7,2.3807511332022088e-05
minister_1,2.378718712779781e-05
marriage_2,2.378277875546061e-05
housing_16,2.3777805452923474e-05
business_18,2.3754758003889145e-05
ohio_7,2.372385904290929e-05
movie_9,2.3696355572146208e-05
stats_18,2.3679079400300328e-05
gold_20,2.3647005845006346e-05
stock_market_13,2.3641638568467238e-05
investment_6,2.362107501701301e-05
cancer_4,2.3610470094355155e-05
politics_2,2.3595106151536983e-05
million_18,2.35814549313064e-05
ohio_8,2.3560416675347378e-05
risk_3,2.3548395478139724e-05
buy_19,2.353287237961028e-05
texas_9,2.350791545001474e-05
union_14,2.344831410759797e-05
culture_16,2.342636433900069e-05
companies_9,2.341485121719824e-05
case_12,2.3394545930815244e-05
home_2,2.338214573992508e-05
cash_10,2.337684532262213e-05
william_17,2.3374778255160888e-05
growth_16,2.336943283377525e-05
inflation_19,2.3368165608148398e-05
happy_17,2.3331267601792793e-05
global_15,2.332076091760264e-05
virginia_13,2.331465590051709e-05
restaurant_17,2.3300158933324994e-05
markets_5,2.326278048668076e-05
oil_14,2.324178342873143e-05
water_4,2.324070777764062e-05
founded_17,2.323323056087243e-05
loss_6,2.3134356785157715e-05
DOW_JONES_2,2.313191025793651e-05
governor_14,2.306758672193765e-05
union_4,2.3054040879920678e-05
cancer_17,2.3042440157353945e-05
ltd_12,2.3026814430827516e-05
inc_14,2.3007347208720002e-05
arts_10,2.300713289418752e-05
lifestyle_18,2.300301126840321e-05
ltd_6,2.299113322147635e-05
fun_10,2.2980433948885252e-05
pennsylvania_19,2.2952750242613755e-05
carolina_13,2.2918154779672945e-05
gains_10,2.291031166608469e-05
invest_20,2.2867711177110518e-05
kentucky_20,2.2852710580447816e-05
bank_12,2.284557835008233e-05
dow_jones_16,2.2844126344275696e-05
restaurant_3,2.2839904351822384e-05
society_1,2.283744201253053e-05
rich_13,2.28247042823267e-05
council_13,2.2817326887257746e-05
markets_1,2.276985409739109e-05
gold_6,2.2697387018909633e-05
finance_6,2.268094426104813e-05
happy_6,2.268071401410039e-05
political_14,2.265125650661234e-05
economic_3,2.264117964799073e-05
cancer_6,2.260975668871128e-05
rights_8,2.260058767281211e-05
party_3,2.2574404675821266e-05
kentucky_16,2.2524382676223886e-05
council_3,2.247700132398821e-05
freedom_16,2.2457355303531044e-05
trader_15,2.2449442092514267e-05
representatives_2,2.243777122576373e-05
markets_6,2.243728145949283e-05
judge_3,2.2421660948550063e-05
georgia_20,2.239575516166648e-05
economics_2,2.2381189079256478e-05
profit_7,2.237322971237684e-05
massachusetts_5,2.2276947545533757e-05
development_13,2.2264130919685407e-05
investment_7,2.225296718166476e-05
representatives_12,2.2233752009660545e-05
movement_10,2.222356160953948e-05
credit_13,2.219996523221185e-05
crash_8,2.2190185655385806e-05
office_4,2.216001885528357e-05
banking_14,2.210604577624866e-05
stocks_9,2.2040793185258467e-05
college_13,2.2019169239856294e-05
police_7,2.201247948110829e-05
project_2,2.1991646968510385e-05
office_7,2.1975191964763884e-05
chance_19,2.19443376782505e-05
justice_13,2.1944117486287485e-05
banking_13,2.187760477420752e-05
secretary_7,2.187581198056088e-05
transaction_17,2.1863580028271104e-05
illinois_9,2.1860103765517494e-05
environment_17,2.1843564340607446e-05
founded_13,2.1825103272751247e-05
debt_1,2.181781614395981e-05
wisconsin_8,2.1816923192969813e-05
economic_18,2.1812125887553214e-05
county_10,2.1795178743766306e-05
case_20,2.1781117347876334e-05
law_4,2.1761599523920865e-05
loss_15,2.1746284368125366e-05
holiday_17,2.1735602306379896e-05
movie_14,2.173481762484864e-05
cash_1,2.1721254459037867e-05
fed_19,2.16973741778233e-05
kitchen_20,2.1693762043695948e-05
earnings_10,2.1683965277931946e-05
default_8,2.162907642621574e-05
nyse_20,2.1627875847615935e-05
police_1,2.162259292670083e-05
service_13,2.160661055977996e-05
social_16,2.159121340685611e-05
community_14,2.154535711674033e-05
economy_2,2.1528305745454695e-05
house_17,2.1515507086498327e-05
community_11,2.1509617604351724e-05
service_15,2.1497489332226497e-05
stock_market_4,2.147264227109444e-05
transaction_19,2.146226510335164e-05
buy_14,2.145069407439357e-05
washington_2,2.1418629474859187e-05
business_3,2.1411821703565303e-05
york_17,2.1374992475602186e-05
environment_16,2.1361766063423746e-05
republican_9,2.1318952658678935e-05
security_12,2.1306389956019846e-05
BUY_AND_HOLD_6,2.128306242223399e-05
county_20,2.1266438870831867e-05
headlines_4,2.1259840119385654e-05
credit_8,2.1255317082525945e-05
party_12,2.1214434009045107e-05
case_19,2.1185409228472907e-05
legal_14,2.1168781455807027e-05
texas_19,2.1156215228511715e-05
fun_8,2.1153614903903822e-05
tourism_19,2.1152443349447e-05
pennsylvania_7,2.1126420681926774e-05
investment_5,2.110110315617561e-05
religion_6,2.1091786230448624e-05
minister_16,2.1078624786092136e-05
inc_6,2.107454687313576e-05
election_15,2.1026560217391413e-05
arts_13,2.1020845060396492e-05
companies_10,2.0970100743468476e-05
economy_7,2.095742770391941e-05
movement_7,2.0957168569837792e-05
forex_7,2.0946735116768167e-05
invest_6,2.0945332450331414e-05
dividend_20,2.0902167008716685e-05
loss_8,2.084990142535039e-05
college_4,2.0835588842581923e-05
political_10,2.083258186073057e-05
technology_6,2.0811486013652847e-05
holiday_3,2.081007725534208e-05
marriage_4,2.080991827065697e-05
food_5,2.0793906366307567e-05
water_1,2.0791292517372525e-05
transaction_1,2.0752227330112424e-05
water_2,2.074434096937785e-05
consume_10,2.0720017631036566e-05
markets_16,2.070317275986521e-05
justice_1,2.0680728151917057e-05
finance_18,2.0680451870770733e-05
management_12,2.066962297489913e-05
oil_11,2.0615194907439663e-05
stocks_1,2.0603044481770375e-05
restaurant_2,2.0600962016587728e-05
social_4,2.056773919845343e-05
labor_6,2.0557749257527122e-05
ministry_9,2.0546296401565926e-05
inflation_6,2.053321213110169e-05
york_15,2.0523595004711808e-05
success_20,2.0516630608032825e-05
cancer_2,2.0509674887143962e-05
bubble_4,2.0507074363466846e-05
police_5,2.050135326046413e-05
financial_markets_10,2.0501025995111624e-05
economics_1,2.0384249647134152e-05
labor_18,2.0380595910279324e-05
credit_7,2.036911800105088e-05
william_15,2.0365458910917146e-05
inc_4,2.035461813527943e-05
leverage_4,2.0353738233772642e-05
trader_4,2.028629589360873e-05
stats_3,2.0276251113727052e-05
kitchen_5,2.0269520795126027e-05
dividend_3,2.0259182948820044e-05
food_16,2.0245060479534694e-05
nyse_7,2.02339381208902e-05
union_20,2.0215182619332158e-05
seats_10,2.021270555366501e-05
washington_18,2.0201604764033094e-05
housing_13,2.016031390922928e-05
crisis_14,2.0159804514387626e-05
party_7,2.0146538046037093e-05
served_18,2.0138920644011153e-05
marketing_5,2.0122522005001597e-05
sell_20,2.0065218401239346e-05
tennessee_7,2.0057134233328294e-05
return_16,2.005593149907243e-05
corporation_12,2.0024009469970527e-05
election_12,2.002203599739528e-05
metals_20,2.0017901970803346e-05
food_15,2.0017430980461292e-05
oil_2,2.001052592030742e-05
kitchen_17,1.999196608457621e-05
default_5,1.9985664169142843e-05
war_1,1.9985529117927e-05
ohio_14,1.988152025516921e-05
economy_1,1.9859115728674427e-05
members_19,1.9851747933132986e-05
federal_15,1.9846489819561745e-05
fond_9,1.9825762923284234e-05
social_14,1.9800732317406894e-05
companies_3,1.975508287539664e-05
holiday_4,1.9750715764687052e-05
kitchen_13,1.972591011138132e-05
bank_10,1.9685537153589707e-05
health_12,1.964894978030328e-05
elected_14,1.9646270021479173e-05
legal_9,1.964458875865033e-05
energy_20,1.961870500108041e-05
security_8,1.9603242427207105e-05
district_13,1.957090551691613e-05
sell_1,1.9547736021990254e-05
movement_14,1.9518737046360706e-05
business_5,1.9502966057890792e-05
car_19,1.947385850041729e-05
DOW_JONES_19,1.9471695148372198e-05
success_7,1.9471145111353195e-05
housing_17,1.9464593042759207e-05
consumption_1,1.9454900693871297e-05
home_3,1.943604095142864e-05
success_5,1.9424166931175625e-05
credit_3,1.9424001569109052e-05
bonds_10,1.941227128089326e-05
consumption_3,1.938723915008221e-05
community_2,1.9339503748000726e-05
war_2,1.933673681687078e-05
bank_2,1.9330477237983554e-05
minister_5,1.931694935656493e-05
hedge_19,1.9314777526365414e-05
metals_10,1.9300595001366328e-05
office_2,1.9251746355981127e-05
ministry_18,1.9242645558178013e-05
media_18,1.9193742315935738e-05
products_14,1.9167116699932207e-05
blacklist_12,1.9142973809762744e-05
society_4,1.9094669798941216e-05
tourism_20,1.908635514950935e-05
tennessee_17,1.9034372513382223e-05
nyse_15,1.9025462431745943e-05
world_5,1.902379881408751e-05
society_7,1.89717685720826e-05
stats_7,1.896665747614236e-05
color_20,1.895961726842135e-05
trader_3,1.8957498499923295e-05
global_10,1.894720848818804e-05
garden_9,1.892797867816893e-05
color_18,1.8920430894928095e-05
government_8,1.890635397931197e-05
color_3,1.8891624030089347e-05
earnings_18,1.887588974206636e-05
management_19,1.8818447440893966e-05
money_16,1.8815061543510395e-05
law_17,1.8814417137443886e-05
portfolio_16,1.8795161595096695e-05
bank_14,1.8775519703902948e-05
judge_19,1.8745123797593834e-05
money_7,1.8714679623858846e-05
virginia_10,1.871018439962425e-05
opportunity_8,1.869480137844159e-05
management_10,1.8690460834878686e-05
movie_13,1.867291619055015e-05
economics_13,1.8653511470283857e-05
growth_4,1.8611456192395317e-05
wisconsin_13,1.8599693904529024e-05
democratic_12,1.8589867550385e-05
business_9,1.8585582912202467e-05
labor_5,1.858544114892975e-05
housing_18,1.8515014978799384e-05
massachusetts_11,1.848855096132536e-05
religion_12,1.8485093716023325e-05
services_10,1.8482454170413124e-05
bubble_5,1.842296341712321e-05
fond_8,1.842182788488976e-05
cash_2,1.8408564633795876e-05
house_19,1.840047086580741e-05
government_15,1.83957000912e-05
economy_11,1.8386280624232886e-05
fed_10,1.8377418439968066e-05
money_20,1.837494069847386e-05
health_17,1.8368726994681124e-05
banking_5,1.8368165319929686e-05
trader_6,1.8330438024045985e-05
committee_4,1.83101221149333e-05
labor_20,1.8305573267608814e-05
derivatives_14,1.8294995539865437e-05
government_4,1.828845704721229e-05
conflict_3,1.827734156307872e-05
crash_5,1.827532520332785e-05
fine_4,1.8269486439323366e-05
global_1,1.8267686346237554e-05
marriage_8,1.8264717890415205e-05
management_16,1.8238671869856612e-05
society_15,1.8221802786631327e-05
bonds_9,1.820390013408416e-05
economics_8,1.820275964423533e-05
housing_6,1.8139453416283913e-05
tourism_15,1.8130463082920034e-05
happy_10,1.8129609957376774e-05
gold_17,1.8092067836615112e-05
global_19,1.806998175826477e-05
washington_17,1.8053789948433e-05
kitchen_9,1.8052776498311315e-05
water_17,1.8028258929790855e-05
freedom_8,1.8012657732973873e-05
government_10,1.8008712319549507e-05
votes_10,1.7983827530201126e-05
minister_9,1.797490816211524e-05
business_4,1.7968237827064755e-05
ring_3,1.795953630093954e-05
dividend_5,1.7958685350409772e-05
energy_8,1.794643474556596e-05
cancer_3,1.79459916193502e-05
derivatives_17,1.7938379341489322e-05
virginia_4,1.793195528170932e-05
culture_17,1.7879182612600445e-05
finance_1,1.784831955749373e-05
management_5,1.7832548799002466e-05
media_6,1.782368065187828e-05
carolina_8,1.7772973954504423e-05
technology_13,1.776896892353284e-05
conflict_2,1.7760381613780512e-05
bubble_13,1.774903559482277e-05
dow_jones_9,1.7742801774515538e-05
illinois_16,1.76955477847853e-05
financial_19,1.769027582819153e-05
invest_17,1.7662421604420064e-05
travel_2,1.7652334498923633e-05
success_15,1.763830399236456e-05
services_17,1.7571036559885885e-05
inc_15,1.7548122240708968e-05
kentucky_5,1.7526979208026873e-05
security_18,1.751728878700932e-05
virginia_3,1.7497878701751164e-05
ore_14,1.7494206560304626e-05
marketing_16,1.7482358316992342e-05
million_8,1.7439406523494477e-05
rights_6,1.743255316595513e-05
financial_9,1.735674756462382e-05
debt_18,1.7355273088977686e-05
pennsylvania_5,1.7300038983841793e-05
gains_14,1.7292335523472612e-05
rights_7,1.7278795595929713e-05
georgia_6,1.726182326971063e-05
gains_1,1.7251555364991606e-05
investment_15,1.7238599128806198e-05
sell_12,1.7230002106969868e-05
health_3,1.7218431412731812e-05
crash_1,1.7212441906225297e-05
opportunity_13,1.7202442051556376e-05
police_20,1.719421311764557e-05
freedom_4,1.7175839492153714e-05
consume_2,1.717471155528551e-05
profit_20,1.7162318862755802e-05
fine_12,1.7159532331989842e-05
minister_11,1.7141222534749045e-05
founded_7,1.713538144640002e-05
rights_12,1.7118956068612833e-05
federal_4,1.7103614625476323e-05
derivatives_4,1.709442710645734e-05
garden_7,1.7079394807073028e-05
senate_6,1.7059514950181374e-05
holiday_9,1.7054893035475518e-05
culture_4,1.7027328984722658e-05
vermont_7,1.7024072392330803e-05
finance_15,1.701383824109209e-05
election_5,1.7012624856906962e-05
wisconsin_5,1.7007658609873952e-05
garden_8,1.7002956880001827e-05
judge_17,1.6986909667184806e-05
dividend_18,1.696250142934132e-05
bonds_15,1.6958438694368236e-05
society_9,1.6943295106883e-05
college_9,1.693015783352788e-05
cash_4,1.6929043863091924e-05
rights_13,1.6914346746161333e-05
community_20,1.6910423831176527e-05
labor_3,1.6909248566439123e-05
union_19,1.6896547755059726e-05
rich_18,1.6881293441062868e-05
gain_17,1.6880852437938394e-05
economic_8,1.6879545056138318e-05
society_17,1.6827220039385167e-05
oil_8,1.682623182012349e-05
religion_11,1.680733331673092e-05
ltd_8,1.6791738871879525e-05
cash_17,1.6783285517039165e-05
credit_16,1.678301593627178e-05
tourism_10,1.675587445290735e-05
democratic_6,1.6733981999523856e-05
case_4,1.673063363772277e-05
district_5,1.668610682653337e-05
elections_17,1.664894495551759e-05
energy_15,1.6644964014990666e-05
stock_market_3,1.6602815005848218e-05
wisconsin_2,1.6583790506411222e-05
buy_1,1.6566423494979706e-05
chance_11,1.6552203737072145e-05
markets_11,1.6543698774848498e-05
fed_13,1.6532234752337022e-05
social_9,1.6520753979220652e-05
massachusetts_3,1.6515148028394088e-05
investment_1,1.6485281078612024e-05
food_4,1.6475752408060068e-05
investment_16,1.6469819997680662e-05
stock_market_10,1.6452582174291283e-05
marriage_10,1.6430179804871035e-05
movement_19,1.642518717567924e-05
media_17,1.6406001006602433e-05
restaurant_9,1.6391610741730328e-05
crash_6,1.635597759425508e-05
pennsylvania_12,1.6347825984550235e-05
credit_6,1.632917501649871e-05
markets_18,1.630323511801838e-05
sell_4,1.6297886206307638e-05
votes_4,1.6295880596929942e-05
invest_8,1.6268008775262042e-05
media_16,1.625999607341376e-05
world_14,1.625709062695345e-05
companies_19,1.6245707627406508e-05
votes_6,1.6221466752159366e-05
community_19,1.6204389120216598e-05
movie_16,1.6195498263523905e-05
bubble_15,1.6185399883758514e-05
ore_15,1.6174874258740866e-05
dow_jones_2,1.6125788709710415e-05
community_10,1.6078954584244093e-05
freedom_19,1.6078686727247585e-05
rich_9,1.6047400610110888e-05
investment_4,1.6047248624446454e-05
kentucky_2,1.6037901726194702e-05
governor_8,1.601295685832101e-05
votes_2,1.6006695013288927e-05
inflation_8,1.5980995804949733e-05
environment_8,1.597740610201547e-05
travel_19,1.5966048712408326e-05
garden_11,1.595047034973357e-05
ring_15,1.594385980013851e-05
water_9,1.5942119233075982e-05
firm_13,1.5933711578133444e-05
economic_20,1.5931162173349318e-05
inc_7,1.5929791606756432e-05
gain_19,1.5897442836234378e-05
seats_16,1.5882509615992995e-05
industry_3,1.5861325620190766e-05
york_18,1.586072714509589e-05
project_16,1.5857107440049412e-05
served_1,1.5856588940408234e-05
health_11,1.5851302366708787e-05
movement_1,1.5848019158888958e-05
ceo_18,1.581863141806049e-05
leverage_9,1.5807174359483973e-05
gains_16,1.5797600222006437e-05
default_15,1.578565877301694e-05
ministry_8,1.5772348011309607e-05
marketing_8,1.5768198173579183e-05
stats_9,1.5739532762168437e-05
social_10,1.5734669252016492e-05
holiday_19,1.5731798806741086e-05
society_18,1.573159137327314e-05
police_4,1.56807182748825e-05
vermont_3,1.5646132088286075e-05
risk_17,1.5642631280947344e-05
oil_4,1.5640177603582126e-05
committee_9,1.562123087935952e-05
fond_1,1.5617369811875248e-05
cancer_1,1.5615628583859384e-05
fond_16,1.5593744207927554e-05
car_13,1.5576864292863903e-05
holiday_20,1.5558062826579753e-05
case_1,1.555311537787249e-05
home_14,1.553582419750172e-05
profit_4,1.550734262767389e-05
movie_18,1.5504944571588778e-05
return_11,1.5502543634239677e-05
seats_19,1.5492527432066426e-05
oil_3,1.5475963417582494e-05
marketing_11,1.5472406054904863e-05
justice_20,1.5460333296836247e-05
justice_7,1.5435672026826088e-05
business_20,1.5434599387254888e-05
water_15,1.5431447082140686e-05
housing_3,1.5430213195077047e-05
house_15,1.5371730501245515e-05
media_20,1.5353222976442588e-05
holiday_6,1.533728489414065e-05
corporation_20,1.533723760355319e-05
federal_16,1.533077276517457e-05
gold_16,1.5292454087233447e-05
tourism_8,1.5278977008729692e-05
million_3,1.5267775817694933e-05
derivatives_19,1.5256334069088798e-05
cancer_19,1.5253869969376895e-05
risk_19,1.5251754459387078e-05
council_11,1.5233641981654148e-05
democratic_14,1.5224296019582504e-05
council_2,1.519931513056611e-05
opportunity_17,1.5192635524358948e-05
county_9,1.5189782073285505e-05
york_6,1.5187305480333746e-05
vermont_10,1.5175630539900531e-05
lifestyle_10,1.5162385526612179e-05
banking_9,1.5155879364734494e-05
water_7,1.5150515738036786e-05
restaurant_8,1.5138094859879462e-05
leverage_20,1.51363535253965e-05
ceo_16,1.5131861622850824e-05
present_13,1.5118602855406712e-05
financial_17,1.5095104848011545e-05
democratic_15,1.5083705725470166e-05
gold_9,1.5083526242717748e-05
invest_1,1.506443413535711e-05
products_5,1.5063307719890674e-05
stats_16,1.5061858711058725e-05
secretary_9,1.5033159811687936e-05
industry_10,1.5009463342461825e-05
kitchen_16,1.4991461315347253e-05
ore_3,1.4970456578205747e-05
return_15,1.4962572019978607e-05
restaurant_1,1.4961988440577878e-05
judge_12,1.495221159368844e-05
train_19,1.4926549645115826e-05
metals_17,1.4923110911054417e-05
profit_5,1.4908929498025015e-05
metals_5,1.4902754915222989e-05
ceo_9,1.489385434918103e-05
development_3,1.4877992852460516e-05
portfolio_5,1.4863871043059588e-05
economics_5,1.4839098679629727e-05
success_18,1.4836914531191595e-05
chance_20,1.4819826584218816e-05
technology_14,1.4801837345213352e-05
service_1,1.4779697815501575e-05
DOW_JONES_15,1.4756785015714126e-05
water_11,1.4755068480522693e-05
elections_3,1.475019997121456e-05
council_16,1.4743548180352197e-05
rights_17,1.473856545141228e-05
federal_10,1.4735729196113907e-05
color_11,1.469293050515422e-05
bubble_16,1.4681695489074967e-05
market_13,1.4678422384976487e-05
district_16,1.4663759590601947e-05
secretary_5,1.4641905154501513e-05
police_19,1.4613055094699924e-05
rich_5,1.4601377484905255e-05
gain_6,1.4590468797412979e-05
fond_2,1.4589163221782392e-05
water_6,1.4577949848828388e-05
markets_8,1.4535405759046295e-05
office_14,1.450654792039562e-05
labor_13,1.450429254453401e-05
missouri_20,1.4499986847846152e-05
risk_6,1.4484701745263089e-05
members_1,1.447888264210638e-05
william_19,1.4466944107985492e-05
union_9,1.4442076908779792e-05
kentucky_19,1.44170099691978e-05
minister_3,1.441661760638963e-05
industry_16,1.4397146154264468e-05
cash_14,1.4393098220336081e-05
wisconsin_20,1.4339874732349476e-05
community_18,1.4339182208018148e-05
culture_1,1.4301105793763824e-05
world_9,1.426277844033532e-05
cash_20,1.4239156294651533e-05
kentucky_8,1.423457771350099e-05
ohio_11,1.4233342499828357e-05
ore_5,1.4219384879504666e-05
dividend_7,1.421865873599322e-05
default_19,1.4207869668494479e-05
arts_11,1.418575296142807e-05
society_13,1.418518036076543e-05
service_16,1.4181750407647056e-05
dividend_19,1.4171957070281186e-05
growth_19,1.416883054815299e-05
ring_7,1.4159939184089075e-05
security_20,1.4154135840793274e-05
services_6,1.411825552905364e-05
stocks_17,1.4111838958670426e-05
ring_17,1.410917981121257e-05
investment_20,1.410525941293951e-05
hedge_18,1.4100413141601015e-05
government_3,1.4092166988226954e-05
governor_9,1.409202218279794e-05
crisis_7,1.4076626372852487e-05
ministry_19,1.4074937279338675e-05
secretary_1,1.4071222264392776e-05
senate_14,1.4062825011540894e-05
william_1,1.4058083865144306e-05
founded_16,1.405579022382474e-05
products_19,1.4045256219575308e-05
political_4,1.4014724042377643e-05
earnings_5,1.401282395133868e-05
consumption_18,1.4007069633287277e-05
ceo_12,1.3988079381082446e-05
served_10,1.3963976579829202e-05
invest_13,1.3927395309574194e-05
war_11,1.3927067324690335e-05
stats_5,1.3894167719357684e-05
global_9,1.3879400316172918e-05
york_2,1.3859242928384327e-05
DOW_JONES_11,1.385409804054672e-05
judge_14,1.3840729737846591e-05
DOW_JONES_1,1.3797686167482922e-05
massachusetts_10,1.376369877609375e-05
energy_12,1.373280637564064e-05
movie_8,1.3728996832959994e-05
secretary_12,1.370448756814952e-05
illinois_17,1.370153499512665e-05
cash_5,1.36815911750166e-05
economy_18,1.3680991435262573e-05
headlines_5,1.3676650980538713e-05
texas_2,1.3676361165665347e-05
gain_9,1.3663923620953216e-05
gain_8,1.3660166204261445e-05
elected_20,1.3643706633621598e-05
headlines_6,1.3643629032376285e-05
members_5,1.361344260283262e-05
environment_14,1.359603241440092e-05
markets_15,1.358940408423626e-05
leverage_8,1.3588232126995454e-05
million_20,1.356055227293004e-05
car_3,1.3557675239661835e-05
ohio_15,1.3533129579337002e-05
rights_10,1.35318919291093e-05
corporation_19,1.3525259446494557e-05
elections_8,1.3507938953040407e-05
stock_market_8,1.3505029088985085e-05
ore_2,1.3502526144756495e-05
virginia_6,1.3493272623795185e-05
illinois_3,1.3488582133334233e-05
travel_6,1.3487024381558653e-05
firm_8,1.346022578959965e-05
court_17,1.3455860414367556e-05
services_15,1.3403479967465185e-05
portfolio_3,1.340298891302034e-05
republican_20,1.3388175067743754e-05
marriage_7,1.3374260119088467e-05
loss_13,1.3358638224826697e-05
democratic_2,1.3337098125478315e-05
global_12,1.3321539553169975e-05
movie_20,1.32895581744198e-05
voters_18,1.3283548421470285e-05
conflict_9,1.328139556129234e-05
services_1,1.3278818726482495e-05
texas_5,1.325889651114646e-05
growth_3,1.3256552419970007e-05
DOW_JONES_8,1.3256285628710135e-05
hedge_20,1.3243872904266784e-05
economic_1,1.3222235458807886e-05
banking_10,1.3202221070369459e-05
color_19,1.31542684082176e-05
court_3,1.3147714248092365e-05
virginia_14,1.3147117170449307e-05
georgia_12,1.314551149529616e-05
ring_11,1.3101978213725685e-05
money_18,1.3097852784869998e-05
arts_12,1.3081666411678525e-05
oil_19,1.3079902741551913e-05
credit_1,1.3071016864502832e-05
companies_11,1.3052214977649055e-05
stock_market_15,1.304782095857916e-05
global_20,1.3038981071521077e-05
judge_8,1.3035531161768304e-05
banking_12,1.3008180174430393e-05
environment_20,1.3006022149431805e-05
georgia_8,1.2996198861281351e-05
portfolio_14,1.299408503885726e-05
companies_4,1.2984728238553736e-05
served_8,1.2983450077948165e-05
tourism_13,1.2980370780147795e-05
money_6,1.2935841582255294e-05
society_10,1.2928558480044453e-05
college_10,1.2912636063082185e-05
consume_4,1.2893381346853896e-05
election_14,1.2853579226153207e-05
credit_4,1.2842903137332525e-05
environment_15,1.282279540030779e-05
million_6,1.281762962215011e-05
secretary_15,1.28001526906464e-05
finance_17,1.2772736967396267e-05
security_1,1.2770676130669415e-05
project_15,1.2768965299488755e-05
county_17,1.2768361716200185e-05
police_12,1.2764647118410339e-05
short_selling_6,1.2758709599242505e-05
food_6,1.2725147448860755e-05
firm_14,1.2709432495919627e-05
headlines_1,1.2705824148447376e-05
metals_12,1.2692259680935465e-05
risk_18,1.2665187108294195e-05
governor_20,1.2655659450476891e-05
success_2,1.2631788136045516e-05
william_18,1.2627113534230321e-05
firm_20,1.2625563877793064e-05
garden_4,1.2613730467994866e-05
law_12,1.2612890284815884e-05
marriage_9,1.2588110278757115e-05
missouri_5,1.2581826757832965e-05
success_1,1.2570675988297536e-05
fun_11,1.256998759835963e-05
home_6,1.2530172725957527e-05
stock_market_6,1.2523975919697396e-05
chance_4,1.2511142802336051e-05
leverage_13,1.250737794196827e-05
crisis_11,1.2499931637267606e-05
portfolio_15,1.2496947704457567e-05
metals_15,1.2495478004040685e-05
bank_3,1.2476022312694392e-05
district_1,1.2447828004221761e-05
million_12,1.2438335880965719e-05
religion_17,1.2436796996855354e-05
returns_10,1.2431500875775702e-05
trader_1,1.2399688016921865e-05
religion_14,1.2376732342499645e-05
college_17,1.2372009453948932e-05
health_4,1.2366642955514948e-05
ltd_14,1.2353471508990152e-05
present_8,1.2343083758550673e-05
religion_1,1.2338777646743313e-05
stats_10,1.2338551847225415e-05
vermont_20,1.2332565721400032e-05
products_3,1.2331019777413576e-05
money_8,1.232731992587198e-05
million_16,1.2326122639235214e-05
default_2,1.2286435414595156e-05
georgia_16,1.2281225150556427e-05
finance_7,1.2247233710012295e-05
illinois_13,1.2244233357881136e-05
development_17,1.2238989502229398e-05
crisis_2,1.222039008321711e-05
vermont_14,1.2203282013137194e-05
consumption_12,1.2157240306782346e-05
unemployment_12,1.2145098342857354e-05
return_1,1.214421575512602e-05
garden_15,1.2136371123415413e-05
profit_19,1.2134676355696589e-05
missouri_13,1.2128255863368927e-05
forex_8,1.2083558483935224e-05
sell_13,1.2081754748490609e-05
movie_2,1.2075562174860072e-05
union_8,1.2075150923339165e-05
opportunity_16,1.2048174418737195e-05
governor_1,1.2009728423604065e-05
marketing_9,1.1961820730924962e-05
vermont_6,1.1957698154958195e-05
ore_8,1.195703007031296e-05
community_16,1.1947278436153936e-05
gains_3,1.1940281772867135e-05
voters_14,1.1930941888920527e-05
york_20,1.1923108904631175e-05
police_10,1.1921075756058251e-05
DOW_JONES_7,1.191586250492046e-05
fed_17,1.1912738796478293e-05
movement_2,1.1905205133383784e-05
risk_10,1.1881157936282511e-05
train_3,1.1868601566754947e-05
blacklist_15,1.1867980041749396e-05
opportunity_19,1.184085450015676e-05
metals_9,1.1838161616501965e-05
ltd_4,1.183716210829722e-05
DOW_JONES_3,1.1824953131660041e-05
present_11,1.182198123823192e-05
ring_19,1.1812330853597945e-05
travel_3,1.1808744421911466e-05
earnings_2,1.179699782942643e-05
money_10,1.1763493280307505e-05
transaction_10,1.1743406067984575e-05
act_20,1.1739491262311925e-05
finance_9,1.170150945409797e-05
texas_13,1.169047713774704e-05
products_17,1.1688175100045985e-05
money_5,1.1683570502942347e-05
fed_14,1.1659235596710467e-05
election_17,1.16565577864158e-05
bonds_5,1.1597787924560894e-05
pennsylvania_17,1.159345669063574e-05
rights_4,1.158547891946541e-05
revenue_5,1.1583078571954379e-05
wisconsin_1,1.1581536530417387e-05
war_6,1.1580311955427067e-05
legal_17,1.1576595092220168e-05
president_13,1.1574432564125184e-05
york_19,1.1563689315961976e-05
texas_20,1.1532712913840863e-05
consumption_8,1.1510740263682938e-05
elected_7,1.1505351943634206e-05
vermont_2,1.14878430478206e-05
office_12,1.1475721741384035e-05
unemployment_18,1.14524831379426e-05
minister_8,1.144602983811852e-05
gain_3,1.14229576764303e-05
freedom_9,1.141008355519035e-05
bonds_4,1.1400042084854111e-05
committee_13,1.1396731895483949e-05
religion_18,1.1383792357108776e-05
pennsylvania_10,1.1380482904458169e-05
representatives_3,1.1371789472594576e-05
firm_6,1.136957544557364e-05
arts_7,1.136459746084738e-05
development_19,1.1344398723936951e-05
community_6,1.1335424371502326e-05
nasdaq_17,1.1316710410194404e-05
money_19,1.1316704464367689e-05
companies_17,1.1288812899114515e-05
election_18,1.1283492957654335e-05
ministry_13,1.127085917501573e-05
elections_10,1.1265642154048582e-05
portfolio_8,1.125132213582351e-05
hedge_11,1.1235571267675818e-05
seats_7,1.123389183885992e-05
happy_8,1.1227568392152812e-05
ring_2,1.1206083191612918e-05
service_19,1.1199799169759178e-05
bonds_1,1.1190835328006757e-05
oil_20,1.1178630708222857e-05
district_8,1.1130669082370146e-05
opportunity_11,1.1118049026322667e-05
wisconsin_12,1.1089482778196623e-05
cash_11,1.107420225828292e-05
police_9,1.1058572215698014e-05
garden_12,1.1043348406942806e-05
justice_16,1.0997599219447873e-05
rich_4,1.0979475992365484e-05
million_11,1.0976333423835036e-05
party_14,1.0962538480256144e-05
growth_5,1.0949716863904744e-05
founded_18,1.0940542661187469e-05
transaction_4,1.0929080055869602e-05
present_20,1.091968518571778e-05
voters_19,1.0899634940070537e-05
religion_20,1.0886375310820093e-05
society_11,1.0877586475029003e-05
wisconsin_9,1.0854997196107557e-05
headlines_7,1.0845046240823294e-05
movie_4,1.0820311061284872e-05
security_3,1.0793193865308677e-05
law_15,1.0777834250193224e-05
society_19,1.0753937459948784e-05
services_5,1.0748255079867537e-05
project_17,1.0725429239906522e-05
virginia_20,1.0714911443608778e-05
conflict_13,1.0713365268562747e-05
committee_20,1.069283655748599e-05
case_18,1.0688544133282392e-05
dividend_13,1.0688128950780756e-05
voters_8,1.0687222051788975e-05
illinois_7,1.0681871078051214e-05
inflation_5,1.068160038307662e-05
finance_14,1.0678003354538164e-05
invest_18,1.0670696237248394e-05
earnings_13,1.0653138087687394e-05
law_2,1.0642769792759905e-05
technology_17,1.0639777573071936e-05
minister_4,1.0638958126205071e-05
economics_7,1.063759720479955e-05
market_14,1.0628268506691543e-05
DOW_JONES_5,1.0623619898752743e-05
governor_5,1.0619767284756423e-05
party_1,1.0615461229645474e-05
revenue_1,1.0588378782951112e-05
politics_19,1.0585617722633796e-05
missouri_4,1.0582192190619425e-05
conflict_4,1.0572799205131556e-05
banking_17,1.0569492237933794e-05
representatives_15,1.0562606430912434e-05
crash_15,1.0556124402119403e-05
president_20,1.055247651321112e-05
texas_1,1.054318480398912e-05
union_11,1.0539429328227626e-05
bonds_8,1.0509878966932491e-05
political_1,1.0509356879326725e-05
votes_3,1.0501989636369333e-05
bubble_1,1.0489377950213653e-05
ltd_15,1.0478717168119916e-05
voters_16,1.0466989674319915e-05
fed_8,1.0461689891440159e-05
inflation_11,1.0452234063467756e-05
movie_15,1.0447695705560347e-05
dow_jones_1,1.0443569862336333e-05
democratic_8,1.043869046418933e-05
social_5,1.0438678449116808e-05
markets_19,1.0432187647414034e-05
buy_15,1.0426433473126144e-05
business_16,1.0423914076297867e-05
carolina_15,1.041499069316356e-05
returns_7,1.0388297704274787e-05
return_10,1.0375996551140599e-05
garden_20,1.0355584187738318e-05
georgia_9,1.0335939380088448e-05
loss_2,1.0334181198511343e-05
republican_4,1.031757855920652e-05
william_2,1.0310054514449684e-05
credit_11,1.0299658329225536e-05
present_18,1.0297002529598687e-05
garden_17,1.0273062883940486e-05
leverage_11,1.0267483972339544e-05
opportunity_12,1.0257900228554442e-05
missouri_16,1.0233104910355912e-05
committee_14,1.0229127116084599e-05
inc_16,1.0208693078407507e-05
returns_16,1.0208560449286094e-05
development_12,1.0203722629525973e-05
economy_14,1.0175055863163487e-05
security_5,1.0143494141252423e-05
headlines_8,1.0139962088323956e-05
vermont_11,1.0132190399431187e-05
union_7,1.0130619332407553e-05
tourism_18,1.0128965215416748e-05
invest_16,1.0108687069238846e-05
financial_markets_7,1.0108400611243398e-05
oil_10,1.0091143180935282e-05
finance_3,1.0088139330799206e-05
metals_19,1.0083076617243443e-05
sell_9,1.0076246338147636e-05
forex_10,1.0064247644315711e-05
greed_5,1.0051241051098984e-05
labor_2,1.0042915827262835e-05
council_17,1.0018616916515453e-05
car_5,1.00180731742596e-05
inc_5,1.0008408083321727e-05
president_10,9.991374921260057e-06
marriage_11,9.990029388166828e-06
forex_16,9.983039333138645e-06
train_12,9.982122683407433e-06
economy_12,9.98031399136538e-06
dividend_17,9.954244195345907e-06
bank_9,9.951834442024018e-06
profit_6,9.95061038366438e-06
service_6,9.936391399414904e-06
republican_10,9.912179998903084e-06
pennsylvania_11,9.903644320390609e-06
holiday_8,9.898900697229468e-06
minister_14,9.887933759108763e-06
loss_12,9.887575606022118e-06
car_17,9.887371578377802e-06
bubble_3,9.87097098814546e-06
leverage_3,9.869283860083996e-06
republican_13,9.865242240476462e-06
markets_3,9.855766977368069e-06
economic_15,9.853091377853137e-06
massachusetts_13,9.830130031431996e-06
profit_15,9.823736810683467e-06
holiday_1,9.800282986372074e-06
nasdaq_18,9.794252047858108e-06
hedge_3,9.782472605067544e-06
earnings_14,9.768830616861892e-06
tennessee_13,9.756578171152188e-06
missouri_10,9.75226599104078e-06
gain_15,9.74045709767679e-06
minister_19,9.708341711016456e-06
housing_5,9.693295007160133e-06
religion_5,9.692812731679172e-06
cash_15,9.688319145679616e-06
portfolio_12,9.645940494276593e-06
served_12,9.636878675253182e-06
virginia_15,9.629368297366553e-06
government_13,9.627063985737096e-06
investment_19,9.619533648997876e-06
present_17,9.565007619986174e-06
default_14,9.558327477039191e-06
color_17,9.556495455622318e-06
house_8,9.551086781385474e-06
bubble_19,9.528261494047372e-06
secretary_19,9.518602351201925e-06
invest_2,9.514448319812947e-06
travel_16,9.51155011168082e-06
default_11,9.488065115470709e-06
ceo_20,9.484897266113178e-06
hedge_8,9.462761066247892e-06
technology_18,9.427839043885426e-06
culture_7,9.423447548871648e-06
founded_12,9.422845259506777e-06
illinois_18,9.422053009510903e-06
unemployment_19,9.420964154658597e-06
water_19,9.412528457769644e-06
washington_12,9.369855169478564e-06
gains_9,9.368912106555807e-06
cancer_5,9.365874318442333e-06
economy_17,9.365190649225039e-06
culture_18,9.363411239568196e-06
social_17,9.360033541613265e-06
elected_17,9.359123509272933e-06
development_5,9.352538067264987e-06
cancer_14,9.339339273953698e-06
politics_11,9.333577371844964e-06
derivatives_8,9.332161742200936e-06
rich_7,9.32345949885918e-06
elections_15,9.323018363766303e-06
stock_market_18,9.317698768951275e-06
arts_6,9.30183691322608e-06
corporation_16,9.275168146596747e-06
community_17,9.269066498125163e-06
million_15,9.265701978282557e-06
party_19,9.247246406280516e-06
trader_18,9.24105030022162e-06
tennessee_10,9.197287496777507e-06
risk_1,9.177596089952396e-06
dow_jones_15,9.177156599900684e-06
housing_12,9.168494498506636e-06
leverage_15,9.162678587373524e-06
vermont_8,9.149917527746373e-06
justice_2,9.147487095149382e-06
travel_17,9.145084310685054e-06
present_1,9.114372542162293e-06
growth_8,9.102250744134374e-06
election_10,9.099955967746199e-06
buy_12,9.092130706874705e-06
washington_15,9.081304317948426e-06
texas_15,9.080617866104813e-06
movie_11,9.063940231055335e-06
media_15,9.056957304410708e-06
color_8,9.055604742733397e-06
texas_14,9.048898053317572e-06
bubble_11,9.042895894046714e-06
loss_4,9.036312080650853e-06
home_16,9.01584907473865e-06
judge_18,8.997873250471873e-06
war_4,8.984173225928843e-06
fond_7,8.983765522257103e-06
bubble_8,8.970702485322205e-06
marriage_1,8.967723208502766e-06
war_14,8.96706210957992e-06
success_12,8.954476787026216e-06
politics_12,8.945544565944208e-06
industry_13,8.936539682602193e-06
industry_6,8.932948199784271e-06
tourism_3,8.92856408050404e-06
rights_14,8.927224104974703e-06
global_4,8.92632849678663e-06
republican_2,8.902847841542616e-06
world_2,8.894113222273565e-06
votes_16,8.890199787250333e-06
blacklist_18,8.881856970702072e-06
voters_1,8.880274852530607e-06
federal_1,8.849139111397138e-06
crash_3,8.847900232530538e-06
stats_8,8.843675524521468e-06
credit_19,8.831489300918219e-06
freedom_18,8.82555974405092e-06
blacklist_16,8.789137498609556e-06
war_8,8.764722467120657e-06
marriage_19,8.755162405119509e-06
tennessee_20,8.749916503360153e-06
founded_15,8.740223660558211e-06
illinois_10,8.730824426926137e-06
restaurant_16,8.721691030908299e-06
kitchen_6,8.714950580458733e-06
return_3,8.710966794226274e-06
growth_15,8.69303186437941e-06
tourism_5,8.63215264122203e-06
derivatives_7,8.62617366074049e-06
missouri_8,8.624347347311518e-06
justice_4,8.60529354474983e-06
security_16,8.60332651377824e-06
color_6,8.593927184897241e-06
oil_9,8.576244607348393e-06
stock_market_5,8.575637437702306e-06
management_4,8.555588288667728e-06
court_9,8.540288993701184e-06
million_2,8.536216215686588e-06
trader_16,8.535226313232505e-06
rare_earths_6,8.511976865593977e-06
financial_2,8.510162426121969e-06
ore_7,8.509306004647177e-06
opportunity_15,8.50068687085377e-06
tourism_9,8.497763604727449e-06
environment_12,8.432629285785837e-06
risk_14,8.413069801526993e-06
environment_10,8.405414539594827e-06
car_15,8.39997848539958e-06
stock_market_14,8.38933048880764e-06
seats_14,8.37942241174923e-06
movement_9,8.37336575255241e-06
default_17,8.37302841025444e-06
revenue_16,8.363345899643578e-06
growth_9,8.36230698774449e-06
present_7,8.320049007839507e-06
world_17,8.302896246135049e-06
served_9,8.275243297716608e-06
finance_8,8.269469507901778e-06
served_7,8.242811291744005e-06
cancer_7,8.237677918074139e-06
fond_4,8.209359200063154e-06
fine_10,8.201108564171094e-06
bonds_2,8.173466300070584e-06
house_14,8.160528422797438e-06
justice_8,8.150619086176454e-06
political_3,8.144294989400528e-06
representatives_16,8.13823371377378e-06
elected_8,8.120351039430472e-06
gain_20,8.085222183280867e-06
president_4,8.054105153565755e-06
dividend_14,8.038950318820429e-06
gains_18,8.021530086121505e-06
fun_17,7.998819908443474e-06
return_19,7.992648685613956e-06
stock_market_1,7.98651260336437e-06
case_7,7.976926024569845e-06
ring_9,7.972547059253032e-06
headlines_20,7.96628455059284e-06
georgia_1,7.946468779902718e-06
risk_2,7.928792673636396e-06
gold_7,7.928014596296053e-06
revenue_6,7.905105517576316e-06
banking_18,7.897153517384869e-06
case_6,7.889895656773474e-06
business_1,7.876240397753011e-06
forex_2,7.859886095722374e-06
firm_11,7.854831220545104e-06
republican_6,7.852039148364169e-06
dow_jones_17,7.829993128523511e-06
invest_7,7.829478858040347e-06
election_3,7.816656447928152e-06
short_sell_5,7.814628568089583e-06
kitchen_11,7.808999195711379e-06
project_7,7.798233902062965e-06
legal_6,7.794298546510262e-06
union_6,7.780139510265084e-06
bank_13,7.768003798447489e-06
gains_12,7.766332318065566e-06
energy_10,7.762200115955468e-06
massachusetts_19,7.757877907625759e-06
elected_12,7.735365512141202e-06
default_10,7.729705215066485e-06
fine_18,7.719973248473488e-06
georgia_19,7.718834865341521e-06
justice_12,7.718722131148803e-06
market_11,7.700467152686874e-06
derivatives_12,7.683367294706653e-06
virginia_11,7.677949183063695e-06
debt_5,7.658522512472199e-06
council_18,7.656470721564913e-06
companies_20,7.623759933430486e-06
missouri_9,7.618877858301414e-06
elected_19,7.617469589227955e-06
derivatives_13,7.614283806259566e-06
elected_11,7.614116902796402e-06
president_11,7.612922611618035e-06
default_7,7.603255786165038e-06
pennsylvania_4,7.591339857789952e-06
founded_1,7.5676423074017575e-06
dividend_1,7.556647843034727e-06
society_5,7.54093232819628e-06
republican_18,7.538728937416577e-06
rights_9,7.520679981212158e-06
debt_9,7.5060184795078035e-06
president_17,7.492989329342752e-06
sell_7,7.492417222432673e-06
dividend_4,7.491479480573253e-06
revenue_8,7.485777166594174e-06
william_12,7.478775962363242e-06
labor_8,7.464764307705444e-06
economics_20,7.457387181897511e-06
war_10,7.447594683456884e-06
lifestyle_1,7.4197136969419235e-06
religion_13,7.4092538977032985e-06
ceo_6,7.405986265836874e-06
ore_18,7.383379247550205e-06
ltd_11,7.381429753462752e-06
economics_15,7.3735183253492724e-06
missouri_2,7.370662552839418e-06
nasdaq_19,7.346842953554784e-06
ministry_6,7.339988121915757e-06
car_7,7.334590115865608e-06
trader_7,7.325283431054007e-06
william_9,7.3183254591925475e-06
seats_8,7.311565930181652e-06
stocks_8,7.283227951986459e-06
movie_3,7.264853783742679e-06
invest_9,7.257390265069548e-06
train_10,7.2564373693408215e-06
ring_4,7.233588015113203e-06
college_5,7.2326315355742466e-06
representatives_8,7.229832669498006e-06
garden_19,7.2279865856269696e-06
products_1,7.221602762922169e-06
loss_17,7.216718498781297e-06
technology_19,7.213605071345378e-06
cancer_8,7.209578744632118e-06
seats_4,7.205103508360768e-06
revenue_9,7.1975114923356155e-06
revenue_4,7.169391942649162e-06
secretary_16,7.167514694736463e-06
short_selling_20,7.1609934882088426e-06
marriage_12,7.139020733408828e-06
nasdaq_12,7.132053891593739e-06
economy_4,7.128591647208692e-06
elections_2,7.0802206129382264e-06
fed_9,7.073475523371892e-06
democratic_1,7.072360587867068e-06
forex_5,7.056599214888972e-06
election_2,7.009006648372443e-06
senate_7,7.0029912716490796e-06
carolina_6,6.9925860048546234e-06
votes_8,6.991111696277933e-06
office_18,6.9753808775908615e-06
democratic_13,6.967489148762939e-06
economy_13,6.964314060112863e-06
corporation_6,6.96247375579556e-06
buy_5,6.947555222342868e-06
default_12,6.938799110467076e-06
return_17,6.937654710452482e-06
dow_jones_20,6.9273181547650725e-06
seats_1,6.903269686253395e-06
transaction_6,6.894916883939067e-06
ceo_8,6.873228020682825e-06
greed_17,6.8513429923375825e-06
gold_14,6.849326400739044e-06
ore_11,6.846022646468668e-06
ceo_10,6.845381721273279e-06
kentucky_3,6.824155355827694e-06
return_18,6.807424523299704e-06
economy_5,6.799766055750405e-06
gains_2,6.7964218684691326e-06
act_18,6.789575944980991e-06
headlines_16,6.787771156600213e-06
present_2,6.771013839402038e-06
fun_4,6.7521815470926286e-06
served_13,6.746637034475615e-06
risk_8,6.743138972123079e-06
returns_11,6.726864679146041e-06
forex_12,6.722407672562604e-06
million_19,6.717960249700688e-06
massachusetts_12,6.717312652326457e-06
wisconsin_3,6.7120069347507975e-06
fun_9,6.695492257838032e-06
gold_12,6.67041627597325e-06
greed_14,6.669025807086395e-06
security_4,6.6500923165044316e-06
stock_market_19,6.646012336108626e-06
law_3,6.63692136934205e-06
returns_12,6.603564294797753e-06
served_11,6.603009376761247e-06
fed_20,6.592630806077307e-06
products_7,6.577285070629816e-06
ore_12,6.575536845104539e-06
council_1,6.502287231083094e-06
votes_15,6.498381472301661e-06
leverage_1,6.483767919273062e-06
greed_19,6.480338281255843e-06
short_sell_3,6.476202571689959e-06
law_10,6.4741407230725314e-06
ltd_13,6.464757060628995e-06
security_11,6.441428738092685e-06
religion_3,6.42225082985147e-06
inflation_12,6.4017973709293e-06
media_4,6.383876991659048e-06
revenue_15,6.374852731272482e-06
trader_2,6.368503547179613e-06
act_17,6.3647889271213135e-06
william_5,6.352906678269868e-06
democratic_17,6.3512537108493755e-06
union_17,6.351083204889813e-06
court_11,6.346857969285127e-06
service_17,6.33307431963955e-06
BUY_AND_HOLD_7,6.32895543260004e-06
fed_11,6.3265893537361355e-06
pennsylvania_18,6.326108301250764e-06
environment_4,6.299786174764208e-06
culture_3,6.2968955945294935e-06
economic_11,6.281872379145191e-06
energy_19,6.2671708093158774e-06
default_3,6.261998592102647e-06
political_13,6.2600840470268686e-06
stocks_6,6.2348618091185305e-06
crisis_5,6.234447293497041e-06
elected_4,6.2244182874394526e-06
nyse_19,6.220855623680481e-06
finance_5,6.216723703586616e-06
governor_11,6.199478697991705e-06
products_13,6.1886036260764665e-06
industry_20,6.1850232741168605e-06
religion_15,6.177086657818358e-06
voters_11,6.171363490796337e-06
portfolio_19,6.1460706339881164e-06
stats_20,6.137310267462224e-06
members_18,6.118014215820557e-06
financial_markets_1,6.115678494993547e-06
religion_9,6.113587525643104e-06
tennessee_2,6.10679203446894e-06
voters_6,6.0960244681885554e-06
ring_20,6.075246934419649e-06
headlines_3,6.052745843542377e-06
gains_13,6.051801519983192e-06
nyse_16,6.051420410294979e-06
banking_15,6.048909348427148e-06
committee_2,6.034659775253669e-06
religion_4,6.022153700767103e-06
act_4,5.983788442306458e-06
bonds_11,5.971953458510837e-06
home_10,5.960081161985943e-06
bonds_17,5.932014316123874e-06
founded_5,5.917443337131302e-06
corporation_14,5.917156429700751e-06
oil_15,5.913610008805059e-06
economics_11,5.904753648997055e-06
vermont_17,5.8799193808698976e-06
earnings_4,5.8794596209991345e-06
political_12,5.875925456624424e-06
world_11,5.86736872007319e-06
chance_15,5.843598217654758e-06
ore_10,5.819642413990176e-06
governor_3,5.7879916418271674e-06
financial_markets_16,5.785954089002144e-06
republican_12,5.785780779186356e-06
bonds_7,5.771222475860338e-06
travel_15,5.7527542405618414e-06
economy_3,5.7495536556472646e-06
stats_19,5.746504156430132e-06
forex_3,5.746451646165737e-06
culture_20,5.7383663621194805e-06
governor_18,5.726197489668672e-06
gain_1,5.722733122298128e-06
party_16,5.707093991876311e-06
judge_10,5.690454942707244e-06
pennsylvania_9,5.680458986770945e-06
representatives_17,5.679885288047759e-06
washington_5,5.677375294234954e-06
senate_5,5.656269616560082e-06
stock_market_20,5.637926487145152e-06
act_13,5.63091544733722e-06
dow_jones_8,5.621047170297954e-06
profit_9,5.581072874202009e-06
conflict_20,5.558198146651646e-06
bubble_12,5.546302077162435e-06
headlines_19,5.536205183115007e-06
services_13,5.526561648176973e-06
technology_1,5.5252063822075965e-06
color_9,5.515158001018113e-06
religion_16,5.510729771548131e-06
rare_earths_20,5.509489092157674e-06
carolina_1,5.504032241478506e-06
invest_11,5.4846902397777965e-06
sell_3,5.472071370410166e-06
hedge_7,5.461803843582965e-06
markets_14,5.440799764376329e-06
votes_1,5.428156196002935e-06
legal_1,5.395097828630193e-06
bonds_18,5.394746267075374e-06
energy_4,5.356282388377933e-06
nasdaq_7,5.31094184214956e-06
holiday_10,5.308574962136839e-06
fond_20,5.304513563940506e-06
chance_17,5.2772883972564905e-06
bonds_6,5.271515593381069e-06
happy_5,5.231003706263213e-06
ceo_1,5.218228990729843e-06
arts_2,5.214541086688704e-06
governor_17,5.210633717101503e-06
culture_19,5.202543957596865e-06
fond_14,5.153542239641956e-06
leverage_2,5.144051748769881e-06
opportunity_6,5.095441884680819e-06
forex_4,5.0814872034866e-06
metals_16,5.061331339189347e-06
nyse_18,5.0526294446965035e-06
vermont_12,5.014191324623103e-06
culture_14,4.9973859574085e-06
crisis_1,4.98034828655484e-06
georgia_10,4.965734963315574e-06
committee_1,4.959195854269562e-06
committee_16,4.93769718368751e-06
lifestyle_6,4.9295647286410245e-06
short_selling_1,4.928851454206924e-06
served_20,4.880497357817712e-06
texas_7,4.8615515690167485e-06
served_19,4.861222993102975e-06
politics_20,4.854449559103971e-06
kitchen_12,4.830956301763028e-06
crisis_16,4.830587890938332e-06
environment_9,4.809768319018736e-06
ministry_3,4.804990327626283e-06
political_2,4.7992265944690016e-06
minister_15,4.79827021475307e-06
fond_17,4.797736676388347e-06
pennsylvania_8,4.7925786039505235e-06
unemployment_1,4.773693485095871e-06
district_9,4.729156733343526e-06
committee_8,4.7159633948353145e-06
crisis_8,4.704829590696254e-06
markets_20,4.685114600159072e-06
profit_13,4.669093071465108e-06
arts_17,4.651330228995622e-06
dow_jones_14,4.633760219512777e-06
happy_12,4.628687850142909e-06
BUY_AND_HOLD_18,4.617058509927005e-06
short_selling_11,4.615921974095003e-06
train_7,4.589272770071881e-06
earnings_15,4.570774646934803e-06
profit_10,4.550085230750296e-06
consume_6,4.54587946168654e-06
holiday_7,4.544664205212882e-06
inflation_17,4.536573492656573e-06
leverage_12,4.528442292377874e-06
stocks_4,4.5178129586679905e-06
founded_3,4.515247796995143e-06
georgia_5,4.510799154412356e-06
seats_3,4.507643304209095e-06
ore_1,4.4981472572942906e-06
republican_1,4.497708517276149e-06
portfolio_17,4.47158043066462e-06
ore_9,4.450945177529604e-06
dow_jones_18,4.447429607194299e-06
illinois_19,4.415804652864519e-06
debt_11,4.397928885371462e-06
justice_15,4.394564513984995e-06
chance_14,4.390342253736068e-06
washington_19,4.343348909586591e-06
energy_11,4.3159987705450185e-06
georgia_3,4.315191264780242e-06
nyse_17,4.309576437686739e-06
ceo_13,4.2848144643775344e-06
representatives_18,4.264869552008488e-06
votes_18,4.260767609422823e-06
elections_14,4.259885308116613e-06
happy_3,4.250115457138479e-06
movement_3,4.201372857744761e-06
fine_16,4.1913858841026674e-06
founded_2,4.1612493674944615e-06
blacklist_3,4.155789625333551e-06
short_sell_12,4.152913350780383e-06
services_7,4.138910994261251e-06
happy_4,4.125146678351249e-06
products_20,4.1238312501648045e-06
firm_9,4.120929856346209e-06
pennsylvania_20,4.120273832981041e-06
freedom_13,4.095554914008693e-06
cash_13,4.0941402750404085e-06
opportunity_9,4.0407427193652006e-06
greed_6,4.0256257638262455e-06
house_4,4.0218874027926045e-06
consume_7,4.016169078442815e-06
ministry_17,3.987831056186343e-06
inflation_3,3.986488833945282e-06
earnings_17,3.953883409448943e-06
voters_13,3.944019771637927e-06
invest_14,3.9414968281695855e-06
water_20,3.9395146421742615e-06
ring_18,3.9288645022740854e-06
election_6,3.922837146707767e-06
global_16,3.915447860968392e-06
forex_14,3.901832771687454e-06
forex_18,3.901372819554625e-06
founded_19,3.890591820748961e-06
products_16,3.873194538706355e-06
lifestyle_4,3.868238379933285e-06
present_10,3.857047055164746e-06
economic_14,3.819134659081393e-06
forex_13,3.815692855342843e-06
gains_7,3.7914827805942125e-06
conflict_18,3.7770205422615373e-06
cash_9,3.7761936677010734e-06
representatives_14,3.7731454223958983e-06
travel_9,3.7687235544095596e-06
committee_11,3.7558666468870314e-06
ministry_16,3.740694994504656e-06
present_3,3.7361708974802606e-06
lifestyle_13,3.689776186065197e-06
elected_15,3.675143538265175e-06
profit_14,3.6467635545435365e-06
environment_1,3.6331745449651794e-06
short_sell_15,3.6189105717529023e-06
economy_16,3.588886297378446e-06
derivatives_3,3.5784900263247484e-06
global_6,3.567344835546725e-06
consume_5,3.4923925578239837e-06
dividend_9,3.4713933885295723e-06
politics_7,3.452788769243183e-06
tourism_1,3.452530355409111e-06
vermont_4,3.444721579387763e-06
stats_15,3.431845005546262e-06
DOW_JONES_17,3.41761604297985e-06
derivatives_9,3.3762043981589487e-06
inflation_9,3.359625014043616e-06
representatives_13,3.357377505063396e-06
bubble_9,3.3546523702659286e-06
consume_14,3.348954949248172e-06
blacklist_13,3.338549993567212e-06
ltd_17,3.32055068200319e-06
environment_18,3.3123527387250027e-06
voters_17,3.2968142819862237e-06
consumption_6,3.2420509963104117e-06
fond_6,3.1977436347599016e-06
greed_4,3.190997300086723e-06
forex_20,3.1846377928504192e-06
lifestyle_8,3.1507424231776406e-06
government_17,3.12998443077856e-06
minister_13,3.1298635164487162e-06
elected_2,3.093240846330127e-06
carolina_12,3.085932623296614e-06
markets_12,3.081127656957165e-06
inflation_16,3.0652047660953035e-06
elected_5,3.0567653854927002e-06
development_2,3.0283527577174667e-06
default_9,3.017739262874933e-06
arts_14,3.00163832054122e-06
corporation_4,2.990513174757877e-06
portfolio_4,2.914978185855232e-06
short_sell_9,2.9147209927739054e-06
fine_15,2.901540336198328e-06
transaction_18,2.8778108077520964e-06
fine_14,2.8569727643217525e-06
seats_18,2.8558671924041144e-06
portfolio_1,2.8327404665372934e-06
headlines_12,2.8326335950668027e-06
housing_2,2.821256459569565e-06
leverage_17,2.8100383835428175e-06
car_20,2.80638315309456e-06
freedom_14,2.8060951404029724e-06
BUY_AND_HOLD_13,2.804799978353352e-06
district_3,2.7891151136438545e-06
transaction_12,2.76590028113927e-06
inflation_18,2.7487159521398412e-06
debt_15,2.7464176662232936e-06
financial_markets_9,2.706917578504343e-06
ministry_14,2.661654848401305e-06
unemployment_13,2.649383127945524e-06
fine_9,2.6280753484278552e-06
senate_13,2.6228967392124948e-06
seats_13,2.6202005374096447e-06
earnings_12,2.592597995465841e-06
derivatives_6,2.576442494160064e-06
forex_6,2.5083052522175754e-06
fond_18,2.503223495978876e-06
served_14,2.4902966082180408e-06
financial_markets_13,2.48393512407675e-06
founded_20,2.476478505879474e-06
happy_20,2.475683813139273e-06
marriage_3,2.399314850793518e-06
community_12,2.387172343257134e-06
BUY_AND_HOLD_20,2.3785920188817524e-06
movement_13,2.304309643418201e-06
investment_12,2.2758197778769785e-06
short_selling_10,2.235128479912154e-06
financial_markets_18,2.206049609102204e-06
fond_3,2.201976261681992e-06
blacklist_8,2.1355080303130382e-06
transaction_5,2.103861733961044e-06
elected_1,2.0813568977361948e-06
consumption_2,2.0223215371219103e-06
elected_9,2.0169247572025053e-06
seats_9,2.0088149566590744e-06
returns_1,1.9974072786028317e-06
investment_13,1.9782764855181588e-06
returns_20,1.939356383147823e-06
nyse_8,1.9077735326526498e-06
votes_12,1.722651155935126e-06
founded_10,1.6618805797920388e-06
greed_11,1.5984966612380595e-06
metals_8,1.5464946484071791e-06
leverage_10,1.5310038011527285e-06
consume_1,1.5039636247820768e-06
economics_4,1.5009905182462969e-06
dividend_12,1.4752507319829866e-06
BUY_AND_HOLD_4,1.4403420732197047e-06
BUY_AND_HOLD_17,1.4341202955507783e-06
headlines_15,1.4090184526070982e-06
blacklist_2,1.4038589722921697e-06
representatives_20,1.4010008864802072e-06
nasdaq_20,1.3893634306474054e-06
return_9,1.2931762240636421e-06
economics_10,1.2777664264135569e-06
votes_7,1.2691692387870373e-06
BUY_AND_HOLD_5,1.265919365344706e-06
forex_19,1.1828930169573444e-06
rare_earths_11,1.057185195230127e-06
ore_6,1.0499071321271144e-06
ministry_2,1.029914335964119e-06
elected_13,9.737197239532534e-07
consume_3,9.721963862250478e-07
short_sell_14,9.324316312952978e-07
elected_3,9.203342569123077e-07
blacklist_9,8.908916654776165e-07
consume_11,8.854557460334953e-07
marketing_20,8.765312414000405e-07
BUY_AND_HOLD_2,8.047287199556033e-07
bonds_13,7.938436206806971e-07
financial_markets_12,7.68037248689598e-07
short_selling_9,6.82274722714803e-07
short_selling_12,4.6934613983435104e-07
BUY_AND_HOLD_14,4.087907210853896e-07
greed_9,3.7332199382395976e-07
environment_19,2.741081134114577e-07
BUY_AND_HOLD_10,2.485706780460762e-07
short_selling_5,2.479126422070817e-07
consume_20,2.1351571560101087e-07
rare_earths_3,1.8585859964513862e-07
blacklist_1,1.2429773385951668e-07
greed_3,9.203977256788658e-08
financial_markets_4,8.712001980780854e-08
BUY_AND_HOLD_11,7.742414512190398e-08
short_sell_10,4.6765008909601655e-08
short_sell_2,2.240168943577865e-08
financial_markets_17,1.80396968438734e-08
rare_earths_2,1.498924710252732e-08
BUY_AND_HOLD_12,7.992590395846208e-09
BUY_AND_HOLD_1,
BUY_AND_HOLD_3,
BUY_AND_HOLD_9,
BUY_AND_HOLD_16,
rare_earths_1,
rare_earths_4,
rare_earths_5,
rare_earths_7,
rare_earths_8,
rare_earths_9,
rare_earths_13,
rare_earths_14,
rare_earths_15,
rare_earths_17,
rare_earths_18,
rare_earths_19,
short_sell_16,
short_selling_19,
