feature,feature_score
elected_17,0.004043111358979367
minister_6,0.0038974566433277592
leverage_15,0.0038009559671130845
illinois_11,0.0036241568750787524
ministry_16,0.003463332636688127
seats_12,0.0034487108890513896
vermont_6,0.0034184054536987897
consumption_14,0.0032631115285386807
judge_18,0.003225364758443993
illinois_8,0.0022414324135351707
dividend_9,0.0021859686429181843
invest_14,0.00214150434132828
marriage_19,0.002129139854470072
revenue_5,0.0021048170967911607
marriage_13,0.0020292470198440163
economy_11,0.0020226185790065336
justice_2,0.001968211787364211
consumption_17,0.0019355554997762976
dow_jones_6,0.0019248679543019973
invest_15,0.0018953396463144386
leverage_10,0.0018746825257005086
short_selling_17,0.001853725599758804
crisis_1,0.0018277730439861827
stock_market_19,0.0017542721508941991
freedom_5,0.0017292651179830409
dividend_18,0.0017010094035937915
religion_20,0.0016691936245956454
unemployment_1,0.0016649087078341182
headlines_20,0.0016451880313232618
hedge_10,0.0016424658370036743
war_6,0.0016151620786095699
judge_10,0.0016103917370207054
markets_18,0.0015304003882339989
cash_11,0.0015076752823213035
companies_4,0.0015068029200554429
senate_10,0.0014771990925467385
bank_17,0.0014570326726058007
nasdaq_18,0.0014372179667496835
inflation_12,0.0014187781217218467
media_16,0.0014140665570328748
train_13,0.001411069476849226
marriage_11,0.0014092740919630301
ltd_3,0.0014004383161214905
service_17,0.0013973301199533435
voters_7,0.001391649333179142
fine_13,0.001382565148370236
college_17,0.001374165635462368
opportunity_5,0.001374135775187526
seats_7,0.0013665155883589948
economy_14,0.0013525071870170453
present_4,0.0013495468692467244
minister_5,0.0013413659399437484
loss_12,0.0013264766920783172
stock_market_12,0.0013138370052434786
housing_15,0.00130950641494509
community_6,0.001296178080970835
banking_9,0.0012930436115940293
crash_12,0.001282096774417716
marketing_9,0.001273694386076127
tourism_1,0.0012709277099458205
gains_19,0.001268581156029009
happy_9,0.0012685026920639774
industry_16,0.0012671268895306205
ceo_2,0.0012645109943400634
lifestyle_9,0.0012643523551193806
chance_9,0.0012624573426853508
tennessee_7,0.001257942314206182
fed_12,0.0012559876631058275
act_9,0.0012510861404309713
fond_11,0.0012441113149722184
election_11,0.0012409799597660205
georgia_13,0.0012283328218954676
tennessee_18,0.00121668819749539
hedge_19,0.0012155448699894766
served_18,0.0012128429492854846
chance_18,0.0011999031497016714
law_2,0.0011911071651466087
marketing_15,0.0011781835587703561
water_13,0.0011691884212875205
office_4,0.0011660392099617565
york_9,0.0011629339160839484
movement_9,0.0011546573585396068
dividend_15,0.0011454972182028446
debt_11,0.0011451012125895386
dividend_6,0.0011351462657021652
inflation_9,0.0011333468930046179
georgia_10,0.0011323821070145699
unemployment_11,0.0011238326493562397
political_18,0.001122295453126349
minister_14,0.001112710238232209
district_3,0.0011075256179377065
credit_3,0.0011042530952439264
default_5,0.0011034196725896897
cancer_19,0.0011015682042838696
industry_18,0.0010957955659633
gold_7,0.0010879177521616714
ministry_18,0.0010877386092418301
gain_16,0.0010863325309792382
government_20,0.001076519501847068
ohio_9,0.0010707527330026645
products_14,0.0010674803054944646
movement_20,0.0010615955441641502
market_10,0.001058372555591008
wisconsin_19,0.0010485707354966668
founded_17,0.001043935264805502
firm_18,0.0010365277181156266
representatives_6,0.0010357066382299988
firm_8,0.0010289659868296377
representatives_11,0.0010282712977546056
firm_20,0.0010277904917763293
texas_6,0.0010277181777435657
nyse_4,0.0010276155712300363
banking_8,0.0010272524028007604
representatives_8,0.0010266978261403038
stocks_16,0.0010241313466057683
environment_8,0.001023484190128767
management_18,0.0010170868637738783
default_20,0.0010160234371486359
secretary_7,0.0010155980046112052
representatives_13,0.0010089599813583238
management_17,0.0010058257841188388
headlines_11,0.0010003943106223394
police_12,0.0009923396808771995
color_6,0.0009895232268854368
global_5,0.0009794958435407589
secretary_18,0.0009783223349119083
fine_3,0.0009738311839589267
travel_15,0.0009700403220590396
stocks_15,0.0009675876566383496
DOW_JONES_5,0.0009630333681832016
inflation_19,0.0009592069709986033
investment_12,0.00095825081729238
political_14,0.00095641134801396
dividend_1,0.000952578175340727
judge_4,0.0009446251786352328
opportunity_4,0.0009424530786892351
leverage_2,0.0009411111105319467
movement_16,0.0009391832846370637
trader_8,0.0009316699529636408
wisconsin_1,0.0009269961973664779
security_16,0.0009269831792048703
health_9,0.0009214861127132699
movie_10,0.0009183111521539603
governor_14,0.0009135023011047552
movie_9,0.00091268253254451
inc_1,0.0009116895220239537
college_9,0.0009116236721966553
representatives_5,0.0009114550487191265
consumption_3,0.000907429100104242
home_3,0.0009036352469489538
risk_8,0.0009034882361128563
project_1,0.0009032807791112644
washington_17,0.000901487821516718
industry_10,0.000899276956574476
gold_2,0.0008989631737489315
labor_16,0.0008960832908143016
cancer_11,0.0008878461875848578
success_5,0.0008843576629845604
religion_6,0.0008825854989969411
economy_3,0.0008824842610313617
buy_20,0.0008821118366762726
sell_9,0.0008802060636740756
lifestyle_18,0.0008800393368070769
housing_8,0.0008799319597732182
hedge_8,0.0008785943133526043
risk_6,0.000873884192658177
movement_3,0.0008721397255861057
headlines_17,0.0008665597691755086
chance_14,0.0008650134763482852
democratic_8,0.0008619580287303003
risk_13,0.0008583560650634383
money_7,0.0008577985818775767
law_13,0.0008576534633409444
management_19,0.0008566101470063322
metals_7,0.0008546684546044278
college_13,0.0008544506420376072
color_18,0.0008529795117553742
democratic_7,0.0008481179799103443
firm_4,0.000846971200638543
government_6,0.0008426264175567151
corporation_6,0.0008418065772949063
dow_jones_7,0.000841603342419963
forex_6,0.0008411361176587264
judge_7,0.0008400351248252895
ring_9,0.0008384708614066314
war_14,0.0008384509866922322
washington_13,0.0008380048759094486
gain_13,0.0008374032581184089
marketing_13,0.0008347860700963578
fed_18,0.0008338144353634274
vermont_2,0.0008317287818500241
return_15,0.0008296049614202229
crisis_4,0.0008269531857025684
tourism_8,0.0008262905522508725
community_7,0.000825029129579758
buy_1,0.0008223066964835067
tennessee_9,0.0008208940215359571
stocks_9,0.0008199111489649764
corporation_7,0.0008153596582583263
college_20,0.0008132939501287457
seats_20,0.0008119873253974527
cash_9,0.0008114091570178995
district_14,0.0008069528677891912
success_12,0.0008038985959174184
served_7,0.0008025635032094004
ring_5,0.0007959329446784628
corporation_9,0.0007956034895273173
hedge_9,0.0007935696101372764
train_2,0.0007923445231665696
inc_13,0.0007920482192397731
cancer_12,0.0007899327476098137
color_10,0.0007889552098339363
york_5,0.0007877273767910997
federal_9,0.0007865594108614021
holiday_4,0.0007865496970272474
york_3,0.0007864990951859437
tourism_2,0.0007837512918541978
senate_19,0.0007826093153061113
secretary_17,0.0007818807692937741
county_15,0.0007813947046511027
tourism_4,0.0007813722426714178
health_17,0.0007759815128289142
cash_1,0.000774491459054579
earnings_4,0.0007740714531564639
industry_13,0.0007740496861187858
federal_1,0.0007719088139041435
technology_9,0.0007708492245542571
legal_9,0.0007692395590743893
elections_17,0.0007661605291797864
movie_7,0.0007659534602691928
bank_15,0.0007647112761422558
marriage_10,0.0007634770118768987
oil_2,0.0007614156673359933
companies_1,0.0007589217939487505
returns_11,0.0007546334312492103
union_13,0.0007544646262286652
firm_17,0.0007510940901060386
unemployment_15,0.0007501737299371197
society_18,0.0007488157179735686
justice_19,0.0007477733607712151
train_7,0.0007472772794915524
act_6,0.0007472251481199972
project_3,0.0007466162115310415
law_9,0.0007460297912721593
republican_1,0.0007445971821402811
crash_7,0.0007441423781915022
movie_2,0.0007438018757525206
federal_16,0.0007436385468156491
oil_5,0.0007431577227060761
pennsylvania_3,0.0007421025865746282
freedom_19,0.0007414415049331065
fed_11,0.0007396120657674844
finance_8,0.0007385560046589129
pennsylvania_18,0.0007385451181765152
cancer_20,0.0007336652984780998
pennsylvania_12,0.0007322453181071567
party_18,0.0007309013797330085
chance_4,0.00072577600771766
act_18,0.0007246171950690553
media_15,0.0007243034987017509
corporation_20,0.0007225823203951035
representatives_18,0.0007217969052085673
marriage_4,0.0007202845239545482
inc_19,0.0007159206108727983
management_20,0.0007153504653390508
management_12,0.0007149529977724079
health_8,0.0007138990507101214
banking_7,0.0007120806666978893
committee_7,0.0007119141244691751
texas_4,0.0007117203377769786
party_10,0.0007113087339942609
case_10,0.00071047673712778
court_14,0.0007102403461816331
votes_16,0.0007090935002593567
services_9,0.0007087996106935128
investment_6,0.0007072396369046701
dividend_7,0.0007066407801805829
world_13,0.0007052940762676787
dividend_13,0.0007047690119503235
wisconsin_4,0.0007025974746044326
opportunity_6,0.0007017733204959635
present_20,0.0006991383972753926
government_1,0.0006989914228861233
county_6,0.0006988260552140787
color_20,0.0006964735809367832
garden_9,0.0006931059700695179
happy_12,0.0006925552597820528
forex_1,0.0006924515384735477
corporation_3,0.0006905326795873263
committee_5,0.0006901438597156773
firm_1,0.0006880865404467947
arts_12,0.0006870774508736566
economic_13,0.0006866538349086298
headlines_1,0.0006859828434132809
minister_16,0.0006855909216058704
present_8,0.0006853323805526668
secretary_5,0.0006852042725511223
pennsylvania_5,0.0006849807148346093
fun_12,0.0006842352452635358
debt_5,0.0006823622230306325
global_18,0.0006797375464246219
stocks_10,0.0006785144556265484
economy_2,0.0006735363639991626
industry_8,0.0006673082508057563
law_20,0.0006659370493454683
lifestyle_7,0.0006658753854747225
election_8,0.0006610212252096193
justice_9,0.0006599944442521062
community_9,0.0006597806231082589
labor_9,0.0006586075273859888
buy_16,0.0006567827681372982
health_19,0.0006564005177426043
conflict_16,0.0006556379082703925
county_19,0.0006547415306300965
project_18,0.0006542735489815992
illinois_12,0.0006530686967457876
movement_7,0.0006528842407395387
federal_5,0.0006521637637256745
train_8,0.0006515461761053606
technology_4,0.0006488986774976812
industry_4,0.000648327045270365
restaurant_20,0.000645631592848776
headlines_5,0.0006452559072858294
washington_9,0.0006448411634381593
risk_5,0.0006419702902910399
college_18,0.000640610527417366
law_17,0.0006392904979629478
republican_12,0.000637369574820708
media_3,0.0006347685368205168
william_16,0.0006347374130301912
vermont_18,0.0006338592695465903
texas_18,0.0006328941559074102
lifestyle_6,0.0006322672915406245
security_10,0.0006309348644469003
stats_7,0.0006308509393377907
movie_4,0.0006296090989853707
earnings_18,0.0006293078085278659
world_14,0.0006260088463882652
risk_3,0.0006257120939394412
default_15,0.0006253949481288192
holiday_11,0.0006248454237594487
leverage_4,0.0006246747002024571
marriage_3,0.0006245495714558753
fed_17,0.0006241292225424753
stocks_5,0.0006212162439802152
community_16,0.0006207152234885742
money_17,0.0006205723525937528
corporation_10,0.0006191772098769284
leverage_16,0.0006186257694955496
car_8,0.0006162805819021805
gain_6,0.0006158498177457381
cash_14,0.0006155127877602446
restaurant_19,0.0006150890554166683
bank_13,0.0006144694836680049
marriage_20,0.0006137933351411187
social_11,0.0006132232794984706
missouri_6,0.0006128141113629438
investment_1,0.0006121025019719721
crash_18,0.0006116204289841764
DOW_JONES_15,0.0006108219525697495
nyse_5,0.0006106549394979472
missouri_5,0.0006103961013684039
cash_19,0.0006099020293366005
financial_11,0.0006092702527201347
crisis_20,0.0006092024117030999
georgia_15,0.0006088456065120907
revenue_3,0.0006080249658146037
credit_7,0.0006074507932813466
ring_2,0.0006071553388961951
movement_2,0.0006071294665042266
law_10,0.000606863482977671
president_5,0.0006053675530070261
court_4,0.0006049599120035639
development_9,0.0006047655914623113
water_9,0.0006046641545826348
credit_1,0.0006037564417616049
society_2,0.0006033616051686438
democratic_4,0.0006029080422252223
million_11,0.0006024738937865763
car_19,0.0006014546460231156
security_15,0.000601172381339585
bubble_16,0.0006003000268213416
energy_11,0.0006000352741038192
wisconsin_16,0.0005984513195971897
business_13,0.0005966594452252628
returns_2,0.0005966568072660573
marriage_1,0.0005952437134977548
portfolio_6,0.0005950145911903411
revenue_4,0.0005942889046051838
county_18,0.0005931935428591092
cancer_7,0.0005921977516387402
founded_10,0.000592020781222785
law_1,0.0005897467751376746
unemployment_8,0.0005893725760803934
college_15,0.0005876146632136545
oil_8,0.0005869415477488057
food_8,0.0005868069247101567
investment_5,0.0005866071878728177
democratic_12,0.0005849067935517992
democratic_2,0.0005839272271944289
business_20,0.0005822478686340036
business_18,0.0005822104835746608
ring_16,0.0005819406267811762
health_2,0.0005810227193422918
fed_7,0.0005807303366539562
portfolio_10,0.000580661907916199
unemployment_5,0.000580378858196476
lifestyle_2,0.0005795612645200043
loss_1,0.0005793107518052209
revenue_12,0.0005792758694517558
forex_20,0.0005773406078943157
companies_9,0.0005762776202007384
crash_6,0.0005745639275740259
cancer_2,0.00057436604684021
wisconsin_5,0.0005741867972175892
returns_8,0.0005731612357207172
house_12,0.0005723811684952753
finance_4,0.0005719128256722155
representatives_14,0.0005716838704419487
transaction_10,0.0005715044242940898
loss_8,0.0005713390789030473
senate_12,0.0005710178436503028
service_19,0.0005707983879705488
gains_16,0.0005697115516168381
service_18,0.0005691886941107438
development_19,0.0005687937233226811
act_17,0.0005687774598890738
credit_20,0.0005677359525856191
union_10,0.0005673903298268175
management_3,0.0005669291762477679
banking_15,0.000566153637124567
carolina_1,0.0005658815950677145
representatives_12,0.0005635951130590466
fed_4,0.0005634410757300551
banking_3,0.0005634024590164617
credit_8,0.0005632403429354192
market_3,0.0005622831016128195
society_19,0.000560985822784179
health_7,0.000560768092519619
representatives_1,0.000560508477205663
return_5,0.0005604566256878967
carolina_17,0.0005597225971281588
union_11,0.0005578800549152108
management_6,0.0005567463280172244
ohio_6,0.0005565331942464847
party_17,0.0005564469118530521
crisis_19,0.0005560334482351273
portfolio_16,0.0005546278279213122
court_1,0.0005533765793733113
home_7,0.0005533381023935371
president_11,0.0005527562710622713
lifestyle_5,0.0005525299278045049
management_11,0.0005514729827633743
community_14,0.0005514225819043897
kentucky_15,0.0005508750875376404
companies_12,0.0005502731581408243
social_13,0.0005502526546676095
present_13,0.0005477977127472147
social_12,0.0005462079708231344
invest_18,0.0005458844013752014
pennsylvania_6,0.0005446786087116034
gain_19,0.0005441065362998198
gold_4,0.0005437568634169477
project_6,0.0005435561840908678
college_4,0.0005434096076560118
votes_4,0.0005426186758207408
federal_20,0.0005424665394740361
bubble_18,0.0005417955715722384
consumption_2,0.0005409492498206242
stats_9,0.0005402820434743599
money_11,0.0005400596297656918
gain_3,0.0005393633450764384
global_3,0.0005381352338985646
government_7,0.0005380575019025796
minister_2,0.000537585878468058
markets_2,0.0005374373686185659
ministry_7,0.0005367341105067296
seats_14,0.0005349215281319581
project_11,0.0005347119416852776
council_20,0.0005346899296155377
loss_7,0.0005339633567231501
million_10,0.0005335406815982622
texas_3,0.0005334143774777862
kitchen_14,0.0005330935777774317
consumption_1,0.0005330528012732579
companies_8,0.0005321354990533835
market_18,0.0005314056295591949
stocks_8,0.0005303840415102441
social_8,0.000530269192814252
restaurant_14,0.000529628463745428
ohio_2,0.000528807187653432
gains_13,0.000527600473047114
law_5,0.0005269220743250053
president_14,0.0005261100458552581
law_14,0.0005257079460129116
nasdaq_17,0.0005249226836923668
illinois_18,0.000524083527901724
dividend_19,0.000524059433823931
judge_3,0.0005230249415818853
bonds_13,0.0005227082515431946
investment_3,0.0005226669370426315
oil_11,0.0005216545890023779
chance_20,0.0005213154043849677
trader_19,0.0005210700948421901
gains_18,0.0005206731727229858
finance_19,0.0005202751518690093
marketing_7,0.0005197021166565731
finance_9,0.0005191672802334482
management_9,0.0005189072069451001
global_7,0.0005182907508611755
food_16,0.0005164259511202683
union_20,0.0005163853385557044
rich_18,0.0005155589077882752
consumption_13,0.000514914330377424
william_6,0.0005124181057278167
banking_11,0.0005122324800755949
trader_11,0.0005115580552177745
credit_4,0.000510166007161994
members_14,0.0005094035922981609
service_10,0.0005091413402469328
arts_5,0.0005085897130730073
party_15,0.0005085340880171585
movement_1,0.0005076584280612039
federal_6,0.0005074148381365856
happy_11,0.0005056309113399191
inc_18,0.0005053093002517823
texas_14,0.0005050219159174872
ministry_20,0.0005048823703123078
missouri_18,0.0005046735803318083
lifestyle_20,0.000502919671804762
secretary_6,0.0005026127273831926
president_12,0.0005016300435603434
ceo_5,0.0005013522754274576
services_3,0.0005007339322447782
lifestyle_3,0.0004996559714544579
secretary_9,0.0004989237500354574
media_6,0.0004984686701196019
products_11,0.0004975279006269417
society_4,0.0004970560681399463
legal_20,0.000496508456216243
dividend_10,0.0004959484843631591
economy_1,0.0004958995933252426
crisis_2,0.0004958714428496366
marketing_11,0.0004945387269454516
environment_4,0.0004939750932036225
environment_6,0.0004916702439128304
society_6,0.0004916474998732865
housing_19,0.0004911616230774251
elected_14,0.0004902166507311189
firm_14,0.0004898453684768461
cash_8,0.0004898103296420277
case_18,0.0004887639658188326
senate_7,0.00048789307572868
republican_8,0.0004876505749649292
labor_20,0.0004875647864033366
inflation_8,0.0004865794314846635
cancer_15,0.0004850525556700138
unemployment_10,0.00048498416068788497
seats_13,0.0004846309373701829
crash_8,0.0004834687215610168
lifestyle_16,0.00048233551714323933
movie_16,0.00048167329752190594
ltd_7,0.0004813613834015177
invest_7,0.00048101974051621845
hedge_12,0.0004806337341925626
dow_jones_11,0.00048062532107794953
county_13,0.00048047597596976536
stats_1,0.00048034376807510096
illinois_2,0.0004795993704568888
industry_9,0.0004795765480884008
travel_7,0.00047896737643150333
ohio_10,0.0004788265348204005
missouri_17,0.0004784012668547602
president_2,0.00047795963478584376
dividend_12,0.00047794894092275617
georgia_17,0.00047787575735408244
water_5,0.00047747275503833204
revenue_8,0.0004767647013342833
home_11,0.0004767249772785699
freedom_3,0.0004766346568318922
oil_4,0.0004765140684481822
inc_5,0.0004758974012592164
district_15,0.0004757712392850533
election_20,0.00047564851136428936
million_15,0.00047560395070288426
culture_11,0.0004741217047613821
seats_1,0.00047401332589838084
ore_3,0.0004730512277181245
marketing_8,0.00047226692000995585
transaction_3,0.00047189051993883535
justice_7,0.00047150469530228166
security_5,0.0004714894016264652
law_12,0.0004711466331367745
restaurant_1,0.0004704704927636789
gain_1,0.00047015599347599764
travel_5,0.0004700803874235714
food_10,0.0004684592424933571
ohio_11,0.0004679696730872584
marketing_1,0.00046748701068222127
headlines_12,0.00046592886815974266
inflation_16,0.0004654966792813042
nasdaq_20,0.0004648832087397337
office_9,0.0004647729799568512
banking_19,0.0004647071033162259
success_10,0.00046384833415660695
ohio_17,0.0004628628227951291
nyse_10,0.00046282706449905965
committee_6,0.0004626881631512239
college_6,0.0004613222085521869
movie_1,0.0004607901410410608
office_6,0.00045983754077464495
global_10,0.00045973028287891934
college_11,0.0004591493066719836
social_7,0.0004586456523235416
business_1,0.00045857564032846936
trader_12,0.00045765356839642463
office_12,0.0004571182288491964
consumption_20,0.0004570333051173095
york_13,0.00045695528743885125
democratic_5,0.0004562847729599418
garden_17,0.0004550270541498153
debt_4,0.00045441399020660283
water_8,0.00045413408953107176
gain_15,0.0004537848317031242
economy_15,0.00045348479649467727
return_16,0.00045344210241290967
technology_6,0.00045334144026228085
religion_1,0.000453337442147129
war_19,0.0004530931602037996
bonds_11,0.00045226934809345097
arts_19,0.00045192669128732947
success_17,0.0004516860657149251
political_9,0.0004515816688794347
representatives_2,0.0004513438416475168
legal_13,0.00045062075909968566
economic_15,0.0004505396750631669
consumption_5,0.0004504545920217545
virginia_4,0.00045016252768597715
elections_12,0.0004498668872910658
movement_17,0.00044970739529269103
investment_13,0.00044878021724245967
movie_19,0.0004485253145540028
bank_20,0.0004479656226328082
texas_1,0.0004474420177182669
train_18,0.0004474200043007706
default_18,0.00044658641088293603
bonds_4,0.00044636831116972957
inc_14,0.0004456526699596842
act_8,0.0004453608421074776
media_20,0.0004449967404241457
judge_20,0.0004447889723202669
council_9,0.0004446833063544738
bonds_14,0.0004445958229530125
financial_6,0.00044136199989097365
republican_16,0.00044124332606959295
house_1,0.00044090801837868025
fun_2,0.0004408799675440577
car_2,0.0004407491421333161
risk_1,0.0004405851595795919
credit_2,0.0004399835565326161
office_1,0.00043932602515376603
york_18,0.00043874875779297153
products_3,0.000437524636589848
world_2,0.00043739158824580425
cancer_14,0.000436473305465263
district_17,0.00043458422655635295
college_5,0.00043415160902652265
unemployment_3,0.000433803415570528
business_15,0.00043363148968876737
president_7,0.000432801567124902
wisconsin_7,0.00043247601100627933
act_1,0.00043139755422810056
minister_20,0.0004313169794893609
trader_3,0.0004301789740053395
legal_15,0.0004298329092475755
chance_11,0.000429703420676804
metals_11,0.00042933293919335285
return_18,0.0004293122862368615
debt_3,0.0004292710564881968
project_19,0.00042912585083016363
companies_19,0.0004275055703555362
secretary_4,0.00042725613445833253
food_3,0.0004264218813073629
government_16,0.00042591648893529474
gain_4,0.0004257571537280708
ore_13,0.0004254562985392788
democratic_17,0.00042527562739471975
economic_4,0.00042478559841947967
police_15,0.00042473115286101966
economics_1,0.00042469056537597415
housing_11,0.0004243748349775108
economy_8,0.00042436704693113686
georgia_20,0.0004238626251552767
tourism_11,0.00042372167022555887
home_1,0.0004235515182745096
firm_9,0.00042323529816524103
republican_14,0.0004231930445841728
police_2,0.00042258536554764647
union_18,0.0004224105836752965
project_5,0.0004223289907773025
financial_9,0.00042222409009767657
oil_7,0.00042206139100724193
energy_10,0.0004219864114732565
massachusetts_14,0.0004219839793472957
union_5,0.0004213845080011233
marketing_5,0.0004211056672856388
district_20,0.0004210632648820169
war_9,0.0004208547199740862
william_14,0.00042063968822701286
opportunity_2,0.00042037388551975315
culture_6,0.00042025643555282984
bank_16,0.0004197859249703801
growth_6,0.000419137361139287
oil_14,0.000418033750419032
illinois_4,0.00041761372674373496
companies_16,0.00041730254471624735
crash_13,0.0004171315703943164
stocks_14,0.0004171073552990699
republican_15,0.0004165399369541313
health_10,0.0004162296990142397
firm_6,0.0004159677811090377
crash_16,0.00041550378894230863
inc_9,0.00041543404968103913
energy_1,0.00041497947417950116
nyse_15,0.000414118071413424
firm_11,0.00041364995137818894
kentucky_11,0.000413621571019658
earnings_6,0.00041305564140804935
missouri_9,0.000412775969944408
act_10,0.00041262346939520086
virginia_6,0.0004122210697138652
transaction_4,0.0004111555565353294
court_2,0.0004107168285837757
service_3,0.000410633512581528
virginia_15,0.0004104654796007618
fine_10,0.00041037655669618454
vermont_19,0.00041025171778221185
court_11,0.0004100202895524337
home_9,0.00040985068492915225
technology_8,0.0004093221254645562
movie_14,0.000408810757348125
massachusetts_9,0.00040861243490306634
fed_20,0.0004082996688976965
health_3,0.00040821401043120967
ore_16,0.0004077959777648764
fine_15,0.0004077687350157475
stock_market_5,0.00040742060034848287
forex_10,0.0004072896199997567
rights_8,0.0004069186605457352
hedge_2,0.0004066632489433589
ltd_15,0.000406357675385436
nyse_2,0.0004063447143816525
energy_8,0.0004057417667040465
fun_15,0.00040569202505324185
wisconsin_10,0.00040312011417422897
services_2,0.0004022311209885582
security_3,0.0004021078922937795
financial_17,0.0004019262817461798
energy_12,0.00040169561481142614
carolina_9,0.00040168871985395713
media_2,0.00040091265133395065
ohio_15,0.0004008963220841377
ohio_16,0.00040074627613204963
inc_4,0.0003997135249113247
virginia_19,0.00039969571383796366
law_6,0.0003993922310845781
money_3,0.00039887953034926633
housing_7,0.0003988281462986974
inc_8,0.0003985474947017701
technology_10,0.0003984488399481913
bank_10,0.00039772049900362006
trader_13,0.00039760662350743855
minister_13,0.0003974997215397491
georgia_18,0.00039742166945676716
movement_5,0.0003971711889667984
community_3,0.00039687033111741367
act_15,0.00039611855717496105
finance_7,0.0003960946899808473
war_11,0.0003957657502676886
financial_18,0.0003957252155356697
stock_market_10,0.0003954606507490365
dow_jones_5,0.00039500865363207004
government_3,0.00039478473888853935
crash_11,0.0003938057073454087
government_5,0.0003936341497600161
environment_16,0.0003932685054223282
world_17,0.0003931906485113704
war_3,0.00039308891369836994
dividend_4,0.0003927483277874268
elections_8,0.0003926234996937123
arts_11,0.0003923396527707773
movement_19,0.00039204704794469067
rich_4,0.00039179287649233484
success_3,0.0003917415075034376
massachusetts_5,0.0003916391651113159
car_5,0.0003911931213540753
district_2,0.0003911543488777156
cash_12,0.00039102043137676456
market_1,0.00039088879258027934
texas_9,0.00039083209476829735
bank_18,0.0003908242342946346
credit_14,0.00039052847992760017
republican_20,0.00039008463220181766
world_4,0.0003893470283540724
fed_16,0.00038719180386608286
council_1,0.00038649523192632997
lifestyle_10,0.0003859455613998703
college_16,0.0003858963592590536
ltd_17,0.00038555724421210304
kentucky_17,0.0003854596856518159
nasdaq_19,0.00038453062376368264
holiday_18,0.0003843284573027362
returns_18,0.0003842409900709628
religion_3,0.00038417891270960526
religion_11,0.00038383882744683415
rights_11,0.00038379796985495775
stocks_20,0.0003837835616211145
restaurant_5,0.00038294586531695246
union_17,0.00038282781695998797
rich_19,0.0003828028949555753
debt_2,0.0003827944100795942
hedge_18,0.00038189632088431966
democratic_16,0.0003816418546204738
security_8,0.00038127278523045514
seats_15,0.0003812634512155428
served_14,0.0003809470020766486
security_19,0.0003805905564760978
debt_14,0.00038045281277804065
firm_7,0.0003803481490664571
governor_10,0.0003801203285905371
service_20,0.0003800976800209024
finance_20,0.00038003048211859234
train_1,0.0003793534305254432
banking_6,0.000379118312485945
bank_6,0.0003788321273470866
leverage_20,0.0003781065290361613
virginia_9,0.0003776219788823645
DOW_JONES_3,0.00037751456953653655
return_7,0.0003773184358201519
office_16,0.000377224883517684
growth_7,0.00037704798693340917
corporation_2,0.000376717452459194
case_7,0.00037670763833959873
law_11,0.00037641847387164337
governor_9,0.00037621603181427736
government_17,0.00037562491760166964
society_8,0.00037533217342698016
travel_1,0.0003751746836613144
return_3,0.0003750131374987049
legal_4,0.0003750082191941089
debt_7,0.0003747784710549978
politics_5,0.0003747683659730524
finance_10,0.00037416658896015056
services_19,0.00037369150800899083
trader_1,0.00037323788813723265
inc_3,0.00037302592941676667
industry_14,0.00037111801686928454
dow_jones_3,0.0003706220823203576
car_20,0.00037049643563145517
risk_19,0.0003701933361677344
cash_20,0.00037011203802380987
county_2,0.0003693059422343515
district_6,0.0003690452529128514
district_16,0.00036901001216743364
health_13,0.0003688828758058548
secretary_20,0.0003688640588871861
trader_14,0.00036845611560900064
legal_5,0.00036842175815501605
home_8,0.0003680762499795062
case_19,0.0003674175412672537
house_13,0.00036734929510242036
financial_2,0.0003672613005772333
bubble_9,0.0003670634206381328
million_17,0.0003670165178105035
wisconsin_9,0.0003668512824307623
federal_11,0.0003668320213731547
holiday_8,0.00036682810016509137
economic_19,0.00036640205451721306
county_16,0.00036638787542118414
water_7,0.0003659433803188149
representatives_17,0.0003656750818418637
union_19,0.0003650064088643889
investment_18,0.0003647598703847678
fed_3,0.0003645741956205685
court_6,0.00036423275895968224
banking_13,0.0003641655455863307
political_13,0.0003640986099108853
government_18,0.0003640268457795001
college_2,0.0003636089233340068
stock_market_9,0.00036347792479323566
water_19,0.0003629066831992689
election_17,0.0003619073673885535
movement_11,0.00036145079579841656
garden_19,0.00036117159972078646
risk_18,0.00036110087980787455
project_14,0.00036041928052760403
economic_14,0.00036036074896383767
pennsylvania_17,0.0003603089037222957
police_11,0.00036024673673270457
york_1,0.00036017884375478827
services_17,0.0003601505383399948
metals_12,0.00035969212319861336
members_8,0.0003596729992975561
train_20,0.00035944631016749415
trader_15,0.0003594302737189342
consumption_6,0.00035781438102647223
college_8,0.0003577949655849372
elections_19,0.00035767212862205985
default_14,0.000357454798952273
return_6,0.00035728683670003164
firm_5,0.00035673337505823287
labor_2,0.00035661902046007387
stock_market_7,0.0003565341295549058
finance_3,0.00035636671523672336
invest_3,0.0003563320915040439
court_13,0.0003561231628205698
house_17,0.0003558568770131057
gains_3,0.00035582166735007606
carolina_20,0.0003557497875195026
credit_9,0.00035561636123853524
risk_14,0.0003549626926936402
housing_14,0.0003546137745887102
ltd_9,0.0003546015261625284
kentucky_19,0.00035417041498607237
party_6,0.0003538719865888036
products_9,0.0003536435690967793
credit_19,0.0003534832543488281
economy_19,0.0003531278423120176
house_19,0.00035280005099217306
marriage_15,0.00035215379815288115
missouri_19,0.0003520478769213281
risk_17,0.00035199987527524446
products_13,0.00035193309192043927
financial_20,0.00035178453906391764
happy_2,0.00035178308186988814
banking_17,0.0003516968843259871
movement_12,0.00035155163711735645
carolina_3,0.00035105667694074514
housing_18,0.00035090603128075186
companies_3,0.0003501967391942268
fond_9,0.00034991616481460335
project_20,0.00034984971430381077
color_4,0.0003494106650895304
travel_13,0.0003493109782490101
marketing_3,0.00034923964293615185
rich_20,0.0003487081118576891
garden_3,0.00034869223148154867
revenue_19,0.0003486193780922163
gain_11,0.00034781084420907633
happy_19,0.0003476022888906458
federal_8,0.00034727448481027565
cash_6,0.0003467081724967802
served_9,0.0003459376605489672
million_16,0.00034563759575620715
carolina_15,0.00034538753590968523
marriage_16,0.0003451832167972189
business_3,0.0003451207410894903
economics_18,0.0003446395846187434
corporation_18,0.0003442150484603801
car_1,0.0003440011905361997
tourism_17,0.00034381771699690017
dow_jones_8,0.00034350553780247435
dow_jones_4,0.000343441628840962
council_7,0.00034304327104609655
gold_19,0.00034222236597051604
home_17,0.0003419982041807859
service_13,0.0003417261292772312
society_3,0.0003411098154043992
business_17,0.00034071919606784866
act_14,0.0003405056337602335
law_8,0.0003403548120459123
vermont_7,0.0003402969994839505
train_17,0.00034005570096171594
environment_1,0.0003394150604848917
gain_12,0.0003392735995682051
security_9,0.00033904828454438035
fun_19,0.0003389537592550351
earnings_5,0.0003389040905713178
food_9,0.000338537731619934
hedge_11,0.0003385186604768455
economy_18,0.0003365464382405633
georgia_2,0.0003365197109678232
environment_17,0.0003364540502191088
movement_10,0.000336365519406536
ring_14,0.00033635905561544497
firm_19,0.000336258491800052
color_7,0.00033601043008795167
economic_7,0.00033545297879751935
rights_14,0.00033520534997311384
ring_18,0.0003351464077923926
movement_6,0.0003350491191490032
chance_5,0.0003348996751912027
derivatives_1,0.0003348783651360281
color_1,0.00033485925928761613
marketing_12,0.00033441630983430673
community_12,0.0003341221351817017
environment_9,0.0003336970568987297
york_11,0.00033365662217700387
world_18,0.00033353970499184484
bubble_8,0.00033326504302363225
hedge_15,0.00033321254326296727
county_17,0.000333105921972653
firm_15,0.00033296751732910353
economic_20,0.0003329116408734785
hedge_20,0.00033284354939455284
office_15,0.00033267364615878454
ohio_1,0.00033247850146118967
voters_10,0.0003317921032592033
investment_2,0.0003317788476198396
texas_5,0.00033176917582980817
revenue_6,0.0003317266642769131
judge_16,0.00033165156477541505
portfolio_12,0.00033143657989879083
sell_20,0.0003306068428114567
culture_9,0.0003301616767128695
nasdaq_9,0.0003301382295508462
metals_4,0.00033012988647046834
business_10,0.00032992449424946833
revenue_11,0.00032925321355971874
voters_17,0.000329231783566315
college_12,0.00032905702305967283
economic_6,0.00032848370678587204
train_19,0.000328199266701327
act_2,0.0003279732751550145
crash_3,0.00032760880261530995
travel_14,0.00032738348026766233
dow_jones_12,0.00032727417849013284
movie_20,0.0003271891808923836
kitchen_4,0.0003270958505533902
debt_6,0.00032689186047202105
community_17,0.000326508715394854
committee_16,0.00032608320549984415
wisconsin_14,0.00032562134103866964
ministry_17,0.00032544721893729324
arts_3,0.0003252203515081353
county_11,0.00032514074909801
secretary_15,0.00032499754725462973
car_17,0.00032476548004322666
portfolio_1,0.0003246878126445065
founded_12,0.0003244576770444812
tourism_3,0.00032421948052354293
conflict_2,0.0003240043177769268
georgia_1,0.00032391333424569915
banking_2,0.00032385344770742883
crisis_13,0.0003235379378956596
dividend_5,0.0003231202631096228
investment_7,0.00032309558183896565
kitchen_9,0.00032305294949930665
illinois_19,0.0003228049176946932
investment_4,0.0003227508672462424
returns_14,0.0003223410238850033
holiday_1,0.0003221947271727227
arts_18,0.0003221619439211244
banking_12,0.00032177533243512034
food_14,0.00032143269410576464
tennessee_14,0.00032125842546949334
hedge_17,0.0003212553579713351
car_14,0.0003209115244150127
firm_10,0.00032090013600339425
senate_3,0.00032088614414708933
global_14,0.00032009885803247965
default_4,0.00032009521270994314
ltd_11,0.0003200573456884813
william_4,0.0003196023442547399
marriage_12,0.00031931033322977613
cancer_5,0.00031914058443416863
government_14,0.00031914010216955096
bonds_1,0.0003190910873769935
travel_17,0.00031845591879540904
car_4,0.00031842842086457956
derivatives_3,0.00031793282247868714
office_7,0.0003177057821479766
garden_1,0.000317631750516483
bubble_20,0.0003173734673424499
government_15,0.0003170670363508834
illinois_14,0.00031658536684005804
management_2,0.0003160362996265638
hedge_1,0.00031601805051038553
risk_2,0.00031594316154559933
market_11,0.00031581654975086995
william_3,0.00031538518677613417
illinois_3,0.0003148404516350663
derivatives_17,0.00031476723207530974
culture_19,0.00031474105661303853
unemployment_9,0.00031457522941314244
restaurant_18,0.00031375990044306683
headlines_6,0.00031372578610924096
representatives_9,0.00031357429997297973
environment_5,0.0003133670657884656
return_19,0.0003126914391119083
representatives_3,0.000312354122438217
vermont_4,0.00031207325641561943
georgia_14,0.00031172684105578114
DOW_JONES_6,0.0003115514379575777
ltd_14,0.00031148874584358775
william_9,0.00031133020794618817
college_1,0.00031132897735936806
illinois_20,0.00031109079345064626
media_17,0.00031090193961959696
rights_2,0.0003101696276780839
ohio_14,0.000310111575901917
community_2,0.0003100300230928375
unemployment_16,0.00030984823090994643
movie_15,0.00030932419909926847
carolina_19,0.00030906858200815767
ltd_19,0.00030899092092976266
dow_jones_17,0.0003086177502136112
elections_1,0.00030852413100879893
tennessee_3,0.000308472503900906
election_14,0.00030843768562085496
development_18,0.0003080555278947729
leverage_11,0.0003080051444261044
business_9,0.00030791647023956624
governor_12,0.0003077144093688019
county_10,0.00030685108820376853
rights_19,0.0003067836817759864
gains_15,0.0003064245369061144
credit_18,0.0003059883583630228
food_17,0.000305903862646503
carolina_5,0.00030586960034810284
washington_10,0.0003057041926864145
buy_11,0.00030543947066268104
DOW_JONES_7,0.0003054115348665449
car_7,0.0003049707745018323
trader_18,0.00030479336154691673
media_1,0.00030457757170095475
members_20,0.00030441316597780134
garden_5,0.0003041494080498776
dividend_16,0.00030410718717411726
credit_10,0.00030396394548853374
fine_19,0.0003037692766702142
rich_15,0.00030368343718300574
political_16,0.00030359253940290097
color_19,0.0003034091772605554
freedom_1,0.0003031229377870236
district_7,0.00030308814380986714
happy_7,0.00030307740739533303
global_16,0.00030294202323566735
police_5,0.0003028240598629536
fun_1,0.00030270488375768617
million_8,0.0003026551131244875
texas_7,0.00030234101675243546
ceo_9,0.0003021634923973505
marketing_19,0.0003019411460088298
committee_1,0.00030191543492162816
arts_13,0.00030167321076717777
DOW_JONES_20,0.00030163790342233656
committee_4,0.0003015130285754428
district_9,0.00030146023360081803
default_11,0.00029997221522928846
unemployment_19,0.00029959353708905565
served_5,0.000299497622119563
culture_17,0.00029874938322813787
ore_20,0.00029825295657258854
holiday_16,0.00029798796763238187
ohio_5,0.000297816537843545
lifestyle_4,0.00029777081931515705
loss_5,0.00029774109518805673
union_15,0.000297701012964358
council_4,0.0002968440913481707
profit_19,0.0002967045619541439
court_17,0.00029658754774713347
housing_10,0.0002960632929666908
opportunity_9,0.00029592767585057475
gold_10,0.00029576469301999546
office_18,0.0002954108281415996
credit_15,0.000295226997166576
business_8,0.00029507265778664087
project_12,0.0002948949268888635
council_15,0.00029477915033770697
buy_19,0.0002942404280334101
environment_3,0.00029361381408811004
dow_jones_14,0.00029350497516443487
william_13,0.00029313852716792387
consumption_10,0.00029271199324468406
revenue_1,0.0002924531381470315
county_3,0.0002924294932246076
texas_17,0.0002924051567910721
federal_19,0.0002922079805651433
cancer_10,0.0002920088537294969
gold_3,0.00029189427937176656
county_1,0.0002917922657736377
labor_15,0.00029169984558880696
restaurant_12,0.0002915657436895649
community_13,0.0002912495414693937
service_2,0.0002909775612680125
chance_6,0.00028999859507537073
present_18,0.0002898128927099927
kitchen_1,0.0002897381357050476
finance_18,0.0002894578193659274
missouri_20,0.0002893474331101517
ring_13,0.00028915201852456154
holiday_2,0.0002891199245478003
bank_9,0.0002888466717687855
party_4,0.00028876477490838486
market_5,0.00028852012041156755
massachusetts_17,0.0002884198870540154
kitchen_3,0.0002882379006918939
kitchen_19,0.0002879803282341918
elections_9,0.0002878850772186524
investment_17,0.0002876528449915066
bank_19,0.0002875558922590037
million_12,0.0002874226168708094
earnings_14,0.0002873505992462844
trader_9,0.0002872384316051238
election_6,0.0002868558119772325
corporation_5,0.00028671052555603546
restaurant_7,0.0002866005352661798
pennsylvania_2,0.00028628332891322003
technology_7,0.0002859230245486998
law_15,0.00028571230678958113
pennsylvania_13,0.00028568411147093814
ohio_3,0.00028559887283502997
opportunity_20,0.00028542123626270716
president_8,0.0002851963395728021
william_2,0.0002851249957979949
legal_2,0.0002850846151762885
committee_17,0.00028494342711931535
fine_8,0.0002847625984464623
act_20,0.00028465348204647674
conflict_18,0.0002846254765175055
unemployment_6,0.0002846189945682378
finance_6,0.00028420860177892166
bubble_19,0.0002836334054146887
labor_17,0.00028361574952525786
law_3,0.00028349224182755087
stocks_2,0.0002833157245786976
dow_jones_13,0.00028325476005339434
illinois_15,0.00028294493646078525
restaurant_4,0.00028241003565463243
york_12,0.00028224017895363165
politics_14,0.00028213414151977384
election_10,0.0002816914176709379
train_15,0.0002814259874239689
court_8,0.0002812973917875364
william_1,0.0002805862637205689
crash_20,0.0002805567048862951
nasdaq_4,0.0002803006434959612
fed_19,0.0002802740589252295
water_11,0.00028018901134716135
financial_4,0.0002800737082173276
energy_3,0.00027935421964715793
sell_12,0.0002783490317945065
car_6,0.0002776750233483156
democratic_18,0.0002774984110593452
corporation_12,0.000277337440651759
cancer_17,0.0002772660047036684
fond_5,0.000277082456317487
stocks_13,0.0002770377098829166
house_5,0.000276760020489984
federal_12,0.0002767151223908184
virginia_3,0.00027670119201902765
banking_14,0.00027637311466503523
risk_20,0.00027594594515256736
project_17,0.0002759352288623224
environment_2,0.00027573378949438443
act_19,0.000275694823041841
bubble_14,0.00027530356357248254
buy_10,0.00027495627077650617
garden_15,0.0002749210120907497
college_10,0.00027462782141334007
political_20,0.000274520194699697
judge_15,0.00027450711980901433
leverage_19,0.0002741024221543448
gain_2,0.0002738100764791605
office_14,0.0002735819792060814
financial_16,0.0002735395371126478
earnings_1,0.00027343861735127306
stocks_3,0.0002732615494639939
court_19,0.00027289821007464804
markets_7,0.00027279536147643596
water_17,0.00027277449710069615
services_11,0.00027259831990780243
fine_14,0.00027230888746079986
founded_4,0.0002717295489313661
police_9,0.00027168977522837583
georgia_8,0.00027144794595139254
management_4,0.00027080649672954905
council_10,0.00027042874728182
movement_18,0.0002700585297099844
return_2,0.0002699810855414914
marriage_14,0.0002699662686741661
judge_5,0.00026989238871502527
travel_18,0.0002696328383062389
senate_14,0.00026952998710345763
restaurant_11,0.0002694742337776397
judge_8,0.0002691367665191172
consumption_4,0.0002691224381003128
washington_14,0.0002690207502098141
travel_2,0.0002689422619318442
food_11,0.0002685423218376616
stocks_17,0.00026827041227532724
gold_6,0.00026826896850934694
washington_8,0.000268182399571976
ring_7,0.00026799369346296165
inflation_5,0.0002679294302600836
financial_13,0.0002677146462066003
portfolio_8,0.000267652039833795
social_1,0.0002671761393988344
home_4,0.00026709901328262784
forex_12,0.00026686113587358736
risk_9,0.00026654510137035984
ring_4,0.0002663185290963167
court_9,0.0002660958921919749
dividend_20,0.0002658545323127767
buy_14,0.00026557369823865685
gain_20,0.0002647983130831834
office_20,0.00026458847330080405
police_14,0.0002645211150952773
oil_19,0.0002644855123773685
companies_7,0.00026415202350914784
portfolio_7,0.0002637027642322918
consumption_7,0.00026338769607362795
bank_14,0.0002630957101188841
revenue_13,0.00026303318953490077
trader_4,0.00026271660895102033
federal_18,0.00026267909656210774
health_16,0.00026262892727210805
security_4,0.0002624628437202672
community_1,0.0002623805901803905
elections_5,0.00026204776749778343
happy_6,0.00026185539990110525
politics_12,0.0002607879719762506
texas_12,0.00026078521240688546
virginia_1,0.0002603816139866382
technology_5,0.00026034387274858977
votes_10,0.00026029911692069976
success_19,0.0002602611565068871
economic_8,0.0002601417414043295
movie_17,0.000259955129816269
republican_2,0.00025969538391705716
happy_4,0.0002594514725005251
federal_14,0.0002592858452202468
million_6,0.00025900326646539294
party_12,0.0002587988374180936
york_2,0.0002586240534207555
social_16,0.00025859173882837263
bubble_10,0.000258037279948151
restaurant_6,0.0002579250747508637
case_14,0.0002579035242369793
office_17,0.00025772636723554433
washington_19,0.00025715582611459656
trader_7,0.00025714634251313844
fun_4,0.0002571118387020753
government_9,0.00025704494872366544
house_20,0.00025681224958828844
headlines_10,0.0002564027685885753
pennsylvania_15,0.0002564015628678979
conflict_3,0.00025593378854813376
vermont_13,0.0002557516416231504
food_20,0.00025569875145378196
texas_16,0.0002555639197846775
products_18,0.0002554254056276175
council_19,0.00025511646724831426
holiday_20,0.00025483348530116134
money_10,0.0002548045727008091
success_15,0.0002543163962575855
service_7,0.00025388204564485517
firm_12,0.00025374937147193844
massachusetts_18,0.00025360987669113507
nasdaq_2,0.000253366786420685
finance_2,0.00025325759674201144
secretary_8,0.0002532184340072129
union_2,0.00025309316725598713
vermont_8,0.0002527485953785082
restaurant_16,0.0002522968265274064
default_7,0.00025227813974389634
color_5,0.00025224323837156265
fed_15,0.0002520058185658583
food_15,0.0002519383061236983
rights_15,0.00025175190590681943
rights_5,0.00025166040153894664
markets_5,0.0002510765034976437
district_19,0.00025088027988172303
garden_12,0.00025081433823010823
metals_5,0.00025062684601731745
elections_14,0.00025051567047378406
chance_13,0.00025044662252013064
dividend_11,0.0002502625866155012
culture_8,0.0002502043043939963
crisis_11,0.0002495751237489633
investment_16,0.0002494826812230234
county_9,0.00024934432690190326
war_8,0.0002492025319157645
college_14,0.00024917327459266067
buy_18,0.00024910047124838166
elected_12,0.00024859467601727047
york_6,0.00024835852392500544
community_20,0.000248220414480997
car_15,0.00024810951655977
minister_9,0.00024800710502163967
health_18,0.0002479019392209084
return_10,0.0002478822866966378
media_12,0.00024732334328219946
office_3,0.00024732148745247004
debt_16,0.0002473122252202763
cancer_4,0.0002472981083761211
service_6,0.00024705870358667366
security_6,0.0002466750637953082
money_15,0.0002466554431888726
services_14,0.00024641696507042164
union_6,0.00024597062709126827
pennsylvania_14,0.0002459238018505558
office_13,0.000245808308186046
buy_5,0.0002457757439262952
water_18,0.0002457392755326641
served_20,0.00024572996508452416
car_12,0.0002451441790229081
georgia_11,0.00024511670158395844
politics_3,0.00024503636335297663
consumption_19,0.000244625954492356
labor_3,0.0002444935703000485
housing_20,0.00024423845121128023
media_9,0.00024406162188209457
police_3,0.0002437950372636205
inc_17,0.00024361468044604347
rich_6,0.00024360814045737417
york_15,0.00024341640370439239
energy_6,0.00024335408104357
growth_4,0.00024327804587825262
society_5,0.0002428725585158273
culture_14,0.00024247906243188717
happy_3,0.00024230740275680228
consumption_8,0.00024204259245574707
tennessee_10,0.00024175583570644122
holiday_15,0.00024166541943720454
dow_jones_19,0.00024152858080947983
default_2,0.0002412956246410649
oil_13,0.00024088046968625258
investment_11,0.00024033251018371952
credit_16,0.00024031815104403522
corporation_15,0.0002402120550509857
home_15,0.00023916511213749615
virginia_17,0.0002391343388202836
marriage_9,0.00023909327414987114
voters_3,0.00023906286394425366
million_13,0.00023902641120337618
inc_11,0.00023899523277822528
legal_12,0.00023882399747622855
district_10,0.0002385200693879521
law_7,0.00023851298047923643
district_13,0.00023847557941029078
pennsylvania_19,0.00023825478677193636
bank_11,0.00023788633791532192
happy_20,0.00023775755533074564
buy_6,0.0002377063508650191
fun_7,0.00023770320129976006
house_15,0.00023759078255167998
water_4,0.00023743853489027842
committee_9,0.00023730443455070326
court_5,0.00023723029986454688
political_3,0.00023717311337654483
transaction_2,0.00023711687967259624
train_3,0.00023701389659466475
million_5,0.0002368379814359561
forex_3,0.00023681545536908023
headlines_4,0.0002367343128835854
media_4,0.00023665229489378535
media_13,0.0002358389902518465
judge_14,0.00023557890473210685
marketing_10,0.00023533404725249786
derivatives_4,0.00023521853478152685
metals_20,0.0002347569147985056
companies_14,0.0002346334337038668
world_3,0.0002346218345794113
million_7,0.00023389895964922143
security_2,0.00023388546234881603
community_10,0.00023351717381200454
tourism_16,0.00023277239425229613
elected_2,0.00023270125316610343
freedom_12,0.00023266080120154512
food_1,0.00023261778329802457
gain_17,0.000232313863668327
investment_9,0.00023194582762203037
social_18,0.0002318634231229628
legal_8,0.00023143124590971334
cash_2,0.0002309992235202131
district_8,0.00023072510214558204
metals_3,0.00023055424059146293
economic_16,0.0002304977992182101
water_14,0.0002304433936613753
legal_11,0.00023040724186471943
case_8,0.00023037766324708505
elections_4,0.00023034664561182573
massachusetts_12,0.00023029817307091284
social_2,0.00023013216001598863
buy_4,0.00022980726259834452
environment_15,0.00022973094646952982
society_7,0.00022959446765502846
health_20,0.00022940831984894926
court_16,0.00022934525667747013
kentucky_20,0.0002292652554707688
rights_10,0.00022922426779346488
kitchen_12,0.00022910987484306127
york_20,0.00022906647379103564
stats_5,0.0002290206059934957
bank_12,0.00022864191032272402
district_5,0.00022858060150243262
wisconsin_20,0.0002285483961619115
government_13,0.00022854633315918087
opportunity_13,0.00022800843396133248
ohio_13,0.00022786919971052666
kitchen_17,0.00022778625522201543
health_6,0.00022762486846148784
trader_6,0.00022746728941348926
court_20,0.0002271437563827269
justice_6,0.00022694349313776978
success_20,0.0002269242890273776
technology_12,0.00022678211032887822
industry_7,0.00022653167159713915
senate_5,0.00022644563176558056
development_20,0.00022631949205287753
corporation_16,0.00022621264306599132
water_12,0.00022593160835579986
housing_17,0.00022562954241235738
marketing_14,0.00022538855267934785
trader_10,0.00022538454406791997
movie_3,0.00022525124569755902
nyse_7,0.0002252291152511125
ltd_8,0.00022512685091743246
credit_5,0.00022501121246486138
illinois_17,0.0002249249156583612
tennessee_6,0.00022490081626370565
management_16,0.00022485250081415186
home_2,0.00022409841437975484
cash_5,0.0002240469913924416
opportunity_11,0.00022398763906398482
president_17,0.0002236483186108984
federal_17,0.000223452514794438
ceo_11,0.00022322299466644526
markets_14,0.00022307713902041358
senate_17,0.0002228608262871584
transaction_13,0.00022262401242123243
york_7,0.00022213692862381654
society_10,0.00022190997159496963
texas_10,0.0002216794618488209
court_3,0.00022165994129958862
religion_15,0.00022151208380295323
fun_9,0.00022146319977218935
crisis_17,0.0002211894903043448
service_1,0.00022095341555293085
growth_20,0.00022094203644059199
marriage_8,0.00022078637066778287
rights_16,0.00022069324021238305
inc_12,0.00022007906161665024
ohio_18,0.00021954210686067938
york_14,0.00021936781761668585
senate_20,0.00021916347933827564
republican_5,0.0002189645899547008
DOW_JONES_13,0.00021828185215113852
loss_2,0.00021817784026044047
federal_2,0.00021817239241461508
companies_5,0.00021807623484383317
washington_3,0.0002179747725630139
car_13,0.0002170975165054355
bonds_8,0.0002170467895225214
war_5,0.00021697106687436335
investment_19,0.0002160821634958295
stats_6,0.0002160604885980945
house_9,0.00021542190424138832
leverage_9,0.00021537344453439325
freedom_2,0.000215355273154137
debt_1,0.00021531918830038576
restaurant_13,0.0002152576429036145
services_15,0.00021453827101004824
dividend_8,0.0002143960377276121
stocks_19,0.0002142745722578442
energy_16,0.00021422196892359216
bubble_2,0.0002141469490317885
georgia_5,0.00021409126559518248
happy_8,0.00021400005085410337
development_15,0.0002135350450821289
industry_19,0.000212901764055196
ore_10,0.00021274455377659016
illinois_6,0.00021264819702935639
kentucky_7,0.0002126115387197121
social_5,0.00021261014973591403
marketing_6,0.00021250399327437175
government_11,0.00021208985789835183
global_20,0.00021192727589265415
social_17,0.0002116531686252237
senate_6,0.00021163512762766031
pennsylvania_8,0.0002115187558337869
labor_19,0.0002114466092409446
credit_17,0.0002113586762689624
missouri_12,0.0002111989136903204
district_11,0.0002109383685715439
project_16,0.00021086441954845555
service_11,0.00021025872628234989
party_5,0.00021025491778893304
movie_8,0.0002102066456371805
georgia_12,0.00020996152498084752
returns_15,0.0002099582694726406
home_6,0.00020969544569524688
police_8,0.00020941692300778666
freedom_11,0.0002093446929909676
products_16,0.0002092459592275514
oil_1,0.00020897379643644261
bank_7,0.0002087746790389921
health_14,0.00020836432517894784
republican_19,0.0002083166533016368
carolina_8,0.00020821961031328696
war_18,0.0002081817379491088
security_14,0.0002081489612182257
president_4,0.00020803639319365484
media_18,0.00020790601460654243
carolina_14,0.0002077964786148369
debt_12,0.0002076554251902524
crash_4,0.00020761682230416637
party_1,0.00020747894400262556
sell_18,0.00020747546242533477
york_10,0.0002074542037431759
success_2,0.00020742606940780565
democratic_10,0.0002071055455660481
federal_7,0.00020661854137941782
missouri_13,0.00020659907094435544
home_5,0.0002064262168215533
fond_18,0.0002063516560474412
crash_19,0.0002062955807140149
washington_5,0.00020606286144467516
democratic_13,0.00020594626068428496
home_18,0.00020550143144570533
democratic_9,0.0002053462702195805
management_10,0.00020515031401046729
labor_13,0.00020493723184530877
financial_19,0.00020487740618973534
service_12,0.00020481286822077903
elections_18,0.00020469245940829664
metals_19,0.0002046040587899589
metals_6,0.00020455801415365348
ministry_10,0.00020451560956931804
food_4,0.0002041746401917611
services_13,0.00020409430241703647
industry_15,0.00020405441500302476
stats_20,0.00020401413609693632
default_8,0.00020401207717109536
global_4,0.0002038194317906708
money_12,0.00020325164252176447
stocks_18,0.00020295531828516312
justice_15,0.0002029534407477592
york_19,0.0002029446937045684
inc_6,0.00020285195348971146
derivatives_20,0.0002025201840613681
services_6,0.00020223918884627545
washington_2,0.0002020901801837816
secretary_1,0.0002019988910667797
kentucky_3,0.0002018796945472804
oil_16,0.00020145695517329748
office_5,0.00020140145850537815
train_4,0.00020108106747717105
buy_9,0.00020106041692758168
lifestyle_1,0.00020084642232375127
financial_10,0.0002007048032571377
government_10,0.00020065752190877642
district_4,0.0002006048719745363
financial_1,0.0002005246055929465
case_4,0.0002004946134698797
default_6,0.00020005396918311864
arts_7,0.00019971681283597896
office_10,0.00019957046904507005
freedom_17,0.0001994886125606439
founded_5,0.0001993188718728089
voters_18,0.0001993061111940559
management_7,0.00019911295721242582
stock_market_4,0.00019909930298585388
earnings_19,0.00019908254898979484
william_18,0.00019885943427701372
companies_17,0.0001987794830804121
health_12,0.00019869410993515665
bank_4,0.0001984915289771176
money_20,0.00019829124560677018
car_9,0.00019828899565857788
money_2,0.00019797974014561383
nyse_11,0.00019797882399042902
cancer_13,0.0001977159198677608
stock_market_20,0.0001976081796318604
tennessee_5,0.0001975628464210567
gain_10,0.00019747912942897708
money_5,0.00019738890043094744
hedge_5,0.00019734307950565892
portfolio_11,0.00019711678239651544
finance_15,0.00019703118148302969
banking_10,0.00019647609183989282
justice_4,0.00019645366379034344
debt_19,0.00019644112176650443
votes_12,0.00019627329180351653
minister_12,0.00019620154120841336
revenue_20,0.0001961821492661517
car_11,0.00019602359692161785
energy_13,0.00019577720686310518
sell_16,0.0001954514818882593
justice_3,0.00019540425456082241
chance_16,0.00019521388862262358
lifestyle_12,0.00019516677299257664
president_16,0.00019499233995896108
lifestyle_14,0.00019473298972597376
return_12,0.00019441137576208295
food_18,0.00019408068483047557
water_2,0.0001940300814887901
council_18,0.000193992687148578
war_12,0.0001939628337908273
DOW_JONES_19,0.0001936291134047108
loss_4,0.0001936127844273837
buy_8,0.00019343511754045826
market_20,0.00019327235200823834
sell_13,0.00019324082263041134
members_7,0.00019310194690251743
freedom_13,0.00019283130011650616
business_2,0.0001928062503254335
crash_9,0.00019269873315183144
kitchen_8,0.0001925286297204949
firm_16,0.00019235393636729341
energy_17,0.00019229087131045477
investment_20,0.00019173839461986318
rights_9,0.000191724397413674
virginia_20,0.00019166898942909197
finance_13,0.00019160043719547247
council_14,0.0001915292487536008
conflict_17,0.00019145049071796848
religion_2,0.0001913319593292471
nasdaq_1,0.0001911666800778547
conflict_11,0.0001910939761784237
rich_8,0.00019108468930624655
secretary_14,0.00019097771677983384
transaction_19,0.000190785037551944
holiday_3,0.0001907651192168588
vermont_11,0.00019073795965000637
ministry_9,0.00019066212388788216
secretary_2,0.00019061921465384851
cash_7,0.00019059444203364174
fond_7,0.00019038928571294943
movement_4,0.00019032831759004264
virginia_11,0.00019032614208856058
war_20,0.00019025215545821097
holiday_5,0.0001900333578058304
oil_6,0.00018987106132753817
economics_10,0.00018958929727391072
growth_10,0.00018943075355677
chance_19,0.00018929832606530292
election_19,0.00018922016013873583
ministry_1,0.0001890004831297576
money_6,0.00018874252171696202
bonds_5,0.0001886876926522312
police_19,0.00018848896101470152
ohio_8,0.0001883923330495883
judge_9,0.00018838593125461195
development_5,0.0001883737226401896
hedge_14,0.00018831609653578656
food_7,0.00018765961472879813
DOW_JONES_4,0.00018758619730972287
garden_7,0.00018736469474434843
crash_17,0.0001873625323531488
security_1,0.00018732157205032207
firm_2,0.00018664084392828464
housing_5,0.00018658385499889488
economic_18,0.00018606206255958693
council_5,0.000185762816291567
union_8,0.0001856387201831921
fine_4,0.00018555307419958759
marketing_18,0.00018553722767476863
county_20,0.00018537655358647916
economic_12,0.00018534645380580863
democratic_14,0.00018515303704939743
buy_17,0.00018483061658679988
stock_market_16,0.0001848043850535248
market_17,0.00018471066797500545
college_7,0.00018454999059771415
economy_6,0.00018445265758561372
million_1,0.0001841939623309376
development_13,0.00018415827009085883
vermont_20,0.0001840879465852004
pennsylvania_7,0.00018405070705363656
community_18,0.00018387620098492475
movie_11,0.0001837746474366405
default_19,0.0001836223012426956
college_3,0.00018354607616764972
development_12,0.0001834815894359887
security_7,0.00018327682930912383
rich_3,0.00018298007084353263
technology_3,0.00018252953303151908
invest_6,0.00018252214241284694
oil_18,0.00018232776634831882
justice_17,0.0001820323762424944
senate_1,0.00018163538289058933
social_4,0.0001813986319613565
pennsylvania_10,0.00018125451062697456
ministry_2,0.0001811647195890855
kentucky_18,0.00018115624967448765
business_14,0.00018091362913649235
lifestyle_15,0.00018082750332080552
travel_11,0.0001807627570012572
movie_6,0.0001807274507387744
union_1,0.00018040139341155264
service_8,0.0001803906063993075
office_2,0.000180025130094068
development_3,0.00017998668344460636
labor_11,0.00017996964461191027
served_13,0.00017989313244994793
holiday_10,0.00017981249068309624
services_20,0.0001797783065965637
opportunity_8,0.00017970143257201572
fine_1,0.00017954915902548013
texas_13,0.00017948961466947118
return_1,0.0001790647604295111
service_4,0.00017868321289667908
freedom_20,0.00017818225584053003
house_11,0.00017817511868212013
earnings_11,0.00017816998299981197
health_5,0.00017810944388175985
lifestyle_8,0.00017805226332315532
products_2,0.00017782085777723935
bank_1,0.00017775196675763445
kentucky_6,0.00017751492039541606
banking_1,0.00017751413324683458
trader_2,0.00017750435697848414
party_7,0.00017740069719437938
companies_20,0.0001773369072000196
services_8,0.00017719872332553903
political_12,0.00017715265510870242
party_19,0.00017714989963080733
fine_2,0.0001767705038684616
case_20,0.00017662684332586873
world_5,0.00017633573699403892
water_10,0.00017605801646715637
economic_2,0.00017599944244889196
car_16,0.00017598885090882107
derivatives_6,0.00017583567309270917
profit_15,0.00017581510789008883
community_4,0.00017561593651228212
car_3,0.00017554571956288078
social_19,0.0001755350696018647
transaction_18,0.00017542162939438826
arts_17,0.0001752956528867754
act_5,0.00017528006000885345
ministry_15,0.0001752459057920632
house_10,0.00017515227637568417
case_3,0.0001748239218449877
bonds_10,0.0001748059091305407
gold_17,0.000174760679575232
banking_5,0.00017462902640707147
products_8,0.00017453580977307688
missouri_16,0.00017451606963720678
security_18,0.00017443522612139124
corporation_14,0.00017418386996659768
marketing_20,0.00017417875113018026
firm_13,0.00017414935158463498
social_15,0.00017403117838373522
council_12,0.00017368861044037386
rich_13,0.0001734113887976529
bank_3,0.00017315134512642925
secretary_16,0.00017312536859375336
freedom_16,0.00017276109829813182
sell_6,0.00017265699674764092
committee_19,0.00017265287800093064
garden_6,0.0001722779187092429
loss_16,0.00017214513675648934
investment_14,0.00017173686343905024
kentucky_9,0.0001715178708186702
world_1,0.0001712782758683027
business_19,0.00017126698302456978
products_5,0.00017121312148796002
world_12,0.00017092538948136152
gains_7,0.00017081890717583366
rights_13,0.00017074712683375109
return_13,0.00017065631251427432
media_19,0.0001704056503070739
risk_16,0.0001702912198530593
founded_20,0.00017026981295351738
political_11,0.00017004673084223157
financial_5,0.00016986475472782541
union_7,0.0001698217796117471
georgia_19,0.00016918288858382732
government_2,0.00016905988882325962
freedom_15,0.0001689075928380866
fed_6,0.00016888238191057112
case_5,0.00016884713455458974
metals_16,0.00016836967712620263
debt_10,0.00016832506163295797
elected_19,0.00016832397401480109
inc_7,0.00016830710609337112
republican_17,0.00016821224272051369
founded_14,0.00016815310519888846
gold_5,0.0001681431644870097
economy_12,0.0001676002522891398
housing_6,0.00016759316627934864
corporation_8,0.00016738253621088986
present_5,0.00016703343937569482
washington_1,0.00016698955396036031
inflation_17,0.00016676435477253531
development_7,0.00016648949500980024
leverage_3,0.00016635881393260892
kentucky_13,0.0001663486412492336
revenue_18,0.000166332836346985
water_16,0.00016602620714764807
color_11,0.0001656306911290703
color_12,0.00016546579975927256
rights_18,0.0001653577163452181
carolina_18,0.00016512010511241038
william_15,0.00016506124078153854
carolina_6,0.00016505206860673222
arts_2,0.0001649888855874502
metals_15,0.00016496608128992526
bubble_7,0.00016492749487032093
republican_13,0.00016475542531193386
kentucky_2,0.00016473309675312517
success_11,0.00016472357529585978
dow_jones_9,0.00016449938367360403
case_11,0.00016434554687455612
nasdaq_16,0.00016434463348321009
services_4,0.0001642080815542654
lifestyle_13,0.00016414929602012252
gains_11,0.0001641136269334271
gain_14,0.0001639911482038621
judge_12,0.00016398873359488384
illinois_16,0.00016398663845246432
ring_17,0.00016382060089321782
market_14,0.0001637621917239356
washington_20,0.00016369139614241853
wisconsin_6,0.00016354160397429466
governor_7,0.0001635210022471558
house_4,0.00016326470984910838
media_11,0.00016326296796017714
ministry_11,0.00016319697121470396
fine_20,0.00016314281436842794
loss_6,0.00016307020794386408
office_19,0.00016306032664101776
politics_9,0.00016305793248430934
housing_9,0.0001630126351366183
DOW_JONES_10,0.00016286878528567314
money_1,0.0001627566952057305
world_7,0.00016262213602011094
elections_10,0.00016253069436366843
travel_19,0.00016245021475434868
color_2,0.0001623400938433017
president_10,0.00016229265301438882
products_15,0.0001621906297159258
service_9,0.00016183750677108
secretary_3,0.0001617161294597776
fond_15,0.00016164227947183514
energy_20,0.000161573836152124
industry_11,0.00016155350284932752
growth_14,0.00016146064030334777
train_16,0.00016144781648611104
management_8,0.00016140097621677706
office_11,0.00016124405469779366
virginia_10,0.00016121332009637782
corporation_1,0.0001611190018794998
nyse_16,0.00016104698353053802
development_6,0.0001610391310854181
votes_5,0.00016091065870757842
happy_14,0.00016081676519226267
companies_2,0.00016068356179974497
voters_9,0.00016066891882739385
cancer_6,0.00016060311129091682
garden_18,0.00016029457801766743
gold_15,0.00016020825390947952
governor_16,0.0001600723514688781
kentucky_10,0.0001598875558271292
travel_8,0.0001598388329615875
washington_7,0.00015981771199447591
william_17,0.00015968793664157148
fun_16,0.00015961958014639558
rich_17,0.00015959474518193882
ministry_14,0.0001595784128715745
elected_3,0.00015954664074295313
global_19,0.00015947437665238327
social_9,0.00015943358152332142
housing_4,0.00015935330986611954
home_14,0.00015926229027097644
global_13,0.0001590150041866801
ohio_20,0.00015858353927261082
ohio_7,0.0001585621392212744
seats_6,0.00015842376304976526
companies_11,0.00015837908804159674
politics_18,0.00015823504971226242
washington_16,0.0001579917809702502
ceo_17,0.00015794788994916772
ceo_20,0.00015789952302492768
global_9,0.00015757736433756145
police_1,0.00015747860794841154
metals_14,0.0001573208025116278
business_12,0.00015716035181924363
rights_12,0.00015704909926706002
legal_17,0.00015687401147712604
inc_20,0.000156614696331671
justice_8,0.00015655403194970026
religion_13,0.0001562657828474756
county_12,0.00015623131653090959
project_9,0.0001561338440356364
rich_11,0.00015607447913087213
management_13,0.0001560180240119443
earnings_15,0.00015590068904420618
energy_15,0.0001558901571824585
court_12,0.00015575287333239774
housing_13,0.00015574341666666698
william_19,0.00015573918198091464
market_9,0.00015570933245802676
travel_16,0.00015562598904488302
bubble_11,0.00015557396046936785
economics_2,0.00015552467844273435
council_16,0.00015520735296726884
kitchen_18,0.00015498082167787769
metals_1,0.0001548392077813002
senate_15,0.00015482065952578174
transaction_12,0.00015478933733853494
freedom_10,0.0001547772504133522
default_17,0.0001545871192357792
arts_1,0.00015450799186878184
social_20,0.00015446032773760638
housing_2,0.00015419138800490682
gain_5,0.0001535384960897216
risk_12,0.00015337899853098115
stats_16,0.00015328211653005958
members_15,0.0001532668780569346
house_7,0.0001532386469972864
garden_14,0.00015317712387438596
seats_9,0.0001531558892391632
elected_16,0.00015272950155712333
election_12,0.00015260919971753383
marriage_7,0.00015252054577345208
society_9,0.00015236376985561944
massachusetts_15,0.00015223826321328856
federal_15,0.0001520445860015386
leverage_17,0.00015201224522044883
train_12,0.00015192337564188765
gold_18,0.00015183751127690977
county_7,0.00015178113313544592
restaurant_8,0.0001517619315435469
representatives_20,0.0001516099316971492
stock_market_17,0.000151497562416956
dow_jones_16,0.00015134069256502272
act_3,0.000151082504535605
kentucky_4,0.00015105699853768976
kentucky_14,0.00015103765719932518
federal_4,0.00015100221026575266
governor_17,0.0001509403754863983
kentucky_8,0.00015076728142453632
world_9,0.00015075652459487692
earnings_8,0.00014983763058661314
voters_16,0.0001495437338304069
headlines_19,0.00014940448619189236
headlines_3,0.00014913841778472207
bank_5,0.0001490629231086735
government_12,0.00014905910385252274
movie_18,0.00014901450072998346
community_5,0.0001485881844349106
crisis_18,0.00014844958631502186
products_10,0.0001482457887940718
money_16,0.00014824333862809605
society_12,0.00014822838751497525
council_13,0.00014805710199137706
william_20,0.000147969048016265
economy_13,0.00014778352454278802
money_14,0.00014741409044843434
political_10,0.00014717724388755158
cash_17,0.00014710743328274432
ceo_10,0.00014710023268209673
bonds_6,0.00014683652790358734
water_20,0.0001466953902566705
chance_17,0.00014647678439298138
profit_17,0.0001464588346028459
banking_20,0.0001464217251090219
illinois_1,0.00014630737383537618
stats_12,0.00014614085191509544
security_17,0.00014613219987311843
served_19,0.00014600786684060692
million_3,0.0001459198294846614
management_14,0.00014590529218387586
garden_20,0.00014580339922798564
house_18,0.00014574009013366943
housing_1,0.00014565874347820484
million_2,0.0001454626448163665
nyse_13,0.00014541703764307502
virginia_8,0.00014538833859809367
conflict_1,0.00014525168596845448
world_15,0.00014516671701874382
senate_8,0.00014511365696979485
virginia_2,0.0001450114812645271
political_4,0.00014493979959642546
happy_16,0.00014492789437972768
judge_11,0.00014488282972070454
services_1,0.00014477075947124632
tennessee_17,0.00014474503974651578
dow_jones_1,0.00014471765302177952
ltd_2,0.00014469533461896047
ore_1,0.00014454740684831719
restaurant_10,0.00014398195366969332
voters_15,0.00014387214941734942
sell_8,0.00014387175743327632
health_1,0.0001437116145554772
ohio_19,0.00014360562984770252
money_18,0.00014339650114202567
technology_11,0.00014318942073182075
water_15,0.00014318300623508652
founded_16,0.00014314687733253014
business_7,0.0001431044675605441
governor_15,0.00014309317866497784
money_19,0.00014306659575685112
political_2,0.0001426754228162844
fond_1,0.00014254871082133516
social_6,0.00014244159165756172
labor_1,0.0001423850321658567
committee_2,0.00014192115520365032
president_18,0.0001419004211167084
labor_10,0.0001417707900902916
missouri_1,0.00014161866011295734
senate_11,0.0001415945520993257
crash_15,0.00014133789540702753
leverage_14,0.00014114913913603982
service_14,0.00014111658806190995
debt_13,0.00014107227024429461
election_1,0.00014106911559003368
market_7,0.00014098869659227143
DOW_JONES_9,0.0001408264193994528
wisconsin_3,0.00014074750196149078
missouri_15,0.00014069833697991454
gold_1,0.00014052418345727463
minister_7,0.00014038862279001747
stock_market_8,0.0001402587330176335
war_2,0.0001399569305035302
nasdaq_12,0.00013993886545598036
revenue_2,0.00013973417303085332
marketing_17,0.0001396739040381684
buy_13,0.0001395625242841438
fed_8,0.00013941688651971835
cash_16,0.0001393154938636633
dow_jones_15,0.0001391344443520589
success_1,0.00013878250237018506
rights_4,0.00013877697927526454
senate_13,0.00013875570903949209
service_15,0.00013861861214646787
color_9,0.00013859041040599146
committee_8,0.00013858230885011556
governor_8,0.0001384015104479045
trader_17,0.00013827337999971492
law_16,0.00013823875022646044
unemployment_2,0.0001380924323262573
war_16,0.00013801117338728904
profit_5,0.0001380023160231974
social_10,0.00013798259592788615
fond_8,0.0001378597415366777
members_17,0.0001377478178894431
case_1,0.00013764483566230118
financial_15,0.00013757308876419667
nasdaq_13,0.00013754537876596023
washington_4,0.00013746943880380092
pennsylvania_16,0.00013718550192793464
missouri_7,0.00013715835618993103
georgia_9,0.00013687921750639326
kitchen_20,0.00013687549578889288
fun_13,0.0001368539563934121
elections_7,0.00013669168608558937
services_12,0.00013640379646677554
community_8,0.0001363776337382297
market_6,0.00013633782470127628
members_9,0.00013626735749374717
bubble_13,0.00013626657755441422
culture_18,0.00013615561363861117
returns_7,0.0001360145670601323
growth_17,0.00013571491892958392
kitchen_11,0.00013530381067469009
served_10,0.00013512617518499805
texas_20,0.00013500436667806542
project_4,0.00013483578031414284
world_19,0.0001346845450043676
county_4,0.0001346827003907086
credit_6,0.00013461982097913384
case_9,0.00013452195124474643
environment_13,0.00013429532240802203
project_15,0.00013412327039395965
massachusetts_1,0.0001339276559233502
committee_15,0.00013387415140877934
profit_7,0.00013371193898928244
ore_8,0.0001334955280711176
ring_10,0.00013326245601679267
marketing_4,0.00013317083751984888
short_selling_7,0.0001331577891922232
county_5,0.00013282497448866766
elections_2,0.00013269071118260378
conflict_9,0.0001323649733334803
act_11,0.00013190937744197745
services_7,0.00013183957797925047
cash_18,0.00013176722582491023
gold_8,0.00013176447567687152
stock_market_15,0.00013162075458869574
sell_14,0.00013150444266484955
transaction_14,0.0001314927914592911
nasdaq_7,0.00013118770888213897
political_5,0.00013115876656249502
transaction_9,0.00013113743486417088
trader_16,0.0001310758805320265
war_4,0.00013100326537299642
technology_2,0.00013077957921254392
stats_2,0.00013063674442516648
conflict_15,0.00013050180962639836
companies_13,0.00013046836785193008
william_11,0.00013031457834054651
development_2,0.00013026883747408664
home_16,0.00013020381775927884
social_14,0.00013013243737658138
culture_15,0.00013006097865551292
york_16,0.000129971594559745
opportunity_16,0.00012997153841818888
return_17,0.00012970714994617352
oil_10,0.00012965434195719036
earnings_7,0.00012948955573296412
case_17,0.00012924299594882957
technology_13,0.00012922707507178133
minister_18,0.00012921280645334878
home_13,0.00012914588586106164
movie_13,0.00012908754752782202
washington_18,0.00012907467908101111
economic_5,0.0001290451619677957
inc_10,0.0001289651363831886
derivatives_13,0.00012896035800827
fine_5,0.00012883127392511047
health_4,0.00012881584034324137
police_13,0.00012869527256449418
texas_11,0.00012869501136682506
money_13,0.0001285977332305079
committee_3,0.00012853710382224428
color_17,0.00012834844165055928
gold_20,0.00012834335871734473
police_10,0.00012816967125370616
blacklist_15,0.00012807854321774867
legal_1,0.0001280423202072469
corporation_11,0.00012801711395158102
democratic_11,0.0001279535308269685
politics_17,0.00012793076126703336
risk_4,0.00012789480607837834
votes_20,0.00012785279027120258
movie_12,0.00012784440473070802
technology_16,0.00012783857060926236
unemployment_4,0.00012777574367536722
rights_17,0.00012772600739936122
voters_14,0.0001265863775471227
founded_6,0.00012618353207519768
project_10,0.00012611606514625274
georgia_6,0.00012610922653004552
legal_7,0.0001260227315629021
election_2,0.00012601737940346234
county_14,0.0001259006815523352
food_2,0.00012570327803844937
union_3,0.00012550808387171492
union_4,0.00012546066543566028
votes_6,0.00012540146359789293
credit_11,0.00012519609174631516
republican_18,0.0001250860752489842
finance_11,0.0001249427274790025
missouri_4,0.00012471380433106498
ring_12,0.00012469451905054883
unemployment_20,0.00012457133826347842
religion_17,0.00012453556016014095
metals_2,0.00012421663904689842
justice_11,0.0001239740194702626
bubble_6,0.00012382697881205067
portfolio_20,0.00012371186142553898
DOW_JONES_12,0.00012359003060415918
companies_15,0.0001232277116483261
markets_1,0.00012264529730619963
inc_2,0.00012256182521326465
finance_14,0.00012252576465502166
portfolio_13,0.0001225013598438887
party_13,0.00012249692029424398
president_1,0.0001220892042022425
ore_12,0.0001218600137677002
present_19,0.00012180654716713946
earnings_9,0.00012177222224138514
buy_7,0.00012162700893938604
movie_5,0.0001215439563371959
culture_16,0.00012152684054663955
washington_15,0.00012139165666913137
missouri_14,0.00012131400596573088
security_12,0.00012119613485576914
police_6,0.00012117460677893279
chance_2,0.00012114753276412569
industry_12,0.00012104706491147571
industry_20,0.00012093556602094688
police_7,0.00012091179072747407
headlines_2,0.00012082531922653015
fun_20,0.00012071391594066943
william_7,0.00012066173390653513
development_17,0.00012030323039270938
democratic_15,0.00012028262570916292
energy_4,0.00012027914083956919
massachusetts_4,0.00012019883155614968
stats_11,0.00012019023114244717
economic_9,0.00012016735419457728
marriage_2,0.00012015413258648314
william_10,0.00012006237707527915
trader_20,0.00012000986568142307
million_14,0.00011992317195320724
revenue_10,0.00011984057969822483
case_16,0.00011969897908853702
religion_12,0.0001196826213755886
world_16,0.00011960350948877155
consumption_12,0.00011935542029902044
virginia_12,0.00011920493659780095
derivatives_15,0.00011913138882179686
unemployment_18,0.0001189887485726166
religion_10,0.00011875039618678508
vermont_10,0.00011874729299807312
wisconsin_8,0.00011874355565999528
dividend_2,0.00011872221395889116
technology_17,0.00011863234077581808
industry_17,0.00011861107721145261
travel_10,0.00011849381293891709
virginia_7,0.00011838622596598689
debt_15,0.00011836905135513315
bank_8,0.00011829210626423423
arts_8,0.0001182346320885689
community_15,0.00011816351342302375
food_12,0.00011806947346808296
labor_4,0.0001180512286383098
ore_14,0.0001179958689031972
inflation_4,0.0001178549044030414
ministry_12,0.00011775997435610942
fun_10,0.00011766631266980584
economics_3,0.00011760795317247971
governor_5,0.00011756288881997275
garden_13,0.00011747904561661223
william_8,0.00011747708965918215
members_11,0.0001174132818413869
york_4,0.00011707807102888471
world_8,0.00011699083173093348
district_1,0.00011690909873603012
travel_3,0.00011687464157929659
police_18,0.0001168626334815431
ltd_18,0.00011672864004178082
vermont_14,0.00011658989204504802
arts_10,0.00011655343836834485
loss_15,0.00011652594384675771
buy_2,0.00011645541993616675
election_16,0.00011628231529327476
economic_3,0.00011619062704867195
economics_11,0.00011602778625619949
chance_10,0.00011597092478713369
economy_20,0.0001153845518173712
members_6,0.00011523390991783276
finance_16,0.00011483153758137981
products_1,0.00011481048947988408
secretary_13,0.0001146165670684544
debt_20,0.00011454435462462951
home_10,0.00011454314756181787
global_1,0.0001143839279738353
dividend_3,0.00011428121574792495
DOW_JONES_11,0.00011419438031527307
governor_13,0.00011415698247149768
arts_4,0.00011398047910575166
fine_17,0.00011386710893553466
economy_17,0.00011380686157216817
bubble_3,0.00011378464533355327
fine_16,0.00011370645110003248
court_10,0.00011341317254521284
elected_18,0.00011334312927838349
washington_12,0.00011308497492973496
ring_8,0.0001129895135973366
office_8,0.00011295212234329494
finance_12,0.00011286651134464589
products_7,0.00011286562299093454
unemployment_14,0.00011286166221162187
gains_14,0.00011271819639869479
health_15,0.00011262243732095791
ltd_6,0.00011258978664164686
gain_18,0.00011255741711405671
fed_9,0.0001123424961400493
county_8,0.00011232679708851868
cancer_16,0.00011225358966592829
carolina_13,0.00011203333382374117
forex_7,0.0001119675980241967
culture_4,0.00011188271955729509
tennessee_16,0.00011182093398960366
economics_17,0.00011177991861777885
votes_18,0.00011172354313897112
kitchen_16,0.00011159524665955933
economy_5,0.00011158268239870672
secretary_19,0.00011144490397856328
ministry_8,0.0001114353653023656
services_5,0.00011128260774300415
debt_17,0.00011115510134000601
party_11,0.00011110457969523544
gold_11,0.00011105738873211253
service_16,0.00011081192794634287
house_8,0.00011079901678294463
profit_2,0.00011077401785174179
fine_18,0.00011073549116362021
travel_6,0.00011054304717238265
texas_2,0.00011043035390148034
derivatives_16,0.00011038373869395394
sell_2,0.00011021506392509573
corporation_4,0.00011015029545890007
tennessee_2,0.0001101424297117144
happy_18,0.00011013871910293115
earnings_17,0.0001101180480788749
texas_19,0.00011006090522699998
opportunity_7,0.00010983375466220416
republican_3,0.0001097454445605565
act_7,0.0001096934621465986
tennessee_15,0.00010966387533343472
union_14,0.00010965544586917266
culture_5,0.00010964079356172434
market_12,0.00010946096544042114
media_14,0.00010935200514364252
travel_20,0.00010924487048110896
justice_13,0.00010923415424383844
carolina_7,0.00010906365851418579
committee_18,0.00010905967653924309
president_6,0.00010898732076010956
cancer_18,0.00010886875478616711
justice_20,0.00010870464424288209
transaction_11,0.00010866740331800266
ohio_12,0.00010858480846508768
political_19,0.00010858297462157756
founded_11,0.0001084684517565351
train_9,0.00010835564694124775
members_1,0.00010814302238906391
crash_5,0.00010814112840603137
color_15,0.00010802505547268544
stocks_1,0.00010800083340921563
act_13,0.00010794348741993512
pennsylvania_11,0.00010779922981781864
ore_18,0.00010766608027513242
kentucky_16,0.00010757200994201624
legal_14,0.00010739537502033443
ring_3,0.00010737864953038564
growth_9,0.00010730596980387644
world_11,0.00010728012274500424
health_11,0.00010698063965320923
kitchen_2,0.000106901980454974
court_15,0.00010676001895965117
religion_4,0.00010671043165398023
project_2,0.00010637709397310508
market_16,0.00010634576045713842
economy_16,0.00010617932875890942
justice_1,0.00010612470777010632
unemployment_7,0.00010609761277918088
democratic_1,0.00010602309595687246
york_17,0.0001059810238658046
missouri_11,0.00010578811650201955
members_12,0.0001056030533053194
dow_jones_18,0.00010559432481250902
conflict_10,0.00010543202406593036
social_3,0.00010507976025334998
house_16,0.00010448408551394884
holiday_14,0.00010427427835208136
illinois_10,0.00010424750638675248
stats_14,0.00010417405509799737
chance_7,0.00010388315626818796
loss_9,0.00010379586212661404
members_3,0.00010366429554368068
crash_10,0.00010362980470976678
legal_19,0.00010351185069183308
case_12,0.00010346955384198856
tennessee_20,0.00010325110555457328
present_14,0.00010324161418912127
earnings_20,0.00010317524853476922
technology_18,0.00010306599860600644
virginia_16,0.00010297385040365012
growth_15,0.00010290227875004953
train_14,0.00010285139583462992
money_9,0.00010283961825040504
markets_6,0.00010277497854922302
political_6,0.00010270438988560272
inflation_7,0.00010266869223233206
development_11,0.00010261047277942497
present_16,0.00010248172660154451
global_2,0.00010152517894516256
culture_12,0.00010142201122493155
development_14,0.00010138222691255236
police_17,0.00010136464256519238
governor_2,0.00010135012130087516
rights_7,0.0001013044981091312
opportunity_12,0.00010125406695690412
election_15,0.00010122335106079104
services_18,0.00010119190435360727
DOW_JONES_18,0.000101116075543246
georgia_3,0.00010111436193887299
community_11,0.0001011099096835914
fond_20,0.00010106992921147989
hedge_7,0.0001008813653982152
transaction_20,0.00010074865270622246
global_6,0.00010017890087083876
seats_19,9.984163418147152e-05
vermont_15,9.981184604251672e-05
industry_5,9.957470330236802e-05
consumption_11,9.953995174416804e-05
wisconsin_15,9.951334871697894e-05
case_13,9.943602804137192e-05
senate_16,9.92727538750505e-05
development_16,9.914325606240978e-05
society_13,9.904132796156722e-05
home_19,9.890976204989046e-05
case_6,9.88988870190492e-05
happy_17,9.889003435436332e-05
house_3,9.881148639532957e-05
tourism_5,9.873389243212756e-05
ministry_4,9.871987268224552e-05
development_10,9.871608117346046e-05
garden_4,9.858872251964062e-05
founded_15,9.846083934772318e-05
energy_7,9.839671101046806e-05
movement_15,9.838777565056296e-05
legal_18,9.836219001610755e-05
stats_4,9.832678959272529e-05
illinois_13,9.824816382122685e-05
kitchen_15,9.815679928888264e-05
corporation_17,9.80952369932251e-05
carolina_12,9.800200951473935e-05
world_10,9.793597602816008e-05
election_5,9.79242929485568e-05
blacklist_11,9.790779070138853e-05
banking_4,9.770157067242244e-05
ceo_15,9.751577521694693e-05
transaction_6,9.733973882467266e-05
inflation_14,9.732304676266271e-05
election_4,9.72759510424025e-05
consumption_18,9.720422551801304e-05
legal_6,9.713691152177371e-05
virginia_5,9.70618290243129e-05
party_20,9.705979836200282e-05
market_19,9.690169298150684e-05
act_12,9.686774595381008e-05
ore_5,9.663156002780824e-05
invest_2,9.6624291088763e-05
industry_3,9.648333654844537e-05
vermont_16,9.617640267872664e-05
movement_13,9.611682391249296e-05
gains_9,9.6030132067207e-05
federal_10,9.598458952255016e-05
house_6,9.594593691662618e-05
labor_8,9.588867847701754e-05
votes_14,9.580510173962898e-05
council_11,9.575685671190356e-05
case_15,9.569273060580176e-05
cash_3,9.562657492904332e-05
massachusetts_13,9.55336978896914e-05
profit_13,9.543199969444008e-05
movement_14,9.512516938908224e-05
return_14,9.503378237824126e-05
tourism_6,9.497806537450277e-05
economics_8,9.480712289428621e-05
restaurant_2,9.475886284819372e-05
bonds_20,9.470524144656335e-05
revenue_17,9.438939084176528e-05
founded_19,9.437893926767996e-05
economic_10,9.435257100111651e-05
votes_7,9.433869018835783e-05
markets_19,9.427331982599731e-05
religion_19,9.424201978332447e-05
ceo_4,9.421708340060417e-05
politics_11,9.421457066336902e-05
crash_2,9.410588634785546e-05
energy_19,9.402772470766654e-05
labor_12,9.402596124911463e-05
conflict_4,9.396716109853888e-05
million_18,9.38840641769914e-05
business_6,9.386685401328998e-05
fun_14,9.383736125936124e-05
massachusetts_2,9.369177326296456e-05
politics_20,9.356018404204162e-05
housing_16,9.351801584202574e-05
members_4,9.349311827923234e-05
rich_1,9.349262805141485e-05
oil_20,9.326632079313348e-05
global_12,9.321333977275884e-05
products_17,9.31605111387696e-05
transaction_16,9.314582925826578e-05
act_16,9.306758463377936e-05
project_8,9.298613717622244e-05
food_13,9.29762827705676e-05
war_15,9.296765950261832e-05
rich_9,9.265997619826584e-05
conflict_12,9.257608531401798e-05
economics_7,9.248973012940404e-05
labor_7,9.245330940560036e-05
opportunity_14,9.243884427975251e-05
virginia_18,9.233241185047889e-05
nasdaq_3,9.22633707821653e-05
william_5,9.217529573084104e-05
president_9,9.20264820360996e-05
invest_10,9.201907692638258e-05
transaction_5,9.199895000655028e-05
members_16,9.198226276278e-05
voters_2,9.179899557914003e-05
william_12,9.177371930324596e-05
kitchen_10,9.176519631592142e-05
lifestyle_17,9.164363957848481e-05
risk_15,9.151629278466709e-05
products_4,9.140451223891212e-05
banking_16,9.129433047913571e-05
business_16,9.126869306744257e-05
ore_4,9.122340848055826e-05
financial_14,9.119598531398853e-05
ltd_5,9.0974210061907e-05
garden_8,9.082759945690865e-05
global_15,9.080958705039392e-05
cancer_1,9.048060549756253e-05
republican_9,9.044444473416676e-05
business_11,9.005969095931232e-05
return_8,9.001923917060649e-05
bonds_12,8.999203773070693e-05
house_2,8.997365954726641e-05
carolina_2,8.996540228180819e-05
market_13,8.991187702605406e-05
committee_10,8.982561471631141e-05
secretary_10,8.97660541734554e-05
holiday_12,8.968297429337421e-05
bubble_17,8.954981487014715e-05
energy_14,8.945961919892229e-05
gold_12,8.935824762324632e-05
religion_9,8.928053482961126e-05
media_7,8.925273114285258e-05
holiday_19,8.922258749613286e-05
sell_1,8.905451487632433e-05
consumption_15,8.900642386216018e-05
market_4,8.896686204644539e-05
carolina_4,8.892829567575897e-05
stocks_12,8.884453492065426e-05
food_5,8.87901858153373e-05
leverage_13,8.877201332190643e-05
gold_16,8.864824893292451e-05
representatives_15,8.855602840453894e-05
economics_15,8.855424063897834e-05
political_8,8.837635798889812e-05
happy_10,8.837004376006523e-05
risk_7,8.829107412285831e-05
political_17,8.818315901224329e-05
opportunity_19,8.812373998494678e-05
seats_18,8.793847749729066e-05
earnings_2,8.789192066610187e-05
profit_10,8.763345060539277e-05
happy_15,8.762789214317149e-05
housing_3,8.761516251091136e-05
voters_20,8.756720328796606e-05
DOW_JONES_14,8.754936301696183e-05
illinois_7,8.726988976027939e-05
chance_1,8.721846428806067e-05
justice_12,8.716399409193661e-05
profit_4,8.695945366110736e-05
carolina_16,8.692606599517512e-05
massachusetts_6,8.681167435660667e-05
metals_8,8.676115828644788e-05
present_15,8.669934053758632e-05
ring_6,8.664783444355425e-05
invest_16,8.663637459306389e-05
sell_7,8.64643192449649e-05
court_18,8.637664631204445e-05
vermont_3,8.630219048173607e-05
financial_7,8.624743985718213e-05
judge_13,8.617398966710096e-05
energy_2,8.61698683535071e-05
management_15,8.616628820137183e-05
invest_12,8.612662555190827e-05
portfolio_9,8.61189728869922e-05
buy_15,8.609366100455517e-05
nasdaq_10,8.606598172108245e-05
unemployment_17,8.602194709839169e-05
portfolio_14,8.585561458420205e-05
ceo_14,8.568960742897188e-05
party_3,8.5675880217448e-05
companies_6,8.55852227065247e-05
growth_8,8.552097567562866e-05
crash_14,8.551664362993601e-05
federal_13,8.551345018632845e-05
founded_1,8.537592448273692e-05
invest_13,8.536261767689863e-05
wisconsin_11,8.528930623162865e-05
corporation_19,8.527648576685137e-05
markets_20,8.514196471836051e-05
rich_14,8.495325312012638e-05
default_10,8.489909701176932e-05
freedom_9,8.489722084189983e-05
ore_2,8.488090986115262e-05
judge_1,8.476459146795623e-05
crisis_16,8.458757323605467e-05
hedge_4,8.455007865743032e-05
ore_9,8.450955981012786e-05
fed_2,8.430150456645278e-05
kitchen_6,8.416483734638645e-05
debt_8,8.413258239014658e-05
opportunity_17,8.401109910413133e-05
color_3,8.394740169885156e-05
markets_9,8.386587787431385e-05
economic_11,8.365810350228604e-05
members_10,8.356073232074309e-05
bonds_19,8.349735430648553e-05
fun_11,8.346036450685182e-05
derivatives_14,8.337499863653526e-05
rich_16,8.332102625115747e-05
travel_4,8.322455237461683e-05
vermont_17,8.318543910003985e-05
oil_3,8.318131343275947e-05
seats_10,8.316122215820837e-05
federal_3,8.30853404462629e-05
council_8,8.285531934140937e-05
council_3,8.246515174573852e-05
world_20,8.208628240754979e-05
justice_5,8.182478298791677e-05
credit_13,8.181215716230537e-05
holiday_7,8.181146382113853e-05
unemployment_13,8.177585642771288e-05
fond_13,8.176210245248808e-05
marriage_18,8.174229338596865e-05
garden_16,8.171465649097528e-05
invest_19,8.160679135524032e-05
transaction_8,8.159388515721886e-05
market_15,8.137371970622376e-05
forex_17,8.134953212825987e-05
justice_14,8.130738029823316e-05
society_16,8.119910059357886e-05
stocks_4,8.101718411606288e-05
rich_12,8.093667160798167e-05
rights_1,8.06456346505766e-05
president_3,8.060465682416674e-05
water_1,8.05138344566385e-05
economic_1,8.037420644092386e-05
return_9,8.029126777607355e-05
representatives_7,7.995968387926349e-05
technology_20,7.975234564171648e-05
inc_15,7.974376226486471e-05
business_4,7.973532247703651e-05
debt_18,7.97330107679925e-05
returns_10,7.971338651996164e-05
illinois_5,7.969090583499617e-05
kentucky_5,7.966165210575924e-05
loss_17,7.961322353358311e-05
leverage_7,7.961169391716469e-05
politics_10,7.942776083684231e-05
pennsylvania_9,7.939689724604032e-05
chance_8,7.923128200864217e-05
technology_19,7.916463146234284e-05
war_17,7.908378472875873e-05
growth_18,7.900885522653598e-05
loss_13,7.897592665415282e-05
council_6,7.890891065382943e-05
election_9,7.883791028425482e-05
restaurant_17,7.877265552485778e-05
ore_15,7.876810354122849e-05
community_19,7.8714476151321e-05
pennsylvania_4,7.871086797391794e-05
movement_8,7.862105552600596e-05
profit_3,7.861620967236258e-05
governor_11,7.860059776928486e-05
tourism_20,7.855743799770968e-05
DOW_JONES_8,7.853861214196837e-05
return_4,7.849357774645001e-05
returns_4,7.848214378592242e-05
served_3,7.842751794593939e-05
fun_3,7.841018846542456e-05
minister_8,7.836789289185411e-05
justice_16,7.824014546879556e-05
ohio_4,7.79923938028411e-05
government_4,7.796408375674431e-05
present_17,7.792037055855158e-05
committee_11,7.788749981056178e-05
chance_12,7.788231890289732e-05
financial_3,7.780876641850796e-05
hedge_13,7.776780868491065e-05
fine_7,7.76880055815831e-05
law_4,7.767221469009313e-05
elections_15,7.764290370464371e-05
cash_13,7.753088157287907e-05
governor_1,7.73557805210627e-05
management_5,7.732510244405085e-05
ore_6,7.726508151288504e-05
union_12,7.72580573470928e-05
fed_1,7.725214529848223e-05
massachusetts_10,7.71531257497566e-05
culture_2,7.700853669031707e-05
water_6,7.698989320657441e-05
metals_9,7.676984670044386e-05
culture_20,7.67330656993215e-05
investment_10,7.613455588071913e-05
ministry_5,7.594536753388999e-05
bubble_5,7.591499905118724e-05
revenue_16,7.59083358630143e-05
opportunity_18,7.56777253038716e-05
minister_4,7.565432440548182e-05
politics_15,7.558177774223023e-05
world_6,7.551303750346825e-05
economy_9,7.540532203486638e-05
tourism_9,7.538027169190698e-05
ceo_6,7.534404548953807e-05
nasdaq_5,7.529306156648788e-05
million_19,7.527172895794997e-05
fun_8,7.526471623020862e-05
fine_6,7.507408422473036e-05
voters_6,7.50580662173889e-05
derivatives_11,7.505180903915439e-05
democratic_19,7.497752247154991e-05
ceo_7,7.476994093454054e-05
rich_2,7.47608154061445e-05
media_8,7.47231817435916e-05
environment_14,7.456565658989059e-05
justice_10,7.454672889104973e-05
labor_5,7.45348975672194e-05
members_18,7.445856445021904e-05
fond_10,7.44527394062914e-05
portfolio_5,7.433722834480872e-05
marriage_17,7.42694310915393e-05
virginia_14,7.423285262237879e-05
vermont_5,7.394522601896885e-05
cancer_3,7.394411309211511e-05
arts_6,7.383072784623824e-05
washington_6,7.382439143150543e-05
nyse_9,7.38198224961513e-05
president_13,7.379610457687713e-05
ring_1,7.37814372152278e-05
gains_2,7.377743022967577e-05
default_9,7.37724035019671e-05
markets_16,7.375115180563595e-05
portfolio_17,7.359130662677762e-05
freedom_7,7.356723886618274e-05
elections_13,7.34324498202609e-05
fond_3,7.337686165564268e-05
fond_14,7.329699879858141e-05
society_1,7.316013897840775e-05
georgia_16,7.310264160016425e-05
finance_1,7.30334132477975e-05
happy_13,7.300616566165609e-05
dividend_17,7.296336671594423e-05
investment_15,7.294112175936959e-05
arts_20,7.288088975079346e-05
car_10,7.284350294982612e-05
culture_1,7.257072100681928e-05
voters_5,7.250803723852393e-05
debt_9,7.245766336094929e-05
republican_7,7.241213189978107e-05
security_20,7.240377760733657e-05
risk_11,7.217541338338619e-05
success_4,7.210608212958779e-05
conflict_5,7.182221761900069e-05
garden_2,7.175563688805309e-05
rights_20,7.173146999886565e-05
votes_19,7.170786320965276e-05
opportunity_3,7.170078088793688e-05
tourism_10,7.167492848108385e-05
energy_18,7.151842456945166e-05
judge_17,7.145499133690964e-05
default_3,7.145417733298873e-05
garden_11,7.141559927707948e-05
revenue_9,7.131345920061578e-05
environment_11,7.118058238393538e-05
investment_8,7.117993483382571e-05
stats_13,7.115368266990017e-05
seats_16,7.091530227899926e-05
missouri_3,7.07090968253751e-05
dividend_14,7.068718484335587e-05
inflation_6,7.068337922191414e-05
loss_20,7.050989546741888e-05
republican_10,7.046768089820898e-05
police_16,7.034848104924776e-05
political_7,7.034687373812103e-05
short_selling_8,7.019065450176172e-05
buy_12,7.008803890390417e-05
oil_15,6.992369037557302e-05
portfolio_2,6.981262039686595e-05
opportunity_1,6.96688990793934e-05
tennessee_19,6.966592345458311e-05
economics_19,6.961106267093636e-05
massachusetts_8,6.935357218096004e-05
DOW_JONES_17,6.929035866320143e-05
gain_7,6.901992120067996e-05
marketing_2,6.889362774699499e-05
votes_3,6.886263656735354e-05
metals_13,6.881622930321385e-05
texas_8,6.864408828828164e-05
market_8,6.856116474804214e-05
votes_15,6.850852111075432e-05
profit_18,6.846060951212468e-05
union_16,6.828273833233645e-05
missouri_2,6.822114412477503e-05
nasdaq_15,6.81587335873603e-05
carolina_10,6.800516044701975e-05
missouri_10,6.786124006200778e-05
happy_5,6.781265636352733e-05
bubble_4,6.778607525453838e-05
votes_9,6.776867411937698e-05
success_18,6.763978670365671e-05
holiday_17,6.755431567341075e-05
bonds_3,6.754929875022168e-05
housing_12,6.753109715123701e-05
oil_17,6.751604163107766e-05
kentucky_12,6.749525643829783e-05
profit_11,6.744291755594043e-05
law_19,6.722126529395251e-05
freedom_6,6.708789590250807e-05
forex_14,6.70255342858422e-05
seats_5,6.699344465405712e-05
minister_3,6.677466134724132e-05
police_20,6.672474683449094e-05
election_3,6.665993986087855e-05
trader_5,6.662261939774016e-05
fed_5,6.660040828415634e-05
president_15,6.660021157995055e-05
war_1,6.657020987695706e-05
ore_7,6.649943218398362e-05
default_16,6.638179064496153e-05
ltd_1,6.610854840536565e-05
chance_15,6.606029986990987e-05
food_6,6.5988556808098e-05
lifestyle_11,6.597124533983556e-05
senate_9,6.595474003980812e-05
invest_9,6.593900699843538e-05
religion_5,6.570978236102406e-05
wisconsin_2,6.570423138365118e-05
forex_9,6.560224055763219e-05
inc_16,6.551652612788829e-05
short_selling_18,6.544804987707543e-05
sell_19,6.537427978796557e-05
financial_12,6.525631093112307e-05
act_4,6.517639855298414e-05
party_2,6.51336579480256e-05
war_7,6.503005859229598e-05
markets_12,6.50093999732621e-05
returns_19,6.478916564090962e-05
fond_12,6.468510155814023e-05
district_18,6.467851005592815e-05
economics_14,6.463048836557039e-05
seats_4,6.459988675940352e-05
society_20,6.452452679803616e-05
justice_18,6.44811784922416e-05
judge_19,6.445573351714267e-05
holiday_6,6.4096032392417e-05
college_19,6.408256095633591e-05
growth_19,6.406080137031994e-05
growth_2,6.392090794465083e-05
government_19,6.391860313833629e-05
tennessee_1,6.38710683812429e-05
growth_3,6.383088458071051e-05
portfolio_3,6.378452435584234e-05
gain_9,6.371891850550904e-05
democratic_3,6.319275433252784e-05
cancer_8,6.310201464285829e-05
ltd_13,6.307131389987234e-05
fun_6,6.302751542978928e-05
labor_14,6.300040363853716e-05
carolina_11,6.27028408987044e-05
police_4,6.268872767074608e-05
tourism_18,6.256593810845483e-05
fond_17,6.21923401781585e-05
members_5,6.213282343169838e-05
conflict_7,6.212484597608751e-05
services_16,6.20524215793814e-05
return_11,6.199839922199494e-05
industry_2,6.192134808829013e-05
votes_2,6.182915312084525e-05
massachusetts_11,6.170354032533579e-05
gold_13,6.162067521359713e-05
bubble_15,6.150934683256974e-05
republican_6,6.13487797155077e-05
war_13,6.122779976763084e-05
growth_16,6.116907546411587e-05
forex_11,6.106764083562925e-05
present_3,6.102191337820864e-05
bonds_7,6.10048035047026e-05
travel_12,6.0798899281864e-05
holiday_9,6.062479134564016e-05
blacklist_2,6.040229726220868e-05
headlines_18,6.029993990627397e-05
virginia_13,6.0231540951432276e-05
returns_6,6.014737721941889e-05
color_16,6.0002779427075045e-05
ministry_19,5.9965989757069725e-05
society_11,5.995760421420057e-05
headlines_14,5.9859310112618165e-05
loss_14,5.9846122018455835e-05
conflict_19,5.984252581144038e-05
loss_11,5.9798365032907505e-05
economics_16,5.940450984970184e-05
success_8,5.9364710792599905e-05
hedge_3,5.935358865018232e-05
seats_17,5.9307459049488966e-05
stats_10,5.929361328598094e-05
elections_3,5.926755978950365e-05
markets_4,5.924686598880646e-05
consumption_9,5.877170012406386e-05
ltd_4,5.857512088282606e-05
stats_15,5.838648052714063e-05
stock_market_11,5.835954154776949e-05
loss_3,5.833573125329409e-05
ministry_13,5.822944923127562e-05
nyse_3,5.820946328421082e-05
inflation_2,5.809716498193978e-05
tennessee_8,5.801718188641653e-05
transaction_17,5.800905547524614e-05
services_10,5.779734055432128e-05
profit_14,5.770217345718997e-05
council_17,5.757255702005826e-05
car_18,5.744138671613866e-05
chance_3,5.733972154990315e-05
blacklist_16,5.714160142802411e-05
elected_8,5.692201124801047e-05
million_9,5.687334303935813e-05
governor_4,5.685544392376289e-05
economics_5,5.684478569906079e-05
judge_6,5.6827384365736826e-05
revenue_15,5.6689185583248685e-05
project_13,5.6682264294377125e-05
million_20,5.663168881620769e-05
elected_1,5.6421958244607104e-05
dow_jones_10,5.6321695480570275e-05
finance_5,5.606068225336202e-05
train_6,5.595116883660474e-05
inflation_1,5.590110458960315e-05
president_20,5.586019650362581e-05
markets_13,5.584781069056981e-05
tennessee_4,5.582274609665242e-05
energy_5,5.579647694401725e-05
minister_11,5.5717031811290807e-05
ceo_8,5.5709063411595315e-05
bonds_17,5.5702446035671434e-05
revenue_7,5.562904271007204e-05
success_16,5.551738513561272e-05
earnings_13,5.539384567112145e-05
security_13,5.5365002986650135e-05
credit_12,5.5335633104299344e-05
transaction_7,5.519267481514359e-05
ceo_16,5.519190771685284e-05
law_18,5.508960753661935e-05
seats_8,5.5066135310996116e-05
party_14,5.476565614178014e-05
home_20,5.460707341628128e-05
ceo_19,5.4430703694631265e-05
opportunity_15,5.438870006536925e-05
stock_market_3,5.434340753826239e-05
secretary_11,5.425540317234634e-05
culture_10,5.414442674679104e-05
politics_6,5.411258744026213e-05
fond_16,5.404598821433766e-05
fun_17,5.39721287249385e-05
markets_8,5.392153337728274e-05
political_1,5.387447651596199e-05
wisconsin_12,5.357777378986512e-05
industry_1,5.3566845914980656e-05
ltd_16,5.356291726289912e-05
bubble_12,5.347368937702888e-05
party_9,5.342204761792226e-05
blacklist_14,5.330407531651925e-05
hedge_6,5.32979019293447e-05
color_8,5.311173865123914e-05
pennsylvania_20,5.286209838909423e-05
ring_15,5.266022876685269e-05
georgia_7,5.263827772773818e-05
house_14,5.24483848077629e-05
stock_market_13,5.237980755804734e-05
fun_5,5.233444605200953e-05
development_4,5.223600898010269e-05
oil_12,5.2199275414446694e-05
DOW_JONES_1,5.216994068898484e-05
stats_18,5.207013851994629e-05
technology_1,5.1997909859052335e-05
election_7,5.1994842037877024e-05
blacklist_7,5.1964201500078334e-05
risk_10,5.192539691713971e-05
vermont_1,5.1645248479387596e-05
markets_3,5.1604538254626236e-05
media_5,5.157081987658833e-05
products_12,5.13531202203922e-05
district_12,5.13301166871835e-05
home_12,5.121892139032435e-05
elections_11,5.1153228748083195e-05
dow_jones_20,5.101960612678558e-05
color_13,5.093236183226175e-05
revenue_14,5.0893271914807486e-05
election_18,5.082570458056904e-05
council_2,5.071375487261645e-05
society_14,5.068419696645962e-05
restaurant_15,5.0559727500356955e-05
sell_11,5.055253286562937e-05
train_11,5.0542924460085325e-05
business_5,5.043409509134444e-05
returns_1,5.035628057502103e-05
senate_2,5.0196754817423875e-05
present_2,5.0080354572861294e-05
stats_3,5.0042867115259e-05
members_19,5.0024307555660824e-05
nasdaq_14,4.991808512386895e-05
fond_4,4.951045447845896e-05
bank_2,4.9471337577186495e-05
energy_9,4.936815456596203e-05
tennessee_13,4.933304939763218e-05
food_19,4.92866946632806e-05
products_20,4.922044836862984e-05
nasdaq_11,4.910966160540618e-05
nasdaq_6,4.909838354181474e-05
holiday_13,4.900280063923296e-05
money_4,4.8963742278351454e-05
fed_13,4.8864506273555486e-05
banking_18,4.87500621920011e-05
ltd_20,4.872654473601963e-05
crisis_14,4.86948042949701e-05
products_19,4.868796962287494e-05
texas_15,4.8644113721016216e-05
marriage_6,4.863479169026991e-05
economics_6,4.862207545107383e-05
conflict_13,4.8539922940091164e-05
returns_5,4.8441333293959664e-05
crisis_3,4.836502403404838e-05
blacklist_13,4.830131932583517e-05
kentucky_1,4.823890020627162e-05
sell_3,4.790524714931073e-05
seats_2,4.719537159328915e-05
loss_18,4.715318598457557e-05
economy_4,4.714817971515905e-05
religion_16,4.704016776077245e-05
committee_12,4.694837643195306e-05
success_7,4.687928462124058e-05
inflation_13,4.674228880917043e-05
kitchen_5,4.6470764755264975e-05
fed_10,4.63729824485241e-05
crisis_9,4.63533387259266e-05
massachusetts_19,4.62940812559447e-05
headlines_16,4.604928392302332e-05
wisconsin_13,4.5895330401073797e-05
politics_2,4.585467718541976e-05
arts_9,4.577414524202804e-05
development_1,4.5645869540826706e-05
ceo_12,4.552545526646875e-05
cash_15,4.541560964675515e-05
development_8,4.5376285073155187e-05
derivatives_12,4.5349139337103584e-05
stocks_7,4.518809426375173e-05
sell_15,4.484138862088465e-05
democratic_20,4.4823650377167616e-05
cash_4,4.4798420478885306e-05
service_5,4.472152927714597e-05
stock_market_2,4.463408322791955e-05
portfolio_18,4.444866145823799e-05
metals_18,4.4428804266032654e-05
fine_11,4.430573672029357e-05
global_17,4.4098736113804186e-05
headlines_15,4.4086545108487236e-05
environment_20,4.4035671949174255e-05
DOW_JONES_16,4.3708862753269104e-05
served_16,4.3653026057976113e-05
fine_9,4.3528938467169394e-05
cash_10,4.347130106153924e-05
bonds_15,4.3243989574617906e-05
growth_13,4.322144708423749e-05
wisconsin_18,4.293114877782812e-05
fed_14,4.2924410850868766e-05
blacklist_1,4.292293559503334e-05
governor_20,4.266831225046785e-05
minister_19,4.266614239841352e-05
politics_13,4.2264420603764817e-05
water_3,4.2225852043929074e-05
religion_7,4.194477532671256e-05
industry_6,4.164040628427503e-05
elections_6,4.144513884520349e-05
project_7,4.135071643933797e-05
washington_11,4.126758629017685e-05
conflict_20,4.1240079404774603e-05
governor_3,4.1236923530601856e-05
gains_1,4.1204212574084997e-05
train_5,4.11753755662276e-05
society_15,4.115852719643667e-05
members_2,4.102211782412912e-05
restaurant_3,4.0908381832548295e-05
politics_19,4.0618861505947055e-05
fun_18,4.051047045912909e-05
management_1,4.0219723766730416e-05
blacklist_19,4.007975778084553e-05
technology_14,4.002882788501896e-05
DOW_JONES_2,3.997483858633004e-05
blacklist_17,3.990712197494392e-05
ministry_6,3.971643741117101e-05
freedom_14,3.9704104746089255e-05
global_11,3.966396294813844e-05
forex_5,3.962886414093277e-05
senate_4,3.952592973842387e-05
wisconsin_17,3.945592116253708e-05
present_6,3.9431191096479606e-05
market_2,3.9244842748502974e-05
environment_10,3.923652143418121e-05
conflict_8,3.907905437872103e-05
headlines_13,3.888238679941488e-05
ring_11,3.8761209331997195e-05
million_4,3.867491473198576e-05
court_7,3.8653446950994563e-05
sell_17,3.86324261810239e-05
elections_16,3.8570297106445944e-05
economics_4,3.846633874823128e-05
lifestyle_19,3.846366849443899e-05
votes_13,3.84218280950382e-05
legal_16,3.810853843365083e-05
party_8,3.803738121960316e-05
profit_9,3.8036181735097165e-05
election_13,3.802506467587215e-05
transaction_1,3.7722666232157566e-05
unemployment_12,3.764099396613167e-05
gain_8,3.762787392005983e-05
returns_9,3.7371045653408176e-05
global_8,3.72888842245884e-05
companies_18,3.724304388496901e-05
stocks_11,3.682735857713851e-05
members_13,3.6572878260274864e-05
ltd_10,3.654372324053573e-05
crisis_12,3.630103495210102e-05
returns_17,3.6200723215873336e-05
vermont_12,3.603138637632702e-05
invest_20,3.5965566559442765e-05
kitchen_13,3.589536160850412e-05
representatives_4,3.560173136724298e-05
loss_19,3.551103197041408e-05
gains_12,3.550441681130432e-05
ring_19,3.5488943674010783e-05
massachusetts_20,3.545464665244035e-05
pennsylvania_1,3.538782906289247e-05
firm_3,3.524513169179452e-05
bonds_9,3.516656811909282e-05
technology_15,3.5121395787350706e-05
tennessee_12,3.470169693127838e-05
cancer_9,3.467765259186164e-05
politics_4,3.4364311372395585e-05
returns_16,3.4032374500331776e-05
blacklist_12,3.3857398771449893e-05
arts_14,3.3800051044855356e-05
representatives_19,3.372583322400412e-05
color_14,3.3510917889495364e-05
environment_19,3.336692136422926e-05
derivatives_8,3.30569953766442e-05
arts_15,3.2964708480696695e-05
growth_11,3.2533884791034305e-05
illinois_9,3.249195687305604e-05
travel_9,3.226429871626742e-05
economic_17,3.2200865867261445e-05
sell_10,3.214793163547299e-05
earnings_10,3.170023286840968e-05
war_10,3.155406347796719e-05
stock_market_6,3.1511975253020096e-05
finance_17,3.1472223342916636e-05
york_8,3.145181376522876e-05
crash_1,3.136149470165668e-05
founded_9,3.129687410904148e-05
president_19,3.1123617604287204e-05
forex_19,3.1055631312968455e-05
security_11,3.1043595640074624e-05
massachusetts_16,3.096007238099571e-05
massachusetts_7,3.093505348703386e-05
voters_13,3.093411674983109e-05
stock_market_1,3.0910847545705595e-05
stock_market_14,3.063598902579381e-05
political_15,3.0625315978991465e-05
ceo_3,3.03969790799912e-05
minister_17,3.033181439934743e-05
committee_13,3.0147071015738508e-05
crisis_6,2.9718287659880907e-05
marriage_5,2.954778498823048e-05
served_15,2.9374387751171575e-05
fine_12,2.898708896989858e-05
representatives_10,2.883421691245073e-05
environment_12,2.861199200364207e-05
judge_2,2.8522053120868102e-05
economics_9,2.8098375019730244e-05
bonds_18,2.8007828057499622e-05
economics_13,2.7856723792146734e-05
products_6,2.7840859244545772e-05
happy_1,2.780951134996438e-05
democratic_6,2.7803498480382237e-05
culture_7,2.7800808564118652e-05
committee_14,2.7782963993748768e-05
train_10,2.771260793912264e-05
tennessee_11,2.7520029043135444e-05
headlines_9,2.7510915676453822e-05
case_2,2.747513040231345e-05
return_20,2.727491762057468e-05
economics_20,2.7198545225904185e-05
freedom_4,2.71523209029587e-05
companies_10,2.6930343231824765e-05
representatives_16,2.692896790913372e-05
legal_3,2.6923756895131524e-05
portfolio_4,2.6651883752655837e-05
transaction_15,2.647590317619773e-05
environment_18,2.626221910682716e-05
crisis_7,2.6154042514004487e-05
union_9,2.606686402870921e-05
minister_10,2.594801307750237e-05
society_17,2.5925453124163598e-05
religion_8,2.5701220522010886e-05
earnings_16,2.5401497186387468e-05
gains_4,2.530096530027049e-05
leverage_18,2.517544211390895e-05
present_1,2.515999219640797e-05
restaurant_9,2.498726571359943e-05
sell_4,2.4960610665753822e-05
politics_1,2.4753032679950266e-05
senate_18,2.450623862861544e-05
buy_3,2.443465657409591e-05
massachusetts_3,2.435283615102093e-05
elected_4,2.4309454546552745e-05
loss_10,2.4056881860985282e-05
governor_19,2.3947784552835e-05
blacklist_9,2.3904027247304995e-05
culture_13,2.3857144237139802e-05
legal_10,2.3846063664794504e-05
present_7,2.359201475791022e-05
governor_18,2.3533355636902685e-05
stats_8,2.3482734821780985e-05
governor_6,2.3204614455018906e-05
ring_20,2.31599762963038e-05
gold_14,2.298514716011933e-05
politics_16,2.2774778999749732e-05
votes_8,2.2719131582534965e-05
elected_5,2.2715477202120347e-05
crisis_8,2.255672619135388e-05
markets_10,2.253910964992048e-05
committee_20,2.251737983189848e-05
elections_20,2.2466702282937714e-05
oil_9,2.2446733746583324e-05
politics_8,2.215192172900009e-05
kitchen_7,2.2030692114576033e-05
nyse_8,2.1985348540812094e-05
blacklist_10,2.1975835797311686e-05
dow_jones_2,2.186268697196281e-05
culture_3,2.1845299434711613e-05
default_12,2.177501982794372e-05
invest_8,2.160930342081718e-05
bubble_1,2.1543050253551375e-05
returns_13,2.1530794266676456e-05
republican_4,2.1387846909899354e-05
metals_10,2.1341078273962525e-05
derivatives_9,2.1257679341141253e-05
forex_2,2.0835228229382505e-05
crisis_15,2.0699645664002897e-05
metals_17,2.0609808550679808e-05
rights_6,2.0394164146373487e-05
labor_6,2.019166862312076e-05
financial_8,2.0115806598630467e-05
garden_10,1.988281382340494e-05
markets_11,1.9809813249999427e-05
politics_7,1.9807202089688708e-05
blacklist_4,1.9347223360727767e-05
profit_20,1.9309930587120496e-05
markets_15,1.905823006402773e-05
profit_16,1.9024175699459162e-05
economics_12,1.895616225984344e-05
present_12,1.8901535822782744e-05
economy_10,1.8827338283760936e-05
blacklist_20,1.876727168168231e-05
success_13,1.862799923706561e-05
served_8,1.8554915714542675e-05
nasdaq_8,1.8525702623776364e-05
voters_12,1.8523454642854494e-05
success_6,1.849398801988208e-05
rich_10,1.840947972779395e-05
invest_11,1.807581225830974e-05
stats_17,1.7710295037655072e-05
stocks_6,1.767795331187455e-05
georgia_4,1.7666820798677462e-05
government_8,1.7335563965718624e-05
conflict_14,1.694600725936678e-05
blacklist_6,1.6915418169374585e-05
hedge_16,1.6864376249505493e-05
bonds_16,1.632348513140826e-05
rich_5,1.6318328199486233e-05
ore_11,1.6101161677194457e-05
stats_19,1.604319526621581e-05
missouri_8,1.6011155206058945e-05
profit_1,1.5992843479827595e-05
blacklist_3,1.5964341524858468e-05
votes_17,1.5860691596983428e-05
vermont_9,1.57751355563694e-05
ceo_1,1.5609822882592984e-05
ltd_12,1.558638674789218e-05
arts_16,1.551810214994652e-05
rights_3,1.551679707730523e-05
portfolio_19,1.551576152196019e-05
present_9,1.546265466335866e-05
derivatives_2,1.5426755887095498e-05
tourism_7,1.4990846730570401e-05
present_10,1.4962546281665848e-05
rich_7,1.4931836148911533e-05
earnings_3,1.4804311086670166e-05
media_10,1.4664523876475634e-05
secretary_12,1.4636209145758556e-05
growth_1,1.4388954303828021e-05
religion_18,1.4345390731538734e-05
blacklist_5,1.4325826740855689e-05
served_1,1.413273974492104e-05
markets_17,1.3938507462034692e-05
elected_6,1.393112510333823e-05
blacklist_8,1.37298412582204e-05
served_4,1.3433274167501614e-05
labor_18,1.3317249694054856e-05
forex_8,1.3198177171620558e-05
votes_11,1.2588291450923407e-05
earnings_12,1.2489009588742113e-05
gains_5,1.24143142611896e-05
blacklist_18,1.2351385293153316e-05
crisis_10,1.22225851366228e-05
freedom_8,1.2062831547754264e-05
derivatives_18,1.2044921201363147e-05
minister_15,1.2012713487403995e-05
stock_market_18,1.1710310660589184e-05
returns_20,1.1630736315808147e-05
money_8,1.1623593569448544e-05
conflict_6,1.1603337477553827e-05
ceo_18,1.1547116127335675e-05
freedom_18,1.1488521050377306e-05
short_selling_16,1.1294601428838315e-05
tourism_19,1.1161828712926358e-05
profit_8,1.1100112694668527e-05
opportunity_10,1.090274137860516e-05
served_12,1.0579829379536134e-05
voters_1,1.0509125020695364e-05
nyse_1,1.0246136001406063e-05
returns_12,1.0191475768150387e-05
voters_4,1.006969286654399e-05
environment_7,9.884495394069447e-06
economy_7,9.68088936495976e-06
forex_13,9.574632129930933e-06
nyse_14,9.476849751375946e-06
growth_5,9.130952641018207e-06
growth_12,8.969105210526877e-06
gains_10,8.599734536352968e-06
marketing_16,8.555967077783017e-06
tourism_13,8.553934771462783e-06
elected_13,8.430457181665878e-06
nyse_6,8.363778130939965e-06
seats_3,8.2936939959245e-06
success_9,8.118183469045631e-06
minister_1,8.062158790036568e-06
bonds_2,7.991660565007866e-06
headlines_7,7.616904994000473e-06
derivatives_10,7.577047576717284e-06
tourism_12,7.5275325723166975e-06
ceo_13,7.052331692621081e-06
returns_3,6.812598604790071e-06
religion_14,6.6993684119172245e-06
seats_11,6.615155943669173e-06
ministry_3,6.596774655599491e-06
portfolio_15,6.513684627860565e-06
nyse_18,6.3075424097748625e-06
sell_5,6.13706268646191e-06
founded_7,6.090349880100756e-06
corporation_13,5.694625631557012e-06
crisis_5,5.504538441772924e-06
served_6,5.472017359064071e-06
republican_11,5.4427563594842915e-06
votes_1,5.029921566040316e-06
nyse_20,5.0215144353232575e-06
tourism_14,4.928419976466048e-06
default_1,4.822297285205999e-06
nyse_17,4.590601090700042e-06
gains_6,4.421416309916984e-06
fond_6,4.085488685476602e-06
founded_8,4.045385355599675e-06
party_16,4.041097422085378e-06
nyse_12,3.866042439833152e-06
gold_9,3.6826380465544473e-06
elected_7,3.6215428492015696e-06
gains_20,3.460986188520536e-06
success_14,3.268926332443922e-06
fond_19,3.205958066421403e-06
inflation_3,3.1546843624342203e-06
served_17,2.7428012083596053e-06
consumption_16,2.7103135417030306e-06
inflation_20,2.5502282961534297e-06
elected_15,2.5238159562624343e-06
forex_16,2.202117678714753e-06
voters_8,2.1990839769698122e-06
invest_5,2.1366339089478826e-06
invest_1,2.0977406615501905e-06
nyse_19,2.0561054456008367e-06
gains_8,1.97377227745147e-06
present_11,1.969455484072792e-06
elected_11,1.6434992253697903e-06
invest_17,1.3837579580509528e-06
derivatives_19,1.3778660417396886e-06
founded_18,1.3434335528676549e-06
leverage_8,1.310170148656719e-06
founded_3,1.099382846632778e-06
default_13,9.075529637888149e-07
gains_17,5.794998471260894e-07
profit_6,5.615556978865207e-07
tourism_15,5.464990627166265e-07
profit_12,5.264638533386972e-07
inflation_18,2.801222314709412e-07
ore_19,2.7995979623124283e-07
short_selling_12,2.529570199690165e-07
short_selling_11,2.0407054243956559e-07
inflation_11,1.952094426236634e-07
BUY_AND_HOLD_1,
BUY_AND_HOLD_2,
BUY_AND_HOLD_3,
BUY_AND_HOLD_4,
BUY_AND_HOLD_5,
BUY_AND_HOLD_6,
BUY_AND_HOLD_7,
BUY_AND_HOLD_8,
BUY_AND_HOLD_9,
BUY_AND_HOLD_10,
BUY_AND_HOLD_11,
BUY_AND_HOLD_12,
BUY_AND_HOLD_13,
BUY_AND_HOLD_14,
BUY_AND_HOLD_15,
BUY_AND_HOLD_16,
BUY_AND_HOLD_17,
BUY_AND_HOLD_18,
BUY_AND_HOLD_19,
BUY_AND_HOLD_20,
consume_1,
consume_2,
consume_3,
consume_4,
consume_5,
consume_6,
consume_7,
consume_8,
consume_9,
consume_10,
consume_11,
consume_12,
consume_13,
consume_14,
consume_15,
consume_16,
consume_17,
consume_18,
consume_19,
consume_20,
derivatives_5,
derivatives_7,
elected_9,
elected_10,
elected_20,
financial_markets_1,
financial_markets_2,
financial_markets_3,
financial_markets_4,
financial_markets_5,
financial_markets_6,
financial_markets_7,
financial_markets_8,
financial_markets_9,
financial_markets_10,
financial_markets_11,
financial_markets_12,
financial_markets_13,
financial_markets_14,
financial_markets_15,
financial_markets_16,
financial_markets_17,
financial_markets_18,
financial_markets_19,
financial_markets_20,
fond_2,
forex_4,
forex_15,
forex_18,
founded_2,
founded_13,
greed_1,
greed_2,
greed_3,
greed_4,
greed_5,
greed_6,
greed_7,
greed_8,
greed_9,
greed_10,
greed_11,
greed_12,
greed_13,
greed_14,
greed_15,
greed_16,
greed_17,
greed_18,
greed_19,
greed_20,
headlines_8,
inflation_10,
inflation_15,
invest_4,
leverage_1,
leverage_5,
leverage_6,
leverage_12,
ore_17,
rare_earths_1,
rare_earths_2,
rare_earths_3,
rare_earths_4,
rare_earths_5,
rare_earths_6,
rare_earths_7,
rare_earths_8,
rare_earths_9,
rare_earths_10,
rare_earths_11,
rare_earths_12,
rare_earths_13,
rare_earths_14,
rare_earths_15,
rare_earths_16,
rare_earths_17,
rare_earths_18,
rare_earths_19,
rare_earths_20,
served_2,
served_11,
short_sell_1,
short_sell_2,
short_sell_3,
short_sell_4,
short_sell_5,
short_sell_6,
short_sell_7,
short_sell_8,
short_sell_9,
short_sell_10,
short_sell_11,
short_sell_12,
short_sell_13,
short_sell_14,
short_sell_15,
short_sell_16,
short_sell_17,
short_sell_18,
short_sell_19,
short_sell_20,
short_selling_1,
short_selling_2,
short_selling_3,
short_selling_4,
short_selling_5,
short_selling_6,
short_selling_9,
short_selling_10,
short_selling_13,
short_selling_14,
short_selling_15,
short_selling_19,
short_selling_20,
voters_11,
voters_19,
