feature,feature_score
returns_20,0.003140299876881221
pennsylvania_2,0.0029810186658554435
gain_1,0.0029177863403663
elected_16,0.0028676745314241193
bonds_15,0.002546088464765487
nyse_3,0.002312248228658632
justice_13,0.0022458900559085174
hedge_6,0.0022290592950730804
firm_8,0.002217844871113521
debt_9,0.0022061180996125
return_8,0.002164374604859277
nyse_2,0.002129589925183934
carolina_18,0.0020911110976425448
texas_4,0.0020505552973880885
corporation_4,0.002037982131267791
vermont_20,0.0019959798582216037
stock_market_9,0.0019447202731536282
pennsylvania_20,0.0019417153350785171
vermont_18,0.0019079039427770449
trader_9,0.0018315420534084825
elected_11,0.0018108513074541863
community_4,0.0017680248512284235
served_17,0.0017482088388568252
office_4,0.0017046905407686573
environment_16,0.0016902445173551483
travel_11,0.001675134641930088
bonds_12,0.0016287029682649956
religion_19,0.001619772522132901
returns_15,0.001581358722404626
rights_3,0.0015522799372457866
stats_16,0.001550347421443759
legal_3,0.001535201906568445
council_17,0.001499962828437896
crash_20,0.0014940088056237411
voters_2,0.0014906464816857939
stocks_4,0.0014565411459713056
virginia_7,0.0014559961072385865
returns_14,0.0014347444821569994
stocks_14,0.0014215685556904262
voters_13,0.0014131479656452413
returns_9,0.0013930288304249794
law_5,0.0013549187308878
nasdaq_15,0.0013304815286724902
pennsylvania_15,0.0012813134211009925
justice_18,0.0012798648024097644
crash_15,0.0012586587066568072
movement_14,0.001246418694022195
DOW_JONES_7,0.0012414356027301515
returns_16,0.0012413083277903105
gain_14,0.0012089300664580613
security_8,0.001208650246278226
voters_4,0.001205051781001964
house_17,0.0012014541423855574
movie_11,0.0011940078283985721
pennsylvania_10,0.001191629800535149
representatives_17,0.0011903741648129132
project_18,0.0011828008525032682
return_14,0.001176604592419373
metals_20,0.0011214847802734663
county_6,0.0011150371493779763
DOW_JONES_9,0.0011113095890275789
culture_15,0.0010952626911165462
crisis_10,0.0010916888304567222
votes_17,0.0010871670695444943
car_3,0.0010762504897126074
marriage_17,0.001070525854288458
stats_5,0.0010675885238013174
environment_3,0.0010671221681192262
seats_1,0.0010649276197839633
illinois_16,0.0010539082063527408
success_18,0.0010495975461831382
dow_jones_6,0.0010428305643118488
economic_15,0.0010399102541300378
home_2,0.001030751910543076
york_3,0.0010215096530032497
virginia_4,0.0010193018995039117
gain_17,0.0010188887289123397
kitchen_4,0.0010136453071938963
media_6,0.0010108605936283543
earnings_20,0.0010106072132188672
social_1,0.0010105689006213172
car_2,0.0010074605033361431
conflict_4,0.0010014234932844716
carolina_4,0.0009925403220403283
management_6,0.0009872780117319182
votes_16,0.0009856665183399526
pennsylvania_11,0.0009807443909667394
wisconsin_17,0.0009689174319919504
environment_20,0.0009440001986663713
political_17,0.0009426200941695859
oil_20,0.0009354125342469897
home_7,0.0009350805620718779
governor_5,0.0009262127680417488
profit_16,0.0009255515560953967
marriage_13,0.0009207576179664275
elections_18,0.0009201129815779974
housing_6,0.000914493927067926
republican_13,0.0009113437253027381
fun_10,0.0009061035861161416
health_8,0.0009005751920303054
buy_14,0.000899723218312606
hedge_16,0.0008991133592079883
political_13,0.0008990371188478283
chance_2,0.0008933727481235115
marriage_19,0.0008872919842071254
dividend_11,0.0008857278004895272
rich_9,0.0008847383800935841
sell_8,0.0008832425579409141
crisis_13,0.0008817306154882087
debt_17,0.0008740340051485879
nasdaq_9,0.0008685776328110476
court_12,0.0008663868756317207
war_5,0.0008635438284635963
profit_14,0.0008634762005602385
district_15,0.0008609241285548944
ceo_6,0.0008560815858114858
energy_15,0.0008559969721026401
trader_14,0.0008529718037311358
religion_16,0.0008520992946656093
president_11,0.0008490811600192856
health_16,0.0008406562611943549
gold_6,0.0008403305707535758
fine_12,0.0008394835070594213
movie_17,0.000835136236080857
court_4,0.0008315514338422738
politics_9,0.0008294518244095383
restaurant_5,0.0008285843472677964
restaurant_20,0.0008266458768156416
movie_10,0.0008213044737445068
earnings_3,0.000817528449822675
cash_13,0.0008162408397352881
democratic_14,0.0008141402011783707
bank_1,0.0008133412788323992
rich_8,0.0008117677088359335
election_16,0.0008112390844881008
election_19,0.0008109537975377276
justice_10,0.0008088963768932683
stats_18,0.0008087952348794298
finance_16,0.0007994171465115367
credit_2,0.0007986155273356304
voters_1,0.0007969577561484562
train_7,0.0007962360660964438
world_15,0.0007958394018313822
lifestyle_6,0.0007944561482010262
water_7,0.0007857331186815902
gain_11,0.0007850250730512553
office_16,0.0007843307074237604
markets_14,0.0007842614890430581
election_12,0.0007809737911920097
world_2,0.0007804653193160213
firm_15,0.0007801118352818298
buy_1,0.0007758394906008489
technology_9,0.0007745454382378168
dividend_17,0.0007743930207969677
president_14,0.0007703560825117231
market_19,0.0007651531840759287
chance_20,0.0007625498295869687
stats_11,0.0007611807729079146
kitchen_7,0.0007580083842666946
returns_6,0.0007562400789893223
investment_16,0.0007560111910175121
minister_10,0.0007523297623324446
politics_8,0.0007517638305631536
home_6,0.0007506747299991977
investment_5,0.0007472922440067407
dividend_9,0.0007471162144851134
president_20,0.000744036650722409
invest_16,0.0007418353169705992
social_19,0.000741792260681366
investment_15,0.0007416591394403852
health_7,0.0007403782607529015
gain_12,0.0007375227227334947
stocks_15,0.0007349971627732151
energy_10,0.0007345294212774991
kentucky_9,0.0007342620839659339
founded_10,0.0007321979481548374
massachusetts_11,0.0007290525649148866
car_9,0.0007286450240180346
district_19,0.0007286202075468315
representatives_12,0.0007275094444882415
dow_jones_1,0.0007268914207624093
opportunity_1,0.0007235057964252476
representatives_11,0.0007230676887461602
members_4,0.0007209485606377182
texas_10,0.0007204903935716606
religion_12,0.0007168562535646814
political_12,0.000715925176667695
stock_market_3,0.0007112663514529027
wisconsin_9,0.0007104999796406473
political_1,0.0007091829250401426
freedom_7,0.0007087581015491176
food_4,0.0007084352748642657
wisconsin_8,0.0007048961895903557
revenue_4,0.0007042369397044868
political_11,0.0007026772329913008
media_18,0.0006987054801080762
chance_10,0.0006982649508612662
election_3,0.0006982092391850908
gold_19,0.0006976110687254598
illinois_10,0.0006971865671827393
ohio_13,0.0006963783760330207
rich_14,0.0006961351484806817
corporation_3,0.0006956034726254071
buy_19,0.0006955469329784436
washington_2,0.000694309991036033
services_1,0.0006923200480749102
elected_18,0.0006921427679491762
home_13,0.0006911184032118033
energy_20,0.0006871754855637781
politics_14,0.0006852261058611026
world_18,0.0006826983898914165
representatives_7,0.0006825895502091209
missouri_4,0.000681368766871151
sell_20,0.0006808128668680574
world_7,0.0006763304428751674
president_16,0.0006762796610801664
members_1,0.0006745114232977048
development_6,0.000674399479110589
society_12,0.0006736317252109199
college_11,0.0006735393119339924
republican_18,0.0006715462102885256
georgia_17,0.0006673934205638851
union_10,0.0006650636213245138
dividend_20,0.0006645650393405161
government_14,0.0006637523219542508
investment_6,0.0006632055063825659
william_20,0.0006623328086230465
revenue_1,0.0006621168661258776
energy_4,0.0006620387225307728
county_12,0.0006612733111550099
wisconsin_12,0.0006610500586900957
returns_13,0.0006571600365718968
stats_12,0.0006556185727937279
washington_9,0.0006552146728472062
president_19,0.0006550930982014117
federal_14,0.0006516483085555048
car_15,0.0006513150726209317
community_11,0.0006510982832618898
money_6,0.0006500001111387408
election_17,0.0006498298177890288
pennsylvania_12,0.0006462748882892696
law_11,0.0006453618461033738
water_19,0.0006443656306770385
DOW_JONES_2,0.0006388694003403557
investment_19,0.0006359522407292622
DOW_JONES_14,0.0006340672037732604
firm_6,0.0006334263482798972
health_1,0.0006333774586688544
votes_8,0.0006328341138971633
success_2,0.0006320668065594166
federal_1,0.0006316532780770546
energy_12,0.0006312428500080484
stats_8,0.0006301690396926875
labor_20,0.0006300583445905738
texas_2,0.0006295561970257867
massachusetts_9,0.0006287901070718045
politics_20,0.0006275442535771084
representatives_13,0.0006259600150503012
republican_15,0.0006252161767760932
environment_19,0.000624719145088378
washington_5,0.0006239427992450654
growth_18,0.0006235774994031496
success_10,0.000623068425101029
loss_18,0.0006225922728404081
society_16,0.0006188174928776024
wisconsin_2,0.000617340433119171
revenue_7,0.0006173119161964397
energy_8,0.0006166076280915059
conflict_9,0.0006156737950041952
marriage_11,0.0006147831839857699
votes_13,0.0006126774467235955
votes_19,0.000610952180466055
democratic_5,0.0006108856619639599
ceo_20,0.000608545566060406
success_20,0.0006081489278683457
democratic_18,0.0006078491311100985
movie_19,0.0006055445142478968
ring_13,0.0006027386350020131
elected_15,0.0006024881577405938
council_19,0.0006003715323809625
earnings_8,0.0006002806324039082
rich_11,0.0006001425211703247
district_12,0.0005982276766284679
elections_11,0.0005959756409141202
car_19,0.000595856060497099
movie_18,0.0005952248758119468
travel_7,0.0005951263600952048
return_18,0.0005932480443693994
election_11,0.0005926401405393327
act_7,0.0005914792151215805
credit_15,0.0005913826056612348
texas_7,0.0005892619824139472
democratic_12,0.0005888677977862579
labor_2,0.0005886219834439005
trader_2,0.000587884102784208
health_20,0.0005869179527648768
house_11,0.0005862310734109287
police_19,0.0005851218010177194
energy_11,0.0005850369903368476
act_12,0.0005826990334987141
pennsylvania_16,0.0005823792374096478
house_3,0.0005797196287776563
republican_4,0.0005792396673736152
home_15,0.0005785485954997834
marriage_12,0.0005777510457227963
world_17,0.0005774663761328289
finance_19,0.0005772996457496808
hedge_17,0.0005767799678671888
water_2,0.0005767688076831969
government_19,0.0005763951031991081
georgia_9,0.0005757801961747332
home_11,0.0005754981191338057
case_20,0.0005747726274811
religion_1,0.0005738346210833155
fun_12,0.0005736818938760183
rights_20,0.0005723996876847383
economics_12,0.0005722378981760231
marriage_20,0.0005716426653957494
technology_16,0.0005710740329551218
political_20,0.0005680738049670765
firm_13,0.000567230915782775
metals_15,0.000567178821998494
council_13,0.0005670709386396363
movement_12,0.0005660750036292974
market_16,0.0005649377340699405
carolina_15,0.0005649241425025707
office_5,0.0005644960753444148
senate_14,0.0005640689573289584
project_19,0.0005640336022259401
case_12,0.0005637462797041872
federal_8,0.000562796408435264
business_14,0.000562695678163049
law_4,0.0005623684974670203
senate_3,0.0005615112484974696
freedom_15,0.0005589095380759872
car_7,0.0005587082549401093
oil_13,0.000558257329932408
court_3,0.0005571325869042689
management_8,0.0005553022373453452
fed_1,0.0005547341631919421
happy_3,0.0005539276679419496
democratic_20,0.0005535105047953672
health_18,0.0005532305088443764
market_11,0.0005520213763025979
business_2,0.000550961334395295
house_8,0.0005508528035321646
texas_3,0.00055038270223721
food_7,0.0005500596311772042
freedom_19,0.0005500537447345852
fun_11,0.0005497135758277268
pennsylvania_4,0.0005489088177393585
management_4,0.0005472954235119471
court_6,0.0005452234779176882
bonds_11,0.0005442153497069886
dow_jones_18,0.0005439522358535143
police_10,0.0005435276718525763
service_16,0.0005432834935175168
ohio_20,0.0005430787326610693
water_8,0.0005429226441017993
money_10,0.0005428430309451697
debt_2,0.0005426248957628324
nasdaq_1,0.0005423895861744854
massachusetts_12,0.0005420163888422577
rich_17,0.000540889769684148
washington_3,0.0005398572503518843
movie_8,0.0005387085333572293
present_14,0.0005379770407591582
office_2,0.0005368308751560595
crash_17,0.0005365703707313773
chance_1,0.0005364599723658266
office_3,0.0005362477036931538
development_11,0.0005360812746373066
kentucky_4,0.0005356697834815188
rich_15,0.0005354149656453119
holiday_1,0.0005350899537199123
marriage_4,0.0005348721077747801
present_18,0.0005330953230035061
pennsylvania_18,0.0005328102038821443
default_9,0.0005321039548804887
conflict_17,0.0005318261173135561
union_7,0.0005302089643242683
million_12,0.0005301590880759095
government_13,0.0005281605816845347
bank_18,0.0005276432193699993
sell_4,0.000527322698925026
bank_9,0.0005270696933857796
cancer_3,0.0005267424407677557
office_10,0.0005259517866396004
opportunity_16,0.0005258220495226977
trader_8,0.0005257410238006521
senate_19,0.0005256793973197728
finance_11,0.0005256586502934277
movement_6,0.0005250596779064804
election_8,0.0005240597165772987
global_6,0.0005230078323307283
conflict_10,0.0005225976218733037
home_1,0.000522560782101303
washington_14,0.0005224766661923938
restaurant_4,0.0005218681645126159
bank_5,0.0005218266135418245
carolina_2,0.000521611214499691
buy_2,0.000520831860200994
buy_8,0.0005206237511489944
elections_13,0.0005204630621351939
ceo_18,0.000519783770958583
representatives_2,0.0005187779003390459
present_9,0.0005172733509962469
stocks_12,0.000516493246470093
inc_13,0.0005163363583259447
court_2,0.0005150941275991094
law_9,0.0005148785951832873
travel_19,0.0005110662473306141
illinois_11,0.0005103388159219929
judge_7,0.0005089383813278515
gain_16,0.0005082966022378959
credit_18,0.0005080994895214079
economics_9,0.0005078469633881818
restaurant_12,0.0005068484895912691
debt_1,0.0005066848867755086
committee_17,0.0005060442084429238
corporation_18,0.0005055229902390606
office_17,0.0005047321155086509
william_6,0.0005044109209942254
DOW_JONES_6,0.0005041833803129262
labor_1,0.0005033097262204985
water_13,0.0005019773141648794
texas_5,0.000501761738289111
market_3,0.0005013057328147069
democratic_11,0.0005007256013045841
elections_6,0.0005002322868230802
college_2,0.0005001677137473368
labor_14,0.0004998975644976432
metals_14,0.0004993536199821881
lifestyle_19,0.0004993388531337303
banking_1,0.0004991887942400824
world_1,0.0004977205623335919
election_20,0.0004975398722916107
president_13,0.0004972461255463033
republican_1,0.0004966321402635691
restaurant_18,0.0004961407819462947
government_5,0.0004961084308930899
service_8,0.0004960159768182171
washington_17,0.0004957346666692994
union_1,0.0004953590812365226
community_10,0.0004947836788895397
union_16,0.0004934478361311993
companies_4,0.0004929487276013005
water_3,0.0004914946760272786
house_12,0.0004912357678628059
financial_7,0.0004912141635666252
rich_13,0.0004898301210775423
government_1,0.0004898232450753671
office_9,0.0004897345941624245
district_5,0.0004897178001780931
markets_20,0.0004888413238491502
house_2,0.0004885208981344324
president_9,0.0004882025065209832
restaurant_19,0.0004881015507177271
district_3,0.0004873987512198752
oil_12,0.00048730036566526063
election_13,0.00048713681971248283
governor_9,0.00048700615989953936
home_18,0.0004868053358584832
party_3,0.00048662044374424404
votes_4,0.00048586234720979465
ohio_3,0.0004853293970830284
party_8,0.0004848676363218675
missouri_2,0.00048484916694215615
representatives_15,0.00048480843333345986
products_9,0.00048480137607796194
court_11,0.0004843889796458193
global_18,0.00048381686830800447
profit_19,0.0004835399727400909
ceo_10,0.00048244420512018115
chance_18,0.0004821864368487321
gain_10,0.00048138088047292
government_9,0.00048082346872944416
legal_16,0.00048021542442883115
society_1,0.00048018025796040637
car_20,0.0004799633441643418
finance_17,0.0004798618729409842
county_8,0.0004798522070045208
missouri_16,0.0004792745453568955
republican_16,0.00047863035004585164
nyse_9,0.00047827076844833484
conflict_5,0.0004778581850728246
world_5,0.0004772300371164824
returns_10,0.00047534709120408886
growth_14,0.0004750780755941438
labor_6,0.00047458208133361153
election_4,0.00047431892593093934
act_6,0.0004742795665746754
york_4,0.0004741436884464331
banking_15,0.0004741163662725053
texas_6,0.0004737058349214908
investment_17,0.0004736795573428001
financial_3,0.00047333500038586297
buy_18,0.00047119932777146194
law_13,0.00047116714525359765
crisis_11,0.000471049562084264
world_8,0.00047089357303514717
restaurant_9,0.0004708930516175246
car_5,0.00047066013679033494
ohio_11,0.00047065299272729523
council_15,0.0004702858397107928
health_9,0.00047009408615999705
political_10,0.0004695255180644674
police_8,0.0004677839806017827
color_9,0.000467476384631262
police_13,0.0004673912456422794
inflation_13,0.0004669276549979494
police_12,0.00046611612676417363
vermont_9,0.000466046436417746
republican_19,0.0004659231086860764
rich_20,0.0004646061996589051
democratic_19,0.00046381977176433606
banking_20,0.00046284112984323796
million_6,0.00046279386083404074
holiday_10,0.00046274659693973396
virginia_2,0.00046235463020572316
ltd_10,0.0004621966276383322
texas_17,0.00046185060280126884
money_14,0.0004606766050682361
crisis_19,0.00046016513638793465
community_2,0.0004600108371415885
gain_15,0.00045967728138731603
secretary_7,0.0004593037395873135
services_2,0.000459279988471567
federal_18,0.00045894925143827314
district_9,0.0004588418925227755
massachusetts_2,0.00045867817384622557
virginia_19,0.0004585771556273161
arts_16,0.00045844479821351017
money_9,0.0004583792355393502
georgia_7,0.00045707537039266867
office_8,0.00045675201497773915
housing_12,0.0004563916302224414
democratic_6,0.00045626919128456434
union_8,0.000456056050326384
buy_11,0.00045574065038475234
county_3,0.00045567057025628515
law_17,0.0004555672922241112
crisis_4,0.00045538618351346463
house_15,0.00045421851113798523
cancer_5,0.0004541084839939677
corporation_9,0.0004538152762660121
legal_5,0.0004536536273432904
court_8,0.0004532764965053446
trader_5,0.0004531767772489672
party_18,0.00045214589123591524
college_7,0.0004508807984262133
color_5,0.00045047837181716173
housing_1,0.00045001990206665197
movie_14,0.0004497024874573412
water_12,0.00044965444547667
law_14,0.0004495266073683387
conflict_6,0.00044853708900014806
financial_15,0.00044832104239337853
service_9,0.0004469978097888291
carolina_17,0.00044691483526611514
train_17,0.00044684093813004316
vermont_8,0.0004463459713424455
government_7,0.0004463396925254751
business_11,0.00044624835916077225
government_8,0.0004460128368103708
law_6,0.00044520726190585457
act_15,0.00044503191442528455
global_1,0.00044404574961784475
markets_11,0.0004438422153904711
committee_9,0.00044353668486232003
cancer_6,0.00044335525698032893
county_5,0.000443310215131767
democratic_3,0.0004431226044812304
county_1,0.0004430211966193419
district_2,0.00044268970745877853
media_17,0.00044240001307186485
rich_1,0.00044186013518112674
management_3,0.0004415247411673039
credit_4,0.00044130811975413967
case_1,0.00044122593463011213
kitchen_19,0.00044086149016295457
community_1,0.0004407713745067047
rich_19,0.00044033193494948965
bubble_19,0.00044010018387719745
dow_jones_12,0.00043998397522652813
police_15,0.0004399327094874757
happy_4,0.0004397881834572939
media_11,0.00043962218009431134
success_9,0.000439387937931089
community_8,0.00043857125257704084
growth_15,0.0004384454225340438
community_18,0.0004382051808384056
minister_7,0.0004366372293640005
voters_14,0.0004361165286249109
carolina_7,0.000435972192331322
color_3,0.00043578345338613297
missouri_11,0.0004355989127409783
restaurant_1,0.0004354071182569253
district_20,0.00043516066535090466
union_5,0.000434803890948547
politics_17,0.00043479657976031933
blacklist_14,0.00043435224331917643
fun_8,0.0004341474224657113
fine_8,0.0004338967038316115
market_12,0.00043345010182129753
economics_11,0.00043335897332208017
crash_19,0.00043285695814965084
college_14,0.0004326379757583608
products_16,0.00043255263257673215
revenue_14,0.00043233817931666194
chance_7,0.0004316871830194523
markets_6,0.00043159770576847186
corporation_8,0.000430055468579918
management_1,0.00042996163208615585
county_10,0.0004298516220498733
car_16,0.0004290927446066391
garden_15,0.0004289494875471183
return_10,0.00042880027123035725
bank_8,0.0004284680922472887
debt_15,0.00042708749647836936
york_18,0.00042696909100968885
ohio_10,0.0004255619148097436
union_2,0.0004253508907544424
minister_6,0.0004253068514741466
home_17,0.0004252385830677772
movement_20,0.00042516334993496164
oil_17,0.0004250362340776983
marketing_1,0.00042499374175815184
president_8,0.00042384047281440534
economic_9,0.000423569516918438
media_13,0.0004235270647868864
pennsylvania_1,0.00042322419251298156
color_13,0.0004225029361700381
market_18,0.0004222241511857878
politics_4,0.00042146712897467656
loss_14,0.0004213760910427544
banking_13,0.0004206068270121067
hedge_11,0.0004205612407621515
rights_14,0.00041975203395294735
party_20,0.00041896873624862996
georgia_20,0.0004186474453645167
restaurant_15,0.00041798912211576386
buy_3,0.00041721735991111605
holiday_3,0.0004169967230435955
movie_15,0.0004157677915311398
government_3,0.000415421432446897
travel_16,0.0004150958975672148
fun_18,0.00041452605556555717
fun_1,0.00041444894770217887
inflation_15,0.000414202347675831
law_3,0.00041397611474072287
food_10,0.0004136832570686373
judge_17,0.00041344822166028015
money_13,0.0004130187039567673
management_13,0.0004128889209796649
massachusetts_7,0.0004128815255968037
elected_10,0.000412772891147044
energy_16,0.0004125480139234623
sell_15,0.00041229177739085515
representatives_20,0.0004121458523663463
police_17,0.0004119683917578598
garden_10,0.0004117834880976546
train_19,0.0004117305685123505
district_18,0.0004113410671066663
massachusetts_13,0.0004112527843717194
cash_2,0.00041112342483608537
movement_7,0.00041106840747242267
service_1,0.0004099742087191122
holiday_5,0.0004095821236981664
freedom_17,0.000409448624055798
ltd_18,0.00040940321889186863
war_16,0.0004092621664222436
project_14,0.0004092044856753153
economic_13,0.00040895414204138224
cancer_18,0.0004087294911197888
bank_4,0.0004086961336118162
million_18,0.000408544103468652
dividend_1,0.00040846072666137737
wisconsin_1,0.0004082695129295208
garden_2,0.0004071175948165552
services_7,0.00040708398179810314
global_7,0.0004068025560657225
marriage_3,0.00040679980761658456
social_4,0.00040677175016168245
justice_14,0.00040657707029461706
political_14,0.0004065315203990895
cancer_9,0.00040649745270525086
companies_9,0.00040575966628629036
dividend_14,0.0004052317694330385
companies_16,0.0004051723803782098
opportunity_11,0.00040489878309334787
rich_10,0.000403315329476582
movie_5,0.0004030908559535217
global_2,0.0004029781599329597
risk_17,0.00040296099294121276
marketing_14,0.00040290951507903613
DOW_JONES_8,0.00040264989445573565
court_16,0.00040208890500180954
law_2,0.00040191489193702957
votes_2,0.0004018965687184044
district_11,0.0004016822371020372
republican_5,0.00040159559345883777
gain_9,0.00040096273687534437
war_19,0.0004006246320760133
train_3,0.0004004596894056288
government_18,0.00040029614313076946
republican_11,0.00039995121052689264
federal_11,0.0003998166166494313
dividend_4,0.0003997850563317847
stocks_6,0.0003993943409037832
election_18,0.0003992244064467924
holiday_4,0.00039900536008015793
president_1,0.000398463177975502
cash_19,0.0003984506559661094
oil_3,0.0003983164390844649
growth_9,0.0003977904109090503
ceo_3,0.000397562608315448
elected_1,0.00039756088145413216
election_15,0.0003968907107772939
food_8,0.0003968885369765786
fine_13,0.00039688459297176134
government_6,0.00039660098793813103
house_16,0.00039650572724330655
credit_19,0.00039647117783329856
movie_13,0.00039641458079436555
corporation_10,0.0003962561553636152
garden_7,0.0003960924559659352
technology_18,0.0003960788081374474
washington_13,0.00039596253783134714
votes_5,0.0003958948349154184
bonds_2,0.0003958796594191224
development_4,0.0003955414011930206
energy_1,0.00039548332402996353
democratic_9,0.0003954433953201576
judge_2,0.00039539306033531374
justice_2,0.00039538953637369953
government_12,0.0003952342892673131
returns_1,0.0003950390712215922
representatives_18,0.00039473371293826813
travel_12,0.0003946125689876074
political_7,0.0003945325165559065
election_7,0.00039411341061177014
dividend_10,0.0003934387394955384
project_10,0.00039325880054058034
gold_1,0.0003932565118293049
development_16,0.000392314943103624
world_16,0.00039214946945808797
secretary_18,0.0003920898020802708
fine_9,0.00039196583342921
governor_3,0.0003918619772023032
president_2,0.0003916905403879168
buy_9,0.00039150765159696365
home_16,0.0003913288237522262
blacklist_7,0.000391289852754804
business_6,0.00039125043149607536
religion_13,0.0003910442097141549
stats_10,0.0003909502413114658
georgia_5,0.00039038606076191747
revenue_10,0.000390233917106726
marketing_2,0.00038982750737098597
gold_18,0.0003897296570369232
wisconsin_6,0.0003896405749440396
holiday_2,0.00038953500358304086
success_19,0.0003893930358555448
minister_19,0.00038812959970278447
holiday_13,0.0003878867328248062
kentucky_19,0.000387722801526909
case_4,0.0003875752554316306
house_5,0.0003874862197434952
service_17,0.0003868614189932032
voters_17,0.0003865412521326624
inc_8,0.0003865379221976521
ohio_18,0.0003863883397263351
justice_8,0.0003862831282693541
carolina_1,0.0003857476701371689
corporation_1,0.00038533439645691963
religion_8,0.000385183114795726
minister_14,0.0003850767972005519
media_3,0.00038498492977070335
debt_8,0.0003848276601939082
bank_20,0.00038469521566600567
case_5,0.0003839129967459538
hedge_20,0.00038356359628429696
restaurant_14,0.00038341881754780046
crash_11,0.0003825537810659287
missouri_10,0.0003824999935928384
elected_13,0.0003822485819138057
district_7,0.00038216391688459264
texas_16,0.0003816396187821223
law_20,0.0003811290592308036
stats_1,0.00038032674748966213
labor_11,0.00038009106806918456
freedom_10,0.00037978417498761336
blacklist_4,0.00037956987595453136
war_17,0.0003793655474669277
health_17,0.00037919207632637695
stats_14,0.00037916561269766414
democratic_15,0.0003783819460929584
society_18,0.0003783703090792592
president_6,0.00037836906683359046
union_14,0.00037821681580014636
society_4,0.0003779093229278356
financial_4,0.0003776995979629585
cash_16,0.00037752264008000786
development_20,0.00037726556943224967
marketing_3,0.00037680997080453206
garden_1,0.00037634183590947335
conflict_20,0.0003755803592802132
cancer_20,0.00037551315162277896
conflict_12,0.0003755076657705088
global_14,0.00037536759674066815
crisis_14,0.0003752237626292578
credit_13,0.00037515684011294457
virginia_5,0.00037484013880714236
election_10,0.0003745957767465799
cancer_2,0.0003745731553914388
bonds_5,0.0003744468274981515
finance_8,0.00037438477947143294
finance_6,0.00037419262003804096
council_10,0.00037263656269073925
chance_15,0.0003725832372555594
social_11,0.0003723842883450453
ohio_2,0.0003718339963964009
religion_4,0.0003718310766927569
community_12,0.0003712094348080615
house_1,0.00037115992006980266
arts_8,0.00037098477290295175
service_3,0.00037090159264091023
credit_6,0.0003708078851482293
judge_11,0.0003707375604004395
county_20,0.00037062020567210413
police_11,0.0003698541808874095
labor_3,0.00036978441936643015
culture_9,0.0003692360707324705
kitchen_13,0.0003689763522355152
energy_18,0.0003683078600669064
office_6,0.0003681396105018887
home_9,0.00036794771834812006
ceo_15,0.0003676647568686846
democratic_13,0.0003674681662191933
movie_2,0.0003673342551955596
seats_4,0.0003671948061467581
portfolio_1,0.00036690586339336624
technology_4,0.0003666824478525587
financial_1,0.00036654676297794383
political_2,0.0003660155109663093
health_5,0.0003659342335581722
marketing_10,0.00036572150688060027
technology_7,0.0003656330753483992
marriage_9,0.0003650000733149628
ceo_17,0.00036484162250022365
federal_17,0.00036481145049049933
members_17,0.0003645883219867444
restaurant_7,0.00036437592499652833
legal_14,0.0003642968829035287
fun_20,0.0003640914093357551
tennessee_9,0.00036407897917466354
technology_15,0.00036405222703179236
kitchen_12,0.00036390508298477956
stock_market_19,0.00036334840468982564
color_10,0.00036310551427961386
products_2,0.00036298555384502515
york_5,0.00036234971900817655
rights_18,0.00036217617413508664
economic_1,0.0003621400704555449
massachusetts_14,0.00036203828180154967
travel_9,0.0003619800550003096
financial_16,0.00036156062747078375
party_4,0.00036148506792295696
ltd_13,0.00036143124821653023
war_7,0.00036109251706432883
fine_1,0.00036107645887006716
money_3,0.0003609498855442292
buy_16,0.00036043213603025856
debt_20,0.0003603819843294085
movie_6,0.00036035635551211133
hedge_9,0.0003603332312224082
car_14,0.0003601348990802641
returns_3,0.0003601145613095746
holiday_9,0.00036010044782768766
kentucky_10,0.0003599775472289311
service_2,0.0003593901419464533
business_20,0.00035930930456714287
carolina_10,0.0003585151077960224
corporation_19,0.0003583609652982838
texas_8,0.000357974510651598
missouri_7,0.0003579160870219313
happy_13,0.00035758715294313643
bonds_9,0.0003574685535588137
labor_15,0.00035734018646163746
illinois_19,0.0003571442193405529
opportunity_6,0.00035714389089007583
seats_8,0.00035714079718635186
political_16,0.00035711452839992864
community_5,0.00035680898425455786
opportunity_17,0.0003565445530723107
kitchen_5,0.00035648468105121077
bubble_1,0.0003564318954564377
firm_18,0.0003561454043121568
stocks_9,0.0003560929487309393
votes_10,0.0003559417333865734
energy_13,0.0003556391826888419
travel_20,0.0003555758902526555
justice_17,0.00035520380728945724
management_17,0.0003551424934006031
community_13,0.00035511299283499904
opportunity_10,0.00035482707462283346
dividend_3,0.0003543844790845308
technology_2,0.0003542209395057649
food_16,0.0003539209075928123
energy_6,0.00035389281762438087
success_12,0.00035279698202791233
religion_18,0.00035271288583005675
kitchen_1,0.00035257988622416914
legal_11,0.0003524888728073898
lifestyle_1,0.00035229545058854003
kentucky_11,0.00035205025285929114
case_19,0.000352017371706396
products_13,0.0003518667559403257
crash_14,0.0003518566931618948
money_16,0.0003516285088186253
business_3,0.000351344781926964
train_20,0.00035117123021539514
act_13,0.00035088047656147445
security_6,0.00035064561692106964
oil_11,0.0003501666303711422
inc_15,0.00035014417101861565
college_4,0.0003500002693501426
happy_5,0.00034996406692335024
federal_2,0.00034957322151442903
texas_12,0.0003495667141484954
kentucky_18,0.0003495479690106496
sell_17,0.0003494264755615002
bank_19,0.00034921411696787514
project_4,0.00034861876421172746
law_8,0.00034817139602647673
washington_19,0.0003480363326284945
development_19,0.00034739666552682574
carolina_5,0.0003473563938431768
health_10,0.0003473320312668492
carolina_20,0.00034715728494451564
loss_6,0.00034711458318108235
elections_3,0.00034683708063322743
earnings_19,0.0003466496090067889
virginia_20,0.0003461509673446455
million_8,0.0003457045234426322
federal_4,0.00034565625881658493
lifestyle_10,0.0003453033474624665
global_10,0.00034496093077378124
federal_7,0.00034473281215128485
growth_7,0.0003446031842862728
economic_16,0.0003445990468963356
kitchen_18,0.0003443910315296673
representatives_10,0.00034418683167248605
illinois_9,0.00034410641927170503
happy_17,0.00034368610744687367
texas_11,0.00034363095787763554
ohio_15,0.0003433946243718542
growth_20,0.00034314671884429085
tennessee_2,0.0003429563485918893
vermont_10,0.0003428155792370654
tennessee_11,0.0003427574759650951
oil_2,0.00034222670481111274
ohio_14,0.00034200003739884034
global_8,0.0003419402823414663
money_1,0.00034192798196826154
pennsylvania_19,0.0003417578042720005
project_2,0.00034142323951525516
gold_11,0.0003409424306163035
house_13,0.00034084938279056525
crash_13,0.0003406967749624425
gold_9,0.00033994553010293163
law_1,0.00033987311665338696
county_14,0.0003397736115660931
missouri_5,0.00033957679415735995
york_13,0.00033930065162683534
management_5,0.00033929984655059426
vermont_16,0.000338392829540465
federal_10,0.00033790844770817304
bank_3,0.00033783750294132597
fun_5,0.00033772377680278573
garden_3,0.00033755742692467014
york_1,0.0003373942920964814
inc_12,0.00033738369947397453
fine_2,0.000337350463660148
voters_15,0.00033730954718426463
home_14,0.00033722042388106263
inc_2,0.00033717978273263967
legal_20,0.0003369340516825714
college_13,0.00033669752774744915
cancer_11,0.0003363062204870609
health_6,0.0003360425046879407
gold_10,0.0003354603106988642
representatives_14,0.00033480988723716437
business_8,0.0003347215543973518
kentucky_14,0.0003345225694437827
sell_13,0.00033447845287085223
democratic_17,0.00033443487483671527
government_2,0.00033433199918915177
train_4,0.00033407449932845116
rich_12,0.0003338706739525839
governor_13,0.00033359859490174435
ceo_4,0.0003334779208976223
office_18,0.00033336813988064446
restaurant_3,0.00033296839597643914
ltd_1,0.0003329444853030822
health_14,0.0003328487143024401
fed_17,0.0003327805945507673
committee_16,0.00033256719318531933
movie_20,0.0003325198702488693
social_7,0.0003324198595967366
global_16,0.0003323638190697294
loss_10,0.0003319288895140517
dow_jones_7,0.00033139451527534094
governor_10,0.00033107187087173486
products_20,0.00033064507157395495
kentucky_3,0.0003304607864976118
credit_1,0.00033039822726027964
dow_jones_9,0.00033022711670317685
companies_5,0.00033006909183570023
missouri_17,0.00033001079007131435
economic_18,0.00032985044058996286
hedge_5,0.00032961626993716287
act_3,0.00032942229365665304
virginia_6,0.0003293699846384232
community_3,0.0003290261417225041
growth_12,0.00032884942711373884
train_2,0.0003287942691832516
security_7,0.0003286242063731923
governor_2,0.0003285727696707201
corporation_6,0.00032854712463922765
college_15,0.00032849039294121344
county_4,0.00032836760927121067
bubble_15,0.0003279705503058866
society_6,0.00032787756785062337
markets_10,0.00032759807871150917
marketing_6,0.0003273625705985141
health_4,0.0003273377891503418
founded_7,0.00032721174842793887
opportunity_12,0.0003267927188575101
products_15,0.00032666328314727807
fun_7,0.00032665080752045914
banking_17,0.0003266494604138145
business_12,0.0003262294619539967
georgia_12,0.00032621790447353536
cash_10,0.00032620064077828597
stats_19,0.000326154094469125
police_4,0.0003260987847847186
restaurant_6,0.00032597041164844024
security_15,0.00032585932255730623
wisconsin_11,0.00032536653670625155
republican_9,0.00032493314112094703
william_11,0.00032454257524692386
bank_13,0.00032443120064551786
votes_20,0.00032432408912236825
fed_19,0.0003242043498583243
elections_9,0.00032379537811008647
georgia_3,0.0003237299295049298
gain_6,0.00032372757919651887
fun_16,0.00032331879565148514
massachusetts_1,0.00032330731913183435
unemployment_20,0.00032297947267792765
marriage_6,0.00032296122668992207
district_1,0.0003228815422689821
media_15,0.00032286246015034436
bonds_3,0.00032261002518389656
york_8,0.00032233323127662205
economics_1,0.00032211086961580576
services_10,0.00032192900576253296
oil_10,0.00032184706670052287
marketing_13,0.00032171938275736436
votes_18,0.0003216835237403353
inc_10,0.0003216652782349031
missouri_8,0.00032125683824259466
washington_8,0.0003202011846227133
movie_1,0.00032007326529721663
federal_5,0.00032002456164762866
train_11,0.0003196557614539671
chance_16,0.00031960863529773275
garden_16,0.00031957504741695703
wisconsin_13,0.00031948605678503274
party_12,0.0003192394994614755
kentucky_2,0.000318398682762855
unemployment_18,0.0003183466812628975
train_10,0.000318228967196298
food_14,0.000318127994090602
markets_2,0.00031812238080237905
dow_jones_13,0.00031806351282789126
buy_5,0.00031773521247247514
oil_16,0.0003176567173329988
office_11,0.0003175881014052811
gold_2,0.0003174816102782947
service_15,0.00031747884606837167
train_1,0.0003173117580809617
stats_3,0.000317284503249473
garden_6,0.00031718757620257125
georgia_2,0.00031712936566163403
ohio_4,0.00031709502994669317
housing_5,0.0003169753841429036
management_7,0.0003166476004043713
economic_11,0.0003165543114042236
train_9,0.0003165513765704746
texas_1,0.00031618820336822115
votes_9,0.00031583580596960544
gold_4,0.000315827993390867
democratic_7,0.00031576879070453946
union_4,0.00031534823474416564
media_20,0.00031524521402952644
missouri_9,0.00031501934384477474
returns_19,0.00031490125048585225
garden_4,0.00031484960110574197
society_11,0.0003146819299055669
governor_11,0.0003146812282540957
services_11,0.00031454857084984114
water_18,0.0003144081789364307
sell_2,0.00031417601086066534
movie_7,0.00031401871353806956
republican_12,0.0003140017043298801
portfolio_5,0.0003137047371987525
ohio_19,0.0003134664272517663
happy_7,0.0003134418557840835
elections_16,0.00031315770956206096
companies_14,0.0003127915926873628
train_8,0.00031245840141723576
politics_1,0.0003124491806070371
DOW_JONES_4,0.00031244380946756083
social_10,0.0003123226779476819
law_7,0.00031230677660963423
republican_3,0.00031229966480999795
cancer_4,0.00031217074348927884
food_13,0.00031207818285867474
finance_5,0.00031192924134643927
bubble_20,0.00031189846133887743
firm_20,0.0003118662308164585
cash_12,0.00031175474290380794
oil_19,0.0003117231401943284
world_6,0.00031171415841396634
inc_4,0.0003116165777515457
happy_18,0.0003115449100320713
office_12,0.00031153816814246483
bank_12,0.00031146252204478114
stats_17,0.0003114192601133521
kitchen_9,0.00031130264477280466
market_7,0.00031121880425364484
buy_13,0.0003110535960798828
finance_15,0.0003108476481009236
crisis_2,0.0003108193119758226
community_20,0.0003107202057982435
elections_8,0.00031047943713249335
oil_8,0.00031009646769511803
minister_5,0.0003096647278093457
political_5,0.00030947568925196185
unemployment_17,0.00030935129911301715
fed_9,0.00030912243155506143
president_10,0.00030904554211033355
buy_6,0.00030864314067381265
york_20,0.00030850174896407097
social_16,0.00030836233693928616
college_17,0.0003080002865279342
court_7,0.00030785192097189097
minister_11,0.0003078113074845319
environment_11,0.00030767626508019217
opportunity_20,0.00030719464234493137
social_15,0.00030709029932163745
texas_15,0.0003069071613955339
risk_19,0.0003066436527704995
services_12,0.000306539364486684
party_11,0.000306492144792372
service_18,0.00030642583156129046
growth_19,0.0003061994277630285
crash_6,0.00030578749907312627
food_19,0.00030558933684335897
house_6,0.0003054080018960157
bank_2,0.000305217908165347
party_6,0.00030513011057567327
holiday_8,0.0003050343754562591
happy_2,0.000304230930505666
religion_7,0.0003041594053221508
office_14,0.00030397360223009936
judge_3,0.00030388237312168486
market_20,0.00030387382003452013
security_11,0.00030375875525232027
case_18,0.0003034874934098129
water_15,0.00030338886713092715
war_9,0.0003033207787167819
chance_4,0.00030327143108533386
metals_1,0.00030317308774561265
investment_9,0.0003029866485175028
housing_11,0.0003029254986757148
carolina_13,0.0003025121268993131
culture_11,0.0003022630977262784
growth_2,0.00030166458535082856
stock_market_20,0.0003014574282136002
return_1,0.0003008042629973795
college_9,0.00030052783356784884
products_14,0.00030016026355194817
georgia_14,0.00030002379470190217
massachusetts_3,0.00029987046791585964
act_19,0.0002998093449456375
law_12,0.00029956471470263686
movie_3,0.0002990125713878201
buy_17,0.00029899431061290905
profit_2,0.000298841055256316
democratic_2,0.00029864263466368283
county_18,0.00029842899775013284
gold_12,0.0002982333545959856
crash_1,0.00029817960198195005
fine_17,0.0002981144597405812
energy_19,0.00029806729674177124
markets_9,0.0002978231047766724
case_6,0.00029772994317824253
rich_18,0.00029767766554992137
dow_jones_16,0.0002974505839407253
society_8,0.0002974466631982853
york_15,0.00029737226048296957
fine_20,0.00029726097058460437
cancer_1,0.0002969037343212302
world_4,0.00029640084212343706
blacklist_16,0.0002963997738393413
water_14,0.0002962198316464988
restaurant_8,0.00029618715183030105
culture_12,0.00029618425603021917
banking_10,0.0002961191603556031
elections_4,0.0002960792966636279
college_6,0.00029601577860289446
debt_3,0.00029575970384128797
home_3,0.0002956455442741248
project_8,0.0002955914139342136
college_12,0.0002955765880373878
college_18,0.0002955073463862713
bubble_17,0.00029548032941605534
labor_19,0.0002952474340236131
dividend_8,0.00029513072082845883
rights_5,0.00029493555593839864
inc_11,0.00029478983927063866
dow_jones_4,0.0002946860133886314
gold_17,0.00029455243444364063
food_5,0.00029450724654441965
war_1,0.0002944253372038121
democratic_10,0.00029440862514914167
senate_7,0.0002942541017325001
media_19,0.00029387848509702073
massachusetts_10,0.0002937991903776421
party_2,0.0002937978161450244
credit_5,0.0002937513265773525
rights_16,0.000293403353557622
inc_3,0.00029337472349255715
house_4,0.00029329192465443835
money_20,0.00029318481401359426
finance_2,0.0002931277701304392
risk_10,0.0002930877706298942
oil_6,0.00029305915782787547
elections_15,0.00029300141713794515
marketing_9,0.00029286886839061696
massachusetts_15,0.0002928551682227437
college_16,0.00029271679439293635
security_17,0.00029238915229481244
committee_10,0.00029232638925429804
gain_2,0.0002922954470750689
business_15,0.0002920580872693149
home_5,0.0002917868717358535
crash_4,0.0002911205710657888
sell_9,0.00029056208086415344
credit_10,0.00029053039924311383
war_12,0.00029045491078132145
banking_7,0.0002903220198507334
trader_10,0.0002899921240785608
marketing_15,0.00028993972136106313
development_14,0.00028990625563072263
religion_17,0.00028974597628660933
legal_1,0.0002897136270294835
opportunity_8,0.00028965942005793836
committee_12,0.0002896194196342276
democratic_8,0.00028930916940428137
trader_11,0.0002889523028870096
risk_6,0.0002888543991150399
inc_16,0.0002888005368331663
health_15,0.0002887585746057064
war_18,0.0002886977884406232
banking_16,0.0002885494518889419
crash_3,0.00028837294942100444
served_11,0.00028814444868801567
garden_5,0.0002880420168462828
revenue_18,0.0002879241311479249
companies_2,0.0002879208363740404
portfolio_2,0.00028788680591816386
debt_13,0.0002875252495457031
house_19,0.00028705027544084863
companies_19,0.00028704103373798596
health_12,0.0002868991449213248
DOW_JONES_17,0.00028677765618615565
management_10,0.00028674873212356763
financial_19,0.0002866300368772678
firm_9,0.0002865371632548517
stats_2,0.0002861340931826574
holiday_16,0.00028532669169945566
car_17,0.0002850498807285302
earnings_12,0.00028482827855027404
court_9,0.0002845507414483687
tennessee_8,0.0002843847152175765
movie_9,0.0002838948216370313
york_6,0.0002837982725986484
rich_7,0.000283796107731037
house_10,0.00028359796495919525
revenue_3,0.00028358142249976134
police_7,0.000283554790151564
credit_8,0.0002833908840608144
kentucky_15,0.0002833310380958533
social_3,0.000283144200479603
money_5,0.00028311097670838056
companies_11,0.00028306095950515915
sell_11,0.00028293796255955445
crash_2,0.0002828672152799215
health_2,0.00028266188864512024
party_14,0.0002826269949757976
governor_20,0.00028245294751103994
services_17,0.00028210431384832985
cancer_13,0.0002820248155196683
legal_12,0.00028195522849192364
returns_18,0.0002815601079484813
stocks_16,0.00028152510579685107
wisconsin_15,0.000281465798657412
happy_9,0.00028116530623305497
service_10,0.00028076501551330243
environment_18,0.0002807336007840622
services_18,0.0002799417481469519
secretary_4,0.0002798329699314545
act_20,0.0002798243004348483
illinois_13,0.00027972801856977335
religion_11,0.00027954539740562145
profit_15,0.00027951705533798714
happy_20,0.00027948442227333016
judge_18,0.00027939703919077364
office_13,0.00027932417190497773
william_3,0.00027930295864436803
government_10,0.00027927807907036917
bubble_2,0.0002790655685903043
political_8,0.00027891734906731813
committee_13,0.0002788994902547792
politics_3,0.00027862541440377384
county_2,0.000278603168794662
wisconsin_7,0.0002784483956138124
metals_13,0.00027819763899380583
happy_1,0.0002778970271442152
crash_18,0.0002777162950226949
color_12,0.0002776815868929685
house_20,0.0002776012146660099
stats_13,0.00027720837023069287
legal_18,0.0002770310286139104
community_7,0.00027695649430648964
governor_16,0.00027685541708188124
inc_14,0.0002768484844807955
texas_20,0.00027679979758528215
movement_8,0.00027679683267029057
fine_4,0.00027663682951433816
holiday_6,0.0002765903594042486
dividend_6,0.00027657056011013196
cash_17,0.00027655826003603507
william_1,0.0002765227039383402
development_13,0.00027641819170654144
georgia_11,0.00027594084965935765
republican_20,0.0002757223682218439
crisis_1,0.0002756033513845249
world_19,0.0002756022154090977
global_4,0.0002755984554046386
bank_16,0.00027551827198210734
development_3,0.00027550972654704297
car_4,0.0002753349423774035
political_3,0.0002752034408701032
party_10,0.00027501542826934185
illinois_5,0.00027497281358508115
justice_11,0.00027477946820961404
food_6,0.0002747545348566035
financial_12,0.0002746051972840537
president_15,0.00027448512526335355
food_17,0.00027429572013031674
senate_2,0.000274155779582651
stocks_20,0.00027410062741511687
water_11,0.00027408957608394903
risk_12,0.0002740229914824917
crash_5,0.00027396278855788754
rich_2,0.00027366293130538376
republican_7,0.0002731298554772949
william_4,0.0002730465443501975
president_17,0.0002728977216697013
project_15,0.0002721621739214296
buy_4,0.0002720427844333334
stock_market_15,0.00027200786659475337
house_14,0.000271911930456536
banking_18,0.00027152612473072327
kitchen_10,0.0002714667949616059
economics_8,0.0002714102920528082
seats_15,0.00027136961089454495
global_3,0.00027126042680537484
political_6,0.00027095843384352953
earnings_2,0.000270879178928792
union_15,0.00027082392363542786
food_12,0.00027071399792449885
returns_12,0.00027042180112232214
committee_3,0.0002703185298572579
travel_14,0.00027021140509775115
house_9,0.0002699887889086293
service_4,0.00026985859735093265
car_6,0.00026960097454767346
metals_9,0.0002692574257162556
finance_1,0.00026919442794200724
unemployment_11,0.00026900667536507524
law_10,0.0002688322720400574
georgia_16,0.00026854568539004693
portfolio_11,0.00026845847731340864
missouri_19,0.00026795788522179103
market_10,0.0002678105664146597
ring_18,0.000267707503115862
portfolio_20,0.0002676570307305507
stocks_8,0.0002671950795426262
travel_4,0.0002669516371646902
garden_8,0.0002668662316802108
president_18,0.00026658024366276226
judge_1,0.00026640103941978096
food_2,0.0002663311022082276
movement_13,0.00026632979371118656
illinois_4,0.0002661159940412565
federal_15,0.00026579196564668157
judge_12,0.00026549720962733167
security_13,0.0002653678684718397
opportunity_13,0.000265363967680814
buy_15,0.0002651008485592141
business_19,0.000265018733228121
act_8,0.00026490071194197346
cash_14,0.00026482761971347604
york_17,0.0002648248759888969
business_5,0.0002647271716167357
firm_2,0.0002645823697545513
ltd_19,0.0002645735141090981
debt_5,0.00026453207800703475
water_10,0.0002643817251015793
business_1,0.0002642836019452015
technology_13,0.00026421950067578637
ceo_7,0.0002638319499934972
gains_20,0.0002637351015403933
labor_17,0.00026368620687797825
gold_16,0.00026364748476268815
market_4,0.00026359167184759045
elections_10,0.0002635741906722185
carolina_11,0.00026318334374686377
republican_2,0.0002630197951050939
bubble_3,0.0002629154131451706
risk_1,0.0002628752603121481
conflict_19,0.0002627736729763594
social_13,0.0002626821199860353
social_14,0.00026261607217895934
markets_3,0.0002624836117941569
cancer_12,0.000262439369109339
happy_16,0.0002622523013342932
movement_4,0.0002622377157987915
college_1,0.000262215072317351
voters_9,0.00026217021254705243
stats_4,0.00026209053500338315
money_7,0.00026206854304580387
council_1,0.00026185296058008214
sell_18,0.0002618493471022725
portfolio_17,0.00026172355309983254
culture_20,0.00026147031310666145
community_15,0.0002614152912793966
buy_10,0.0002611974777667136
unemployment_3,0.00026118200472142
cancer_14,0.0002611491998384479
gold_15,0.00026113056052487157
office_20,0.0002609501581861284
carolina_12,0.000260763019015678
happy_6,0.00026058514463655276
inc_20,0.0002605044454525417
union_6,0.00026005232705239383
missouri_15,0.0002599796981919632
environment_10,0.00025977600260704
freedom_2,0.00025960557904992367
founded_9,0.0002595621530856052
unemployment_1,0.00025954576111940385
unemployment_6,0.0002594560304655523
water_4,0.00025944220177076966
economic_5,0.00025914789164478404
ring_10,0.0002591004756876961
party_13,0.00025907478420914384
freedom_14,0.00025893831415028863
senate_15,0.000258907266265757
ohio_7,0.0002587888605831632
cancer_10,0.0002587866226309379
restaurant_13,0.00025864721919298167
return_9,0.00025860785780914224
profit_12,0.0002585125657578834
democratic_4,0.00025850441227614395
technology_1,0.0002584350046878391
democratic_16,0.00025817884698077796
police_3,0.000258038620106546
default_13,0.00025785750785125964
finance_10,0.00025772115663637784
industry_19,0.00025767569935278897
fine_7,0.00025766129081584944
cash_9,0.00025756587251795764
return_4,0.0002571817883716329
gold_13,0.00025716760925961627
senate_17,0.000257097943849818
judge_10,0.0002570361942941325
texas_19,0.00025667661805007423
political_15,0.00025662479292207983
development_2,0.00025651915717098887
council_14,0.00025614034598173656
bank_6,0.00025601856426601694
fun_19,0.00025553525163458387
unemployment_16,0.0002553741990859605
movie_12,0.00025529821955202467
massachusetts_6,0.0002552169412840245
project_20,0.00025516084146003207
nasdaq_8,0.000255026030520138
kitchen_11,0.00025501274410058246
senate_18,0.00025500497942208903
earnings_4,0.000254994478632161
missouri_18,0.0002549032518011045
security_4,0.000254686498163368
social_6,0.00025464402515327795
county_11,0.00025463285571620164
garden_9,0.00025451211817109057
water_9,0.0002544140425373624
business_16,0.0002543414800903355
council_20,0.00025427157606764593
president_7,0.0002542679431588813
culture_7,0.0002540935707582715
war_20,0.0002540804374324305
economy_15,0.0002540739479632868
bonds_17,0.00025357485357439255
conflict_18,0.00025352633845791367
bank_17,0.00025341666374615186
political_18,0.0002531138459516535
debt_7,0.00025299489493534646
governor_17,0.00025288886352388146
loss_7,0.00025282096496961144
government_15,0.00025278911662790737
million_19,0.0002527000131848631
banking_6,0.00025245281151004434
technology_17,0.00025218429267271405
companies_3,0.00025174075963048403
holiday_12,0.00025165641628047364
ring_12,0.00025162909691582683
return_3,0.0002515144695912269
credit_3,0.00025149513525502616
members_19,0.0002513784827384244
fed_5,0.0002507149913435326
justice_16,0.0002504526480277002
happy_8,0.0002504241844097858
development_9,0.00025039773564900257
management_16,0.00025030464050456884
conflict_1,0.00025009183618891274
labor_16,0.0002499958278662033
arts_15,0.0002499614882647066
district_16,0.0002499459780705501
oil_18,0.0002498029492670318
health_11,0.00024978572284334717
world_11,0.0002497002818181394
economy_17,0.00024966102416575586
union_17,0.0002496172445610392
trader_13,0.00024942434534363123
million_2,0.0002494117526253581
election_14,0.0002494052121742691
movie_4,0.00024910661214681763
court_1,0.00024900073763933404
election_5,0.000248768078587837
industry_5,0.0002487533349760867
oil_4,0.000248603044276401
york_16,0.0002482968896645368
finance_18,0.0002482799181725259
investment_12,0.00024812398161907557
world_20,0.0002481201736025332
housing_16,0.0002477798948474847
justice_3,0.00024743218781356576
kitchen_16,0.0002473719690518022
york_9,0.0002473682256741725
rights_1,0.0002472798622719729
technology_5,0.0002467431013565346
york_10,0.00024673024609238217
finance_9,0.00024661488864865497
social_9,0.00024635220807967483
return_17,0.0002463184976125065
financial_8,0.00024627002940322675
money_2,0.00024593533948919893
case_2,0.00024584972274366713
corporation_5,0.00024519584967432176
missouri_13,0.00024513418447596926
hedge_10,0.00024511196151376857
nyse_8,0.00024494364345207945
home_4,0.0002448858504253308
act_9,0.00024482485026730056
risk_2,0.00024479596659504187
bubble_11,0.0002446691932783832
travel_3,0.0002446283331181646
stock_market_1,0.0002444527054398184
georgia_1,0.000244276651100892
committee_19,0.00024407132872521036
energy_5,0.00024400276019976333
members_9,0.00024388430807726366
finance_7,0.0002437767710255836
court_5,0.00024376060498206391
freedom_20,0.00024371044164787328
society_10,0.00024359103000280157
minister_2,0.00024351282846604634
car_12,0.00024339031627614263
technology_3,0.00024329357089637328
minister_13,0.00024318740798027705
washington_6,0.00024315498744491163
oil_7,0.00024304371528482207
lifestyle_4,0.00024297286747805566
million_4,0.00024294076779580762
community_6,0.00024277765659436884
conflict_7,0.00024264556139368617
illinois_8,0.00024256589862430177
health_3,0.00024252093237514395
revenue_9,0.0002423737489096826
development_18,0.0002418443350295465
services_3,0.00024152427471209927
money_19,0.0002414918801662665
massachusetts_19,0.00024133149704933223
cancer_8,0.00024095390568470098
risk_16,0.0002405898221315853
virginia_18,0.0002403247728639755
union_18,0.00023995371141505607
wisconsin_5,0.00023991104283954825
ceo_5,0.00023987311265388612
social_20,0.00023986997344991543
government_16,0.00023984537665909658
business_9,0.00023982111308277901
labor_8,0.00023981838447857887
banking_4,0.000239752914818875
pennsylvania_3,0.00023971178828361445
voters_10,0.00023945008047694633
massachusetts_20,0.00023907214903375474
secretary_8,0.00023892765120059708
party_19,0.0002389193066823529
energy_2,0.00023890449903020918
housing_9,0.00023864283152053505
washington_7,0.000238617023485106
ring_9,0.00023823620627813722
industry_14,0.00023823577715367128
housing_7,0.00023819986846169096
blacklist_9,0.00023814005136862582
william_18,0.0002378196806303046
movement_16,0.0002377713874159249
rich_16,0.00023768564540230507
election_9,0.00023759198887981768
members_13,0.00023705529951440166
train_15,0.00023687453711594464
fed_6,0.0002365671190450464
william_10,0.00023650731580824916
case_10,0.00023649257655580121
energy_3,0.00023647182561954385
elections_7,0.00023644115792164692
return_12,0.0002363658595717882
virginia_15,0.00023631020196117285
election_1,0.00023596092241204013
religion_9,0.00023591794729101758
fun_13,0.00023581777283993686
marriage_1,0.00023577175004700323
stocks_11,0.00023569956000523106
blacklist_17,0.00023569904305760836
party_17,0.00023568696152239424
william_13,0.00023562047458344288
arts_2,0.00023551930000422383
growth_4,0.00023545159310108945
fed_7,0.00023535445138875277
travel_17,0.00023509722323102208
services_15,0.0002349468085639935
community_9,0.00023492973165405571
growth_1,0.00023476621974205278
security_10,0.00023475172633149864
washington_15,0.00023436596379811784
government_11,0.00023415861380220293
world_13,0.0002341190544035643
world_10,0.00023407491725192857
freedom_13,0.000233811349407486
college_8,0.0002337408799404961
fine_5,0.00023372455578295933
secretary_12,0.00023357515151554292
money_18,0.00023317543213892666
rights_8,0.00023315148397646827
stock_market_13,0.00023302184779693092
war_8,0.00023301850716543192
world_12,0.0002330087577453083
crash_12,0.00023292888206904024
earnings_18,0.00023270575560969253
metals_2,0.00023261572186297432
products_12,0.00023257034865506007
travel_1,0.00023256183149626529
finance_20,0.00023244023272525385
william_9,0.0002324064765328769
stock_market_6,0.0002323507066328395
marketing_12,0.00023216449855557671
president_4,0.00023205039987792076
gain_18,0.00023175949522053374
kentucky_5,0.00023168157160844384
carolina_16,0.0002316229581353345
unemployment_15,0.0002312797908025416
judge_4,0.00023121560399954146
senate_8,0.00023098729322140824
kitchen_8,0.0002309810946301793
services_8,0.0002309435559295304
blacklist_15,0.00023091409804385665
market_6,0.00023088078163970743
financial_20,0.00023087470081901315
governor_6,0.0002308720077359125
opportunity_15,0.00023084372654252002
politics_10,0.0002307333654292438
politics_19,0.00023073191491986103
founded_16,0.00023066451901158222
growth_3,0.00023065364043370972
illinois_1,0.00023047721961623946
firm_10,0.00023042685793425724
energy_14,0.0002301185435252502
william_16,0.00022970357245178028
court_19,0.00022953915226075426
district_4,0.0002295057022745056
social_8,0.00022936980929602206
war_11,0.00022936763365715234
profit_10,0.00022933919911092
industry_10,0.00022932160817665424
bank_15,0.0002291183830113685
loss_15,0.00022895629205748458
technology_10,0.00022863779620790992
judge_14,0.00022863393148493343
market_8,0.00022844335194912555
gold_7,0.00022833806454663442
products_5,0.0002281895977165129
ohio_8,0.00022810084757686388
cancer_16,0.000227700225439538
security_20,0.00022743470372888432
act_5,0.0002274158654049544
tennessee_4,0.00022737875765928037
loss_4,0.00022737795018740425
georgia_4,0.0002273328070569112
district_14,0.0002271801663213312
profit_5,0.0002270438376617456
financial_14,0.00022700603389504297
votes_14,0.0002269677808508937
security_1,0.00022669054713725362
bonds_18,0.00022667252652028497
security_5,0.00022662047338571102
rich_3,0.0002264976613757836
inflation_9,0.00022648330584020595
rights_2,0.00022646778996773578
politics_12,0.00022632117566402958
party_15,0.00022620733630776137
service_7,0.0002261000609261749
home_10,0.0002259242953170485
fun_3,0.00022525683173196603
management_9,0.0002252177770881184
rights_4,0.00022521137779890176
legal_6,0.00022503469202299887
inflation_5,0.0002250063125655316
cash_20,0.00022497875994310297
party_1,0.0002248091225780135
georgia_19,0.0002245812191876165
county_9,0.00022457649119891567
ceo_13,0.00022436105123646322
bank_7,0.00022431148025426945
york_12,0.00022429091597984239
voters_11,0.00022419121069634708
virginia_11,0.00022402251227862373
global_5,0.00022396152731210658
secretary_16,0.00022393193489993462
act_2,0.00022392609390372241
ltd_6,0.00022379232145177812
crisis_5,0.00022359594784014292
ring_14,0.00022357425293854816
service_13,0.00022333488724159413
rich_4,0.00022288126669631984
fun_6,0.00022277964863415264
stock_market_8,0.00022272330525394596
chance_6,0.00022266274436628532
politics_2,0.00022265157889192637
bank_10,0.0002226109788573045
project_16,0.0002225743321224034
elected_19,0.00022252165625637757
metals_17,0.00022242436394310307
chance_12,0.00022234517665674263
senate_1,0.00022215860801511105
crisis_3,0.00022208078359654083
missouri_12,0.00022200421906105734
district_13,0.0002219515092900476
cash_11,0.00022160269409127794
society_9,0.00022144810151394922
finance_3,0.00022143955686632446
economics_5,0.00022143681959490517
district_8,0.0002212838091078205
wisconsin_4,0.00022125702389332247
justice_1,0.00022087459027574186
metals_5,0.0002208375599072567
stock_market_18,0.000220804008262248
labor_4,0.000220777076013798
fed_15,0.00022057902926787495
financial_5,0.00022041515875264507
college_3,0.00022041208169006285
tennessee_12,0.00022011738071756444
county_16,0.0002199768318287041
tennessee_18,0.0002199626707884941
success_3,0.00021952833793356948
war_13,0.0002193759070323364
war_4,0.00021935821609625445
business_17,0.00021934670858810105
profit_1,0.00021916744413276448
fine_19,0.00021910525845386292
service_20,0.00021905991108387492
college_20,0.00021901610054171264
freedom_8,0.00021892654148095663
william_12,0.00021888482220654647
committee_6,0.000218793543589342
votes_6,0.00021872807939706028
social_17,0.00021865752139492192
president_12,0.00021849126208297895
bubble_7,0.00021827773032600628
arts_12,0.00021823106180575107
trader_4,0.00021817469450713972
county_15,0.00021817347869924767
chance_5,0.00021800256486400907
corporation_2,0.00021795857645471648
william_5,0.00021789334941571255
representatives_1,0.00021782018553560402
union_11,0.00021776253258344052
restaurant_17,0.00021765295572914387
founded_20,0.00021745071149506344
kentucky_16,0.0002172684761342968
virginia_3,0.0002170025795845048
DOW_JONES_10,0.00021667643037228968
companies_7,0.00021666985501109384
president_5,0.00021662034576063052
political_9,0.00021660463344668233
credit_16,0.00021658603193853727
market_14,0.0002165711717373743
office_1,0.00021646110595844982
risk_13,0.00021641992701840627
garden_12,0.00021637157855617788
unemployment_7,0.0002160688139828835
management_12,0.00021584991041141122
sell_5,0.0002157049377144782
products_17,0.0002156783501295635
unemployment_8,0.00021566262853010802
management_20,0.0002154925467689411
minister_16,0.00021537204588038515
republican_17,0.00021523331592877604
security_3,0.0002151322910008164
federal_9,0.00021510912660790702
members_12,0.00021507218646250572
freedom_9,0.00021482394398385918
buy_7,0.00021453058111725463
garden_20,0.00021441845484759987
companies_18,0.00021438249742502632
profit_8,0.00021425368812456487
credit_12,0.00021406878373794982
trader_1,0.00021404132662404725
dow_jones_19,0.00021402628930048025
religion_3,0.0002140121695015567
rich_6,0.0002139736875700913
restaurant_16,0.00021394591455469323
hedge_19,0.0002139220939944435
profit_17,0.00021386311966249016
union_13,0.00021382512782082587
growth_16,0.00021365755804158163
metals_19,0.00021326688538260644
republican_10,0.00021324352348959835
members_14,0.00021322648607363225
sell_1,0.00021310985453053488
car_11,0.0002130687209972171
service_5,0.00021306424628229675
fun_14,0.0002130503483688789
ceo_9,0.00021289811541228885
inc_6,0.00021288405341882285
money_11,0.00021282297257178864
missouri_20,0.0002127657547136375
stocks_3,0.00021252076262874762
carolina_19,0.00021245314729637736
elections_14,0.00021228979629858284
politics_11,0.00021224648241315903
washington_16,0.00021209585678607664
world_9,0.0002119929877366728
council_12,0.0002118989915658301
color_17,0.00021184908379851485
social_5,0.000211688006475856
economy_4,0.0002115606454819288
happy_19,0.0002114780057625921
portfolio_18,0.00021126761592193545
council_7,0.00021122905142515616
kentucky_17,0.00021119076226138115
metals_18,0.00021110475898365735
ohio_5,0.00021104488189359712
gain_5,0.00021103749187186495
health_13,0.00021088793141057206
DOW_JONES_19,0.00021085304050033865
kitchen_2,0.00021071800909896159
ltd_11,0.0002106793843429429
holiday_14,0.00021044361551869975
culture_10,0.00021020097931578402
environment_12,0.0002101953160768956
bubble_14,0.0002101917891152965
earnings_17,0.00021011712702219222
religion_5,0.00020985378486243703
missouri_6,0.00020958435185043327
ring_2,0.000209452732956894
housing_3,0.00020911394626241708
massachusetts_16,0.00020900816213453982
returns_5,0.00020899545484121023
market_9,0.00020806525660724387
home_12,0.0002079470037232837
elections_2,0.00020788250294220812
project_11,0.00020734658907835637
service_14,0.000207245706390314
train_6,0.00020690734937311146
holiday_18,0.0002068299395796141
inc_7,0.00020672217319823327
senate_10,0.00020614448333272726
massachusetts_17,0.0002060279047049852
georgia_6,0.00020597302130121999
gold_14,0.00020595879984358823
judge_15,0.00020569178192403234
legal_17,0.00020567683909321997
environment_8,0.00020544816287451352
travel_15,0.00020538292815314786
police_1,0.00020530189158902748
health_19,0.0002051868209815671
minister_20,0.00020515447498810392
secretary_2,0.0002048986821938408
republican_14,0.00020473983018781336
rights_13,0.00020468365720302797
chance_14,0.00020451403385698383
technology_14,0.00020403277754454485
war_6,0.0002037792991294613
governor_19,0.00020370891331557238
massachusetts_5,0.00020364582895657457
nasdaq_6,0.0002035520752465515
travel_18,0.00020330137042103596
rights_9,0.00020325815741561434
virginia_9,0.00020288078390734695
global_13,0.00020284763329049863
stock_market_5,0.0002028363893680956
union_9,0.00020281481348965024
judge_20,0.00020273366146862526
judge_6,0.0002026124803813979
ceo_16,0.00020258235379088405
chance_13,0.00020236377360600356
loss_12,0.0002023366231982352
car_8,0.0002023049185718136
dividend_18,0.00020227449772273868
earnings_1,0.0002022633368255725
buy_20,0.0002021807551070327
gold_20,0.00020207493552179412
holiday_17,0.00020180244112614
oil_5,0.0002017844185493728
culture_6,0.00020174361317222507
security_19,0.00020157202049368475
marriage_2,0.00020147478350085143
rights_17,0.00020132253461213292
governor_12,0.0002011543231875665
community_16,0.00020113665303663245
members_2,0.0002010938066349664
texas_9,0.00020087730564201804
housing_18,0.00020079558715121863
party_16,0.00020077846931036835
texas_13,0.00020075377545743928
ring_17,0.00020074645824934786
party_9,0.0002006257084153633
garden_17,0.00020058939365144061
corporation_17,0.0002005463747188705
members_8,0.0002004188356228933
security_2,0.00020016053067201147
legal_19,0.00020014383177627824
ring_19,0.00020014204191392068
present_12,0.0001999594711015724
freedom_5,0.00019990851909080818
portfolio_10,0.00019980732692014767
development_7,0.00019970886450529409
virginia_17,0.00019963877064711202
revenue_17,0.00019962974043040443
act_16,0.0001994573461174876
tennessee_14,0.00019920952358454662
default_18,0.00019918107551058998
secretary_14,0.00019913854781335847
representatives_16,0.00019908907362958014
carolina_6,0.0001989997551769928
ohio_12,0.0001987021655676863
finance_13,0.00019870000601872518
chance_3,0.0001986064305443106
federal_12,0.0001985295634970111
project_12,0.00019847971758459585
ring_11,0.0001983874932105721
senate_12,0.000198297129116804
minister_9,0.00019828461195904693
illinois_17,0.00019826272597645814
global_11,0.000198210953211954
nasdaq_18,0.00019820849328034968
college_5,0.00019800626420308798
train_12,0.0001976027099189777
legal_13,0.00019757223316822464
credit_17,0.00019756964094893402
republican_8,0.0001975097037305915
happy_15,0.0001974898098900504
ohio_9,0.0001972848991918251
services_6,0.0001972510381217213
technology_12,0.00019697671065186748
act_18,0.0001966367994676372
firm_14,0.00019654313690889823
act_10,0.00019648121069426616
secretary_9,0.00019615966796382645
culture_13,0.00019615405269783867
business_13,0.00019601005444135219
ohio_16,0.00019585693499064047
products_4,0.00019585013232919187
council_4,0.00019570125475941905
million_7,0.00019564121365831373
investment_13,0.0001956066016402743
returns_8,0.00019548239220990946
york_2,0.0001954505219376184
money_15,0.00019482766248197928
products_3,0.0001947168757095064
politics_15,0.0001945823224402445
water_1,0.00019453765924521145
court_13,0.0001944708229519848
management_2,0.0001943027795616973
police_2,0.00019418012453563803
society_2,0.00019394331229530357
fed_4,0.00019389089871686165
governor_7,0.00019380289420794253
sell_16,0.00019355232075219972
gold_5,0.00019353714035092896
labor_9,0.00019353628706498903
fed_2,0.00019329136999613448
georgia_18,0.00019324746504650504
chance_8,0.0001932249309150326
return_11,0.00019319055642650043
market_17,0.00019300034293326862
governor_14,0.00019296931169701857
culture_19,0.0001929120858053693
car_1,0.00019283627516891868
present_13,0.00019281553017417975
media_7,0.00019280741701944732
global_20,0.0001927504765268368
business_18,0.0001927139459779407
industry_1,0.00019256372839918968
district_17,0.000192545527179788
county_7,0.0001924729176749289
illinois_2,0.0001923883177134828
environment_4,0.00019231315417165827
credit_9,0.000192265385402953
default_19,0.000191961856508804
federal_20,0.0001917684413553388
rights_6,0.0001917474533150944
case_3,0.00019159398280887423
financial_13,0.0001915809413424733
fed_20,0.00019156696321260465
dow_jones_11,0.0001914147314997852
unemployment_19,0.0001913500631716972
trader_3,0.00019126455397088847
fed_12,0.00019080320395415432
service_19,0.0001907861179852971
washington_4,0.00019073513501575008
food_18,0.00019057581316806133
growth_6,0.00019055138849746522
service_6,0.00019043157721393127
project_13,0.0001903608144703759
movie_16,0.00019021309739647693
economics_3,0.00019019747602290888
illinois_18,0.00019018849490575973
rights_7,0.00019018803086059169
financial_18,0.00019000863626527357
washington_20,0.0001899204925671881
money_12,0.00018948699695144362
marketing_5,0.00018945126840709287
blacklist_18,0.00018929619588558383
services_20,0.00018910966589799305
kitchen_15,0.0001891016283530916
senate_11,0.00018902912886890544
court_14,0.0001888842149056255
community_19,0.0001888635658964
credit_7,0.00018855672696631924
pennsylvania_5,0.0001885458157105805
profit_9,0.0001882216960987979
credit_20,0.0001882095673280158
freedom_11,0.000188162000495875
stats_20,0.00018789716628431823
housing_14,0.00018783657561836835
ceo_12,0.0001878225649681368
culture_2,0.00018774030809723684
illinois_6,0.00018764286800655936
energy_9,0.00018747347916366335
car_10,0.00018744433405259585
corporation_15,0.00018740222094815813
stock_market_17,0.00018723030724461935
technology_19,0.00018692201258311132
return_2,0.00018682809042495883
risk_7,0.00018641644787032726
finance_14,0.00018626225172195196
unemployment_2,0.0001861412742316497
representatives_19,0.00018603662052051482
county_19,0.00018566081789127392
returns_4,0.000185416537959418
office_7,0.0001853749314448775
oil_14,0.00018508292567786828
legal_8,0.00018504454652731718
labor_10,0.000185008796034441
bubble_9,0.00018496008089011757
management_19,0.00018488092947290414
fun_9,0.00018487054723932724
growth_17,0.00018481631702914564
markets_18,0.0001847932732928617
members_6,0.00018471701965553985
color_7,0.00018468265565052232
tennessee_19,0.00018424635572055967
house_7,0.000184220227110181
holiday_11,0.0001842049792672391
housing_4,0.00018416296213805646
market_5,0.0001840672168436569
founded_11,0.0001840531836622078
revenue_15,0.00018396919332677324
water_16,0.00018396420069003195
stock_market_11,0.00018386931230391786
housing_10,0.0001838428087305932
investment_7,0.00018368227934977382
justice_9,0.00018365664627136572
georgia_10,0.0001835203276166248
economics_2,0.00018351308182615946
color_20,0.00018351138777830157
government_4,0.00018348268237801323
crash_16,0.00018346568061800608
judge_16,0.00018339098532982198
technology_6,0.000183310862331848
financial_17,0.00018309239044339288
founded_13,0.0001829419346127997
sell_3,0.0001828356107140242
college_10,0.00018261766068394743
financial_10,0.00018256791806763948
companies_12,0.00018239094127467362
security_16,0.0001822283021908999
default_15,0.00018220222722005306
inc_19,0.00018216047471976483
returns_7,0.00018202746818172575
markets_1,0.00018200166438080557
service_11,0.00018184434512675992
court_20,0.00018182708387842777
loss_3,0.00018181096460557404
legal_7,0.0001816213620795343
society_20,0.00018158392414034156
markets_17,0.0001814211679512036
minister_8,0.00018139930334093972
return_6,0.0001812310576081425
services_9,0.00018100790853995552
water_6,0.00018090362167481007
profit_3,0.00018069376585327863
act_1,0.00018066988950956044
metals_3,0.00018058894646563655
council_8,0.0001805749316012417
environment_6,0.00018048801228133445
representatives_8,0.00018033058671727318
arts_11,0.00018005049436900964
food_9,0.00017976360998863078
kentucky_13,0.00017966470680854358
wisconsin_14,0.00017965261361713438
fine_6,0.00017951884909595656
dividend_7,0.0001793123880636132
million_3,0.0001792519487923405
global_19,0.0001792512913912611
corporation_12,0.0001792397132033139
success_1,0.00017919173987437781
law_19,0.00017911115091275948
returns_11,0.00017896203990265156
growth_13,0.0001789414971370025
investment_4,0.00017894061428384798
economy_19,0.00017891649033373156
justice_15,0.00017885176055552356
investment_2,0.00017883807304814887
services_19,0.00017874294441053973
federal_19,0.00017873303310933568
law_15,0.00017872907733019805
marketing_17,0.00017867656872364823
federal_3,0.00017866084236533745
stocks_18,0.00017847164102495136
revenue_11,0.0001784272971115289
election_2,0.0001784120920895764
metals_10,0.00017828486126648526
housing_15,0.00017826006006529344
present_7,0.00017807874756746022
case_9,0.00017798819903239838
home_8,0.00017795428942300945
garden_18,0.00017784658964159768
market_13,0.00017781056259172186
companies_8,0.00017779002538684117
unemployment_12,0.00017777075643512596
stocks_19,0.00017773141141935815
security_12,0.000177699989506865
senate_5,0.00017764169962961518
blacklist_1,0.00017756684083203157
blacklist_11,0.0001775595981269864
stats_6,0.00017730154816597668
rich_5,0.0001772481597234952
kentucky_6,0.00017711707319645968
ltd_8,0.000177032795597817
york_19,0.00017699279763197482
companies_1,0.00017690820302896417
arts_10,0.00017683778011981215
investment_1,0.00017664359220967232
economics_20,0.00017657194638032452
present_1,0.00017638021989405
gold_3,0.00017636027913183527
ohio_17,0.0001763323708034683
present_17,0.00017629256020479055
media_16,0.0001761399197975371
william_17,0.0001760913261835765
corporation_20,0.00017533483763245965
opportunity_19,0.00017506321590069363
DOW_JONES_11,0.00017505172324426685
cash_15,0.00017504651024151908
corporation_11,0.00017495965819781564
trader_7,0.00017485223950657934
arts_14,0.00017479818412001973
kentucky_7,0.0001747177028310285
kitchen_3,0.0001746499071604471
culture_14,0.00017463865256013922
housing_19,0.0001744474869348205
markets_7,0.00017435690298907928
return_15,0.0001742065333369156
crash_10,0.00017415439653143877
portfolio_9,0.00017407839041584593
loss_9,0.0001740127337666446
inc_17,0.00017387236596097324
ltd_3,0.00017384181073854096
elected_7,0.00017369718552970282
banking_8,0.0001736780177715807
kitchen_14,0.000173637638487583
economic_17,0.00017315626871229262
district_6,0.00017288994656626986
markets_12,0.00017288448213665343
sell_19,0.00017276428214824355
development_15,0.00017264535519390022
markets_13,0.00017251531376808696
members_20,0.00017249965262439867
court_15,0.00017246813969755515
kitchen_6,0.00017243549509859
kitchen_20,0.00017233072347770269
oil_15,0.00017232641402277834
county_17,0.00017232272230261722
happy_14,0.00017228425695979224
arts_17,0.0001720832419803635
act_4,0.00017206738032308656
revenue_12,0.000172001204978439
case_15,0.00017198576548036314
gain_7,0.00017182468163699584
virginia_1,0.00017175475459128216
stock_market_7,0.00017158297897498358
secretary_1,0.00017144547757220715
companies_15,0.00017092933084958552
blacklist_10,0.00017065082213984332
virginia_16,0.00017049955451416124
william_2,0.00017018235456067856
dow_jones_14,0.00017014536432432024
bubble_12,0.00016994461074314754
banking_9,0.00016959943659586231
senate_9,0.00016957569682148164
fun_15,0.0001694499549561795
DOW_JONES_16,0.00016941256969214485
holiday_15,0.00016939893925047155
fine_16,0.00016935513529621823
representatives_5,0.00016922380459785896
elections_19,0.00016918074156194537
car_18,0.0001691736718042393
inc_18,0.00016916849513995354
washington_12,0.00016911225478216638
secretary_15,0.0001689253985323509
william_8,0.00016890939153074036
war_2,0.0001686234126253963
marriage_15,0.00016831301393683046
justice_7,0.00016822159162822287
voters_7,0.00016808280534824668
unemployment_4,0.0001680296912337935
color_6,0.00016798752851656418
committee_20,0.00016787732429053424
media_10,0.00016785926156206768
default_7,0.00016773650186839437
economics_16,0.0001676901063753185
fed_8,0.00016766634715798966
movement_10,0.00016765784770621982
republican_6,0.00016760470163718297
society_5,0.00016755786583181245
freedom_1,0.00016754516501404522
committee_14,0.0001675322926526958
justice_5,0.00016752177941333458
seats_3,0.00016747492816331227
illinois_14,0.00016741521061371738
environment_7,0.00016736654632052458
oil_9,0.00016732885055167763
culture_5,0.00016724415923683882
housing_8,0.00016706495165566364
missouri_14,0.00016692395528697206
crisis_15,0.000166908788659775
ring_6,0.00016688981511431936
risk_4,0.00016683234632864892
social_2,0.00016667094600527293
trader_20,0.0001666567876652615
arts_5,0.0001665948802710601
DOW_JONES_1,0.00016647308718723076
present_10,0.0001664441482897771
tennessee_16,0.00016641706308152107
blacklist_13,0.00016639605433455733
business_10,0.00016634036291110558
train_5,0.00016626847363398112
nyse_20,0.00016621394303208045
energy_17,0.00016604558431537628
marketing_11,0.00016588418354207063
investment_14,0.0001658738550764903
police_20,0.00016582460527180839
government_20,0.00016581919735164126
credit_11,0.00016553712365161347
corporation_13,0.0001655331158920554
ring_8,0.00016542423601799818
services_14,0.00016525572721206612
lifestyle_13,0.00016519121271305992
chance_17,0.0001651485643573867
governor_15,0.00016512653872075649
cash_7,0.00016468000096669244
services_13,0.00016460221733794034
movement_9,0.00016437779971360426
court_17,0.00016428971725665647
sell_6,0.00016427125754052576
social_18,0.00016419065369163772
present_3,0.00016411668232909618
water_17,0.00016404828652232504
community_14,0.0001640386007024154
success_14,0.00016394867699811915
virginia_10,0.00016383820297103128
inc_9,0.00016379520414699954
legal_2,0.00016353244545484443
economics_13,0.00016349790892955827
loss_13,0.0001634577944528933
ltd_15,0.00016343381933401347
office_15,0.00016343150892030378
million_9,0.0001633469609017242
stats_9,0.00016334289661027205
wisconsin_16,0.00016332440521724969
companies_6,0.00016327737197681171
arts_3,0.00016310784687785634
fun_2,0.00016310195395894382
inflation_6,0.00016293106290060256
freedom_16,0.00016285523464799748
carolina_9,0.0001626799227651074
media_1,0.00016264787779364816
products_8,0.00016243881746037266
economy_3,0.00016236145294601303
profit_6,0.00016207923581327906
ceo_14,0.00016189304149867185
law_16,0.00016188885754748873
legal_10,0.0001618593964540656
marriage_16,0.00016152800857688158
hedge_8,0.00016149096776458578
management_15,0.00016138929689663145
ring_16,0.00016136283469236022
fun_4,0.00016125222044037032
credit_14,0.00016112506053289716
marriage_7,0.00016109890658363182
success_15,0.00016102798425135625
ohio_6,0.00016086991757631347
conflict_15,0.00016086137883250176
law_18,0.00016068237036356048
DOW_JONES_15,0.00016062356266686442
housing_2,0.00016057397173670156
water_5,0.00016056140066784695
environment_5,0.00016045856300260467
housing_13,0.00016033149297126696
illinois_20,0.00016031255610432382
million_14,0.00016028488868646346
color_15,0.00016010892106407232
portfolio_3,0.000159860936271701
stats_15,0.0001596077915511808
return_5,0.00015958153237993346
carolina_3,0.000159528458955967
dow_jones_15,0.00015933545573048414
kentucky_1,0.0001592789574399238
texas_14,0.00015925832575339752
cancer_7,0.000159091655896499
kentucky_8,0.00015904555451050348
police_6,0.00015887541685743965
happy_12,0.00015885374599371722
earnings_13,0.0001588484283500089
economics_6,0.00015882577718870724
house_18,0.00015878111967998991
senate_4,0.00015875823528371574
loss_8,0.0001586180029805654
members_18,0.0001582201235725113
william_19,0.00015816338534010627
banking_19,0.00015802629458743362
government_17,0.00015790252719944463
loss_5,0.00015788817184314252
marketing_19,0.00015747973317347557
bubble_18,0.0001573975252272265
economics_15,0.00015733227095802142
corporation_7,0.00015715227102978128
labor_7,0.00015711156719661932
risk_11,0.00015710587994145308
gold_8,0.00015709813142694292
DOW_JONES_13,0.00015697656831099093
pennsylvania_9,0.00015696323638373014
conflict_2,0.00015694804451453408
home_19,0.00015691808521043732
loss_2,0.00015676608207798698
arts_4,0.00015672502217964267
culture_4,0.00015652582599234537
marriage_8,0.00015648546147372625
voters_20,0.00015639017753093604
services_16,0.0001563657989410364
return_20,0.0001563475134463827
food_20,0.0001559840112473753
union_19,0.00015596329235521646
police_14,0.00015578714392399949
media_8,0.0001557775381878233
crash_8,0.000155682211327606
committee_5,0.00015561613433388104
crisis_16,0.00015551085990952833
travel_2,0.00015545173948775746
dow_jones_17,0.00015543320724169742
party_7,0.000155411997223899
election_6,0.00015536418149125923
debt_19,0.00015531261562931424
profit_11,0.00015530612072451718
development_8,0.00015519697187249944
arts_18,0.00015518308833991235
stats_7,0.00015514874159824313
train_13,0.00015495623294140012
opportunity_7,0.0001549359013643186
texas_18,0.00015489424417651168
wisconsin_20,0.00015440658207196482
ring_5,0.00015430576698662317
marketing_7,0.00015423945314580633
tennessee_13,0.000153943101166018
garden_14,0.00015357933306663814
revenue_13,0.00015338935427730688
restaurant_2,0.00015320041272655363
chance_11,0.00015314330932953582
trader_6,0.00015285771733364643
train_16,0.00015283267464768227
food_15,0.00015278662404668992
present_5,0.00015272808293600066
georgia_15,0.00015264488977145596
court_18,0.00015251186340247382
tennessee_6,0.00015249259388504049
financial_6,0.0001523870727208969
president_3,0.00015237859229541245
crash_7,0.0001522234283530602
success_13,0.00015199350407042758
dividend_16,0.0001518382019872818
buy_12,0.00015181965509363762
fed_14,0.00015166016419612308
travel_10,0.0001514338016138258
products_11,0.00015139331593996353
virginia_8,0.00015138037364264062
justice_12,0.00015128142921206773
seats_17,0.00015126318650180494
office_19,0.00015126140118195295
fine_18,0.00015106792927451152
case_7,0.00015093496178768755
sell_10,0.00015088243805724648
million_16,0.00015081364907121962
economy_1,0.0001506751722570416
corporation_14,0.00015058141151211234
labor_18,0.00015057535183737574
management_18,0.00015014933175665768
minister_12,0.00014991956850928553
development_1,0.0001499006073078686
arts_6,0.00014989999552975845
return_19,0.00014986299939142596
district_10,0.00014974255013021454
democratic_1,0.00014944040406461096
metals_11,0.00014937109887317481
cash_5,0.00014923724459721155
color_4,0.00014900618668594592
tennessee_5,0.00014897396582220512
council_18,0.00014897388311435446
banking_14,0.00014889249835005095
opportunity_14,0.00014880911033722307
crash_9,0.00014836994987645356
dow_jones_10,0.00014831162844943982
development_17,0.0001480042790423969
movement_11,0.0001479978357844447
money_17,0.00014785907668392906
project_9,0.00014778964986903665
union_20,0.00014778485896485533
train_18,0.00014775958361425102
movement_17,0.00014772870077716082
seats_16,0.000147382029810346
bubble_13,0.00014733422839679588
ring_1,0.0001472416908419913
companies_10,0.00014690889303751954
judge_5,0.00014664038269247308
media_9,0.00014659273269836451
security_18,0.00014656445199532042
inc_1,0.00014639347631749408
DOW_JONES_18,0.00014637520195457982
growth_8,0.00014627458496931542
color_16,0.00014623883025223307
million_5,0.0001462067553506369
pennsylvania_17,0.00014618644924697342
travel_6,0.00014570335969189003
money_8,0.00014540788216979957
economics_4,0.00014536903875166503
management_14,0.00014536326843896002
firm_3,0.00014534317900641462
fine_10,0.00014532898674207175
investment_8,0.00014518867915685205
banking_3,0.00014510862563292792
stock_market_10,0.00014505409252741982
secretary_5,0.0001450283296543792
founded_2,0.00014499119934493446
freedom_4,0.00014478927247859504
bubble_5,0.0001447550329546814
missouri_3,0.0001446833889360135
security_9,0.00014456070286747018
judge_9,0.00014442260857099197
bank_14,0.0001442914759198846
committee_1,0.00014427508286030848
secretary_6,0.00014427455641705914
economics_17,0.0001441702614943105
york_7,0.0001441222424167055
portfolio_14,0.000144097179810786
members_5,0.00014404942773892942
development_5,0.00014393054508791086
loss_17,0.00014387069592769418
economy_12,0.0001438208709067521
nyse_5,0.00014359188569537188
industry_11,0.00014334678976748977
cancer_15,0.00014334239623471352
profit_20,0.00014333186348366393
party_5,0.000143080992087453
happy_11,0.00014294371909987294
tennessee_7,0.00014292617144892337
profit_18,0.00014285713123000666
success_17,0.00014285087253188269
secretary_11,0.00014273844406321377
restaurant_11,0.00014271039666703385
political_19,0.00014268146857709024
police_9,0.00014265210715654576
loss_1,0.00014259064262879347
economy_8,0.00014231264176979878
governor_8,0.0001422938136362001
york_11,0.00014222357040446793
legal_4,0.00014211917894294088
technology_11,0.00014209784771446226
bonds_20,0.00014164759772734056
votes_15,0.0001415925043953631
blacklist_3,0.00014154129950929588
car_13,0.00014150834369511917
cash_8,0.0001412725193946027
market_15,0.00014123955046128726
food_1,0.00014112168630484482
freedom_18,0.0001409143842302153
council_6,0.00014082106969185023
stocks_7,0.00014061912715119298
color_11,0.0001404996310524075
bonds_16,0.00014048694282243397
legal_15,0.00014048407538959704
council_11,0.00014026579464209124
police_18,0.00014021791164990982
earnings_14,0.00014013407615484153
default_5,0.0001400160483005657
war_10,0.00013998386754936684
secretary_19,0.00013991095298810882
york_14,0.00013968186632678842
present_16,0.00013960579918895704
kentucky_12,0.0001395775201863516
secretary_13,0.00013936571426706478
wisconsin_18,0.00013918584057407142
missouri_1,0.00013895280484219218
firm_7,0.0001388748800083529
case_13,0.0001388021568722099
votes_3,0.00013876954468877698
global_12,0.0001386339507339643
illinois_15,0.0001385948716697688
ohio_1,0.00013858735416370075
color_2,0.00013857903706393398
return_16,0.00013847631093042977
media_2,0.00013839271194478444
justice_20,0.0001382888941132157
growth_10,0.00013822239121778884
representatives_9,0.00013804070422253502
fed_3,0.00013794091991183938
religion_10,0.0001377257359240194
virginia_13,0.00013760500269655702
security_14,0.00013756123049400398
council_3,0.00013747363180042382
project_17,0.00013739782495766572
seats_9,0.00013725634387157614
dow_jones_5,0.00013688332495636046
war_14,0.00013676867945068292
bonds_8,0.00013669643880823457
chance_19,0.0001366143266206068
debt_16,0.00013660787883456744
conflict_16,0.00013650644838619243
senate_20,0.00013602346491357932
growth_5,0.00013592736740008568
marketing_4,0.00013588097956445714
environment_14,0.00013585079609016744
federal_16,0.00013576099930285784
travel_5,0.00013565835819037692
inc_5,0.0001355346607907925
dividend_2,0.00013553325873277933
success_6,0.00013544749177025095
restaurant_10,0.00013540126413477652
bank_11,0.0001352422113185296
sell_14,0.00013504387698008821
voters_6,0.00013477924362048164
media_14,0.0001347740969113562
union_12,0.00013461125258452478
marriage_5,0.00013459237828063417
marriage_18,0.00013441041884292056
markets_4,0.00013424001558843103
vermont_11,0.00013422031387479825
stock_market_12,0.00013411174899990704
opportunity_2,0.00013394550210348952
marketing_18,0.00013385447351888432
freedom_12,0.00013378457398147004
business_7,0.00013376026468295477
politics_6,0.00013374070919803215
rights_10,0.00013370868801086992
blacklist_5,0.00013365279550410495
community_17,0.00013342910552724117
economics_7,0.0001332240536360939
society_19,0.00013303807878560357
portfolio_8,0.00013300307037758646
social_12,0.00013280488035753688
representatives_4,0.0001325761585773156
markets_15,0.00013253791916436228
earnings_11,0.000132501962428168
politics_16,0.0001323124889912471
ring_4,0.00013182421032656064
illinois_7,0.0001317052513956194
founded_3,0.0001316492877039576
ceo_11,0.00013163905622865042
tennessee_20,0.00013163513200183566
founded_12,0.00013135441534830632
carolina_14,0.000131326504518561
garden_19,0.00013113474876426146
arts_19,0.00013103385453751336
debt_14,0.00013085458993256354
founded_6,0.00013082008453219504
technology_20,0.00013071971517122452
freedom_3,0.00013053429676245044
committee_8,0.00013035808446504004
earnings_9,0.00013025550328804882
washington_18,0.000130180172789054
cancer_17,0.00012997630933121526
risk_3,0.00012982578759144958
votes_12,0.00012978130870658345
risk_8,0.00012966289736318054
culture_16,0.00012963756326803534
economic_19,0.000129605629918373
case_17,0.00012937361562587977
kitchen_17,0.0001292574601559454
society_7,0.00012924281314057262
finance_4,0.00012881249711203924
conflict_3,0.00012870876213220658
economic_7,0.0001286968347715473
million_17,0.00012866232431145224
lifestyle_18,0.00012846901529549174
arts_13,0.00012836357054471465
kentucky_20,0.00012802864531030045
revenue_8,0.00012801329819384582
economic_3,0.00012800051489476422
garden_13,0.00012790843427268778
risk_5,0.00012789858432388695
consumption_13,0.00012789194630560342
water_20,0.00012784609173048433
happy_10,0.00012779833298911738
products_19,0.00012776893424807436
virginia_14,0.00012773379994845531
risk_15,0.0001276436010974765
markets_16,0.00012761543382552474
holiday_7,0.00012755384088246474
elections_20,0.0001273231933932083
portfolio_6,0.00012689504676879698
services_5,0.0001268740210270005
housing_17,0.0001268477630455371
million_1,0.00012661377526729868
unemployment_10,0.0001266019200843684
profit_13,0.0001265877073140233
project_3,0.00012642961130385807
ltd_7,0.00012636893461288504
earnings_15,0.00012633240407049868
case_14,0.00012630071955961245
act_14,0.00012629703343283678
fine_15,0.00012621655244274515
success_5,0.0001262117010093847
finance_12,0.00012543690725354135
georgia_13,0.00012521032443966082
senate_16,0.00012506263863167912
global_9,0.00012489415589406598
environment_13,0.000124511154392649
money_4,0.0001245023734131147
labor_12,0.00012431003212881296
tennessee_1,0.00012425457361239472
society_3,0.00012392186529138876
oil_1,0.00012384655113588014
food_3,0.00012375125839021272
massachusetts_4,0.00012374183413133962
tennessee_3,0.0001237171006506714
cash_18,0.00012361330939520342
million_20,0.00012343630367101508
freedom_6,0.00012326614504157117
committee_2,0.00012308562049408173
return_7,0.000122967568351015
project_1,0.0001229437953558429
loss_19,0.00012286328767670602
ring_20,0.00012285363228843702
industry_12,0.00012269394316312206
bonds_4,0.000122277908345296
washington_1,0.00012210509508223742
blacklist_8,0.00012160364134078806
default_8,0.00012155247371510865
earnings_7,0.0001213879437009188
revenue_2,0.00012135031230915537
unemployment_13,0.00012126632408548565
housing_20,0.00012125402866702527
ltd_14,0.00012118918413495881
loss_16,0.00012107102397329941
marriage_10,0.00012104649183090357
economy_9,0.00012082151942647683
fed_11,0.00012054253652242622
governor_4,0.0001202247352563805
default_1,0.00012010694207763998
growth_11,0.00012002133395310212
companies_20,0.00011996989086812795
rights_12,0.00011996116132957264
senate_13,0.0001197661122396906
conflict_8,0.00011968560853545392
members_7,0.00011947983194552451
present_11,0.00011902633251671794
project_7,0.00011902117369834065
market_2,0.00011897903623639373
served_19,0.00011860142494781191
economy_2,0.00011850140602282307
present_6,0.00011847634755573432
washington_11,0.00011834769006232789
products_6,0.00011830212904813423
union_3,0.00011813260158987163
million_13,0.00011811722004515227
minister_17,0.00011798271015135615
travel_13,0.00011782280620045259
vermont_4,0.0001178104921712512
william_7,0.00011767964142495
opportunity_18,0.00011728741799142305
dividend_5,0.00011719995279245703
portfolio_16,0.00011713999443759065
elections_12,0.00011691100180189549
present_19,0.00011679732396584929
loss_11,0.00011660485945489143
illinois_3,0.00011652970953562793
bonds_7,0.00011652627363171179
dow_jones_20,0.00011631917868685602
elected_8,0.00011626103192672995
ring_7,0.00011619408197090522
financial_9,0.00011589135026224966
elections_17,0.00011567816485419946
present_8,0.00011563119547101411
hedge_15,0.00011553167307051389
arts_1,0.0001153745747928794
metals_4,0.00011504093417357378
culture_1,0.00011492181561925105
wisconsin_3,0.0001148434277840663
committee_7,0.00011473308751082979
votes_7,0.00011468062978784121
culture_17,0.00011461523331763137
virginia_12,0.00011460864420109453
inflation_16,0.00011440203916779946
tennessee_15,0.00011397675838984522
representatives_3,0.00011389629236165971
judge_13,0.00011342299322686464
ring_15,0.0001131151554400878
food_11,0.000113067792152435
environment_17,0.00011296162548766111
earnings_16,0.00011288389253540078
holiday_20,0.00011269597573519749
dividend_12,0.00011249688453024316
act_17,0.000112389404454489
earnings_6,0.00011234200830711504
portfolio_13,0.00011205712879297871
sell_7,0.00011203321302266064
products_7,0.00011199571859140884
college_19,0.00011196531817337671
market_1,0.00011195966411193269
crisis_8,0.00011182804270017551
labor_5,0.00011182698510064409
world_3,0.00011159364620794387
default_16,0.00011150397748564556
fun_17,0.00011127670498020588
economy_18,0.00011126170136986802
industry_6,0.00011100983037723395
media_4,0.00011099462038369594
justice_4,0.00011097654165497807
economics_10,0.00011093610089954487
trader_19,0.00011073536390491835
metals_7,0.00011044976357707237
DOW_JONES_5,0.00011020230460377584
senate_6,0.00011014429641384729
marketing_8,0.00010980422643262912
color_19,0.00010917964984804
society_14,0.00010915795210735296
nyse_11,0.00010910518684396197
cancer_19,0.0001088850537549337
opportunity_9,0.00010880086507106772
media_12,0.00010850514546152716
conflict_11,0.00010841636288878888
products_1,0.00010838659902121137
success_11,0.00010808371746547949
business_4,0.00010803962684160461
committee_11,0.00010798301644233926
justice_19,0.0001079630932703016
secretary_20,0.00010783634877569042
economy_11,0.00010776284459118752
court_10,0.00010765025721659294
gain_4,0.00010762608067527287
cash_1,0.00010739373693608936
return_13,0.00010736992117263349
debt_11,0.00010723020245758615
political_4,0.00010699743338077748
million_15,0.00010632467868700131
stock_market_16,0.00010631867304272178
fed_13,0.00010600467601525728
stock_market_2,0.00010571801146339074
ceo_19,0.00010568080006514069
development_10,0.00010563381304867321
invest_8,0.00010556838592411043
firm_19,0.00010550637310817621
secretary_3,0.00010537495472275479
project_5,0.00010484906069620812
founded_18,0.00010457213071162043
secretary_10,0.00010434890169994004
fed_18,0.00010432418603220388
returns_2,0.0001042724057080862
founded_15,0.00010426045533244714
companies_17,0.00010415281461116612
federal_13,0.0001040621604577452
judge_8,0.00010400835090984042
religion_15,0.00010379093590876121
chance_9,0.0001037343474052412
seats_18,0.00010371881947845662
banking_11,0.00010363115237624384
sell_12,0.00010347502758694928
religion_2,0.00010333158810083136
default_6,0.00010316225168069687
products_18,0.00010309931089324378
economy_5,0.00010267405684285921
gain_8,0.00010264560024687124
carolina_8,0.000102359700965122
DOW_JONES_20,0.00010235582193181447
ceo_8,0.00010202024631319291
seats_13,0.00010201240880878772
case_11,0.00010198366027287991
success_8,0.00010185150107449618
metals_8,0.00010181456206610324
secretary_17,0.00010180564675930962
founded_17,0.00010176547980788721
development_12,0.00010150624399392293
trader_18,0.00010137631291863556
ring_3,0.000101374495040006
county_13,0.00010133208366727192
portfolio_19,0.00010127760480813088
ltd_20,0.0001011051212525614
arts_20,0.00010073009293218803
ltd_16,0.0001004406704266476
world_14,0.00010014877621049699
war_3,9.995131400134349e-05
industry_13,9.984218070409204e-05
gains_18,9.956402023540038e-05
trader_15,9.944853421075742e-05
washington_10,9.929030625933936e-05
unemployment_5,9.914889791190483e-05
earnings_10,9.889840973916338e-05
revenue_16,9.888948772056716e-05
illinois_12,9.869077338859341e-05
garden_11,9.859240065654324e-05
risk_20,9.846475612399314e-05
returns_17,9.8432127585533e-05
profit_7,9.839651196769924e-05
trader_17,9.835707553566422e-05
million_10,9.811210274704191e-05
revenue_20,9.807271875865533e-05
nasdaq_7,9.79886695292148e-05
hedge_18,9.781304332470169e-05
default_17,9.768217754552558e-05
economic_8,9.759811285779988e-05
elections_5,9.71629690237652e-05
religion_6,9.702946132451316e-05
trader_12,9.672695481922992e-05
seats_20,9.668630347336024e-05
movement_5,9.645744067540097e-05
justice_6,9.628743062537816e-05
vermont_14,9.598067996870204e-05
debt_10,9.59223643160094e-05
unemployment_14,9.587176020679398e-05
companies_13,9.581902018864852e-05
gains_15,9.579104888384804e-05
lifestyle_12,9.545047717823424e-05
bonds_6,9.5344542471453e-05
elected_9,9.532926637316961e-05
members_3,9.52279012441936e-05
culture_18,9.517575349744732e-05
culture_8,9.515989573122795e-05
home_20,9.498531703825539e-05
environment_15,9.495108153287944e-05
dividend_15,9.464546387271757e-05
william_15,9.461391621700943e-05
fine_3,9.45730832306655e-05
profit_4,9.455602335770751e-05
committee_15,9.454049970892338e-05
default_14,9.434835349546556e-05
nyse_19,9.434056490001608e-05
economy_20,9.43059211467896e-05
seats_6,9.427401879425344e-05
industry_15,9.418906629736716e-05
blacklist_12,9.398402947440144e-05
dow_jones_3,9.395129649401595e-05
debt_12,9.372637131511634e-05
services_4,9.365912298619536e-05
tennessee_10,9.336361119290204e-05
arts_9,9.315978964934001e-05
stocks_17,9.306800263875121e-05
elections_1,9.303612807531384e-05
voters_3,9.281022161712306e-05
pennsylvania_8,9.257635858104176e-05
bubble_8,9.235677124208054e-05
service_12,9.218773463426396e-05
rights_15,9.217563646883916e-05
council_9,9.21357801224776e-05
act_11,9.209729221410764e-05
metals_16,9.19138682953514e-05
portfolio_12,9.178856473261936e-05
legal_9,9.164004107738208e-05
portfolio_7,9.126777711655655e-05
industry_17,9.117550573689216e-05
loss_20,9.108727705535009e-05
ltd_12,9.03477211653084e-05
million_11,9.031702263139548e-05
risk_9,9.014295175632964e-05
inflation_19,9.009054748216353e-05
crisis_7,9.008915385357594e-05
economy_6,9.00593289849409e-05
banking_5,8.992310691328999e-05
economy_13,8.982940949537047e-05
technology_8,8.943718768670253e-05
founded_5,8.916573568283265e-05
project_6,8.82913590924105e-05
labor_13,8.814843304093255e-05
war_15,8.809363472722728e-05
bonds_10,8.793787543687735e-05
ltd_2,8.772131847414817e-05
products_10,8.769225692775598e-05
economic_2,8.74875883283241e-05
cash_6,8.737993774503342e-05
police_16,8.735877741124053e-05
rights_19,8.715693316258936e-05
crisis_12,8.714927703284637e-05
massachusetts_8,8.710441462229133e-05
committee_18,8.706938490929646e-05
council_5,8.687303217692083e-05
banking_2,8.685053414716252e-05
tennessee_17,8.606706675795356e-05
committee_4,8.575264893617116e-05
economic_10,8.5531852319375e-05
fed_10,8.552103725962912e-05
wisconsin_19,8.545906366201562e-05
default_10,8.531998291353713e-05
metals_6,8.527539209050756e-05
vermont_15,8.524103112059226e-05
firm_17,8.511505128267541e-05
markets_8,8.507855666144814e-05
members_10,8.493598742021842e-05
case_16,8.474093660324303e-05
invest_5,8.454186592410658e-05
economics_19,8.444715675712035e-05
color_1,8.430983566819367e-05
founded_1,8.404956199273933e-05
global_17,8.393137229951059e-05
marketing_16,8.355325933685328e-05
DOW_JONES_12,8.297396549954988e-05
arts_7,8.288147732303672e-05
blacklist_2,8.287879163505533e-05
management_11,8.234185367222395e-05
environment_9,8.229369585974063e-05
seats_7,8.204084369299154e-05
police_5,8.194257934317141e-05
nyse_17,8.163300355012398e-05
founded_14,8.156034271158825e-05
trader_16,8.146625243837883e-05
culture_3,8.137919861812554e-05
nasdaq_4,8.062256410273059e-05
votes_1,8.054863491278305e-05
color_18,8.049180778143137e-05
members_11,8.023812887806497e-05
pennsylvania_13,8.019874442026242e-05
markets_5,8.00269751620111e-05
lifestyle_5,8.001790886127857e-05
opportunity_4,7.95297442113382e-05
environment_1,7.947749169270021e-05
hedge_3,7.939209540936463e-05
lifestyle_20,7.932302075944386e-05
risk_14,7.896927258701364e-05
color_8,7.895598874616336e-05
blacklist_20,7.876639248156641e-05
ltd_17,7.853043542654566e-05
opportunity_3,7.835667537649688e-05
debt_18,7.757161988129715e-05
banking_12,7.722064303721218e-05
bonds_14,7.717072920670356e-05
default_20,7.705108646536741e-05
default_12,7.661512279218801e-05
georgia_8,7.63754784600586e-05
stocks_1,7.635741442456552e-05
invest_6,7.626336211245478e-05
DOW_JONES_3,7.61181640070341e-05
environment_2,7.601072178842457e-05
governor_18,7.57551523215762e-05
nyse_1,7.573280691687629e-05
council_2,7.466239330272012e-05
revenue_19,7.452286990591984e-05
crisis_9,7.432487571240414e-05
invest_19,7.421850682766771e-05
crisis_17,7.4011138414546e-05
lifestyle_11,7.341207837574889e-05
firm_11,7.283748690805197e-05
firm_5,7.258665034468927e-05
movement_1,7.247022339583329e-05
pennsylvania_14,7.246882301970359e-05
crisis_6,7.179436731015145e-05
case_8,7.174116701692033e-05
wisconsin_10,7.166597288417577e-05
judge_19,7.154096107498921e-05
federal_6,7.099936198980092e-05
bonds_13,7.057716562632256e-05
stock_market_4,7.056498205235473e-05
bubble_16,7.054863640516463e-05
marriage_14,7.03318136201423e-05
economic_12,7.024191160377674e-05
hedge_14,7.019102728142994e-05
economics_14,7.016378326947529e-05
financial_2,7.009391790743094e-05
global_15,7.005732465948983e-05
economic_6,6.990114772512664e-05
ceo_1,6.989370099299312e-05
portfolio_15,6.987787819017044e-05
william_14,6.983286646481102e-05
voters_16,6.961476175968769e-05
ltd_9,6.943544170671554e-05
energy_7,6.88948636274372e-05
movement_3,6.875127937352707e-05
representatives_6,6.866027441978443e-05
success_7,6.819950833799167e-05
debt_4,6.801458066692213e-05
minister_1,6.761829160318893e-05
dow_jones_8,6.758530525094179e-05
elected_20,6.673148396548297e-05
members_16,6.66919907314849e-05
present_20,6.652915167568975e-05
investment_10,6.647722344737453e-05
stocks_5,6.630442445208391e-05
debt_6,6.618212459480497e-05
society_17,6.616006077927874e-05
cash_3,6.610793291115924e-05
revenue_6,6.60648549744064e-05
ltd_5,6.593432821845862e-05
stocks_13,6.592896150440108e-05
revenue_5,6.54802196616299e-05
blacklist_19,6.543541302009744e-05
economic_20,6.540152785643592e-05
bubble_4,6.470493169377683e-05
bubble_10,6.469045694278246e-05
industry_4,6.405317310530119e-05
economic_14,6.380064393054184e-05
crisis_20,6.319928262541672e-05
society_13,6.310236257427713e-05
movement_2,6.30434770568435e-05
financial_11,6.300920694267756e-05
industry_16,6.23080013933373e-05
conflict_13,6.219950788987708e-05
nyse_18,6.202419664781229e-05
economic_4,6.18843379348491e-05
corporation_16,6.177190640144407e-05
society_15,6.166618740717787e-05
vermont_12,6.156146331416114e-05
movement_18,6.097582721067892e-05
fine_11,6.0767576276656565e-05
economy_10,5.973474509458096e-05
media_5,5.971928132705671e-05
stocks_2,5.965145776260289e-05
politics_13,5.954451162708621e-05
markets_19,5.889274808272729e-05
dow_jones_2,5.883881279149249e-05
lifestyle_16,5.795931434092492e-05
vermont_6,5.752450588929431e-05
default_3,5.716206304771188e-05
opportunity_5,5.6576396046038685e-05
dividend_19,5.6461023721675205e-05
massachusetts_18,5.632504161044373e-05
color_14,5.5870514675294223e-05
cash_4,5.577236245400372e-05
success_16,5.5704943713598865e-05
earnings_5,5.520137109116233e-05
default_4,5.476033701470686e-05
stock_market_14,5.406218120098208e-05
governor_1,5.292478944495109e-05
gain_13,5.279749485876406e-05
gains_7,5.269647853606991e-05
bonds_19,5.267237995875833e-05
unemployment_9,5.198135960624576e-05
investment_3,5.188690080958198e-05
served_9,5.184616494225706e-05
bubble_6,5.102293465342547e-05
seats_12,5.09058131621706e-05
gains_19,5.0498039673417515e-05
religion_14,5.03002314442585e-05
metals_12,5.0183599477733707e-05
vermont_7,4.981056352808306e-05
pennsylvania_6,4.959468882891797e-05
holiday_19,4.9511064399634836e-05
marketing_20,4.951008867515208e-05
firm_16,4.942920894435141e-05
inflation_20,4.897620792763901e-05
religion_20,4.8667642302793783e-05
founded_8,4.858919994025896e-05
minister_18,4.815017467375458e-05
stocks_10,4.81389954692901e-05
blacklist_6,4.6498625695407427e-05
risk_18,4.60550430816778e-05
voters_18,4.584679122807365e-05
crisis_18,4.546950582304489e-05
nyse_7,4.5142167964077945e-05
politics_18,4.498797586244992e-05
present_4,4.488731731753054e-05
vermont_13,4.405685626411954e-05
train_14,4.384414882907469e-05
lifestyle_8,4.290806522768782e-05
portfolio_4,4.283584759848579e-05
voters_12,4.273779285690722e-05
politics_5,4.2284083217143934e-05
default_2,4.133307271194029e-05
elected_4,4.130803053509378e-05
gain_19,4.120664553426572e-05
economics_18,4.0533075826174956e-05
ltd_4,4.023406712605565e-05
rights_11,4.002875026156138e-05
seats_19,3.9297796721198875e-05
fine_14,3.9229678876173166e-05
seats_5,3.922597877428951e-05
ceo_2,3.9185288113797385e-05
industry_20,3.772667789352756e-05
politics_7,3.702587865487574e-05
founded_19,3.6933648331325306e-05
invest_18,3.624433656046057e-05
gains_8,3.615356840302611e-05
success_4,3.580199844103152e-05
members_15,3.4648615183368627e-05
investment_11,3.4281997303730016e-05
invest_17,3.4121942879600264e-05
firm_4,3.359469596318187e-05
invest_20,3.3413554449875226e-05
gains_2,3.329641603678265e-05
present_2,3.2302444485373384e-05
minister_4,3.2240350998150754e-05
investment_20,3.203947153527595e-05
minister_15,3.200277228596541e-05
vermont_1,3.176826851921646e-05
nyse_13,3.138585204961793e-05
travel_8,3.10247680358056e-05
movement_15,3.080663000444072e-05
industry_2,3.061405323896519e-05
lifestyle_3,3.0343830250620997e-05
voters_8,3.025592171425501e-05
founded_4,2.9517702157791754e-05
gains_12,2.9250659757852283e-05
hedge_13,2.902319277991595e-05
inflation_8,2.8734694516719488e-05
council_16,2.7260644204288536e-05
conflict_14,2.685798144223348e-05
bonds_1,2.6707930090038854e-05
nyse_16,2.637101658514476e-05
elected_12,2.630995035657825e-05
nasdaq_11,2.622513515005748e-05
gain_20,2.6162637092289536e-05
economy_16,2.499621275746142e-05
hedge_12,2.428081017426927e-05
hedge_2,2.344016389659921e-05
nasdaq_12,2.3314960739566533e-05
hedge_4,2.247340494305831e-05
lifestyle_14,2.2355794665426224e-05
lifestyle_9,2.234774493538263e-05
hedge_1,2.197329285369483e-05
seats_11,2.1398114827156925e-05
fed_16,2.129559860228237e-05
economy_14,2.0188638971323552e-05
default_11,2.005177511596265e-05
economy_7,1.9902833156937803e-05
nyse_14,1.973473126318123e-05
consumption_7,1.9724389883058028e-05
nasdaq_5,1.924843923237652e-05
pennsylvania_7,1.8587368714526505e-05
industry_7,1.853926164469624e-05
investment_18,1.7877947640136604e-05
industry_3,1.7723434804402995e-05
consumption_19,1.7702153417658065e-05
nyse_15,1.688477537153459e-05
lifestyle_15,1.6872755946673284e-05
movement_19,1.6639516268676573e-05
minister_3,1.6526825436915157e-05
nyse_4,1.6373107936339575e-05
elected_6,1.6017325250011514e-05
gains_9,1.4713711674501724e-05
invest_9,1.4274591961857565e-05
present_15,1.3987538274728863e-05
invest_7,1.3685558352372608e-05
nasdaq_20,1.3134796107157492e-05
voters_5,1.27133765639825e-05
industry_18,1.2343366950710976e-05
served_16,1.222895567437936e-05
nyse_6,1.2154258217384695e-05
gains_16,1.2022530928624715e-05
served_6,1.073303591829224e-05
invest_4,1.0531239551282837e-05
lifestyle_2,9.98416453576221e-06
gains_10,9.834925320206824e-06
voters_19,9.525549638408447e-06
firm_1,9.186830448697342e-06
served_10,9.127046800018538e-06
invest_2,8.105670351680742e-06
votes_11,8.062981191552185e-06
elected_14,8.036613812016474e-06
hedge_7,5.9116961168248224e-06
consumption_2,5.522500297996448e-06
served_7,5.044008860417202e-06
lifestyle_17,4.508635156038404e-06
elected_3,4.317328164791212e-06
consumption_14,4.306355029097935e-06
invest_12,4.2065275459653064e-06
consumption_5,3.4976166665969324e-06
served_4,2.6298114002287947e-06
served_8,2.6273171224883754e-06
firm_12,2.61539118030943e-06
seats_14,2.3651944881784683e-06
inflation_3,2.1573549056600933e-06
invest_13,1.6727773154570684e-06
seats_10,1.2963401432108157e-06
gains_6,1.2243997510523728e-06
invest_11,7.114963955989383e-07
gain_3,6.112552105642812e-07
gains_5,4.911369233844178e-07
industry_8,1.3838615280349273e-07
served_13,1.1285779760388992e-07
consumption_12,3.3358082577421506e-08
BUY_AND_HOLD_1,
BUY_AND_HOLD_2,
BUY_AND_HOLD_3,
BUY_AND_HOLD_4,
BUY_AND_HOLD_5,
BUY_AND_HOLD_6,
BUY_AND_HOLD_7,
BUY_AND_HOLD_8,
BUY_AND_HOLD_9,
BUY_AND_HOLD_10,
BUY_AND_HOLD_11,
BUY_AND_HOLD_12,
BUY_AND_HOLD_13,
BUY_AND_HOLD_14,
BUY_AND_HOLD_15,
BUY_AND_HOLD_16,
BUY_AND_HOLD_17,
BUY_AND_HOLD_18,
BUY_AND_HOLD_19,
BUY_AND_HOLD_20,
consume_1,
consume_2,
consume_3,
consume_4,
consume_5,
consume_6,
consume_7,
consume_8,
consume_9,
consume_10,
consume_11,
consume_12,
consume_13,
consume_14,
consume_15,
consume_16,
consume_17,
consume_18,
consume_19,
consume_20,
consumption_1,
consumption_3,
consumption_4,
consumption_6,
consumption_8,
consumption_9,
consumption_10,
consumption_11,
consumption_15,
consumption_16,
consumption_17,
consumption_18,
consumption_20,
derivatives_1,
derivatives_2,
derivatives_3,
derivatives_4,
derivatives_5,
derivatives_6,
derivatives_7,
derivatives_8,
derivatives_9,
derivatives_10,
derivatives_11,
derivatives_12,
derivatives_13,
derivatives_14,
derivatives_15,
derivatives_16,
derivatives_17,
derivatives_18,
derivatives_19,
derivatives_20,
dividend_13,
elected_2,
elected_5,
elected_17,
financial_markets_1,
financial_markets_2,
financial_markets_3,
financial_markets_4,
financial_markets_5,
financial_markets_6,
financial_markets_7,
financial_markets_8,
financial_markets_9,
financial_markets_10,
financial_markets_11,
financial_markets_12,
financial_markets_13,
financial_markets_14,
financial_markets_15,
financial_markets_16,
financial_markets_17,
financial_markets_18,
financial_markets_19,
financial_markets_20,
fond_1,
fond_2,
fond_3,
fond_4,
fond_5,
fond_6,
fond_7,
fond_8,
fond_9,
fond_10,
fond_11,
fond_12,
fond_13,
fond_14,
fond_15,
fond_16,
fond_17,
fond_18,
fond_19,
fond_20,
forex_1,
forex_2,
forex_3,
forex_4,
forex_5,
forex_6,
forex_7,
forex_8,
forex_9,
forex_10,
forex_11,
forex_12,
forex_13,
forex_14,
forex_15,
forex_16,
forex_17,
forex_18,
forex_19,
forex_20,
gains_1,
gains_3,
gains_4,
gains_11,
gains_13,
gains_14,
gains_17,
greed_1,
greed_2,
greed_3,
greed_4,
greed_5,
greed_6,
greed_7,
greed_8,
greed_9,
greed_10,
greed_11,
greed_12,
greed_13,
greed_14,
greed_15,
greed_16,
greed_17,
greed_18,
greed_19,
greed_20,
headlines_1,
headlines_2,
headlines_3,
headlines_4,
headlines_5,
headlines_6,
headlines_7,
headlines_8,
headlines_9,
headlines_10,
headlines_11,
headlines_12,
headlines_13,
headlines_14,
headlines_15,
headlines_16,
headlines_17,
headlines_18,
headlines_19,
headlines_20,
industry_9,
inflation_1,
inflation_2,
inflation_4,
inflation_7,
inflation_10,
inflation_11,
inflation_12,
inflation_14,
inflation_17,
inflation_18,
invest_1,
invest_3,
invest_10,
invest_14,
invest_15,
leverage_1,
leverage_2,
leverage_3,
leverage_4,
leverage_5,
leverage_6,
leverage_7,
leverage_8,
leverage_9,
leverage_10,
leverage_11,
leverage_12,
leverage_13,
leverage_14,
leverage_15,
leverage_16,
leverage_17,
leverage_18,
leverage_19,
leverage_20,
lifestyle_7,
ministry_1,
ministry_2,
ministry_3,
ministry_4,
ministry_5,
ministry_6,
ministry_7,
ministry_8,
ministry_9,
ministry_10,
ministry_11,
ministry_12,
ministry_13,
ministry_14,
ministry_15,
ministry_16,
ministry_17,
ministry_18,
ministry_19,
ministry_20,
nasdaq_2,
nasdaq_3,
nasdaq_10,
nasdaq_13,
nasdaq_14,
nasdaq_16,
nasdaq_17,
nasdaq_19,
nyse_10,
nyse_12,
ore_1,
ore_2,
ore_3,
ore_4,
ore_5,
ore_6,
ore_7,
ore_8,
ore_9,
ore_10,
ore_11,
ore_12,
ore_13,
ore_14,
ore_15,
ore_16,
ore_17,
ore_18,
ore_19,
ore_20,
rare_earths_1,
rare_earths_2,
rare_earths_3,
rare_earths_4,
rare_earths_5,
rare_earths_6,
rare_earths_7,
rare_earths_8,
rare_earths_9,
rare_earths_10,
rare_earths_11,
rare_earths_12,
rare_earths_13,
rare_earths_14,
rare_earths_15,
rare_earths_16,
rare_earths_17,
rare_earths_18,
rare_earths_19,
rare_earths_20,
seats_2,
served_1,
served_2,
served_3,
served_5,
served_12,
served_14,
served_15,
served_18,
served_20,
short_sell_1,
short_sell_2,
short_sell_3,
short_sell_4,
short_sell_5,
short_sell_6,
short_sell_7,
short_sell_8,
short_sell_9,
short_sell_10,
short_sell_11,
short_sell_12,
short_sell_13,
short_sell_14,
short_sell_15,
short_sell_16,
short_sell_17,
short_sell_18,
short_sell_19,
short_sell_20,
short_selling_1,
short_selling_2,
short_selling_3,
short_selling_4,
short_selling_5,
short_selling_6,
short_selling_7,
short_selling_8,
short_selling_9,
short_selling_10,
short_selling_11,
short_selling_12,
short_selling_13,
short_selling_14,
short_selling_15,
short_selling_16,
short_selling_17,
short_selling_18,
short_selling_19,
short_selling_20,
tourism_1,
tourism_2,
tourism_3,
tourism_4,
tourism_5,
tourism_6,
tourism_7,
tourism_8,
tourism_9,
tourism_10,
tourism_11,
tourism_12,
tourism_13,
tourism_14,
tourism_15,
tourism_16,
tourism_17,
tourism_18,
tourism_19,
tourism_20,
transaction_1,
transaction_2,
transaction_3,
transaction_4,
transaction_5,
transaction_6,
transaction_7,
transaction_8,
transaction_9,
transaction_10,
transaction_11,
transaction_12,
transaction_13,
transaction_14,
transaction_15,
transaction_16,
transaction_17,
transaction_18,
transaction_19,
transaction_20,
vermont_2,
vermont_3,
vermont_5,
vermont_17,
vermont_19,
