features,feature_score
BUY_AND_HOLD_14,0.004601115599865888
sell_17,0.0019901641330279845
financial_markets_17,0.0016935776261300282
restaurant_18,0.0016561960828953616
rich_9,0.001518059297513494
return_19,0.0014944610209566534
party_17,0.0014322219297220969
travel_18,0.0014249565539113827
development_7,0.00141736356233101
short_sell_16,0.0013947375256577437
management_18,0.0013405782509595997
stats_10,0.001335295920771127
ring_17,0.0013124118300227553
kitchen_20,0.0012472481506022944
minister_19,0.0012389642834102724
stocks_1,0.0011904026033465402
train_17,0.0011584775150194967
ring_7,0.0011148470487978713
train_19,0.0011056788930243135
sell_9,0.0011011670034121357
crisis_19,0.0010922995024415267
york_15,0.001089046298477452
travel_9,0.0010835877556754018
conflict_20,0.00106266612070501
companies_9,0.0010402051319037236
financial_9,0.0010312388737615341
holiday_12,0.0010302496580653143
trader_17,0.0010245555499917383
garden_18,0.0010238439090955109
profit_6,0.0010229567564682164
garden_17,0.0010157825133971935
credit_12,0.0010093317379641239
tennessee_18,0.0010075839066202251
revenue_7,0.0010018070820805105
party_9,0.0009940326421987533
fed_11,0.0009885778493593771
carolina_20,0.0009846267789570017
rights_8,0.0009823987727507716
stock_market_18,0.000975701842661748
york_11,0.00096754086972825
act_17,0.0009573137489726814
bank_7,0.0009521032759551368
color_20,0.0009513566432245851
technology_5,0.0009492666704089541
republican_19,0.0009423748652471176
media_12,0.0009325259996797657
short_selling_17,0.0009324631851625307
district_10,0.0009324607201822068
house_10,0.0009239857056924723
labor_18,0.0009220374441225651
cancer_17,0.0009170882140407921
act_2,0.000916464793914845
dow_jones_5,0.0009003991872071136
management_11,0.0008988488944897483
social_17,0.0008783445920093198
finance_18,0.0008714272057627855
opportunity_20,0.0008705346820126374
corporation_11,0.0008681864391498941
police_11,0.0008629117364959404
present_17,0.0008611984320126988
water_17,0.0008548274130467917
virginia_9,0.0008506428233184283
politics_14,0.0008473580499980385
social_19,0.000840634445160006
case_1,0.0008389601458418732
vermont_16,0.0008364811282684812
gold_8,0.0008340451586617132
pennsylvania_18,0.0008312121452354051
environment_8,0.0008308178201214058
garden_19,0.0008229901741722206
texas_16,0.0008219582102308204
travel_8,0.0008197748565955385
kitchen_17,0.000819222961200248
housing_5,0.0008091636566382827
war_6,0.0008059960619355594
invest_19,0.0008035954887547826
industry_7,0.0008015537698341619
justice_19,0.0008015095319520414
project_4,0.0007897552972242533
movement_16,0.0007889643219157745
missouri_4,0.0007889156816501038
inflation_19,0.0007840510139450478
gain_9,0.000774058062839038
war_4,0.0007712078731824623
judge_12,0.0007643845395113091
virginia_2,0.0007624462250014195
illinois_8,0.0007599980577917996
returns_3,0.0007594180710723379
holiday_11,0.0007548391602648732
revenue_16,0.0007541234212642465
elections_12,0.0007514297310359641
virginia_15,0.0007507146166485149
buy_18,0.0007499818973621934
debt_11,0.0007461956828549379
kentucky_8,0.000742943875666905
bubble_2,0.000742752725787836
college_10,0.0007413797010348149
votes_2,0.000740212765357802
energy_1,0.0007383680116612066
money_19,0.000734877120738113
markets_15,0.0007338428247820945
car_19,0.0007335879394935646
pennsylvania_15,0.0007335765114862908
present_20,0.0007329192229314697
stock_market_7,0.0007318396171648393
vermont_9,0.0007314403581974498
governor_4,0.0007294187942178182
economics_19,0.0007271156663911764
kitchen_16,0.0007268556455545585
risk_17,0.0007257176777573857
development_19,0.000725558059367595
members_15,0.0007219615047072193
economics_16,0.0007216889547913387
profit_15,0.0007163602394030846
corporation_15,0.0007163003727387576
house_12,0.0007156798827338301
firm_5,0.000711728436782657
corporation_16,0.0007117132145233825
services_3,0.0007108379592763594
fed_18,0.0007074332217868093
secretary_17,0.0007070904416096945
return_17,0.0007050261580156561
conflict_6,0.0007032243350530355
gains_2,0.0007004740440279209
home_10,0.0006999977981478063
garden_1,0.0006987778910117489
rights_18,0.0006961338997119006
law_18,0.0006925190487912971
present_9,0.0006906460492762519
short_sell_3,0.0006879853273721586
car_15,0.0006851780235733312
housing_17,0.0006844561305414475
tennessee_6,0.0006834471517708401
inc_8,0.0006792611734688505
stock_market_20,0.0006784692852074582
technology_10,0.0006776954101168007
hedge_16,0.0006744899630166238
health_3,0.000670857152936678
growth_19,0.0006696060690346965
products_18,0.0006690396843243166
georgia_7,0.0006677731276256989
senate_19,0.0006641722283757446
social_8,0.0006625131356444275
hedge_10,0.0006621563442153344
democratic_11,0.0006567656335983679
office_10,0.0006515904135035807
georgia_13,0.0006511254158079222
kentucky_4,0.0006510629659333257
service_6,0.0006498683011677886
illinois_7,0.0006483314996256051
federal_17,0.0006462950522697316
kentucky_7,0.0006421023751869529
illinois_2,0.0006394435752998745
ceo_3,0.0006379868268132573
stats_3,0.0006366698584938703
republican_16,0.0006359182889594434
stock_market_11,0.0006355144954163938
inc_18,0.0006350562388062425
stocks_19,0.0006340364544364192
firm_1,0.0006318087795436626
transaction_16,0.00063126276191272
crisis_12,0.0006312275969921494
politics_17,0.0006309837101616558
carolina_17,0.0006306879329540116
served_20,0.0006303930421235742
carolina_6,0.0006292128175231824
dividend_11,0.0006287143350487882
management_6,0.000628059265536907
secretary_1,0.0006279354320652573
freedom_2,0.0006208442647949795
members_10,0.0006208399314885062
dow_jones_16,0.0006199944248534754
services_13,0.0006191198055198684
world_3,0.0006176645859943273
water_7,0.0006170245803888192
dividend_3,0.000614381989691369
debt_2,0.0006143140952196768
arts_14,0.0006136232868257943
crash_8,0.0006129300034977576
revenue_9,0.0006128395889015355
culture_7,0.0006109072510918061
economic_10,0.0006108728968224755
rights_14,0.0006106164474129382
minister_7,0.0006072888668336371
tourism_7,0.0006072864997977822
tennessee_2,0.0006070763723338016
invest_10,0.0006069803495781073
war_17,0.0006064512759828346
dow_jones_17,0.0006045644663779288
world_5,0.0006040436661116702
world_14,0.0006038320461614464
corporation_17,0.0006038275060409996
water_18,0.0006028480233437944
service_8,0.0006022116469049239
loss_4,0.0006018006175268883
ohio_17,0.0006015356018224547
bank_13,0.0006009261539899161
economic_14,0.0006006502925020973
act_15,0.0006005399412603623
ring_18,0.0005979269159676062
energy_18,0.000594903359050578
seats_1,0.0005947584227577393
project_20,0.0005941696714252079
gold_12,0.0005936806853176074
case_11,0.0005929234560898853
metals_20,0.0005918053440719648
served_8,0.0005889974301311179
service_12,0.0005888258791061401
crisis_4,0.0005886800092749343
financial_markets_7,0.0005886340813128886
federal_5,0.0005875286845036996
gold_7,0.0005870576596386567
gain_2,0.0005869610975609291
committee_17,0.0005858425857624623
cancer_14,0.0005858254865140643
financial_20,0.000584873605463626
gain_6,0.0005839947931167168
party_11,0.0005825785902330037
financial_markets_1,0.0005821813123825314
economics_3,0.0005816013598557141
act_13,0.0005801155806250294
district_2,0.0005781355212984896
world_16,0.0005778244239858143
loss_11,0.0005769201287678803
development_13,0.0005762796374274918
bonds_18,0.0005760353434646282
service_13,0.0005747226264845245
society_19,0.0005738990577779725
market_19,0.0005733504183225616
bonds_5,0.0005733089709767778
portfolio_14,0.0005731002034270961
fine_3,0.0005723082123707328
vermont_19,0.0005719736704706513
happy_13,0.0005717905104789917
earnings_17,0.0005702550509585116
financial_markets_10,0.0005694387053646375
nasdaq_15,0.0005693689873902677
housing_9,0.0005685057655247209
party_3,0.0005683259117497571
house_15,0.0005676160022820503
war_20,0.0005674481910619586
voters_6,0.0005657403438408835
crisis_11,0.0005653029554338374
service_10,0.0005646812776827941
water_15,0.0005645827638862616
returns_16,0.0005636571137850087
fed_3,0.0005629661290246845
earnings_3,0.0005623062372176744
train_16,0.0005621599041313579
tourism_17,0.0005621113651638011
arts_5,0.0005605667933787132
million_15,0.0005601414355225941
loss_7,0.0005598549427715562
inc_11,0.0005595190232714434
media_9,0.0005586164933362773
william_8,0.000557828503833306
society_6,0.0005571973611574435
transaction_18,0.0005570784433123273
founded_14,0.0005561307452765523
business_4,0.0005556396919032564
risk_3,0.0005555649750078375
government_19,0.0005552334437333507
business_2,0.0005545208049832794
cancer_1,0.000554283448227804
market_13,0.0005530953495593283
dow_jones_10,0.0005520634527755419
short_sell_18,0.0005510484749879974
social_13,0.0005499403101661176
stock_market_2,0.0005494974641188979
food_20,0.0005494833249059469
restaurant_1,0.0005491401745816185
invest_11,0.0005490369882156264
fun_16,0.0005487302305173347
products_3,0.0005472282240785814
energy_16,0.0005455959906639601
members_14,0.0005437596922205874
media_17,0.0005437333581045404
marriage_9,0.0005435497935036665
rich_19,0.0005419981876342011
governor_12,0.0005415044981170912
marriage_1,0.0005412178161696482
finance_8,0.0005407497242849844
holiday_14,0.0005405778772965124
york_17,0.0005403099320589337
bubble_17,0.0005381257476399774
banking_10,0.0005378099069124224
DOW_JONES_17,0.0005363484765909752
william_19,0.0005358900612700671
court_4,0.0005334512113980792
car_9,0.0005332953757436422
fed_8,0.0005321641694134825
companies_13,0.0005318287582345143
stats_8,0.0005312281871797295
legal_2,0.0005285345788913316
garden_20,0.0005276058883461741
texas_14,0.000527342438113298
money_6,0.0005270423126130284
union_2,0.0005261005575377119
gold_2,0.0005251213006481214
act_19,0.0005245812807310029
bubble_20,0.0005243513562308012
massachusetts_12,0.0005237987621272437
stocks_11,0.0005236232800268788
council_18,0.0005234253958593007
arts_20,0.0005230888427510011
credit_8,0.0005219225244788018
default_18,0.0005215482349297996
secretary_8,0.0005207920536870918
tennessee_16,0.0005206269582749827
texas_7,0.0005197834703704035
bank_11,0.0005194732575856096
vermont_5,0.0005183002896385498
security_8,0.0005181157460147625
carolina_14,0.0005174941393461439
service_15,0.0005167526218475188
profit_20,0.0005151246295080741
growth_5,0.0005148516563076564
food_13,0.0005122994056050742
health_18,0.0005109622503714796
lifestyle_14,0.000510734501654602
college_17,0.0005099848872253905
project_19,0.0005098882951247949
bank_5,0.0005098369906229911
senate_4,0.0005092549688870647
energy_10,0.0005091005247367101
portfolio_13,0.0005084455838403321
success_13,0.0005079700838957195
train_6,0.0005078934980109875
political_8,0.0005078432838200725
wisconsin_11,0.0005075132034057963
profit_18,0.000507101928871068
banking_13,0.0005066249481365259
society_15,0.0005059121842635664
secretary_16,0.0005058433913432784
ohio_11,0.0005054766560143176
credit_3,0.0005054176953579584
politics_6,0.0005053904248896282
loss_14,0.0005041053105287113
served_1,0.0005032952470976852
economics_8,0.000502910283753383
election_6,0.0005020999658566825
government_4,0.0005014246321663658
political_19,0.0005014225141991017
politics_16,0.0005013297864861171
business_8,0.0005011265846383458
case_2,0.0004998148806151717
governor_1,0.0004995966691619988
car_3,0.000499595131344164
rights_20,0.0004991427188064661
legal_13,0.0004974687046769114
marketing_17,0.0004973353223545425
president_5,0.000497333603232884
rights_13,0.0004971824091150809
buy_1,0.0004970346373648304
massachusetts_9,0.0004966695389567158
legal_12,0.0004960823656802413
car_10,0.0004953115278018991
election_5,0.0004948321815767027
transaction_2,0.0004944812941449086
happy_4,0.0004944157907802583
union_15,0.0004944076921741791
community_15,0.0004938890408785938
district_8,0.0004936856892490539
financial_1,0.000493085072410552
secretary_19,0.0004924008441131231
media_4,0.0004921703381480468
media_6,0.0004912876436276327
court_11,0.0004910535004573175
tourism_15,0.0004900209301765699
default_14,0.0004896119903561163
society_11,0.000489280647053466
fun_10,0.0004874627313377555
environment_16,0.00048741390059030195
party_8,0.0004871409867104469
world_15,0.0004856723680704519
products_1,0.00048553906012677904
representatives_4,0.00048506841147220295
return_18,0.0004847910712004054
garden_4,0.0004847100456361744
vermont_1,0.00048286404800782314
fed_12,0.000481909863083611
elected_14,0.000481169785794589
short_sell_6,0.00048078653579309216
movie_15,0.0004804048385965304
case_3,0.00048018194097040835
holiday_4,0.0004798231581163102
unemployment_18,0.0004796748082959463
market_7,0.00047890455475296323
case_5,0.0004787823232585635
religion_18,0.00047801257753419445
law_13,0.00047759287422428323
court_5,0.00047727679471398755
college_18,0.0004769486916038482
fine_15,0.00047632309827084053
gold_6,0.00047599324927716946
office_20,0.0004758232527331524
marketing_15,0.0004748751656663874
portfolio_19,0.0004719868465070897
technology_9,0.00047076466439031493
missouri_20,0.00047059980542520416
services_6,0.0004703058926475901
bank_17,0.00047027169306348
democratic_10,0.000470120299185904
labor_1,0.0004693313918386815
court_18,0.0004690020311471791
union_3,0.0004688286428219107
gain_8,0.00046809643110370806
bubble_1,0.00046794728058290605
stocks_18,0.00046771701472642774
revenue_5,0.0004670908893494059
tourism_8,0.0004669961348477288
politics_10,0.00046680098248483694
crisis_9,0.00046612000067904665
million_13,0.00046603196627081146
business_12,0.0004659776008321089
nasdaq_17,0.0004653384657854047
wisconsin_16,0.0004652141229673825
economy_20,0.0004645909486711228
happy_11,0.00046382385957968584
nasdaq_6,0.000463726366559111
legal_5,0.0004635882968498179
republican_11,0.0004630771010987192
marketing_11,0.0004625501003486818
DOW_JONES_11,0.00046243313830397504
revenue_6,0.0004621302958308864
train_7,0.00046198914705843097
marketing_1,0.00046181300304857907
federal_7,0.0004610502256690524
banking_15,0.0004605899765797099
county_11,0.0004605520417490997
credit_19,0.00046034365254707686
rich_5,0.0004600856846908073
technology_6,0.0004598559823205006
union_5,0.0004589881423370529
companies_3,0.00045898281855854243
markets_11,0.00045870673062927965
million_19,0.0004585824488600128
invest_9,0.00045842110628855156
cancer_15,0.0004573671686603919
consumption_4,0.0004573632426180314
markets_13,0.00045673290032369445
water_16,0.0004567046507144561
development_20,0.00045658867649526303
carolina_3,0.0004563460058501191
market_17,0.00045606208651224184
ohio_10,0.00045574808737656796
union_19,0.0004547659338770031
business_6,0.0004543947391192872
bank_8,0.0004542970410277929
college_15,0.000454187539140971
growth_15,0.0004540005118342185
stocks_17,0.0004537589751006443
markets_5,0.00045334700755743574
portfolio_10,0.0004524858378489749
color_6,0.00045225457550118677
fun_3,0.000451634206890605
representatives_8,0.00045133999155993294
bank_9,0.00045040856823186766
ministry_12,0.00045001075548710466
ministry_17,0.000449886733560411
virginia_8,0.000449807756784725
car_11,0.00044903702155064734
tennessee_13,0.000449012719989352
dow_jones_18,0.00044864741100135317
economy_8,0.0004469475939797903
sell_8,0.0004458329515693869
william_10,0.000445773357789176
present_5,0.0004454121738309348
oil_16,0.00044523899963289185
district_17,0.00044503521429935174
marketing_18,0.0004446725694425997
office_18,0.0004438612748890812
president_20,0.00044333491109451904
illinois_1,0.00044243373312246415
wisconsin_17,0.00044210600740367094
office_7,0.0004417350975166855
services_15,0.00044137246145042213
health_2,0.0004413315602710268
carolina_11,0.00044082145185401475
illinois_17,0.000440717653701284
virginia_12,0.0004404655489715102
present_1,0.00044019851101482945
illinois_19,0.00044012362279251564
gain_3,0.00043983311263105334
justice_15,0.00043963454412941996
minister_15,0.0004392937030980908
government_14,0.0004391567875576257
act_8,0.000438960600766727
housing_1,0.0004384950157146652
case_10,0.00043807071747780724
virginia_5,0.0004380631836297687
revenue_14,0.00043788924846116615
industry_3,0.00043759671473169907
cancer_3,0.0004372805064865401
oil_9,0.00043697549794272556
ltd_7,0.0004369709903401002
housing_3,0.0004348560272649967
movement_13,0.0004344262113246773
district_20,0.0004341639477953802
short_sell_7,0.0004341340469347309
market_14,0.00043341430287845254
labor_15,0.00043298024999608863
short_selling_9,0.00043250046239195653
consume_20,0.00043216687812758936
returns_10,0.00043210459351576957
development_14,0.00043205676271041745
rights_7,0.0004313133830896784
inc_19,0.00043109704764273874
companies_19,0.00043100308587484397
industry_4,0.0004308447078576476
stats_18,0.0004303633279985565
ceo_7,0.00042956668635657714
case_18,0.00042921118834670177
buy_10,0.0004291933865016045
carolina_5,0.0004278101272849125
ore_10,0.00042735496340035565
court_13,0.0004272174700712697
water_10,0.00042707944023856687
cash_13,0.00042633602837664915
government_3,0.0004260497846578202
earnings_11,0.0004257443222935759
crisis_16,0.0004242593130324061
profit_1,0.0004240577355114705
credit_17,0.00042400932491336405
social_11,0.00042371623711542596
district_18,0.00042345915271207356
fine_14,0.0004226553442749853
virginia_6,0.00042245490917346617
metals_13,0.0004221691064613197
freedom_19,0.000421880433557338
wisconsin_8,0.0004210215065302232
hedge_19,0.0004207430464081062
ore_5,0.000420456259428232
community_5,0.00042015832945447836
judge_6,0.0004200456631089811
members_6,0.00041968663371630914
voters_13,0.00041915064798003294
train_9,0.0004183850541526131
marketing_20,0.0004177495394296783
representatives_7,0.00041757735492829886
environment_20,0.0004173476336505187
services_16,0.0004173102469192097
war_9,0.0004168336294804572
republican_4,0.0004166959260329235
cancer_2,0.00041668486799147276
world_10,0.0004163707428812019
consumption_15,0.00041636608801145255
blacklist_16,0.0004153728265252403
financial_7,0.00041497654632768205
media_13,0.0004149354430253791
market_10,0.00041473133587057115
district_7,0.0004144581918254754
restaurant_9,0.00041416326169607957
tourism_19,0.00041396028519925305
war_8,0.00041380259371593276
massachusetts_20,0.00041373983932603726
banking_8,0.0004133856090037492
pennsylvania_16,0.00041308017170343936
economic_3,0.0004127601460705709
service_3,0.00041209028007868875
committee_2,0.00041207471948481267
political_2,0.0004117705140718051
bubble_6,0.0004116849167051113
trader_14,0.00041153693202259354
global_11,0.0004110503008392353
financial_3,0.0004108977876207519
cash_12,0.00041050450494474467
water_13,0.00041004183437404494
greed_17,0.000409658106624883
representatives_10,0.0004092429882261381
secretary_18,0.0004092322779061107
marriage_18,0.00040901500770167864
stats_7,0.0004089770744764516
stats_1,0.0004088347482729333
money_7,0.0004088235621728531
carolina_15,0.00040865429461765725
office_13,0.00040863010011903014
movement_2,0.00040852056565801907
project_7,0.00040791015222310477
media_7,0.0004076285304372378
stock_market_9,0.00040726069446156036
nasdaq_8,0.0004071518261223662
kitchen_2,0.0004070601517426008
massachusetts_7,0.000407008518521975
election_19,0.00040688210901930407
investment_10,0.00040683053038657424
rights_2,0.000405806822231077
success_9,0.000405782664872094
technology_12,0.0004056919307323789
illinois_12,0.00040486019907697474
fond_13,0.00040473532801816957
fed_6,0.00040451636823730095
religion_12,0.00040451382731690927
sell_2,0.00040409192721651134
law_16,0.00040406558277211605
fed_7,0.00040378425205509936
happy_9,0.00040368215793648517
industry_2,0.0004035081863890934
community_2,0.0004029391816739117
federal_20,0.00040275193187461065
society_7,0.000402637892084666
governor_8,0.00040228136585564785
car_20,0.0004022471649742909
short_selling_14,0.0004022128949099069
office_9,0.0004021137225446479
democratic_20,0.00040189333713821053
energy_2,0.0004018813680714885
loss_13,0.0004015279834852891
college_8,0.0004014942361303145
unemployment_13,0.00040137023605654146
restaurant_11,0.0004011574541478523
inc_1,0.0004009345073740039
stock_market_8,0.00040084925017916053
virginia_16,0.00040071118749538043
wisconsin_19,0.0004006020610131721
house_14,0.00040050176804669183
marketing_19,0.0004004013465512318
rich_13,0.00040028154260547644
profit_8,0.0004001022663578274
labor_16,0.00039971668909738207
happy_15,0.0003994775593721969
ohio_20,0.0003986176365720498
arts_19,0.00039844824714300054
senate_3,0.00039831368981172604
crisis_8,0.00039827023282217245
blacklist_15,0.00039799614364262553
restaurant_14,0.0003979016928854046
blacklist_20,0.0003971878620349622
investment_9,0.00039673326468711177
markets_4,0.0003967129356198689
development_1,0.0003965402649325115
district_5,0.0003957388085505614
service_9,0.00039552077365169843
portfolio_20,0.0003953933601954857
police_8,0.00039529581469911724
oil_4,0.0003950733663708562
tourism_4,0.00039494150693253664
return_12,0.0003944867131828237
sell_10,0.0003942264170655419
georgia_2,0.0003941597580869306
default_3,0.00039411352678256275
oil_17,0.00039407708514381024
house_1,0.0003939831720367618
corporation_14,0.0003936366347675996
religion_7,0.0003933485668033936
wisconsin_6,0.00039333262741670364
war_14,0.0003932748017966645
party_12,0.00039290326003297
financial_8,0.0003928170722493957
invest_17,0.0003909764831554528
finance_19,0.0003908970292580441
earnings_10,0.00039071636257310375
movie_16,0.0003906889910957782
democratic_5,0.0003905699804328642
secretary_4,0.00038997041270333
secretary_13,0.00038975137924091496
vermont_15,0.0003896605536579514
members_11,0.00038961933486362013
washington_1,0.0003895031597804843
project_15,0.0003891182284948398
marriage_7,0.0003890991359477785
crash_6,0.00038908229929390174
energy_13,0.0003887044969104421
economy_10,0.0003885974821926958
stocks_16,0.0003885566657282061
rich_7,0.0003882052408006123
services_5,0.0003878500068426915
wisconsin_4,0.0003876109389789228
fed_17,0.0003872234488413433
cash_5,0.00038696256377862234
york_16,0.0003869555581084707
court_16,0.0003868991724422891
political_11,0.00038678645583314973
chance_18,0.0003866455230643322
financial_14,0.0003864535005660412
election_10,0.00038625948870555895
pennsylvania_11,0.0003861813468936518
dividend_6,0.0003860601840511613
happy_16,0.0003859453512974194
pennsylvania_20,0.00038565788438988335
cancer_18,0.0003855202606938155
health_9,0.00038509484813892725
party_10,0.0003849499357865897
BUY_AND_HOLD_4,0.00038479652923562784
kentucky_11,0.0003847016568940163
profit_19,0.000384042224448123
union_13,0.00038383555394000315
council_13,0.0003835758591535565
economics_20,0.0003833820364864346
crash_15,0.00038322973522235664
senate_5,0.0003831856055940854
energy_7,0.0003829350812138269
happy_14,0.0003828546276540069
fine_8,0.0003827118693819446
million_5,0.00038263329716554397
BUY_AND_HOLD_3,0.0003825538515268594
federal_18,0.0003821318884373833
voters_11,0.00038187237747071046
senate_6,0.0003814274795742589
home_11,0.0003813821778269513
management_10,0.00038131451895165373
finance_13,0.00038113918782712686
nyse_18,0.0003810691985264839
metals_12,0.0003805627911712625
fine_2,0.000380445327364484
present_16,0.0003804433329782927
short_selling_10,0.0003804167708691645
politics_8,0.00037997246667578576
arts_18,0.0003799037555620206
trader_15,0.0003798151871165593
arts_1,0.00037974558824862046
union_20,0.0003790105070742106
inflation_14,0.0003785095889100689
happy_7,0.0003784998689127814
society_3,0.0003781587071657071
movie_20,0.0003779111502501419
fun_7,0.00037767297513721106
act_6,0.0003769827101332806
unemployment_4,0.0003769180526339377
money_4,0.00037687712404205453
unemployment_7,0.000376875057216151
served_11,0.00037676431334665453
office_15,0.000376662767747372
companies_12,0.00037663769534509463
car_5,0.00037628053177261005
media_5,0.00037608930145838237
fun_6,0.00037592133451676437
color_11,0.00037508785850075824
default_4,0.00037453941579294935
project_12,0.00037426523755895377
marketing_8,0.0003742112839277809
returns_12,0.00037395876354218567
financial_17,0.00037354281126218095
kitchen_9,0.000373472130572375
texas_19,0.00037327590719437307
court_1,0.0003731477455890747
pennsylvania_4,0.00037294823117200093
kentucky_13,0.00037279181884746263
county_8,0.0003726970757139636
investment_11,0.0003726769604754896
religion_1,0.00037262437978774466
governor_17,0.0003723658260729626
travel_7,0.00037212049255871743
cancer_20,0.00037173294479732945
oil_10,0.000371724696704042
college_19,0.00037164794812700113
development_16,0.00037163370049294274
social_6,0.00037135881359667036
government_11,0.00037133296457420397
economics_7,0.000370972871686273
community_7,0.00037086329295405585
secretary_6,0.0003707405683989835
financial_4,0.000370723911892284
served_4,0.0003704971327949522
york_1,0.0003704072091787855
senate_11,0.0003703341188421576
stocks_15,0.0003702775178404345
consume_5,0.0003700801804041772
union_18,0.00036934176375555546
investment_14,0.0003690091558292754
media_1,0.00036892391415676776
senate_8,0.00036886638255770505
virginia_14,0.00036863664767158107
president_13,0.0003684963858199467
car_14,0.00036821790316534205
conflict_16,0.0003679703842864735
security_9,0.00036772463183417926
governor_2,0.000367630808081727
lifestyle_3,0.00036755340077565703
vermont_3,0.00036750546733152185
markets_19,0.00036735612615151127
marketing_6,0.00036722369362649637
ohio_6,0.00036695558203661934
legal_9,0.0003667113769535472
votes_10,0.00036624544514752134
inc_13,0.00036586524788184357
fine_12,0.0003656873257100283
served_15,0.00036558170107846185
food_8,0.000365392124374644
movie_1,0.00036532085903367566
carolina_2,0.0003651070852868751
party_18,0.00036502402523174376
gold_13,0.00036497815497223515
debt_8,0.00036432714216569085
hedge_8,0.00036428681899700483
massachusetts_17,0.0003637749326375337
kentucky_12,0.00036363233224082
tennessee_1,0.00036339184435835517
elections_20,0.00036283948608681896
social_20,0.00036232662625351606
rights_6,0.0003623202146728511
water_2,0.0003618756656841006
president_4,0.00036167938047338436
crash_10,0.00036131805161795314
train_5,0.00036044636439647046
society_9,0.00036038220111075096
garden_9,0.0003601739473923517
car_2,0.0003601600771250507
housing_12,0.0003595654613385179
health_11,0.0003595048130428673
short_selling_8,0.0003594610716269823
office_12,0.0003594443843462122
short_selling_1,0.0003592747204194957
county_6,0.0003586819056737799
society_13,0.00035859535400416075
risk_10,0.00035794499473896976
office_14,0.00035767352703706685
vermont_8,0.0003573467343528111
invest_8,0.0003572879806528955
president_9,0.00035719277347523746
transaction_19,0.00035716386701782285
office_17,0.000357079961310882
inc_2,0.0003567708345453302
society_20,0.0003566770251821743
party_2,0.0003565282197839314
sell_11,0.00035650081280054285
loss_9,0.0003561281895833893
return_7,0.0003559958871960102
council_20,0.00035577940488798867
world_18,0.00035512311129007974
default_15,0.00035485632679178186
republican_14,0.00035471836658477687
police_7,0.000354612746150159
act_7,0.000354498400410691
ring_16,0.00035429311356952346
service_1,0.00035421483897493086
million_4,0.000354182056881345
religion_15,0.0003541489096628668
services_8,0.00035397054697794867
credit_4,0.00035395249193020094
voters_15,0.0003538038173908712
kitchen_14,0.00035360285649016786
water_14,0.0003535560049709705
success_2,0.00035348067107207555
ltd_20,0.00035271007622248823
law_7,0.00035244253027804496
election_14,0.0003521622369715467
pennsylvania_6,0.00035202831031006746
nyse_1,0.0003518948194732734
freedom_17,0.00035163476021074654
health_6,0.0003516058943294387
president_8,0.0003511739334474494
texas_18,0.00035100848886453293
ring_12,0.0003507119390459998
development_12,0.00035042176381181833
pennsylvania_7,0.00035034293555419375
government_7,0.00035008622091918935
garden_12,0.00034966492910668354
stocks_4,0.0003495170874507785
case_16,0.0003491098490315559
short_sell_9,0.00034910820034134935
management_20,0.0003486209063783644
tennessee_20,0.00034859035066338485
risk_4,0.0003484876043904204
growth_11,0.00034799168011815463
governor_16,0.0003475247459527416
holiday_6,0.0003474430864921538
global_17,0.00034739891223525994
cash_14,0.0003473840536170046
political_18,0.0003471319960930295
oil_11,0.0003470029954305368
governor_7,0.0003468148696711612
ohio_3,0.0003468010421691043
food_14,0.00034674402220998766
tourism_18,0.0003461293254597104
environment_10,0.00034605693558770466
carolina_4,0.0003457243320908158
court_8,0.0003450622286624043
wisconsin_12,0.0003450223598867166
credit_5,0.0003448310878118188
blacklist_14,0.00034417669988006034
garden_5,0.0003440999102487253
financial_18,0.0003440870251837801
world_6,0.00034403365870992866
economics_17,0.00034385605061073313
risk_15,0.0003438386619435624
success_16,0.00034359347998362376
garden_15,0.0003432141390502949
gold_10,0.0003431886107564253
debt_6,0.0003431846885492935
media_19,0.0003427081492935366
ltd_12,0.00034239513867827075
fun_15,0.000342334027879311
stats_4,0.0003417524057394169
rights_16,0.000341650014706808
ore_1,0.0003415617750781559
war_12,0.0003408439698495814
texas_4,0.00034079791216639797
health_10,0.00034074809472141516
holiday_2,0.000340666300802879
business_5,0.0003406375372490668
million_3,0.000340606923501404
secretary_5,0.0003404800887165351
transaction_6,0.00034047075634675703
court_17,0.0003404376843910945
products_7,0.00034040543293307833
business_16,0.0003402992415190027
religion_9,0.0003396010159748229
ministry_6,0.0003394319462002079
federal_10,0.00033937060664021535
county_1,0.0003392245741484716
travel_1,0.00033914835081613883
election_12,0.00033890623723607365
county_20,0.00033880050930661175
train_10,0.0003387214978841523
metals_10,0.00033854130131881195
consume_18,0.00033849528876621793
founded_16,0.00033845437195301436
technology_8,0.0003382946701172639
products_11,0.0003377919533649986
members_1,0.0003377262696444821
labor_14,0.00033715786941768095
federal_9,0.0003371440118234006
project_8,0.0003371041386557522
tourism_2,0.0003367713816214966
democratic_13,0.0003362337002640001
washington_2,0.00033600936894589544
money_8,0.00033600467925631877
sell_20,0.00033592075259014187
massachusetts_14,0.0003357996510505825
rights_1,0.00033579172162854706
kitchen_3,0.0003353693763188651
profit_2,0.0003351641186525378
ltd_8,0.00033503983536352274
kentucky_14,0.00033488249495329487
william_18,0.00033485179341255847
media_11,0.0003347360559818094
happy_3,0.00033455408172781916
ltd_16,0.0003345219255290994
environment_2,0.000334450378342411
firm_18,0.00033435974172888345
buy_9,0.00033409230419450777
portfolio_8,0.0003340381345622462
health_7,0.0003339400358745627
financial_11,0.0003336383112858321
finance_2,0.0003334807853908426
dividend_18,0.0003332165769987935
political_1,0.0003331266475061611
market_11,0.00033303855322112344
color_9,0.00033301297875999876
fond_17,0.00033278387759714455
community_6,0.0003327146410577058
DOW_JONES_18,0.0003323012077182158
college_12,0.00033222345674363416
election_15,0.00033208284966564804
government_15,0.00033207469311893293
banking_5,0.000331666038145927
york_3,0.00033139553078894487
federal_11,0.00033127290148817997
energy_11,0.00033115511171336753
ceo_19,0.0003311374530889441
founded_7,0.00033104247695546084
finance_10,0.0003309723094158093
food_16,0.0003308917094700637
movement_17,0.000330811724950342
economic_7,0.0003306853513640313
debt_4,0.0003305800807454228
religion_8,0.00033054603602035
republican_17,0.0003304841672028489
cash_18,0.00033047446888463927
republican_8,0.00032969222111112873
economy_18,0.0003296237823087748
movie_14,0.0003294766254732684
firm_7,0.0003294281022575321
buy_6,0.0003294237680890758
rich_18,0.00032934584654235877
marriage_3,0.00032916666985120785
short_selling_16,0.00032913432154719227
york_20,0.0003289393871380474
texas_3,0.0003288335848556898
carolina_10,0.0003287594659113337
virginia_10,0.00032858713019956264
ceo_5,0.000328507755386635
culture_6,0.00032831104482071
debt_9,0.0003281465277781824
texas_5,0.00032794045238906385
management_16,0.0003278927687931132
hedge_4,0.000327858030867597
finance_7,0.0003277728871545682
industry_18,0.0003271610318115319
firm_11,0.00032698890688129847
economic_2,0.00032679349953879734
dividend_4,0.0003263578826061179
financial_markets_4,0.00032634799132868423
inc_3,0.0003263217058124178
arts_6,0.00032522744737705227
business_18,0.0003250012329522278
vermont_4,0.00032469513208560114
corporation_2,0.00032454123660578176
committee_20,0.00032445930986096033
labor_2,0.0003242905457741719
fine_10,0.00032412355620299214
union_6,0.00032360346716146197
labor_12,0.00032325092553702785
cancer_11,0.00032314293923540164
political_16,0.00032302278946827814
energy_3,0.00032298822558191596
ohio_13,0.0003229141562154597
case_20,0.0003227820760704995
illinois_10,0.00032277715670860703
fine_1,0.0003223086898609777
fine_20,0.0003217342484317327
technology_17,0.0003214836619375661
republican_2,0.0003214641896212792
illinois_9,0.00032102052298948515
home_1,0.0003210073336526039
risk_16,0.0003210058444569557
home_15,0.00032086076569744193
freedom_12,0.00032021676454444177
police_15,0.00032017670377337056
buy_15,0.00032008852889453055
economy_2,0.0003199294258687039
chance_3,0.00031964042507414347
york_18,0.00031951117898709335
security_1,0.0003194706584770729
chance_20,0.00031931409076413965
global_12,0.0003192068580898208
wisconsin_1,0.00031919057862983465
house_17,0.0003190654452745285
washington_8,0.000318907092551632
community_1,0.00031886020433386745
revenue_2,0.0003187919358189366
corporation_18,0.0003186929714615341
law_5,0.00031845235232493924
society_4,0.00031811998418916426
stats_5,0.0003180946020602233
short_selling_20,0.00031805488696277115
office_8,0.0003178663081362753
county_16,0.0003178156587895823
ohio_8,0.00031756811810123735
corporation_6,0.0003174912567546524
labor_4,0.0003173159355911022
technology_4,0.00031730320120081936
freedom_4,0.00031724775076884026
global_2,0.0003172283963059119
union_10,0.0003172058409281912
fed_2,0.0003172013635464655
technology_16,0.0003171300032159193
election_1,0.0003169561692914279
movie_4,0.0003166730605808558
economic_1,0.0003165367010927423
buy_12,0.00031632983133802746
ministry_20,0.0003162596985003006
vermont_7,0.0003160845478857245
committee_18,0.00031605726134398477
train_2,0.0003159162794580944
republican_7,0.0003158829392340956
justice_3,0.00031581711528502965
marketing_9,0.0003157804189961776
rights_19,0.0003157225502436269
global_15,0.00031555142339454156
short_selling_13,0.0003154367628596541
economics_6,0.00031505826899110056
votes_11,0.0003148818574741997
greed_3,0.00031454004255934795
washington_15,0.0003144372606597289
water_11,0.00031427770525401547
companies_7,0.0003141972449178695
act_11,0.0003139972685256767
political_9,0.0003135568576778369
lifestyle_15,0.00031329474194118556
dividend_16,0.000313105997940247
train_14,0.00031305039183592806
trader_13,0.00031275097709413215
labor_3,0.00031265164288173824
trader_11,0.0003122401925920518
bank_4,0.000312192861323788
travel_12,0.00031217944516214396
loss_18,0.000312142062186473
travel_20,0.0003121384468987314
consume_1,0.0003120160710039238
ohio_19,0.00031180371084597023
bonds_1,0.000311633032803811
union_17,0.00031141012617179353
banking_11,0.0003111944387616958
inflation_16,0.00031118679330567194
movie_13,0.0003111371110877088
union_12,0.00031095446009017115
labor_19,0.0003109160054295294
senate_14,0.000310802002600742
seats_8,0.0003108018484047783
present_13,0.0003104743717428221
nasdaq_5,0.000310412704248418
companies_14,0.00031037992705630504
york_14,0.0003102315998578185
blacklist_9,0.00031010722715588975
restaurant_7,0.00031010309759505036
bank_1,0.00031006194609905797
media_18,0.00030989402209824745
case_19,0.00030980520623082486
government_9,0.0003096293710617131
committee_19,0.0003091918857829376
bonds_9,0.00030912568274136967
travel_2,0.0003089141804487315
legal_1,0.00030879043453768755
kitchen_12,0.0003087745249900078
law_10,0.0003087661555376817
voters_1,0.00030841711640941185
services_18,0.0003080216247526945
loss_16,0.0003079087913524309
earnings_7,0.00030780466443120185
missouri_1,0.00030773701203313896
political_20,0.000307553718087308
returns_2,0.0003075176671911406
kitchen_15,0.00030731459847859567
industry_8,0.00030730651671880785
crash_9,0.00030718757980683026
marriage_5,0.0003070615146569934
lifestyle_12,0.0003070165097179378
legal_18,0.0003069736037628277
office_19,0.00030671427721126315
gains_18,0.00030658963845300435
ring_8,0.0003060909593262573
wisconsin_3,0.0003059612713233806
william_6,0.0003059248228759835
economy_17,0.000305859512384792
housing_11,0.0003055173779459188
financial_16,0.00030526003066873607
police_3,0.0003050843594250676
business_3,0.00030485675195213705
corporation_9,0.0003046552149292531
house_8,0.0003046222705876032
york_6,0.000304620233265071
development_9,0.00030457957125768333
missouri_14,0.00030455708410410975
return_8,0.000304513133824294
economic_18,0.0003044618391242242
cancer_12,0.00030433030259534874
movement_6,0.0003042970757288499
william_1,0.00030427669083512237
tourism_20,0.00030421551894503385
law_6,0.00030381733910003533
inc_5,0.00030344282220294707
pennsylvania_14,0.00030341405457076084
politics_12,0.0003033666548999008
water_20,0.0003032370178385415
district_16,0.0003025920955236712
project_10,0.00030257277556723536
opportunity_17,0.0003025240066707066
seats_14,0.00030218874216119996
act_10,0.0003020670498906653
water_5,0.00030200703811947993
representatives_18,0.00030184043046600014
bubble_4,0.00030168642611374483
marriage_8,0.0003013804530939571
stock_market_19,0.00030115793844245295
million_16,0.0003008723464947019
labor_8,0.00030085699390925585
credit_14,0.00030078018134594087
tennessee_12,0.0003005167202703682
greed_1,0.0003004420118415237
georgia_17,0.00030039661796180616
democratic_1,0.00030035073088406584
legal_11,0.0003003484465352506
transaction_13,0.0003000612491566167
leverage_12,0.0003000398598751719
fine_7,0.0002999953250116381
crash_5,0.00029995025834740467
law_15,0.0002998644453467944
elections_11,0.00029965994589137274
money_11,0.0002996158394335854
william_5,0.00029958268822883645
banking_18,0.00029943262949079643
firm_12,0.0002993890019671379
short_selling_12,0.0002990272326500512
missouri_15,0.00029898373584515787
return_10,0.0002988224429229879
elected_1,0.000298706563428745
missouri_17,0.00029849408555408845
trader_16,0.0002981437822817574
republican_6,0.0002980530034249743
garden_14,0.0002980445396030895
train_11,0.00029799966503792286
government_10,0.00029751055254356284
train_8,0.0002974939948642862
short_selling_6,0.00029740410453928925
council_12,0.0002973978402414783
hedge_6,0.00029737080766831605
party_14,0.00029730527945132806
illinois_18,0.00029673203727743035
pennsylvania_9,0.0002964630656703194
community_3,0.0002959847054575792
election_4,0.0002958975629498018
oil_2,0.0002958022145481142
crisis_1,0.0002955686408996917
democratic_8,0.00029555176214057034
war_10,0.00029534221481950944
committee_9,0.00029522696405440835
holiday_1,0.0002951695662209306
massachusetts_6,0.00029511163664117085
conflict_17,0.0002951059245514935
housing_18,0.0002950812055203862
federal_2,0.0002950652907239573
credit_11,0.0002947998621326863
crash_11,0.0002946728564016288
million_1,0.0002944515121479821
economic_8,0.00029444920936111754
seats_15,0.0002944217921979111
finance_3,0.0002939340847578795
washington_9,0.00029391558267915493
religion_3,0.00029388308869752474
massachusetts_2,0.00029367385266167406
republican_18,0.00029348353719972457
industry_20,0.0002934724408384042
washington_11,0.0002933617630883079
missouri_2,0.00029335033020124834
police_9,0.00029298588319392105
security_10,0.000292917253976274
corporation_20,0.0002928980907229818
car_17,0.0002928894647474023
stats_13,0.00029282659891832763
color_18,0.00029264145371677683
headlines_6,0.0002923792181403255
labor_13,0.0002922873152934914
technology_11,0.0002921668339353063
economy_1,0.0002921216616772449
college_20,0.00029185688002267236
global_9,0.0002918163009824328
law_4,0.00029181149121846315
washington_17,0.0002913712571125832
president_3,0.00029113886381058906
crisis_10,0.00029113533726199625
founded_20,0.00029044135451372074
members_20,0.00029030412783197896
political_15,0.00029029201594174846
companies_1,0.00029000900932067816
health_13,0.0002899862412651259
money_1,0.0002898277532064456
representatives_11,0.0002898211135951943
judge_2,0.0002895759749664937
tennessee_4,0.0002895176941733817
massachusetts_5,0.0002895028719625213
services_9,0.0002893218921440555
texas_9,0.0002892575302150671
environment_14,0.00028897224941872685
council_5,0.00028876419581937206
politics_1,0.00028851003618084284
buy_4,0.000288472540588165
color_15,0.00028832622407984294
cash_9,0.00028814147018913844
movie_8,0.00028805881030524077
ohio_5,0.00028800336029691557
present_18,0.00028795389316040704
transaction_8,0.0002879395433607426
greed_13,0.0002878957185793284
ohio_14,0.00028761293883785736
nyse_17,0.000287557375678846
firm_16,0.0002875245494233558
lifestyle_2,0.00028743988088533674
car_8,0.0002872952614318061
voters_19,0.00028724950014281784
banking_2,0.0002872480756513237
environment_15,0.0002872278303735572
minister_1,0.00028721356430960103
law_8,0.00028719088626953844
secretary_7,0.0002871016942322976
community_17,0.0002868560768521482
conflict_1,0.00028679628066854464
justice_7,0.0002865735079573669
car_18,0.0002864747820055517
served_14,0.00028646912790320194
train_3,0.0002862015716098309
service_19,0.00028615972252885556
judge_14,0.0002861549723275051
finance_14,0.0002860621349001955
business_13,0.00028591088540638537
short_sell_17,0.0002858693306487537
party_13,0.0002858679506803501
crisis_17,0.00028571993427220016
nyse_9,0.0002855623545703277
conflict_5,0.0002851331909867615
founded_2,0.00028506750391939033
rich_11,0.00028504764424558594
health_15,0.0002849214459462913
illinois_20,0.00028456005179416965
court_10,0.00028444357835813184
global_19,0.00028440986596029474
georgia_5,0.00028407656892011487
earnings_8,0.0002839143240901128
development_18,0.0002837880794897139
tennessee_15,0.00028370479780695024
global_10,0.00028370319431767827
credit_7,0.0002836414674813808
markets_20,0.00028351793898618406
fed_16,0.00028314878266859085
rights_3,0.0002828804068672413
justice_14,0.0002827495522335799
county_18,0.000282700992276786
conflict_2,0.0002826870767322554
industry_9,0.00028253606004115684
unemployment_9,0.00028243082025779015
case_13,0.0002823427515744568
union_11,0.00028227829311634593
return_14,0.0002819313453946982
lifestyle_10,0.0002817785522349785
virginia_1,0.0002817728041832905
stocks_13,0.000281644117120207
services_12,0.00028162028535388267
kentucky_16,0.00028136366551304156
illinois_6,0.00028135016298703146
management_13,0.00028131667569663866
energy_17,0.0002812423372047392
federal_8,0.00028120246356149375
voters_18,0.00028120169201139954
votes_6,0.00028118783361265424
industry_5,0.00028111794258487414
president_10,0.0002810766720536867
kentucky_3,0.0002810463092844056
seats_3,0.00028100634418495624
housing_4,0.0002809902924840116
washington_19,0.0002807027948309081
act_16,0.0002806965457701185
college_11,0.0002804820137710119
products_6,0.000280441640872736
freedom_18,0.0002803939020316425
gain_14,0.00028032644391338214
travel_17,0.0002802918097865869
movie_2,0.0002800016512326662
college_14,0.00027998373264700056
stats_14,0.00027995683820945333
economics_4,0.0002799492338233544
police_5,0.0002798785726659029
district_12,0.0002798519465827536
companies_5,0.0002798238230813101
district_19,0.0002796757380811843
development_2,0.00027917631017419423
cash_2,0.0002787751836667887
companies_15,0.0002787695557545747
revenue_13,0.00027871356440522686
health_19,0.0002785978909299209
election_7,0.0002785703795901899
texas_20,0.0002785445564310747
earnings_19,0.0002784634477519999
social_9,0.0002783840593810362
law_14,0.0002783715700490485
gain_20,0.00027833136913975586
representatives_5,0.0002782897004493875
project_3,0.00027824140939959954
police_6,0.00027812724018475303
labor_17,0.000278029459511652
growth_2,0.0002778401466569026
profit_17,0.0002776638376632714
vermont_14,0.0002775001330502913
invest_14,0.00027719318363692583
washington_3,0.0002770755770993864
debt_20,0.0002770347975373102
bubble_16,0.00027696090684720066
illinois_11,0.0002769055470540293
minister_14,0.0002767598694463355
garden_10,0.00027674762445194944
ring_15,0.0002765720072507998
security_16,0.00027630255111988153
house_11,0.0002762218173945228
rights_17,0.00027604406102167066
ministry_15,0.00027601780263364844
governor_11,0.00027598023454630284
illinois_4,0.00027595021441010416
freedom_15,0.00027577816566007004
movie_3,0.0002757274070127526
government_1,0.00027572161227605786
garden_13,0.00027572056045581795
business_9,0.0002755448523205413
headlines_7,0.0002754241659245489
rights_10,0.00027542262502751986
happy_20,0.0002753766568387946
money_10,0.0002753072979279618
economics_18,0.00027525128895343834
pennsylvania_17,0.00027511616369374194
metals_1,0.00027497240621501644
train_15,0.0002747434802064288
growth_14,0.0002746302684205655
inc_14,0.0002746225670187222
cash_20,0.0002745248689895653
credit_2,0.00027449880348082845
food_11,0.0002741269134637166
home_16,0.00027411145034109157
society_12,0.00027399338477702783
DOW_JONES_10,0.00027399087025476815
return_1,0.00027366923088654647
global_3,0.0002736015281721915
votes_18,0.00027355699768424386
federal_16,0.00027350967306481147
members_13,0.0002734773017365542
judge_5,0.0002734216893911726
georgia_9,0.00027333906528515575
transaction_7,0.00027325582585616066
returns_14,0.00027295409158343214
nasdaq_3,0.00027294994860095194
water_6,0.00027283467732048487
travel_16,0.0002728186988935507
ring_14,0.00027254294157133936
earnings_6,0.0002725423221569126
marriage_12,0.00027238234385871694
happy_18,0.0002722370883055267
gain_7,0.0002720291218355367
wisconsin_10,0.00027199701868067767
court_15,0.000271806584394998
technology_3,0.00027160145680859714
color_2,0.00027159124596473486
financial_markets_11,0.00027145443283632735
law_1,0.0002714472422614556
gold_1,0.00027137511555336144
president_17,0.00027125165028021484
movement_5,0.00027120427475500807
car_4,0.0002711270502596136
loss_17,0.0002710705995777825
nasdaq_9,0.00027086490267168425
train_13,0.00027060813213583676
market_16,0.00027053324888745204
consume_11,0.00027046674135241204
returns_11,0.00026999339884956053
products_8,0.00026993697513605776
tourism_6,0.0002699128038436437
society_1,0.0002696889738355308
gold_17,0.0002695872619523686
ltd_5,0.0002692583658239386
crash_14,0.00026922381436497305
energy_15,0.0002689089039924529
greed_4,0.00026884226313018055
crash_12,0.00026879611292238777
missouri_18,0.0002687789379104247
war_18,0.00026867664151516453
law_20,0.0002685730458379532
restaurant_6,0.0002684283788622458
million_17,0.0002683697452831704
crash_2,0.00026831984892870337
economy_9,0.0002682131266398632
fun_14,0.0002681567812999916
movement_12,0.0002680745732866511
conflict_19,0.00026804861362270224
unemployment_15,0.0002679942760151432
missouri_12,0.0002675963127672716
trader_20,0.00026758696259116915
party_5,0.000267562600831246
water_12,0.00026746578996827584
texas_8,0.0002670922624819367
college_1,0.0002670504573349549
president_14,0.00026672913568294806
senate_16,0.0002667082291460894
cash_16,0.0002667040480962365
lifestyle_7,0.0002667025097254695
success_8,0.00026651955402581015
holiday_18,0.00026647342994392636
arts_2,0.0002663323607329579
finance_16,0.00026614653803052105
firm_19,0.000266080635846537
products_14,0.0002659073856728447
justice_4,0.00026578765560143373
rich_17,0.0002657755766436957
war_11,0.0002657413002670699
county_10,0.0002656851021330606
buy_7,0.0002655163597071493
republican_15,0.0002654719946033393
community_12,0.00026544466478476233
risk_19,0.00026516365996086244
rich_12,0.0002650366453655959
culture_19,0.0002650032147012532
virginia_11,0.0002649306517080937
community_14,0.0002649104618102996
credit_13,0.0002645694541415693
million_11,0.0002645507069855668
college_2,0.00026440371420232507
president_19,0.00026439652247442377
opportunity_18,0.0002642520843319449
votes_16,0.00026419413723385865
served_7,0.0002641043094483993
project_9,0.0002638719491131717
community_13,0.0002638535153436058
loss_15,0.0002637922464296269
college_9,0.00026361968985640636
tourism_16,0.0002635575034065234
washington_6,0.00026352058021610205
community_8,0.0002634911183781009
security_6,0.00026343797538259364
travel_13,0.0002634067295440511
home_7,0.0002633416565021631
vermont_20,0.0002633171258866232
illinois_5,0.00026318344586168
hedge_20,0.00026311006803279364
investment_3,0.0002631097730376291
massachusetts_15,0.0002628958415360722
loss_8,0.00026275060642573847
college_3,0.0002625640793976422
community_16,0.0002624404404448546
housing_6,0.00026238870729110167
crisis_6,0.0002623263140080702
missouri_16,0.0002622483839366757
conflict_15,0.00026223947560118034
religion_2,0.00026214914830616356
kitchen_5,0.0002620659660641919
restaurant_3,0.00026179509182952727
chance_10,0.00026178657577977544
investment_15,0.000261759096143985
restaurant_16,0.00026167255706776443
revenue_17,0.00026167216784216466
food_1,0.0002612481074965678
growth_16,0.0002611882909785845
project_6,0.0002609818513639454
oil_14,0.0002607278622401261
travel_4,0.0002606089233370812
global_14,0.0002605747880151305
county_14,0.0002605699352578408
fun_9,0.00026023378215503097
service_17,0.00026012579004883326
culture_18,0.00026012253583528717
energy_20,0.0002601182233380802
illinois_13,0.0002598410364554535
massachusetts_19,0.0002598237733059959
council_19,0.0002598230603890582
york_10,0.000259662382427804
party_1,0.0002596072430802527
car_13,0.0002595286383714929
representatives_9,0.0002593472502548309
judge_10,0.0002592183608790866
environment_7,0.00025908857965518424
arts_15,0.0002589018717341015
leverage_4,0.00025889439554848857
project_16,0.000258832381235525
media_2,0.00025873369876323806
political_3,0.00025872996184280703
political_17,0.00025859520968876416
companies_16,0.00025840919006802395
debt_5,0.0002583576041685893
money_17,0.00025833651739885533
justice_1,0.00025829091598324574
wisconsin_5,0.00025826675421043293
dividend_14,0.00025799956403370415
carolina_12,0.00025796140971060937
companies_8,0.00025758572980980185
security_19,0.000257372823939016
police_2,0.00025724439126587566
marriage_4,0.0002570170701062043
bubble_11,0.0002568987276074912
sell_4,0.000256896685267582
train_12,0.00025677284310957575
elections_3,0.0002566819365539015
metals_9,0.0002564583023519776
movie_19,0.00025632186465726956
cash_19,0.00025631289673038853
marketing_13,0.0002563011181199449
marketing_2,0.0002562892500458707
labor_7,0.0002562677850080282
inflation_17,0.00025611397168221394
fine_4,0.00025609227021014297
consumption_16,0.00025606816330210207
political_12,0.0002557328006792332
industry_15,0.00025567409469184156
crash_16,0.00025529733712178094
market_1,0.00025493939206302693
stock_market_6,0.0002549251318443583
gold_9,0.00025489450319379303
energy_4,0.0002547232130935664
restaurant_17,0.0002546523109733385
happy_17,0.000254530050372071
trader_5,0.00025425482121650667
minister_11,0.00025419393841096097
management_14,0.00025395268638301113
ltd_15,0.0002538949224772177
freedom_8,0.0002537427094053229
development_5,0.0002537246926669198
gold_19,0.0002536316755809784
elections_6,0.00025358899460420494
texas_2,0.0002535243807674689
county_4,0.0002534162377448958
short_selling_11,0.00025331753546750646
freedom_20,0.00025331434443003016
growth_10,0.000253251606475442
forex_4,0.0002532313005941614
million_10,0.00025322058597930194
seats_10,0.00025301359299438966
representatives_3,0.00025293345974253544
present_15,0.0002529150607268375
project_2,0.0002528248790361362
financial_markets_6,0.00025282414303548696
rights_11,0.00025277146747761483
cancer_7,0.0002527509603338687
growth_1,0.00025271704844465455
members_16,0.0002526302785476917
million_6,0.00025262824711098675
fun_12,0.0002525822835550718
economy_11,0.0002523648530021096
garden_16,0.00025216253389936217
ore_6,0.00025216162165518765
council_15,0.0002520513011336198
success_6,0.00025192214084832385
debt_17,0.0002517750743139226
holiday_10,0.0002516874658024116
economy_16,0.0002514401831355392
markets_17,0.00025142319435380255
ltd_11,0.00025116901159133307
firm_6,0.00025112997280866565
government_2,0.0002511207544598924
minister_3,0.00025104283865818775
products_20,0.000250687030502202
present_11,0.00025057973559130907
gold_3,0.00025056391811972145
secretary_12,0.00025055766125601554
society_16,0.0002505117062339432
oil_20,0.0002504958432195955
unemployment_8,0.0002504800492398936
corporation_5,0.0002504374401525169
water_9,0.0002503706509087136
fun_5,0.00025023214622845233
holiday_17,0.0002501027730362918
nyse_3,0.000250101878735323
bubble_18,0.000250034403143281
happy_10,0.0002500104211490625
elected_2,0.00024993066798748096
william_4,0.0002499229297963447
industry_14,0.0002497303155872524
service_14,0.00024950131800668447
marriage_14,0.0002494347468910218
financial_15,0.0002490530630559124
elections_14,0.00024902654976006257
management_19,0.0002489764668860066
ring_4,0.000248902964892006
metals_6,0.00024863234602749614
movement_8,0.00024857271329891317
trader_6,0.0002485351091186668
william_17,0.0002484678143527087
profit_13,0.00024834637246485874
seats_18,0.0002483212574211979
government_12,0.00024821904308794157
fond_5,0.00024813493235988196
bank_18,0.00024807380681411917
risk_2,0.00024806805301244133
consumption_8,0.0002480303206450859
judge_1,0.00024793020719236363
fine_5,0.0002479250767454344
judge_11,0.00024764912982829114
police_10,0.0002472336046763374
economics_10,0.00024719304211622125
governor_3,0.0002471488481270995
headlines_16,0.00024705526805295026
conflict_7,0.0002469039776109295
georgia_4,0.00024685058708715483
management_8,0.00024680928776806053
home_19,0.00024658714983027887
companies_17,0.00024651920813485966
service_18,0.00024648524769112115
color_14,0.0002463388482390626
justice_10,0.00024617876726810425
york_19,0.00024609287047693923
color_8,0.0002459704697307355
economy_6,0.00024590939116045856
home_18,0.0002458826417091972
sell_18,0.00024570425626740873
stats_17,0.00024568895488402627
kentucky_18,0.0002456425214936774
growth_18,0.0002456236541805571
management_3,0.00024556787842885323
labor_20,0.00024553967384702995
economics_12,0.00024529764101314107
success_4,0.0002452584446266758
judge_8,0.00024519540549583865
legal_17,0.0002451750418008177
environment_3,0.0002450773167538265
buy_13,0.00024500333071779255
loss_6,0.00024486752230237806
inc_9,0.0002447400722617225
companies_18,0.000244720136722865
fun_1,0.00024463556229046814
texas_1,0.0002445532260900809
bonds_19,0.0002444466463713188
bubble_9,0.00024432714531110085
democratic_18,0.0002443218424602554
housing_19,0.00024430413739067445
finance_9,0.0002442864287379776
house_16,0.0002442636703276174
success_7,0.00024421596776160034
minister_5,0.0002441168152035145
massachusetts_3,0.00024398387893156276
garden_11,0.00024391717026933825
opportunity_15,0.0002438224395010239
governor_14,0.00024371047619211537
arts_10,0.00024342634280725617
religion_5,0.00024337309901134902
color_5,0.00024336007107999077
restaurant_19,0.00024328574299865065
hedge_1,0.00024327486249554458
business_10,0.00024318345780935765
home_2,0.00024300996131571088
religion_16,0.00024296794065104088
stock_market_16,0.00024284097288759473
million_8,0.00024280248342973239
fed_5,0.0002427232467661821
republican_20,0.0002426472286853775
william_2,0.00024254445924262063
returns_7,0.00024252187918485642
transaction_10,0.000242516965363137
fond_6,0.00024246659001605743
war_7,0.00024236430482230088
companies_6,0.00024236400887485602
kentucky_2,0.0002423500943949181
legal_8,0.0002421145095490776
election_20,0.00024209927711255714
consumption_11,0.000242005238713035
security_13,0.00024200380393645784
crash_17,0.00024192775550247098
elected_15,0.00024190420808648831
management_7,0.00024170754010161143
elected_7,0.00024154692395404005
tourism_5,0.00024153818615151826
movie_5,0.0002414107188557772
ltd_4,0.0002413259809830758
forex_15,0.0002413019311703459
legal_19,0.00024105471740192382
movement_19,0.00024069959168990178
politics_20,0.0002406182888270858
fun_4,0.0002405957840900775
security_14,0.0002405587073779462
fine_17,0.00024053046624806766
security_17,0.00024038833212349352
opportunity_5,0.000240363059401085
judge_3,0.00024016049246902067
bubble_12,0.00023996682563595626
corporation_13,0.00023989644608055484
ore_8,0.00023987339847584454
fed_15,0.0002395628528712099
transaction_11,0.0002394586686164961
global_13,0.00023944454090773669
council_4,0.00023937414175422353
revenue_8,0.0002393391590716829
housing_13,0.00023931526409293663
movement_9,0.00023923399298127744
court_12,0.00023919655062655713
social_5,0.00023913227988351846
marriage_10,0.0002391284826516334
debt_19,0.00023910587044469878
products_15,0.00023909510972361142
health_1,0.00023880612115934378
management_15,0.000238805208787872
election_16,0.00023868664794547985
ceo_11,0.00023855937459974516
culture_8,0.00023852811973303298
kitchen_18,0.00023844320514459973
growth_8,0.00023841456155820515
republican_3,0.00023840274424036982
kitchen_4,0.00023838664511686855
dow_jones_8,0.00023826098704798494
profit_10,0.000238247543008576
oil_3,0.0002381311889608221
conflict_8,0.0002381120449566811
services_2,0.00023803524995001107
industry_17,0.000237995675626336
pennsylvania_2,0.00023795699690970019
ltd_2,0.00023791181630856452
council_3,0.00023766719890110696
buy_8,0.00023764572519629438
court_19,0.00023762636387242634
culture_2,0.00023752078301222699
development_4,0.0002373164177313349
project_14,0.00023718656011095899
rich_2,0.0002368942267728841
blacklist_11,0.00023678583061319483
business_20,0.000236690440513676
minister_8,0.00023654863138652948
ore_15,0.00023653864771216052
headlines_19,0.00023652921782371563
georgia_14,0.0002363491679783485
unemployment_19,0.0002363483901702776
texas_12,0.00023630000467596269
financial_13,0.0002358812475719808
corporation_19,0.000235767609040918
chance_1,0.00023575892708773736
world_4,0.00023575702174034562
ltd_3,0.0002357402737841586
world_20,0.00023567985833909138
oil_15,0.00023563747384061455
energy_14,0.00023542086637651824
trader_3,0.0002353992064812654
returns_9,0.00023539648417683195
pennsylvania_12,0.00023528925967925546
fun_11,0.00023526258718938414
inflation_13,0.00023520151375356255
global_7,0.00023497989344488677
color_7,0.00023493518416214823
markets_8,0.00023486756871092065
union_9,0.00023473035969052988
finance_6,0.0002345288521193927
headlines_18,0.00023440546333078786
world_19,0.00023436175605392196
house_20,0.00023427504794396194
fun_8,0.00023425877963636617
fun_19,0.00023421886693674704
ministry_14,0.00023419721204310297
nasdaq_2,0.00023417660662179279
legal_4,0.00023414261072731863
color_19,0.0002341257033916179
religion_4,0.00023411850952446712
markets_16,0.00023407775652352215
elections_1,0.0002339744187022694
county_13,0.00023394008057048228
project_18,0.00023390563234616853
founded_15,0.00023375679312211668
environment_17,0.00023374842532398985
representatives_14,0.00023364932539433246
risk_9,0.00023360028476995698
stocks_3,0.0002333982258361561
hedge_15,0.00023317380628687102
movie_9,0.0002331529283261245
texas_15,0.0002331153332841548
democratic_16,0.00023293975079321998
social_10,0.00023267325578514916
illinois_15,0.00023238672704308915
law_11,0.00023228412437245832
banking_16,0.00023211192440466267
georgia_15,0.00023197092832804547
profit_4,0.00023189975680003574
global_18,0.00023188316743207152
governor_19,0.00023182466531683976
washington_18,0.00023168765046247908
ministry_2,0.0002316179752302763
car_1,0.00023150038740898775
kitchen_1,0.0002314890198676782
social_3,0.00023143103941816132
served_3,0.00023138584199117003
industry_6,0.00023107003987168638
returns_20,0.00023102482696384346
texas_10,0.0002309005973345035
present_10,0.0002308175583122084
stats_19,0.00023069148051825457
society_18,0.00023062466917603446
products_19,0.00023037330682080254
ceo_14,0.00023034771951978885
revenue_12,0.00023018731873870955
gains_1,0.0002301181724405313
served_13,0.00023001413748141285
virginia_13,0.00022981703659813492
investment_8,0.0002297085825813261
ohio_4,0.00022966242619324397
dividend_7,0.0002296562307493515
unemployment_6,0.00022964820376125824
food_15,0.00022959009105727286
ceo_4,0.00022958202219238322
profit_5,0.00022928649978137968
business_15,0.00022923925001899103
environment_13,0.00022900050567019128
ceo_17,0.00022882341812436447
media_20,0.00022865013213119534
police_4,0.00022841281572407295
york_5,0.00022838457695714782
house_3,0.00022835035840074126
war_15,0.0002281725263464796
ore_16,0.00022814991239645407
tourism_13,0.00022810495728309022
ring_1,0.0002280074278750345
service_5,0.00022765493664311337
markets_3,0.00022764779121245448
return_9,0.00022762793521759582
voters_5,0.00022758038209604985
derivatives_7,0.00022751951068027208
community_11,0.00022743355528138492
house_2,0.00022734110797461863
president_16,0.00022730851358016035
tourism_11,0.00022729207128402087
consumption_9,0.00022725942970466172
crash_18,0.00022717322554616822
economy_14,0.00022716591859455894
pennsylvania_1,0.00022715103217109116
opportunity_9,0.00022709007686467602
virginia_4,0.0002270759617364952
water_3,0.00022704870029694924
banking_14,0.00022701828634539515
forex_11,0.00022680487350498107
gain_10,0.0002267989292127969
georgia_16,0.00022655748773406435
world_13,0.00022647414059920128
housing_8,0.00022631308902855792
district_13,0.00022625325116441808
fun_20,0.00022617928099170282
virginia_17,0.0002256670060578857
secretary_14,0.00022565743107700242
arts_4,0.00022551733655903759
metals_3,0.00022548516382570752
leverage_3,0.0002254847802888632
rich_15,0.00022544329637300275
home_4,0.00022543520590424156
society_14,0.00022541711574161714
county_2,0.00022529171968624893
oil_1,0.00022503104920253812
fond_2,0.00022500081393035895
elected_6,0.00022488320023999635
products_16,0.00022467912259986226
restaurant_8,0.00022459827983314606
gains_3,0.0002245779609608387
georgia_12,0.00022457787761745064
william_12,0.00022448666285660438
trader_7,0.0002244738178861201
union_1,0.0002242347113731374
case_7,0.00022410405008100115
stock_market_1,0.0002240891130888833
community_10,0.00022405413748199314
senate_1,0.00022395946816983566
fun_13,0.00022360382918346628
world_9,0.00022347913854530536
earnings_16,0.00022311499331407875
fine_18,0.00022303905260035882
finance_12,0.00022303302523875177
governor_10,0.00022302267592329573
georgia_10,0.00022301404143968301
money_13,0.00022299636962018495
fine_19,0.00022288991650731051
home_5,0.00022278856808612924
risk_7,0.00022269372807246686
gold_18,0.0002226814089052739
million_12,0.0002226057932345005
government_16,0.0002224965639611669
debt_13,0.0002224920993715434
washington_10,0.00022229083476803935
default_7,0.00022213189353793695
cash_10,0.00022203491326944794
bank_2,0.0002219460351233106
default_8,0.00022186251919561938
world_8,0.00022174709407161682
products_17,0.00022165975149441805
metals_18,0.00022150789010596427
office_4,0.00022112215028864422
metals_17,0.0002210560238662857
economic_20,0.00022095564732497317
york_9,0.000220919813224062
earnings_18,0.0002208469043405204
law_3,0.00022082629737190358
credit_6,0.0002207537152857825
bank_16,0.00022073922318170946
police_1,0.00022066855985325713
council_7,0.00022051072680553908
buy_2,0.00022026952135235478
development_10,0.00022022608187450852
health_17,0.0002202140218039169
war_5,0.00022014252438366246
missouri_10,0.0002201012968487005
fed_1,0.00021990766834154834
council_6,0.00021987644238754392
fine_13,0.0002198317874852245
marketing_10,0.00021978909463493673
committee_5,0.00021957551999519524
college_16,0.0002195651722559922
sell_5,0.00021954278834003643
police_19,0.0002194984448708305
derivatives_5,0.0002194333811521373
profit_7,0.0002194059488410945
investment_6,0.00021936944006835168
firm_20,0.0002192309697705176
inflation_1,0.00021919909839386703
religion_11,0.00021918069097468887
trader_19,0.00021905990951425118
judge_13,0.0002190270597468455
fun_18,0.00021892102777238163
justice_6,0.00021890303531265512
wisconsin_2,0.00021884033583288427
trader_8,0.0002187599338392368
investment_1,0.00021869765010830777
members_18,0.00021868535614073578
hedge_17,0.0002186682472087751
food_12,0.00021856066107330232
marriage_11,0.00021855418930844374
political_7,0.00021841119984717508
portfolio_4,0.00021835643983958268
founded_13,0.00021824311250667974
republican_10,0.00021812472926378414
gains_10,0.0002180511411221279
risk_20,0.0002178742970116558
virginia_20,0.00021780440730364485
fed_9,0.00021759529957002588
pennsylvania_5,0.00021756575525251786
society_17,0.0002174011037964313
elected_19,0.00021719703458466535
finance_15,0.0002171265910644846
sell_19,0.00021711279855748312
governor_13,0.00021708562442160142
committee_12,0.00021705967311431824
election_9,0.00021691801077601525
project_5,0.00021690153166609237
oil_8,0.0002168487788687086
buy_20,0.00021680439031779308
texas_13,0.00021674431126942253
dividend_2,0.0002167403002660753
tourism_12,0.0002165468006139524
firm_9,0.00021650004835769554
fond_3,0.0002163212088881799
movement_3,0.00021621379510492852
office_6,0.00021616661675065234
fun_17,0.00021609544247288626
services_17,0.0002158869726957323
voters_16,0.00021587589493189457
gold_5,0.00021584186000392995
arts_16,0.00021567811369535035
economics_11,0.0002154641282560916
short_sell_20,0.00021538812836500496
committee_13,0.00021523209437129096
representatives_20,0.00021522557498402116
fed_19,0.00021489796337125825
consume_12,0.0002148463735038464
law_9,0.0002148240511837613
earnings_12,0.00021475615263854316
loss_3,0.0002146472482515739
culture_15,0.00021462797699076005
dow_jones_15,0.00021460186062716825
dividend_17,0.00021457499219984522
banking_6,0.00021443111600668105
chance_7,0.00021418291841115362
carolina_18,0.00021416614194416227
industry_1,0.0002141266185929203
water_8,0.00021407816520208493
money_2,0.00021405674718589994
elected_4,0.0002137337025550894
tennessee_5,0.0002137080224998491
secretary_20,0.00021357806274249354
legal_15,0.00021345168227032352
home_13,0.0002133211519146184
tennessee_9,0.00021328140755981625
crash_4,0.00021327905402655038
lifestyle_13,0.00021326850033683673
elections_16,0.00021318742185559263
pennsylvania_10,0.00021318582792588734
movie_17,0.00021305730604990284
invest_16,0.00021302777754122777
credit_16,0.0002129297650483985
elections_17,0.00021270834653027424
holiday_13,0.00021263773389086236
election_13,0.000212605170192469
chance_11,0.00021258256153325526
act_20,0.00021247583629550165
holiday_15,0.00021243793671503646
marketing_4,0.00021243575767660532
william_3,0.00021230242049230925
return_2,0.00021226794239764032
BUY_AND_HOLD_9,0.00021226663896638218
county_9,0.00021212439686171472
massachusetts_11,0.00021211681477217368
house_6,0.00021209469865639063
politics_13,0.0002120661199383326
party_20,0.0002120308051811757
finance_11,0.00021199912167070434
products_5,0.00021196835842856907
office_1,0.00021194054465242053
buy_19,0.0002118637688355907
culture_11,0.00021185570315194818
act_5,0.0002118341790447557
college_5,0.00021179519566939876
earnings_5,0.00021172179455645343
crisis_2,0.0002115391406706454
election_11,0.00021153002421875515
ring_19,0.0002114071082534987
fond_15,0.0002113815935512742
governor_6,0.00021134314634384341
elections_13,0.00021115530371015813
bubble_10,0.00021096556838119085
senate_12,0.0002108531706462827
justice_12,0.00021062817444469066
energy_6,0.00021053652951918465
rich_3,0.00021046782931967442
members_7,0.00021009631172114453
growth_20,0.00020999504639366887
companies_2,0.0002099905919627232
returns_1,0.00020994717069077164
legal_16,0.00020992041206740558
consumption_5,0.00020987586169349894
hedge_13,0.00020979638194542428
movie_7,0.00020967097679089677
representatives_16,0.00020962921258277912
act_4,0.000209461201512862
chance_2,0.0002093999733123576
metals_4,0.0002091909288708791
return_5,0.00020910996284023708
politics_7,0.0002090026852797053
judge_9,0.00020896534573152482
project_1,0.00020885342580828547
success_1,0.0002086800569603127
pennsylvania_13,0.00020861544850899873
committee_8,0.00020850447552626757
carolina_19,0.00020848902733059947
economy_19,0.00020821452448553193
president_18,0.00020809306981282893
crash_3,0.0002080389680609417
invest_3,0.00020799777318521
management_9,0.00020782994308389665
profit_9,0.0002076884815230033
bank_12,0.00020726682193852747
justice_16,0.00020725611080157073
council_16,0.00020720616366047225
ceo_8,0.0002071102516736666
ministry_19,0.0002070848253227295
inc_7,0.00020701567532691506
economic_16,0.00020697820225185144
invest_15,0.0002069426191072642
travel_10,0.00020689437871600393
financial_12,0.00020676861120219747
global_20,0.00020657422372580183
elections_15,0.00020651911203192094
federal_1,0.0002064966876766935
office_16,0.00020646366527898088
sell_7,0.0002064472544501011
bank_14,0.00020634409590195715
oil_13,0.0002063415209026337
garden_3,0.00020633713623118395
washington_4,0.000206315382263016
return_3,0.00020615899344035362
legal_7,0.00020607903946484628
bonds_10,0.00020607384246102358
revenue_3,0.00020606452584071377
management_5,0.00020602822373362088
elections_5,0.00020595671762724054
democratic_6,0.00020584163270903963
car_16,0.00020579022055986718
bonds_7,0.00020576346237957004
derivatives_15,0.00020575885865879183
york_12,0.00020554480587490443
marketing_5,0.00020553402750094952
act_1,0.0002053583122173003
kitchen_7,0.00020535155224800567
political_13,0.00020535138983426068
georgia_11,0.00020531781193615617
washington_20,0.00020520886005521435
tennessee_8,0.0002051389893057289
fed_13,0.0002048511656800769
democratic_12,0.0002048064028822785
business_1,0.00020468324946885518
fond_19,0.00020462873461030137
tennessee_19,0.00020458623860435858
minister_9,0.00020433322053513275
politics_18,0.00020420624197144572
marketing_12,0.0002041819442181852
elections_18,0.0002039353840078474
forex_20,0.00020391801060143142
revenue_15,0.00020388146808779104
opportunity_12,0.00020385589913826712
dow_jones_20,0.0002038186351526716
returns_15,0.0002037765122397139
happy_1,0.00020373432524605734
security_2,0.0002036327705872039
inflation_15,0.00020359018782770168
texas_6,0.00020357942273286568
georgia_18,0.0002033835668852083
technology_1,0.0002033223540634575
dow_jones_9,0.00020331300404817949
sell_14,0.00020316449399050484
lifestyle_18,0.00020297860752753314
members_17,0.00020296674212367952
court_3,0.0002028971750506272
consumption_2,0.00020287961909324511
earnings_9,0.0002028350022633788
culture_17,0.00020282435728101613
corporation_12,0.00020282094727204497
bank_15,0.0002027907533919326
train_1,0.0002027358077823243
loss_20,0.00020271106225257864
security_15,0.00020270591186855985
BUY_AND_HOLD_17,0.00020268741489786986
short_selling_4,0.00020256694623790313
stocks_5,0.00020249279363525273
success_18,0.0002023620913353477
car_6,0.00020229274691926322
economic_9,0.0002022801719164457
investment_7,0.00020222055568381987
dow_jones_7,0.0002021897224997778
project_13,0.00020209935289023707
transaction_14,0.00020191641181860367
gains_11,0.00020189916649569748
technology_13,0.0002018917216940366
bank_3,0.0002018885121644459
movie_10,0.00020180620342203772
growth_7,0.00020157347433866053
market_4,0.00020147736871194805
council_17,0.00020146616152460557
georgia_3,0.000201364041247867
bank_10,0.0002013048175491296
gain_4,0.00020123771397294795
vermont_17,0.0002010824787765337
companies_10,0.0002010127406892215
opportunity_13,0.00020093844999958906
missouri_7,0.00020062709372404354
crash_1,0.00020055008567763965
restaurant_13,0.0002004826198694272
energy_19,0.00020046158817488911
gain_17,0.00020040242378903736
kentucky_15,0.00020022040403111968
ohio_9,0.00020017316095479942
home_6,0.00019976498493863974
democratic_3,0.0001997581490713222
travel_15,0.0001996170039956803
ore_3,0.00019959349054547932
economy_4,0.00019957263730286005
money_14,0.0001995141323920542
invest_7,0.00019939657419659558
products_10,0.00019938729769851415
politics_9,0.0001993797485741368
arts_9,0.0001993689791019632
fed_10,0.0001993268622867588
case_12,0.0001991574240549779
health_5,0.00019908147617849931
travel_6,0.0001989809099712804
transaction_12,0.00019897055059498643
rich_10,0.0001989323497466994
missouri_8,0.00019892608556342376
political_14,0.00019890243771689627
leverage_2,0.00019882584046248533
society_10,0.0001986930298577446
financial_19,0.00019839146091635767
gain_18,0.00019826353438356304
culture_9,0.00019817955286433232
loss_2,0.0001979687398698163
hedge_18,0.00019791890119049685
trader_1,0.00019791069779052337
elected_20,0.0001978346975720419
economics_2,0.00019780140596640424
kentucky_5,0.0001977402905479566
missouri_19,0.00019759913395564767
financial_markets_15,0.0001975666971902317
religion_17,0.0001974674364226575
police_13,0.00019742126600576628
happy_8,0.00019737677065647503
wisconsin_20,0.0001973089073888916
rare_earths_3,0.00019721990571729708
wisconsin_14,0.00019719502516459632
fine_9,0.0001971067433801262
movie_12,0.0001971035459658057
transaction_20,0.00019692615487487642
nyse_13,0.0001968988103071325
present_7,0.00019685521358658867
conflict_9,0.00019660158901167802
elections_2,0.00019651534923314192
cash_11,0.00019642246152591137
sell_1,0.00019634893589995294
society_5,0.00019634879557616644
economics_13,0.00019620031788731115
housing_16,0.0001960936490984356
seats_11,0.00019596036310958606
vermont_12,0.00019582393912325805
firm_4,0.00019569699430260206
energy_12,0.00019565907662402968
color_12,0.00019565240880585835
economics_5,0.00019558284682304672
secretary_9,0.00019542935144648793
ltd_14,0.00019537231231667182
college_6,0.00019531496022467007
health_4,0.00019528985318502582
college_13,0.00019521387689904734
served_10,0.00019520834078101034
housing_2,0.00019513518251809423
transaction_5,0.00019503205810131238
president_2,0.00019499699765675315
fond_1,0.00019497908401676836
inflation_2,0.00019481208581122663
war_2,0.00019477259123584125
georgia_19,0.00019469727936091978
economic_4,0.0001946253421496369
investment_16,0.00019457520929748532
served_12,0.00019455538228461565
food_6,0.00019448031639528158
ceo_1,0.00019438895460134766
election_18,0.00019438313685231207
hedge_7,0.00019436322934326703
chance_9,0.00019429920109938478
virginia_7,0.00019424297007027442
tennessee_11,0.00019419732370932737
president_11,0.00019401803328008307
home_3,0.00019399525387349964
elected_10,0.0001938705242969217
carolina_13,0.00019371338479498682
consume_7,0.00019359261113414982
freedom_7,0.00019332411906807195
chance_4,0.00019328969009566022
nyse_6,0.00019326612758094455
development_11,0.00019320917284657886
holiday_8,0.0001927658402606121
elected_8,0.00019275837533617966
freedom_6,0.0001927473801468135
arts_7,0.00019271727668973806
blacklist_13,0.00019264741529897587
trader_12,0.00019252516674688743
stats_16,0.00019244050435661422
wisconsin_9,0.0001923262122146179
bubble_13,0.00019230365230761144
union_8,0.000192153630930028
district_3,0.0001921513203615054
earnings_4,0.00019193252038126333
finance_1,0.00019167209472929555
community_20,0.0001915229461938183
stock_market_12,0.00019149657799333094
risk_1,0.00019130183462152058
finance_4,0.000191264603857021
opportunity_7,0.0001912164803582107
labor_11,0.00019119438847774953
invest_5,0.00019117385409767954
chance_16,0.0001910821761245852
inc_6,0.00019104206246409305
freedom_14,0.00019104191564507615
minister_18,0.00019103593652433317
carolina_8,0.00019098473023937298
nyse_12,0.00019092010923942547
marriage_17,0.0001907863988162335
health_16,0.00019074493728782953
food_5,0.00019073451822923111
stocks_14,0.00019073253609736145
seats_17,0.00019071303265377846
fed_4,0.0001906587703818887
members_5,0.00019059840612952188
elections_7,0.00019054207781191927
economic_13,0.00019048807794888763
gains_4,0.0001904824733801573
senate_7,0.00019027975745743568
companies_20,0.0001902103407727596
government_13,0.00019019005394335848
returns_6,0.0001901887323398568
elections_19,0.00019015753260897598
republican_9,0.000190059256673893
politics_5,0.000189984683975385
home_8,0.00018998080503684848
federal_6,0.00018994777088850753
votes_4,0.0001899046697114455
stats_12,0.00018990395813410266
members_19,0.00018982079110857125
cash_1,0.00018980320659125476
default_9,0.00018973460629092653
president_12,0.00018962344478556573
virginia_18,0.0001895947974758544
case_4,0.00018959477624187147
consumption_17,0.0001894961466174993
dividend_12,0.0001893976176720186
restaurant_4,0.00018938925914295762
products_9,0.00018935102768064303
debt_7,0.00018929546562432417
seats_16,0.0001892417581495498
bubble_14,0.0001891564371556444
culture_5,0.00018911726471283104
founded_17,0.00018908415587875856
revenue_1,0.00018905538961932412
court_7,0.00018904800269144677
ore_13,0.00018888505279905272
forex_14,0.0001888374917258883
ltd_18,0.00018879595695640153
kentucky_10,0.00018868559951843372
cancer_16,0.00018844264641671717
members_2,0.00018840355080976205
buy_14,0.0001883857648070827
political_6,0.00018828352450431024
consumption_7,0.00018817651655142717
leverage_13,0.00018814303575688713
firm_10,0.00018809067672101028
service_7,0.0001880599273286695
train_18,0.0001880477099154514
william_14,0.00018792822454427764
chance_12,0.00018785625877415762
seats_20,0.0001878153072222512
fond_16,0.000187700847113348
inflation_4,0.00018768877893963047
color_3,0.00018758742737214767
buy_3,0.00018757782546805673
water_1,0.000187451165034133
inflation_7,0.00018742006445244595
garden_8,0.0001872377561938628
stock_market_13,0.00018719918090985755
kentucky_6,0.00018707976765317057
culture_12,0.0001867808640942789
court_20,0.00018669581559944412
marriage_2,0.00018651664045849
committee_16,0.00018651241585473542
council_10,0.00018645543560953198
dow_jones_14,0.0001863254650193853
opportunity_8,0.0001862786260966315
william_13,0.0001861573193784247
rich_1,0.00018585444113567993
voters_7,0.00018567384793688468
legal_10,0.00018567100254464862
william_16,0.00018567071071457885
fond_8,0.00018560053907040522
color_16,0.0001855071778821778
elected_16,0.00018546715811180452
council_9,0.00018542410633227074
arts_3,0.0001853359145555528
service_2,0.00018527397808426287
train_4,0.00018506915773807732
elections_8,0.00018492219737898874
firm_14,0.00018491371325300018
sell_13,0.00018489522275745216
justice_18,0.0001847768380157239
inc_20,0.0001846957605659671
president_6,0.00018461102063627134
risk_5,0.00018459655372562157
risk_18,0.00018451479590792425
firm_8,0.00018445357920819782
stocks_10,0.000184434425266982
headlines_14,0.0001843160946966417
district_1,0.0001842751940680467
media_15,0.00018421560594765801
forex_5,0.00018418957114157104
media_10,0.00018406893006368212
president_7,0.00018399772548628642
dow_jones_13,0.00018383791614120804
marriage_15,0.00018371670837661878
market_2,0.00018369887488102197
gold_11,0.00018359913425676204
social_15,0.0001834783675989502
environment_5,0.00018331302140304112
government_20,0.00018320338522418957
pennsylvania_19,0.00018314275645519472
representatives_15,0.0001828186040475064
leverage_18,0.0001828168004517663
growth_4,0.00018264693280035889
house_9,0.00018257203611999072
environment_12,0.0001825690649729588
labor_10,0.00018254912412280215
committee_6,0.0001824717686568377
elections_9,0.0001823103867987895
default_17,0.00018221025187575526
travel_11,0.0001820492583902452
BUY_AND_HOLD_12,0.00018184951152450847
food_18,0.0001817714247019703
greed_7,0.0001817599301672687
government_5,0.00018171866697677818
DOW_JONES_16,0.00018164437076117375
energy_5,0.00018158002495663486
crash_20,0.00018148766529958033
ceo_16,0.00018144107839014267
kitchen_13,0.00018142053801238904
profit_14,0.00018139776930064275
republican_13,0.00018119643353768408
movement_4,0.00018113765688320129
restaurant_10,0.00018108732492493228
investment_2,0.00018102615151968784
million_18,0.00018101109715042073
vermont_18,0.00018083356664882143
york_2,0.00018066163337428852
metals_5,0.0001805529813477782
growth_12,0.00018038354018433788
ohio_2,0.00018006321287417974
committee_11,0.00018002017592669484
party_16,0.00017999510870674962
holiday_5,0.0001799592060334644
travel_5,0.00017961604433298147
movement_18,0.00017951153753855307
district_6,0.00017948237700732197
hedge_2,0.0001792768214364401
ltd_17,0.0001792373613979447
seats_19,0.00017910779031604163
holiday_19,0.00017907050642564917
growth_3,0.00017896031343436948
DOW_JONES_3,0.0001788782480436129
votes_8,0.00017882861590687586
gold_14,0.00017881300841438084
tennessee_7,0.00017877359246477694
environment_18,0.00017876265118971273
success_11,0.00017873711280574084
senate_10,0.00017871827697249067
economics_14,0.00017862857287186988
act_18,0.0001786259972073985
case_15,0.00017860088172778535
hedge_14,0.00017852751353250278
seats_5,0.00017850301511683557
money_15,0.00017847215826673616
economy_3,0.00017839800986455107
carolina_1,0.0001783676620335153
bank_6,0.0001783531492542481
invest_2,0.00017822007429453462
house_18,0.00017813030849673893
industry_16,0.00017787127863617372
portfolio_11,0.00017783502105011529
college_4,0.00017782813626742228
return_6,0.00017781774138169842
georgia_6,0.00017781453790847085
members_8,0.00017781355654826467
trader_10,0.00017774312692375206
ore_20,0.00017770536383780017
votes_5,0.00017763546643062973
corporation_7,0.00017763219395453323
votes_1,0.00017758453127908127
inflation_12,0.00017758423258820846
governor_15,0.00017757055910539205
metals_19,0.00017736883228186163
present_2,0.00017731478260250695
financial_5,0.00017717942335779922
party_4,0.00017706644579926957
police_18,0.00017699204069905546
community_18,0.00017697277388962956
financial_markets_16,0.00017683484288420835
housing_20,0.00017681648298385936
headlines_9,0.00017676164481406518
social_12,0.0001767293534166848
oil_19,0.00017666244164176774
minister_16,0.00017664804612355764
companies_11,0.0001760497388880185
nasdaq_13,0.0001760425237010773
security_20,0.0001758726040261679
firm_15,0.00017575051722886116
service_20,0.00017573202925226695
money_18,0.00017566525464186692
home_14,0.00017559237547575793
lifestyle_17,0.00017555045760152797
transaction_15,0.00017540271513043015
ministry_9,0.00017520844890984102
carolina_7,0.00017513695133811364
ltd_13,0.00017511490921473408
religion_20,0.00017505315727293458
derivatives_6,0.00017503928063455974
government_18,0.00017490891792922806
home_20,0.00017484154533586394
services_1,0.0001748193698792919
cash_7,0.00017462236909102438
police_17,0.00017452629522966406
marriage_19,0.0001744193515432124
william_9,0.00017430742974278407
county_17,0.00017424710880988085
pennsylvania_3,0.00017414388629681199
minister_13,0.00017411477094577988
founded_5,0.00017403520864509066
industry_13,0.00017377246641002095
court_6,0.00017372778337146414
blacklist_1,0.00017369185487580915
wisconsin_13,0.0001735238636437609
million_7,0.00017333190908181803
gain_1,0.00017331503761069923
banking_17,0.00017316422343153162
cancer_13,0.00017304517566372853
social_16,0.00017301155992407977
forex_17,0.00017295759366596237
environment_4,0.00017295099096678834
cash_4,0.00017281374405932247
media_14,0.00017278282804152032
unemployment_3,0.0001727287681519816
government_8,0.00017263155955907035
bonds_15,0.00017254504417172582
served_18,0.00017252446194969593
growth_13,0.00017251731734222543
crash_19,0.00017239527689615227
credit_20,0.00017234115728845937
revenue_4,0.0001721421201722101
county_19,0.00017207660156822572
stats_2,0.00017168563656610927
movie_6,0.0001716610616074954
forex_3,0.00017161985024258686
washington_7,0.00017156566660737733
financial_markets_5,0.00017156358067346725
served_16,0.0001714859890737545
massachusetts_18,0.00017139181526256193
kentucky_19,0.00017130154125988484
missouri_9,0.00017128060594244178
justice_17,0.00017116827012915602
marketing_14,0.00017113364596633258
house_7,0.00017110831423168947
greed_9,0.00017100296681951902
inc_4,0.00017098343279820346
voters_8,0.00017069893696231174
management_12,0.00017060553760105696
credit_10,0.00017048447623100295
inflation_20,0.0001703347629286448
marriage_16,0.00017025360853170984
district_4,0.00017017386769597673
judge_17,0.0001701550647754431
rights_4,0.0001701140484707954
ohio_15,0.00017003731115133023
headlines_8,0.00016995961380552202
world_11,0.00016987706537443305
energy_8,0.00016986348129381518
political_4,0.00016984978908127097
bonds_14,0.00016976516345488455
security_12,0.00016975783066515483
leverage_9,0.00016970645879666623
earnings_1,0.00016953055540535426
washington_16,0.00016933110324124454
oil_18,0.000169322693160955
missouri_3,0.00016926952085383692
york_13,0.00016922361258672302
food_7,0.0001691895866079996
bubble_19,0.0001691483274473536
products_12,0.00016905981567550733
president_15,0.0001689245174387508
stats_9,0.00016892407444702977
political_5,0.0001688509823464068
court_14,0.00016832687815234568
culture_20,0.00016820430093435312
seats_9,0.00016794870259526345
committee_4,0.0001678916390921906
votes_19,0.00016788600511622137
wisconsin_7,0.00016764641593200604
lifestyle_20,0.00016745791105263663
gain_11,0.00016724110660940747
college_7,0.00016719633290648712
water_4,0.0001671402728136275
products_13,0.0001671300898684569
nyse_8,0.0001671279349086472
travel_14,0.00016710386023019943
rights_15,0.00016709727304445353
debt_16,0.0001669862751377097
greed_11,0.00016692645062636
returns_19,0.00016674742509159763
money_3,0.0001667161533656941
default_1,0.00016671068115214004
seats_12,0.00016668657657157126
chance_15,0.0001666489538915985
culture_14,0.00016660948995314497
arts_12,0.00016656329285441877
opportunity_2,0.00016644961734441373
present_19,0.00016641725217093816
present_4,0.00016639609208845958
representatives_19,0.0001663924752066654
vermont_2,0.0001663530285781419
economic_5,0.00016625445191783292
representatives_17,0.00016617371961961114
unemployment_5,0.0001660428071263674
credit_15,0.00016603955859245678
success_12,0.00016595693590006066
office_11,0.00016585401559257544
nasdaq_4,0.0001657840688736393
DOW_JONES_5,0.00016568915855336142
tennessee_17,0.00016567464427242573
party_7,0.0001656260384454312
investment_18,0.00016560298104106925
governor_20,0.00016553850791653385
returns_4,0.00016543540905303652
ministry_4,0.00016539621574967174
cancer_6,0.00016532187581799385
law_17,0.00016531078851828352
gain_16,0.00016522283680541107
william_11,0.00016518619693473314
color_17,0.00016515772819603218
development_17,0.0001651558023149027
holiday_7,0.0001651443751057827
economics_9,0.00016504467046921003
debt_18,0.00016501378798272127
oil_6,0.00016491899586372098
services_20,0.00016491408949610896
investment_4,0.000164542135400844
ore_9,0.00016436885160165418
derivatives_4,0.0001642848076548189
election_17,0.00016425525263881425
returns_18,0.00016406029323058017
massachusetts_4,0.00016405679510621897
political_10,0.00016404796976332014
party_15,0.00016404001280655712
BUY_AND_HOLD_11,0.00016401224924252744
loss_12,0.00016394751201284085
federal_15,0.00016383157636293467
market_5,0.00016373705760500769
services_11,0.0001636943935231603
market_12,0.00016361665744819896
gains_12,0.00016352537493607476
elections_4,0.0001633817059013472
DOW_JONES_15,0.0001633498308419773
ltd_10,0.00016325169128399646
service_16,0.00016322460081654081
banking_9,0.00016319756866873294
judge_19,0.0001631879454158515
security_18,0.0001630612333783396
case_9,0.00016305353134772187
corporation_1,0.00016274517915659665
million_20,0.00016259355972484706
legal_14,0.00016250543748972518
founded_10,0.00016250106226801912
county_5,0.00016247871486588713
house_4,0.00016241482648903844
police_20,0.00016232672742734583
cash_3,0.000162291877088796
election_8,0.0001622121743787379
fed_20,0.00016213435645366894
unemployment_17,0.00016199328584784388
stocks_2,0.0001619147593887442
county_12,0.00016186896770959482
return_11,0.0001618358167313928
bonds_20,0.0001618272258549645
votes_20,0.00016172342592520454
market_3,0.0001616513707014949
pennsylvania_8,0.00016160182487395737
washington_14,0.0001615282296806042
representatives_6,0.00016148933637331214
ceo_10,0.0001614558883283517
carolina_9,0.00016139016758500016
risk_11,0.00016128052990609443
derivatives_8,0.0001612644900515691
banking_19,0.00016116858567485594
world_7,0.00016114696357572995
labor_6,0.00016107772819189475
seats_13,0.00016088864311030162
oil_5,0.0001608681892569462
culture_1,0.00016069992285136413
community_9,0.00016068631874213306
cancer_5,0.00016056056129732806
consumption_3,0.00016051380886843367
buy_5,0.00016042242816843925
ohio_1,0.000160318889966017
economic_17,0.00016028704413267124
greed_2,0.0001601026011177862
president_1,0.00015980720903284793
gains_16,0.00015973622669525093
politics_11,0.00015958586679066386
global_6,0.0001593918951332956
return_16,0.00015920634855483127
inc_17,0.00015916911975192113
freedom_10,0.00015907811611730053
senate_13,0.0001589086557053822
culture_13,0.0001588103574401244
default_12,0.00015874976584502753
present_12,0.0001586299008137326
arts_13,0.00015859778060429034
money_12,0.00015858933406648262
gains_17,0.00015858020286876743
lifestyle_1,0.00015836659280828074
nyse_7,0.00015829849444217738
home_12,0.0001582739680348004
ministry_11,0.0001582348798085122
headlines_11,0.00015815941253423792
buy_16,0.00015815458756801508
market_18,0.00015809922972588242
nyse_14,0.00015781604175117995
credit_1,0.0001577443394905048
blacklist_17,0.00015774060110239257
justice_13,0.0001576423623448285
district_15,0.00015756150431228832
corporation_8,0.0001574953003796765
politics_2,0.00015745243462932557
massachusetts_10,0.0001572748498754881
government_17,0.00015725895113544118
members_12,0.00015722920711829901
voters_17,0.00015714172284312663
texas_17,0.0001570973974555323
served_6,0.00015701314046182556
health_8,0.00015697157473011474
nyse_5,0.00015693926461505812
derivatives_9,0.00015658717266373365
risk_14,0.0001564970514639437
social_14,0.00015636541251418977
technology_14,0.0001563163239925456
court_9,0.000156284927819952
religion_13,0.0001562750831801039
present_6,0.00015616303059617044
gold_20,0.0001560432684344605
crisis_14,0.0001559689766847191
seats_6,0.00015581794618754185
economic_12,0.00015580069604932134
community_4,0.00015570174130477094
profit_16,0.00015567568515336384
nyse_11,0.00015553602559214202
revenue_19,0.00015552220487623762
management_1,0.00015524737288971944
culture_16,0.00015499676311131897
risk_6,0.00015492016155682831
stock_market_5,0.00015482272545149354
war_19,0.0001546845946636485
investment_20,0.00015466802824581747
development_15,0.00015452310478954425
debt_14,0.00015446143033211456
gain_13,0.0001544160957123187
rights_12,0.00015436993700401413
loss_1,0.00015427454734471573
car_12,0.00015420872443275383
fond_7,0.00015416925982659693
secretary_10,0.00015416435264228818
marriage_20,0.00015414826206391864
unemployment_12,0.0001540780423250975
security_7,0.00015398839561591614
police_16,0.0001539302782219528
culture_4,0.00015384386570609242
consume_19,0.00015383275424743137
fond_11,0.00015375864371452945
justice_9,0.00015350315936527964
derivatives_14,0.00015350031188732938
invest_12,0.0001535000504521958
massachusetts_13,0.00015338529525336667
short_sell_19,0.00015331206838817494
fond_12,0.0001532943382670669
bank_20,0.0001532002777795985
ore_17,0.00015319799136541095
security_5,0.00015318606105422304
federal_14,0.00015312341207803255
law_19,0.00015306380032288194
opportunity_16,0.0001530219540398487
massachusetts_8,0.0001530084696769384
happy_19,0.00015297225885100763
housing_15,0.00015275861925329796
media_16,0.00015255373935110943
act_3,0.00015253857100312385
happy_6,0.00015238558102791296
project_17,0.00015237603916347657
gold_16,0.00015233326962326994
derivatives_3,0.00015225591544169124
blacklist_5,0.00015224795842953156
politics_15,0.00015219476566176828
dividend_19,0.00015209960338135917
cash_15,0.00015202763638237518
secretary_2,0.00015195532307506882
derivatives_2,0.00015194209603472313
ceo_15,0.0001518648378642957
leverage_10,0.00015176984234254896
housing_14,0.00015158920999899794
ore_7,0.00015158391800759358
stats_6,0.00015153518909607184
union_7,0.00015140270999617332
wisconsin_15,0.00015139814269758602
global_5,0.00015126181484412967
dow_jones_19,0.0001510456856880544
garden_7,0.00015094592730077275
debt_10,0.00015094041935825089
metals_11,0.00015089359731812108
kentucky_20,0.00015089162483719468
returns_8,0.00015058825463895999
movement_15,0.00015048429448506875
opportunity_19,0.0001502481375533717
DOW_JONES_20,0.00015019756868980263
served_5,0.00015017361696436388
judge_15,0.0001500851407840456
world_17,0.00015007151796850987
ring_9,0.0001499226565549252
train_20,0.00014986203447867093
stocks_8,0.0001498479240147527
leverage_11,0.0001498288647520135
ring_3,0.0001498236090550083
service_4,0.00014982249482805546
gain_15,0.00014971129305331392
senate_9,0.00014967196181357766
industry_19,0.00014966542704992613
minister_6,0.0001495407766325544
served_19,0.00014942042854311437
lifestyle_8,0.00014931216041029005
council_11,0.00014922691298813103
party_19,0.00014911886525636095
votes_13,0.00014904140948109106
dividend_20,0.00014900188584548397
ministry_1,0.00014880143239741383
food_3,0.00014871332497254093
crisis_18,0.00014868532530151678
consumption_1,0.0001486543741205964
gain_19,0.0001485246747177371
sell_6,0.00014848977253968502
founded_19,0.00014844378574907697
social_7,0.00014842303114969208
crisis_5,0.00014837149309200332
health_20,0.00014816449122659532
war_13,0.00014816091848081822
lifestyle_16,0.0001481349643882439
members_4,0.0001481333795448156
unemployment_16,0.00014810380508620215
corporation_4,0.00014780502819398446
marketing_3,0.00014774489299189324
representatives_12,0.0001477366177371289
leverage_6,0.00014767627356455126
sell_3,0.00014754497483909556
buy_17,0.0001475114181361096
food_9,0.000147478198999257
conflict_4,0.00014727137824767426
founded_18,0.0001471834181326034
ring_13,0.0001470897776830484
police_12,0.0001470365597504724
sell_15,0.0001469389164815314
food_4,0.00014685956630467335
dow_jones_12,0.0001467268614451884
banking_3,0.00014644828383068398
secretary_3,0.00014620130665394832
republican_5,0.00014613330545763028
arts_17,0.00014610938442583094
blacklist_4,0.00014609028955626919
derivatives_1,0.0001460087778774931
cash_6,0.00014600320295521182
color_4,0.0001459916672912383
bubble_15,0.0001459777302256012
portfolio_2,0.0001459759679927995
transaction_3,0.000145946418128727
global_8,0.00014589992516855196
derivatives_12,0.00014578084999585861
economy_15,0.0001456646703747576
labor_9,0.00014565725610214098
portfolio_6,0.00014554295257722746
office_5,0.0001455290216129653
war_3,0.0001454705013877819
ministry_10,0.00014544688135265457
votes_7,0.00014532313571024224
chance_17,0.00014531547641169262
financial_markets_9,0.00014528257095570692
washington_13,0.00014526760342658117
present_8,0.0001452253941742868
inc_15,0.00014516021451290687
tourism_3,0.00014500478142498628
justice_8,0.00014475604896814405
minister_12,0.00014473377630716425
freedom_3,0.00014465355031805717
business_14,0.00014460621116434543
blacklist_3,0.00014449579418358217
conflict_11,0.0001444173685319956
global_16,0.00014440861012639562
william_15,0.0001443388532051097
cancer_8,0.00014422600260412068
legal_20,0.0001438217846075398
nasdaq_16,0.00014371172547526619
conflict_3,0.0001436811529598396
return_15,0.0001436683270434167
office_2,0.0001436161102908641
profit_11,0.0001435262553199074
lifestyle_19,0.00014329140679801848
inc_10,0.00014322201400940183
fond_10,0.00014310203374359008
union_14,0.00014307093995410204
seats_7,0.00014305406893506956
hedge_9,0.00014298193969901243
union_16,0.0001428554787557132
stats_11,0.00014282166378407646
members_9,0.00014269392750676475
world_12,0.00014264122147856554
tennessee_14,0.00014260070963822063
rights_5,0.0001423930721250834
case_8,0.00014236682017593783
illinois_3,0.00014233532438603236
elected_12,0.00014207234899657137
million_2,0.00014199653225364887
votes_3,0.00014193932748860264
portfolio_5,0.00014170199013007433
restaurant_5,0.00014163637705810015
leverage_14,0.00014160655489553687
nyse_16,0.00014135745225937721
kentucky_1,0.00014114891259929711
inc_12,0.00014114322215336606
default_2,0.00014099560092164384
food_2,0.00014095551791726258
DOW_JONES_2,0.00014088897011681602
secretary_11,0.00014062907627551496
politics_4,0.00014053874318904966
metals_2,0.00014051111215911051
derivatives_13,0.0001404940219532014
success_10,0.00014045605813938882
happy_2,0.00014039816404118392
revenue_11,0.00014038042178857242
georgia_8,0.0001403361233269655
cancer_9,0.00014015659591627697
members_3,0.00013988016969658163
federal_19,0.0001398497616435576
democratic_17,0.00013960806860944023
georgia_20,0.00013953762000208612
opportunity_11,0.00013949050451362083
earnings_15,0.00013944482009207678
economic_15,0.00013942489359176447
garden_6,0.0001393816292771723
movie_18,0.00013932266165084427
ministry_7,0.00013927594525738044
ltd_6,0.0001391295837595814
banking_1,0.00013900410123542851
ministry_13,0.00013899996172673493
crisis_20,0.00013899441810129843
firm_3,0.0001388652519417779
default_10,0.00013859080774849674
world_1,0.00013845297697280084
forex_1,0.00013823235245047878
housing_10,0.00013794267162497466
consume_16,0.00013791308604503872
marriage_6,0.00013786944103365525
founded_3,0.00013743682213727517
elected_18,0.0001374329238505106
fond_20,0.0001373763037647017
services_4,0.00013737065953589153
money_9,0.00013734559014073143
representatives_2,0.000137287715765375
security_11,0.00013721686917562677
justice_2,0.00013702639664013184
fine_11,0.00013693254237551325
act_9,0.00013691701526388612
environment_9,0.0001368843751210402
money_16,0.0001368412390335036
district_11,0.00013669830677656133
success_20,0.0001366734889946103
trader_9,0.00013666615953589458
invest_20,0.00013663389630655306
senate_20,0.000136631971503991
fond_14,0.00013636841193702802
tourism_10,0.0001363369745603211
district_9,0.00013617879635274138
elections_10,0.00013614067286474743
companies_4,0.00013601212481605912
technology_15,0.00013587474194786924
firm_2,0.0001358538987047133
markets_1,0.00013578664386078293
legal_6,0.00013577186328612515
industry_12,0.00013567813233454038
movement_11,0.00013565614934869764
tennessee_10,0.00013564670501140834
social_18,0.00013561485367182268
massachusetts_16,0.0001356040609139658
committee_15,0.00013542711402508842
kentucky_17,0.00013501833020723475
war_16,0.00013468891520191113
color_1,0.00013464327506529944
vermont_11,0.0001344909897744381
restaurant_2,0.00013447613293993667
dow_jones_3,0.00013442876818618038
founded_11,0.00013436893367214196
corporation_3,0.00013430872311042373
office_3,0.00013429018933508016
services_7,0.0001342210034919215
headlines_3,0.00013421793501581112
technology_18,0.00013399755440364475
crisis_15,0.0001339766355399066
fine_6,0.00013388550256557562
market_6,0.00013387255944818442
sell_16,0.0001337747795885104
debt_15,0.0001337641713622469
ministry_18,0.00013371804217525792
market_8,0.0001336750340886258
earnings_2,0.00013356532745542786
conflict_13,0.00013320468541098122
arts_11,0.00013315699444755528
rich_14,0.00013310117885510767
election_3,0.00013279203308650712
tennessee_3,0.00013273037972571874
leverage_16,0.0001326942994147731
investment_13,0.00013261151313914045
crash_13,0.0001324366811651538
firm_13,0.0001322739924726835
democratic_2,0.0001322220198035969
derivatives_16,0.00013217130966847418
derivatives_11,0.0001321604927006509
cancer_10,0.00013190757438918363
default_19,0.00013186413653273492
short_sell_4,0.00013185691748453392
ltd_9,0.00013168395737561217
portfolio_18,0.00013152931276552685
housing_7,0.00013145380325467116
crisis_13,0.00013122541821349195
kitchen_6,0.0001310488748844719
development_3,0.0001309877408066939
county_7,0.00013091553898047576
leverage_15,0.00013090001559592736
opportunity_4,0.00013085656829841855
bubble_7,0.000130656831353826
happy_12,0.0001303500840415146
elected_13,0.00013032234657358972
travel_19,0.00013026839646956246
ceo_12,0.00013023900952735206
holiday_3,0.00013015298999155374
metals_15,0.00013014808853907932
crash_7,0.00013008308519778824
virginia_19,0.00012988137158942547
movement_10,0.00012965170185281653
energy_9,0.00012964611367417774
default_20,0.00012960899643526714
dividend_9,0.00012959108142816082
house_13,0.00012939697941564363
consume_2,0.0001292534210526572
hedge_12,0.000129233830875799
forex_7,0.00012915569719843743
house_5,0.0001291404429621841
kentucky_9,0.00012905863207218093
DOW_JONES_12,0.00012902244681014909
votes_15,0.0001289892456210615
cash_8,0.00012896916250888736
DOW_JONES_9,0.00012885912622612444
success_3,0.00012872821072820801
rich_4,0.00012866096889636335
ceo_2,0.0001286167622751066
hedge_11,0.0001283426916119864
restaurant_20,0.0001281901571458151
economic_19,0.00012815633469380998
financial_10,0.00012808680419560306
republican_12,0.00012803682691498423
headlines_13,0.00012788794840838392
lifestyle_9,0.00012772764065209285
missouri_5,0.00012745907022790424
technology_7,0.00012743852094136885
case_6,0.00012742298510813786
sell_12,0.00012715518452320344
texas_11,0.00012711804844485583
house_19,0.00012706821346214877
success_5,0.0001269990410527066
growth_9,0.00012698767853826752
consume_6,0.0001269396860173947
judge_20,0.000126928122144284
consume_14,0.0001269102174661273
business_11,0.00012687567398448702
world_2,0.0001268717116914371
inflation_3,0.00012684844560254902
democratic_4,0.00012681687812695925
forex_16,0.00012676385957875318
financial_markets_14,0.00012675505746389276
management_17,0.00012655532413037728
returns_13,0.00012642928632412343
unemployment_1,0.00012638349497067774
democratic_15,0.00012612992450360873
DOW_JONES_8,0.0001260365933836959
loss_19,0.00012593790945002805
oil_7,0.0001259139407997834
ore_4,0.00012567662708140722
served_17,0.0001256182150559466
earnings_14,0.00012540450120378306
justice_20,0.00012536241012435812
ministry_5,0.00012533313017017733
headlines_17,0.00012523840932853023
banking_12,0.00012523236820167797
committee_1,0.0001249853202036238
health_12,0.00012482519939321874
financial_markets_13,0.0001247313423203984
case_17,0.00012470977293769885
forex_8,0.00012458181040846488
county_3,0.00012456700044612072
debt_12,0.0001244424394714463
finance_5,0.00012440079525839043
inflation_5,0.0001243497276856225
chance_8,0.00012423924980817553
movement_14,0.00012405331206289096
marketing_7,0.00012393448440851042
act_12,0.0001239050870712929
ltd_1,0.00012372798975137438
media_3,0.00012361004941338952
ore_18,0.00012346549518718462
markets_14,0.00012328453679950297
financial_2,0.00012326037943692934
DOW_JONES_6,0.00012309388430268737
ore_14,0.00012305848432875
ring_6,0.00012290207866990938
profit_3,0.00012282934706810987
home_9,0.0001228014627923498
headlines_12,0.00012278989063346373
inflation_9,0.0001227139369111965
earnings_20,0.0001226223665815958
federal_4,0.00012261590211281483
holiday_20,0.00012243884765917942
management_4,0.00012230420751159114
transaction_9,0.00012226782862255952
derivatives_19,0.00012214845840954346
federal_12,0.00012172407393786253
environment_19,0.00012155992216959293
district_14,0.00012142987229448669
case_14,0.00012135590594345359
portfolio_12,0.0001211608904886483
party_6,0.00012089331227889415
founded_6,0.00012086376068660383
success_17,0.00012077860765268621
bonds_13,0.00012068255043517985
banking_20,0.0001206482141425894
loss_10,0.00012057468687917925
tourism_9,0.00012056096643706782
services_19,0.00012055900747747285
food_19,0.00012055570000372476
kitchen_10,0.00012037054580824909
lifestyle_5,0.00012016386437356793
freedom_1,0.00012014659361737448
financial_6,0.00012014458651042133
ohio_18,0.00012014289674861321
voters_3,0.0001200735014016646
bonds_11,0.00011999488015447525
present_14,0.0001198549739681085
hedge_5,0.00011946747691384727
stocks_6,0.00011943237322468578
bonds_6,0.00011930880851913684
served_2,0.00011929103370275938
service_11,0.00011927598201084337
ore_2,0.00011920012007655552
greed_8,0.00011916365584109416
transaction_4,0.0001191335067093979
freedom_16,0.00011901642993320559
development_8,0.00011896646484994731
ohio_16,0.00011896231750914382
technology_2,0.00011870259059048795
war_1,0.00011816448783140829
earnings_13,0.00011806181578331612
consumption_6,0.00011801103563989806
credit_18,0.00011799753207820519
environment_6,0.00011783833467205115
headlines_15,0.00011780092984561807
business_19,0.00011778848949026575
success_19,0.00011766191039406573
headlines_1,0.00011757444477682486
voters_20,0.00011738047395466029
founded_4,0.00011727948374216822
restaurant_12,0.0001169598400070369
governor_18,0.00011694654101460653
founded_12,0.00011694350950309817
bonds_17,0.00011676627856655418
council_14,0.00011671564208228691
justice_5,0.00011664347563274882
trader_4,0.00011656657543367706
portfolio_7,0.00011656147564550368
financial_markets_12,0.0001164546366831203
nasdaq_11,0.00011630947901343795
stock_market_4,0.00011628189354534436
markets_10,0.00011626748974883631
greed_10,0.00011606388308195118
elected_3,0.00011601749404212132
arts_8,0.00011577894153301384
consume_13,0.0001157498322181654
headlines_2,0.00011555532667056634
social_2,0.00011549725174946815
elected_5,0.00011545627027065968
investment_12,0.0001153735659943594
buy_11,0.0001152090475002128
lifestyle_4,0.00011515647123831586
ring_11,0.00011515565543296264
returns_5,0.00011513358025189776
tourism_1,0.00011503458611537128
consume_9,0.0001148034870130465
federal_13,0.00011474444476185591
fond_9,0.00011455011398174324
county_15,0.00011453989262049456
economy_7,0.00011435175332973972
ore_12,0.00011396755715028415
market_15,0.0001138960800676877
bubble_5,0.00011387686381190116
washington_12,0.00011365489164101426
business_7,0.00011346889498531685
economic_11,0.00011344619279901807
short_selling_5,0.00011337179257953074
nasdaq_18,0.00011331757206111998
ceo_6,0.00011318374114069423
bubble_3,0.00011280906375923972
stocks_20,0.00011263397062063426
forex_19,0.00011252464791753032
fed_14,0.00011246665192806323
consumption_14,0.00011239182275238489
wisconsin_18,0.00011218018160749552
crisis_7,0.00011202252186966417
default_11,0.00011172007998261428
economy_12,0.00011171064570960945
default_13,0.00011170358671166517
risk_8,0.0001114886602785368
color_13,0.00011136751442956464
conflict_18,0.00011131220583674399
freedom_9,0.0001112173910279156
court_2,0.00011116819531842973
consumption_10,0.0001111097709388528
revenue_18,0.00011109397707014154
stock_market_3,0.00011106384879376375
profit_12,0.00011099019583831077
council_2,0.00011097953274512438
cancer_4,0.00011079338094646554
movement_20,0.00011047211731539242
rights_9,0.00011026041287516105
services_14,0.00011024374562250103
freedom_5,0.00011022104110458871
judge_4,0.00011009689636559309
religion_14,0.00010994807312626543
global_4,0.00010951063496847515
nasdaq_19,0.00010949430814927166
inflation_8,0.0001093361928974221
seats_2,0.00010933132046998372
movement_7,0.00010918049447126676
nasdaq_1,0.0001087663214560437
york_4,0.00010867165930372205
social_1,0.00010854367595474076
forex_12,0.00010851838135239272
vermont_13,0.00010848414239527363
representatives_1,0.00010843030127535039
judge_7,0.00010838854424769366
project_11,0.00010838328050894921
chance_13,0.00010830672011204522
consumption_18,0.00010823376355667797
short_selling_18,0.00010823314996632913
inc_16,0.00010817604860446482
blacklist_2,0.00010816868798433713
gold_15,0.00010814322474329396
forex_13,0.00010808407750343525
bubble_8,0.0001078915252629591
william_7,0.00010785996685945281
security_4,0.00010785580900816698
legal_3,0.00010781102646236512
food_17,0.00010773680433255869
management_2,0.00010766561392986966
gains_15,0.00010749122091823231
products_4,0.0001073959624436642
kitchen_8,0.000107371713816309
security_3,0.00010728444205731427
votes_12,0.00010713583492680976
corporation_10,0.00010705714759729859
loss_5,0.00010704282664679668
investment_5,0.00010696518037047029
media_8,0.00010692957816721291
banking_7,0.00010690140080871597
forex_18,0.0001068727637707292
market_20,0.00010686813835431467
governor_9,0.00010664036532548805
markets_7,0.00010660852584228458
voters_9,0.00010657426272127726
bonds_3,0.00010655676952726588
oil_12,0.00010652844125284289
illinois_14,0.00010649325838251035
judge_16,0.00010638385890913609
election_2,0.00010627403526760008
nyse_15,0.00010626474379786215
religion_6,0.00010613483098290595
metals_8,0.00010604120310399906
portfolio_3,0.00010567302129089814
leverage_1,0.00010565701156987735
council_1,0.00010549387916653665
ministry_8,0.00010544757527613183
short_sell_13,0.0001053283855106442
return_13,0.00010532136394448532
stats_15,0.00010519956345443373
votes_17,0.0001048636208905865
votes_14,0.00010443403213876802
stocks_7,0.000104399940018168
opportunity_14,0.00010429771998967238
committee_7,0.00010424584276188376
health_14,0.00010421100352281211
DOW_JONES_7,0.00010420983216397728
market_9,0.0001041199024641839
movement_1,0.00010401388494365783
dividend_1,0.00010396055286112579
gains_19,0.00010348030894605578
consumption_13,0.00010338861972593674
ceo_13,0.00010336134479985286
chance_14,0.00010308273339478823
religion_19,0.00010292216738371118
greed_20,0.00010262626124696252
illinois_16,0.00010258144610051253
fond_4,0.00010253386822043165
stock_market_17,0.00010251662615711363
headlines_10,0.00010216644422993568
bonds_4,0.00010202067990618334
banking_4,0.00010189268671167886
tourism_14,0.00010185640308101305
invest_13,0.0001018359944520478
religion_10,0.00010174414276087207
stats_20,0.00010168271374175458
rich_8,0.00010160268797729724
conflict_10,0.00010132103876408309
invest_4,0.00010112895409502876
rare_earths_9,0.00010111728017560491
portfolio_15,0.00010093730888971932
representatives_13,0.00010075095561590868
ministry_3,0.00010071755377529342
police_14,0.00010041474771532845
stock_market_10,0.00010007705265723882
economics_15,9.999906424010819e-05
consumption_12,9.999638560142535e-05
dividend_15,9.99004149802936e-05
community_19,9.981807300908445e-05
home_17,9.959720974092515e-05
committee_14,9.953704341870417e-05
stocks_12,9.931509344320574e-05
freedom_13,9.910113358966583e-05
blacklist_7,9.897916100199935e-05
risk_13,9.894399459394027e-05
opportunity_3,9.874357952344884e-05
carolina_16,9.852533996395805e-05
federal_3,9.849050609696571e-05
greed_19,9.840493483471493e-05
markets_9,9.832700219119287e-05
greed_14,9.800789492331935e-05
blacklist_10,9.792145042784835e-05
gold_4,9.786437495417459e-05
hedge_3,9.762847341767498e-05
dividend_5,9.745049729607938e-05
happy_5,9.719212334528826e-05
gain_5,9.716060027093742e-05
firm_17,9.711751091879463e-05
derivatives_17,9.71016286832373e-05
present_3,9.687893214598107e-05
council_8,9.669054867918468e-05
leverage_20,9.653375345719824e-05
elected_9,9.649175151687439e-05
financial_markets_8,9.647971695900982e-05
kitchen_19,9.646460382643147e-05
markets_6,9.627152027964744e-05
politics_3,9.619829572120978e-05
labor_5,9.599190765337178e-05
economy_5,9.581787575255954e-05
society_2,9.572586281014163e-05
travel_3,9.564556910427638e-05
dow_jones_2,9.559889108259092e-05
bonds_2,9.549752081235273e-05
ceo_9,9.486619236752711e-05
democratic_9,9.465453743224116e-05
invest_6,9.458915939172155e-05
greed_15,9.446128774717344e-05
opportunity_10,9.441167269150377e-05
democratic_19,9.435085940470226e-05
votes_9,9.423356436431544e-05
headlines_4,9.421103788613143e-05
elected_17,9.397351972926619e-05
money_5,9.394266623129949e-05
dow_jones_1,9.386742807835456e-05
unemployment_14,9.383870966219344e-05
chance_6,9.380812722307633e-05
debt_3,9.364203945904592e-05
dow_jones_6,9.358066708526709e-05
forex_10,9.357227205688923e-05
marketing_16,9.354856234134396e-05
nyse_19,9.335562464737474e-05
trader_18,9.327855609504716e-05
stock_market_15,9.324524142723964e-05
missouri_6,9.324048948109911e-05
business_17,9.318786636918398e-05
nasdaq_20,9.300614552959533e-05
forex_6,9.283015067815693e-05
color_10,9.276992238132429e-05
missouri_11,9.273678589735198e-05
ministry_16,9.234718265135647e-05
governor_5,9.220336536806816e-05
washington_5,9.184227644993818e-05
voters_2,9.179664846635714e-05
voters_12,9.152370047835075e-05
risk_12,9.127861306952073e-05
forex_9,9.094911279357393e-05
forex_2,9.081995703156755e-05
economic_6,9.039536666665119e-05
nyse_2,9.037411988906086e-05
nyse_10,9.036135450675233e-05
dow_jones_4,9.002131784551342e-05
voters_14,8.984028038793286e-05
missouri_13,8.975809182711147e-05
finance_17,8.921448159437284e-05
dividend_10,8.920345400304197e-05
default_5,8.903082777337115e-05
dividend_13,8.896004490992458e-05
short_selling_3,8.884518064613315e-05
blacklist_19,8.867892322180053e-05
rare_earths_15,8.855431307316358e-05
development_6,8.833838216673331e-05
rich_6,8.8264776262736e-05
restaurant_15,8.789550679564249e-05
technology_19,8.748215499368484e-05
growth_6,8.74653578147671e-05
gains_6,8.741258963013304e-05
conflict_14,8.730441447480498e-05
ore_11,8.723826406569641e-05
credit_9,8.72193613446633e-05
opportunity_6,8.713201319607404e-05
million_9,8.691886264963888e-05
greed_16,8.689380484415918e-05
stocks_9,8.648952300879044e-05
act_14,8.64583701956368e-05
gains_13,8.61871365568022e-05
voters_4,8.600946559838235e-05
ohio_7,8.578043483767785e-05
unemployment_11,8.542266815226334e-05
senate_18,8.502825146929774e-05
bank_19,8.49960689364361e-05
finance_20,8.498505825471838e-05
consume_15,8.493498282645849e-05
environment_11,8.476798164743067e-05
founded_9,8.47383908111398e-05
money_20,8.436751004149552e-05
consume_8,8.431455062442047e-05
leverage_7,8.428973945165444e-05
union_4,8.426821232225376e-05
freedom_11,8.426725815324734e-05
success_15,8.413378587843996e-05
virginia_3,8.38412691757846e-05
returns_17,8.369424598572468e-05
economy_13,8.35924731733972e-05
inflation_10,8.352214514612418e-05
cancer_19,8.339973939609682e-05
environment_1,8.332720047443051e-05
culture_3,8.316239001740525e-05
nyse_20,8.287963177595011e-05
transaction_17,8.277898421090463e-05
headlines_20,8.239112714352066e-05
consume_3,8.238043403738854e-05
gains_8,8.21350531351391e-05
investment_17,8.196367028347284e-05
society_8,8.192263839280451e-05
leverage_19,8.136079685133082e-05
million_14,8.131190140239501e-05
nasdaq_12,8.113867590315057e-05
ring_10,8.105417635199633e-05
bonds_12,8.076145612218388e-05
leverage_8,8.071164460040235e-05
nyse_4,8.048677392282507e-05
ring_2,7.987121164976474e-05
greed_6,7.97587464810707e-05
water_19,7.969775180780864e-05
ceo_18,7.95783724952079e-05
metals_16,7.920297908447564e-05
consumption_20,7.892195581341351e-05
DOW_JONES_1,7.88945083367574e-05
democratic_14,7.882353502687957e-05
elected_11,7.858048518588022e-05
secretary_15,7.846515944096392e-05
consume_4,7.831719844929655e-05
founded_8,7.81401354949031e-05
blacklist_8,7.803164859880617e-05
portfolio_16,7.791514765591092e-05
portfolio_9,7.767088644808576e-05
senate_17,7.75046730308028e-05
default_16,7.745715796377435e-05
default_6,7.725828345434593e-05
marriage_13,7.702341960949167e-05
derivatives_10,7.697243338285957e-05
fun_2,7.682954756074029e-05
government_6,7.63898475901535e-05
bonds_16,7.636462216917495e-05
justice_11,7.584781677487533e-05
social_4,7.57613938769403e-05
unemployment_2,7.543582613029677e-05
nasdaq_10,7.523908764690638e-05
minister_4,7.488645790637916e-05
financial_markets_3,7.482291897605303e-05
law_12,7.464370665252105e-05
industry_11,7.462906692856464e-05
food_10,7.443336955636798e-05
ltd_19,7.384167047237529e-05
inflation_6,7.353982212800265e-05
republican_1,7.325781960861989e-05
committee_3,7.32499317416382e-05
stock_market_14,7.318275979249626e-05
ore_19,7.31260551616275e-05
DOW_JONES_19,7.292110972161965e-05
nasdaq_7,7.27700245989001e-05
derivatives_18,7.265452459598098e-05
headlines_5,7.209205757255034e-05
blacklist_12,7.200495243906385e-05
return_4,7.198748752438753e-05
seats_4,7.165190685790799e-05
minister_20,7.145574724385312e-05
technology_20,7.11888082061761e-05
holiday_9,7.069775224276542e-05
revenue_20,7.061794090984855e-05
minister_2,7.057398036314694e-05
unemployment_10,7.030148356821816e-05
portfolio_17,7.001512946199871e-05
vermont_6,6.975189032413301e-05
metals_14,6.910007233428171e-05
consumption_19,6.895917704731446e-05
minister_10,6.890863864647823e-05
invest_18,6.877549568746708e-05
chance_19,6.85530033872138e-05
industry_10,6.842188100165967e-05
trader_2,6.819310142390744e-05
minister_17,6.817487176687657e-05
blacklist_6,6.759195868545601e-05
founded_1,6.755090743815774e-05
ring_5,6.6957095601125e-05
fond_18,6.691933212413546e-05
markets_18,6.6674123544003e-05
gains_20,6.657176189226531e-05
short_sell_8,6.645050107703489e-05
gains_14,6.577486221181503e-05
dow_jones_11,6.471870392554898e-05
success_14,6.446115919416218e-05
markets_12,6.416930480948424e-05
william_20,6.40502389543887e-05
gains_5,6.321063450559254e-05
blacklist_18,6.27154112129325e-05
bonds_8,6.268460606651773e-05
senate_2,6.189403438773893e-05
rich_20,6.179729549357933e-05
services_10,6.164935851616019e-05
rare_earths_10,6.153062308748019e-05
fine_16,6.151346963581383e-05
rich_16,6.142767904991992e-05
portfolio_1,6.129538623483902e-05
growth_17,6.118874528541305e-05
global_1,6.092586860283027e-05
economics_1,6.063284850469971e-05
ceo_20,6.0554592806797665e-05
greed_18,6.047947241598984e-05
holiday_16,6.0316025991156794e-05
products_2,5.990985300496737e-05
nasdaq_14,5.958886768110247e-05
chance_5,5.954462098015101e-05
senate_15,5.950341102140832e-05
investment_19,5.929293777486264e-05
revenue_10,5.8548524745882064e-05
ring_20,5.827196292891044e-05
DOW_JONES_14,5.8229187048944e-05
inflation_11,5.7033632358071486e-05
culture_10,5.7014344291090497e-05
return_20,5.676975600733475e-05
car_7,5.5972734573275144e-05
dividend_8,5.5193295118319876e-05
served_9,5.503131267701168e-05
consume_10,5.404133767674278e-05
inflation_18,5.3709717032523746e-05
judge_18,5.351849563828664e-05
debt_1,5.348852437842236e-05
DOW_JONES_13,5.301090797611194e-05
democratic_7,5.215264204044227e-05
committee_10,5.214747601144381e-05
york_8,5.167095596567606e-05
cash_17,5.16665828291472e-05
york_7,5.15086803179518e-05
voters_10,5.1217839478158585e-05
kitchen_11,4.9497695242995353e-05
lifestyle_11,4.942349294640175e-05
politics_19,4.8581290569534926e-05
law_2,4.8446521920589046e-05
unemployment_20,4.747098602524144e-05
leverage_17,4.7350060530895006e-05
markets_2,4.7176898020468294e-05
short_selling_19,4.7119530576049574e-05
georgia_1,4.5955164261643624e-05
crisis_3,4.576936529211218e-05
derivatives_20,4.555372879389541e-05
leverage_5,4.5511850049900876e-05
massachusetts_1,4.4612934278572386e-05
short_sell_1,4.449661296344586e-05
financial_markets_20,4.359000870157619e-05
short_sell_12,4.353407848914016e-05
opportunity_1,4.334879664803751e-05
conflict_12,4.314448298753282e-05
garden_2,4.2910079740825814e-05
DOW_JONES_4,4.2695391523793756e-05
short_selling_2,4.2348416884670565e-05
consume_17,4.2035244504926986e-05
greed_12,4.0678921939952325e-05
metals_7,4.054936665143467e-05
transaction_1,3.989631183473276e-05
financial_markets_2,3.947273167870322e-05
BUY_AND_HOLD_7,3.9229748008960564e-05
financial_markets_19,3.842026417660131e-05
invest_1,3.818217958887175e-05
ohio_12,3.750330776063704e-05
vermont_10,3.692394220575088e-05
gain_12,3.568302106180488e-05
movie_11,3.556207683136475e-05
lifestyle_6,3.273143506024903e-05
short_sell_11,3.140188832731788e-05
short_sell_10,2.7891135771280335e-05
BUY_AND_HOLD_8,2.702072917436894e-05
gains_9,2.5009865767467416e-05
short_sell_15,2.4915152412277963e-05
short_selling_15,2.3958225342468264e-05
greed_5,1.8031371160239127e-05
short_sell_2,1.4941080221423545e-05
BUY_AND_HOLD_19,1.2196552821493179e-05
BUY_AND_HOLD_2,8.198637079871801e-06
BUY_AND_HOLD_15,7.563680757529712e-06
BUY_AND_HOLD_20,3.517910186504542e-06
short_sell_5,9.172837653449306e-07
BUY_AND_HOLD_1,
BUY_AND_HOLD_5,
BUY_AND_HOLD_6,
BUY_AND_HOLD_10,
BUY_AND_HOLD_13,
BUY_AND_HOLD_16,
BUY_AND_HOLD_18,
financial_markets_18,
gains_7,
rare_earths_1,
rare_earths_2,
rare_earths_4,
rare_earths_5,
rare_earths_6,
rare_earths_7,
rare_earths_8,
rare_earths_11,
rare_earths_12,
rare_earths_13,
rare_earths_14,
rare_earths_16,
rare_earths_17,
rare_earths_18,
rare_earths_19,
rare_earths_20,
short_sell_14,
short_selling_7,
