features,feature_score
risk_17,0.0018517160104470042
votes_1,0.0017518307182600226
nasdaq_15,0.0016711386587834616
act_9,0.0014598674268315234
home_15,0.0014181613600269634
college_1,0.0014024286037603868
freedom_8,0.0013903303735848342
holiday_1,0.0013594847662853982
dow_jones_20,0.0013234771784469744
bonds_11,0.001285679820892553
county_18,0.0012504243127126559
union_2,0.0012477888417253304
BUY_AND_HOLD_13,0.0012472641180965216
nyse_10,0.0012433077610737068
forex_3,0.0012116658870596634
society_12,0.001178621316841532
million_12,0.0011748525932277045
short_selling_9,0.0011720580847869322
movement_12,0.0011661299631416028
project_10,0.0011613209448227066
political_9,0.0010995315563978817
social_1,0.0010850493271096428
financial_5,0.0010836235647957637
restaurant_19,0.0010829199538060028
college_10,0.0010806288890282585
ring_3,0.0010768938856675527
texas_4,0.0010750891120756096
car_2,0.0010575351973583919
happy_11,0.0010547615798169798
washington_14,0.0010362922975303743
corporation_12,0.0010282086050272638
community_12,0.0010278821260624822
markets_19,0.0010215563190999646
return_18,0.0010194619896557963
community_4,0.0010142508650959178
sell_3,0.001008429337612583
committee_16,0.0010043314912363257
bubble_11,0.0010027961543809067
lifestyle_8,0.0009992130738250094
security_2,0.000981066892691286
marriage_7,0.000979481690383827
profit_5,0.0009767223949136868
wisconsin_14,0.00097663353291683
office_19,0.0009751194829060049
short_sell_11,0.0009684128038838996
buy_9,0.0009645411790230101
movie_9,0.0009634391935918591
stocks_15,0.0009541258227572228
virginia_17,0.0009527832922671166
federal_14,0.0009489899799249522
massachusetts_15,0.000926519788903818
elections_15,0.0009219970714027981
democratic_3,0.0009093933484253652
york_15,0.000902161451782899
loss_3,0.0008900549493445481
million_1,0.0008893192045969576
representatives_6,0.0008858633021550255
culture_17,0.000877599196285577
labor_7,0.0008771704977708381
republican_4,0.0008762507101820351
stocks_6,0.0008753340936492472
economic_10,0.0008739270320106221
fun_4,0.0008735928410999979
county_4,0.0008674958074435585
culture_9,0.0008658481689539022
act_13,0.0008562146279741591
ring_19,0.0008531470970441142
ohio_15,0.0008474785230615979
happy_3,0.0008414241221850249
happy_8,0.0008387780876153015
tennessee_1,0.0008382446864639662
ohio_11,0.0008310087505997137
democratic_13,0.0008283485779087254
credit_15,0.0008246545029497899
business_18,0.0008222799744665705
home_17,0.0008217793391435553
government_10,0.0008207575525787035
inc_14,0.0008174565713858369
democratic_11,0.0008147743904923174
headlines_16,0.0008060618910066766
founded_7,0.0008000849385729725
corporation_9,0.0007973826541704313
unemployment_12,0.0007956697466494424
returns_1,0.0007949922981012578
restaurant_9,0.0007910709669710636
car_6,0.0007869708317766155
society_1,0.0007865743591263856
pennsylvania_4,0.0007852820203791402
global_18,0.0007752139188985332
buy_15,0.0007742554009098362
house_10,0.0007725337127004403
william_8,0.000771732881701918
committee_7,0.0007707999651305067
finance_14,0.0007705488693361519
legal_8,0.0007664650685392201
votes_4,0.0007664491652409591
garden_3,0.0007606600148520907
economics_12,0.0007564080020486512
markets_2,0.0007561333512363756
corporation_15,0.000754402822736325
derivatives_5,0.0007507484524707372
corporation_5,0.0007495920665432332
labor_9,0.0007452656542084314
seats_15,0.0007413254761471031
rights_5,0.0007404904892490081
illinois_13,0.0007396572113721189
house_5,0.0007385958734992871
earnings_20,0.0007384259563065254
social_9,0.0007349885042981817
metals_19,0.0007302827288393347
rich_14,0.0007293515092735636
kitchen_20,0.0007252239471268009
revenue_13,0.000725177604538636
founded_9,0.0007204649689682163
loss_10,0.0007188328403940538
technology_16,0.0007187148880494135
inflation_11,0.0007135487022970378
republican_6,0.000713445407359873
movement_3,0.0007119582449623484
investment_9,0.0007090171484610419
returns_6,0.0007063880870021514
color_1,0.0006992569870694391
inflation_15,0.0006967117539579067
carolina_6,0.0006966140052727536
financial_17,0.0006965298496573892
federal_7,0.000695474704131112
vermont_6,0.0006952597258512108
service_16,0.0006951655891719186
arts_15,0.0006908696498226022
wisconsin_2,0.0006903111799573347
energy_7,0.0006894936607853543
cash_15,0.0006893552914902828
votes_9,0.000688692039336608
cancer_10,0.0006872656491379816
society_19,0.000682758141827984
project_14,0.0006814610147785513
council_10,0.0006813644254952798
blacklist_17,0.0006811332055403679
chance_16,0.0006786165915867151
committee_15,0.0006757700018667469
water_1,0.0006721729572951635
georgia_3,0.0006695276620759848
community_17,0.0006683208888574539
oil_2,0.0006672005307544837
market_16,0.0006663645154595884
oil_11,0.0006659673271360264
democratic_4,0.0006639887704523013
fed_15,0.0006639356676173175
credit_9,0.0006611882963513754
votes_15,0.0006592196587294649
corporation_13,0.0006586035733984622
republican_7,0.0006552895524409013
gold_15,0.0006531825862717398
markets_7,0.0006504590281501085
energy_13,0.0006502355710683281
trader_5,0.0006498512326430116
ohio_19,0.0006488122624177781
county_8,0.0006480797428070666
secretary_12,0.0006467109911926082
transaction_6,0.0006450358953540911
house_3,0.0006442937633589968
seats_16,0.0006434613718539214
products_12,0.0006430291260136237
companies_4,0.000641417989986284
money_18,0.0006390877342159347
technology_19,0.0006383395918903496
movement_7,0.0006379440530626066
rights_12,0.0006377600013878243
travel_1,0.0006330691965424782
ceo_7,0.0006330410660518016
health_6,0.0006328822928866687
services_12,0.0006320069041419067
justice_16,0.0006304563614577778
crash_3,0.0006224351497808001
voters_7,0.0006208365843353193
security_6,0.0006207679719073618
gain_1,0.0006204211773367386
council_3,0.0006198511982813777
fun_12,0.0006197163070945481
social_14,0.0006192329837200008
court_7,0.0006139631360748239
police_19,0.0006137245960143751
wisconsin_12,0.0006135046963211019
lifestyle_10,0.0006131516005297932
tourism_5,0.0006127848017548524
blacklist_18,0.0006127756980123124
nasdaq_17,0.0006108637246155534
judge_5,0.0006104958130839631
business_20,0.0006072142041509323
elections_18,0.0006068673287406795
fond_18,0.0006067416170641198
lifestyle_4,0.0006063140858194936
york_12,0.0006062510297800043
headlines_11,0.0006043457650055457
act_15,0.0006041961503551104
federal_20,0.0006021514280026175
elected_5,0.0006017708092827276
dow_jones_15,0.0005985363139775723
texas_7,0.0005984777461711079
movie_12,0.0005976144432357282
default_20,0.0005970100939674065
bank_6,0.0005950990860145
default_7,0.0005949217978232888
economics_18,0.0005942773200880344
business_12,0.0005939445330376971
technology_20,0.0005938784689219473
cash_3,0.0005931311662307212
metals_20,0.0005916805572173313
wisconsin_6,0.0005907185459055138
war_1,0.0005905202972356769
development_20,0.0005893373710049428
growth_15,0.0005870686966214873
loss_1,0.0005865572507565238
economic_1,0.0005857581072103509
investment_8,0.0005848901502605565
banking_18,0.0005848188870962816
democratic_9,0.0005842241955661778
headlines_15,0.00058209799693503
republican_9,0.0005813762195216967
founded_1,0.0005793483742728391
global_13,0.000577897936933699
senate_18,0.0005769160552980973
banking_7,0.0005744726602923999
trader_3,0.0005741506018552034
legal_10,0.000573878158895527
dividend_16,0.0005713194840312773
technology_9,0.0005706663744737223
nasdaq_14,0.0005701462049153719
energy_16,0.0005688592481326827
secretary_17,0.000567837496444733
greed_14,0.0005673441100518521
members_16,0.0005669892303097318
rights_11,0.0005663808303376626
development_10,0.000565899495793899
seats_2,0.0005645094065575969
project_12,0.000562879688692803
movie_6,0.0005624279876941151
travel_7,0.000562047482369233
leverage_5,0.0005613865455412308
crisis_9,0.0005613096285706289
rights_17,0.0005612568637785874
massachusetts_18,0.0005609838415332411
fond_9,0.0005609362529933222
crisis_17,0.0005604846112357312
society_17,0.0005604299929452669
kentucky_2,0.0005575377079371545
district_7,0.0005568976029694798
financial_15,0.0005568356298999172
party_19,0.0005543450233983932
wisconsin_8,0.0005541053084814159
car_17,0.0005535496073405829
oil_15,0.0005528610064128897
economic_11,0.0005519361572900263
york_17,0.0005516219607058983
council_13,0.0005512359464046766
revenue_19,0.0005508225625479847
revenue_17,0.0005504843654498149
default_2,0.000549826584844828
bank_11,0.0005495284588964557
police_4,0.000549158733845039
political_2,0.0005485551851230564
movie_1,0.0005484455855073232
consumption_1,0.000548393339498943
financial_7,0.00054793876952186
industry_20,0.0005474367637465018
democratic_10,0.0005470559709282333
committee_12,0.0005464620048550143
served_19,0.0005461787356254752
investment_18,0.0005460790584431377
arts_17,0.0005454540039144313
technology_4,0.0005452138140253662
ohio_18,0.000544493398259483
party_14,0.0005436156923746154
served_2,0.0005428730386871392
loss_6,0.0005426274825259546
color_15,0.0005422984048723718
project_4,0.000540972116570609
health_16,0.0005407722601019903
county_14,0.0005406040475034413
transaction_8,0.0005395930252503153
oil_3,0.000539435958753519
revenue_1,0.0005389144502463968
missouri_20,0.0005372354615963119
portfolio_6,0.0005371056396434049
health_8,0.0005359356851738886
corporation_14,0.0005357024769939503
technology_2,0.0005350834142764851
management_6,0.0005346332418217777
ring_13,0.0005337275318939528
washington_13,0.0005336679187274347
buy_7,0.0005335392864673718
profit_10,0.0005328189902168617
arts_14,0.0005326221383823326
buy_2,0.0005303415864661836
bubble_3,0.0005296921680346598
financial_10,0.0005294165269065248
nyse_3,0.0005293973651391493
pennsylvania_16,0.0005291103378297835
governor_9,0.0005286948579254166
products_15,0.0005277032748096162
car_11,0.0005274909478351337
returns_15,0.0005261190680224567
global_2,0.0005258464130026046
rich_4,0.0005250153237855981
massachusetts_12,0.0005247331440002243
fed_18,0.0005246390913917757
washington_1,0.000524406301416378
fun_1,0.0005240747304557547
banking_3,0.0005231619966718569
democratic_19,0.0005223944625502657
election_7,0.0005223094827602529
fond_7,0.0005213999489525528
council_20,0.000520278039418759
president_8,0.0005194871742330925
hedge_13,0.000519396231753087
ministry_8,0.0005190697502162159
case_16,0.0005186357467993083
ltd_20,0.0005182943624137386
financial_markets_4,0.0005182211970304504
industry_16,0.000517922684278518
transaction_13,0.0005175736938520873
crash_1,0.0005172597837967618
bubble_15,0.0005170193932821113
sell_8,0.0005166889383625402
forex_13,0.000515689724356743
house_4,0.0005149402678806446
stats_20,0.0005144837672342279
success_11,0.0005143714362464222
union_4,0.0005135264321446733
york_7,0.0005132080095247956
train_13,0.0005125395313057441
rare_earths_10,0.000511396612699292
ltd_18,0.0005111176576808808
corporation_20,0.0005109465011043035
nyse_2,0.0005104349451658445
district_3,0.0005101631612487913
york_5,0.0005085111697148913
water_16,0.0005079505095258684
court_5,0.0005079380438145403
county_19,0.0005072561917487869
revenue_8,0.0005060331724975283
lifestyle_12,0.0005059164732303333
tennessee_19,0.0005055229910591881
loss_11,0.0005053286243354587
service_13,0.0005041970078023261
community_16,0.0005040823054428504
vermont_5,0.0005040181130641983
housing_10,0.0005037213465553089
unemployment_9,0.0005029985040549149
color_8,0.0005029806776820241
companies_10,0.0005022751953673994
party_18,0.0005017771343487421
unemployment_7,0.0005012154949368371
corporation_8,0.0005011198193823832
food_6,0.0005005521734155647
cancer_9,0.0004991840738105448
travel_20,0.0004989201001567369
college_19,0.0004988686101486145
companies_7,0.0004979599783345513
office_16,0.0004978011617320793
stock_market_1,0.0004977506871587891
marketing_6,0.000497740656937959
fond_5,0.0004967511646754894
ltd_2,0.0004954459276576656
labor_17,0.000495270159511059
governor_3,0.0004945012279957448
politics_9,0.0004943227427488091
economy_16,0.0004934217552005294
success_1,0.0004933419826008787
global_6,0.0004928001688488348
market_17,0.0004927600577781578
security_12,0.000492547385744311
train_20,0.0004923221496899128
management_17,0.0004915195816065333
virginia_2,0.000491325998091316
georgia_10,0.0004903867247329449
marriage_10,0.0004899730404102858
senate_5,0.0004897318083242554
finance_8,0.0004894931013620021
service_2,0.0004889835931233394
police_17,0.0004883396242426122
business_9,0.00048811856182122876
debt_4,0.00048802878740500746
portfolio_14,0.00048799755164643556
culture_19,0.0004870948069068454
elections_8,0.00048704640499387723
dividend_15,0.0004869607193828905
media_7,0.00048662314600037975
elections_13,0.00048592099486038194
world_10,0.00048580724710036756
movement_4,0.00048553305317519744
secretary_11,0.00048536527689061165
legal_16,0.0004839908205666991
housing_5,0.0004839672112047153
college_7,0.0004838683071960101
banking_16,0.00048355977577985284
nasdaq_8,0.00048309406208751763
fed_1,0.00048239273773526074
ohio_3,0.00048230721962445216
illinois_18,0.00048136559432068716
financial_18,0.0004809199229775172
services_16,0.00048055635727839294
market_13,0.000478124503414179
technology_3,0.00047770437144303585
carolina_18,0.00047647267715294513
founded_5,0.00047643047821701126
buy_16,0.000475675745103815
greed_4,0.00047527070619241593
kitchen_8,0.00047377267738842293
risk_11,0.0004735857335161831
union_3,0.0004730034589029379
stocks_13,0.00047273109434401784
tennessee_18,0.0004726100842520013
union_6,0.00047219500308686807
inc_12,0.00047216420926958806
voters_14,0.00047204563058267715
democratic_12,0.00047203307763536424
founded_15,0.00047200267658325243
labor_16,0.00047178355020434696
ore_18,0.0004706649198461391
cancer_3,0.000470215828565193
forex_6,0.00046878464757205986
invest_12,0.00046853719243059586
financial_2,0.0004683226473310916
stats_19,0.0004674240887264757
crash_11,0.00046606003988936424
voters_9,0.00046524383665671077
marketing_14,0.0004651439470914334
ring_10,0.000465019386454117
ring_18,0.0004645345822139011
service_20,0.0004641680552478691
water_6,0.00046405079177643617
security_9,0.0004638958232855603
portfolio_20,0.0004633343248491932
washington_4,0.0004631948888117328
government_4,0.0004631423326271214
district_19,0.00046311180618640116
return_2,0.00046289998876766634
inc_16,0.00046262182914036073
derivatives_9,0.00046250465490258754
bubble_6,0.0004623544829251881
senate_8,0.0004618539544687668
crisis_4,0.0004617639366336793
hedge_2,0.00046111389787160256
movie_20,0.00046094399928408046
markets_13,0.0004607276072316322
elections_16,0.00046065274543063284
crisis_15,0.0004605469831700235
rights_14,0.0004604124439866263
arts_18,0.000459331811994704
management_7,0.00045911880520258435
marriage_20,0.00045864229128353466
garden_13,0.0004582169530484667
market_14,0.00045820491646103367
union_14,0.00045796652346972625
industry_1,0.0004576574056969323
georgia_14,0.000455902697190971
culture_14,0.00045585310631628763
world_1,0.00045574535941488817
trader_11,0.0004556276406822944
health_10,0.0004551085374070262
social_5,0.0004549759884560762
return_17,0.00045484091799282355
society_16,0.0004546817054829013
college_17,0.0004540106254083188
economy_6,0.00045348600830535045
market_4,0.0004533464431012759
tennessee_17,0.00045277412841272655
default_3,0.0004526920526010371
arts_10,0.00045212657693055456
oil_10,0.0004519112186612742
consume_7,0.000451231950261537
act_8,0.00045094359050984695
loss_16,0.0004509303210862706
success_17,0.0004504631708260251
energy_12,0.00045035492311222954
religion_4,0.0004502399600678401
war_6,0.0004496739320688655
consumption_4,0.00044959028657077474
president_5,0.0004487292517239112
office_18,0.00044848940123078053
cash_6,0.0004481399331394053
buy_13,0.00044690509399720584
ohio_13,0.0004467329069342229
pennsylvania_14,0.0004463409499022302
democratic_2,0.00044629564310088915
stats_6,0.0004456575617925822
metals_3,0.00044538286360662775
stats_11,0.0004450678933880386
york_11,0.0004439501149577965
movie_10,0.0004438733095983317
court_10,0.0004432488964965075
services_6,0.0004431729642685965
chance_17,0.00044301605529821996
metals_6,0.0004429989678884236
party_8,0.0004427668724534263
million_5,0.0004419438081347432
ohio_5,0.0004419008060837148
county_5,0.0004413593447364789
house_17,0.0004412357447606316
bank_7,0.0004410952621117909
unemployment_3,0.00044103218272789906
court_19,0.00044069508858963753
credit_10,0.0004397433616005612
act_16,0.0004383119767378685
stats_16,0.0004378473177995289
present_18,0.000436691359416475
finance_10,0.00043632630822285523
law_3,0.0004362092603699125
georgia_11,0.0004356731388236348
kentucky_10,0.00043536589157411706
chance_20,0.00043534292784707
stocks_14,0.0004352431084395805
leverage_13,0.000435219961396648
health_1,0.0004346600454082194
global_12,0.00043420574000529967
service_19,0.00043385027599040653
carolina_13,0.0004336337345307362
fun_8,0.0004332907941185029
act_20,0.0004331427140037342
garden_5,0.0004331311426885502
movie_7,0.0004322669994526535
house_12,0.00043157384379983847
court_9,0.00043143579558574917
money_16,0.000430629131880104
massachusetts_6,0.0004299452825299525
trader_6,0.00042992505158654976
market_6,0.0004295425600465723
rich_2,0.00042950362781493396
food_2,0.0004288609506786492
world_3,0.00042873702657529275
products_20,0.00042860983203093394
energy_15,0.0004284685777864735
home_4,0.00042741841244555237
companies_11,0.00042702910522125114
washington_19,0.0004267298869439482
government_9,0.00042601385015512077
restaurant_1,0.0004258023897419381
party_9,0.0004257152687834394
chance_8,0.00042570615625808046
ltd_19,0.00042552320741572535
ore_2,0.000424970473807928
police_13,0.000424525746365795
ministry_16,0.00042347916178222384
stats_8,0.00042335355266414276
risk_3,0.0004233476747479551
ministry_1,0.0004229225369628669
kitchen_6,0.0004222378729330609
carolina_3,0.0004221648098863305
media_1,0.00042212857679963493
short_selling_19,0.0004214756924049535
ltd_6,0.000421364480951015
virginia_15,0.0004212153541356062
debt_1,0.0004204632918600824
security_20,0.000419887759161528
health_12,0.0004193680240558286
society_20,0.0004187446493867476
companies_19,0.00041749642711637455
federal_18,0.0004170815437121849
health_13,0.000416901477360329
train_2,0.0004158795126613853
chance_14,0.00041585661707561466
county_15,0.00041571386112933294
services_19,0.0004152139897148805
judge_12,0.0004151732249701426
travel_2,0.0004151353774586226
products_14,0.000414778395181383
york_19,0.0004146585284819044
conflict_20,0.00041418627486606565
services_9,0.00041414875864382786
district_12,0.00041400412929283294
media_4,0.00041364685726122234
governor_12,0.0004132461541325089
trader_15,0.00041308210640569843
oil_8,0.00041280255780036794
senate_1,0.0004127027230859185
culture_12,0.00041248006702658416
york_16,0.00041206023671474346
cancer_17,0.0004114358566324437
management_16,0.0004111902829083612
fed_12,0.00041079691468773647
arts_8,0.00041078989244073915
water_14,0.00041074444094714224
garden_6,0.0004105383546434282
president_12,0.00040985005691405785
development_2,0.00040978740872635154
tourism_1,0.0004097129717835961
greed_8,0.0004097039755957353
cash_14,0.00040954299658993605
forex_10,0.0004093248449128182
party_11,0.00040926443327441033
happy_18,0.00040911020419902446
buy_10,0.000407893538959007
bonds_2,0.0004077838028056787
tennessee_15,0.0004077345766925321
ring_4,0.0004073162684179069
georgia_6,0.0004061969826994041
risk_10,0.000406026839501721
election_11,0.00040601769274417897
elected_8,0.00040565774472540593
million_6,0.00040524234423181915
management_13,0.0004049864498023541
sell_14,0.0004049767898059244
fed_13,0.00040472366144104273
world_7,0.0004046837335568972
business_13,0.00040447782662661827
fun_14,0.0004041357060375866
votes_14,0.00040360517725611487
management_8,0.00040352025449789795
cash_9,0.00040351929780536985
religion_18,0.00040301284293489773
district_13,0.0004029505008031044
marketing_11,0.00040289568605102665
happy_14,0.0004027694901540263
housing_6,0.0004026815201721505
profit_14,0.0004023500074797873
management_15,0.0004020764408976465
sell_12,0.0004016143880414906
representatives_3,0.00040127423149514545
water_5,0.0004009439368844701
profit_1,0.0004002383995659891
social_13,0.0003997996725106313
movie_2,0.00039977498040575445
fed_3,0.0003994311908369541
political_11,0.0003992827052441692
water_9,0.00039915900148280965
democratic_15,0.0003988182969996947
office_20,0.00039784808848561225
chance_10,0.0003978194214944466
district_2,0.0003972317736024247
dividend_1,0.0003964495921072564
project_11,0.0003957999285132197
water_20,0.0003957565823953926
labor_1,0.00039543944895304236
media_12,0.00039505636837764004
war_17,0.0003947469072897483
fine_4,0.00039442781359858215
world_12,0.00039396621092613326
travel_8,0.0003934737563208829
labor_4,0.0003933793382522043
tourism_14,0.00039336886423171875
conflict_15,0.00039330572813117584
secretary_9,0.0003923614255035371
federal_17,0.00039232788719675707
crash_5,0.00039174471350247533
justice_11,0.00039137015554345506
law_13,0.00039136383538627886
world_18,0.0003912904818055473
DOW_JONES_7,0.00039126852315758345
party_13,0.0003908588027948608
minister_6,0.000390736517114562
home_9,0.0003906261611524801
DOW_JONES_6,0.00039012894087830637
business_1,0.0003901049935446227
york_1,0.00038998293872018804
car_16,0.00038983019979774906
rights_9,0.00038952789232745517
house_18,0.0003893283782705529
movie_14,0.00038931620264950293
media_2,0.00038867485568434823
office_17,0.000388640048533212
virginia_7,0.00038860402105846917
service_6,0.0003883529863025649
credit_2,0.0003879789598321943
project_18,0.00038792719558963047
garden_14,0.0003878952967632083
short_selling_1,0.00038725015987538675
finance_9,0.0003868211413520642
industry_15,0.00038660084190680655
william_20,0.00038646197764673066
police_7,0.000386402297457056
party_7,0.0003862217240916917
republican_12,0.0003858672468884244
products_16,0.0003858429192361583
conflict_16,0.00038580107323829755
forex_4,0.00038560302203683925
present_12,0.00038515465342636056
economy_15,0.00038475445029512834
social_16,0.0003842743501015335
bonds_3,0.0003841778857612221
revenue_12,0.000383727199798156
car_14,0.00038369305864214545
freedom_19,0.0003834461825362941
oil_1,0.0003834329731709734
inc_3,0.00038341393107813775
arts_20,0.00038317961779954214
county_11,0.0003827714846796243
cash_2,0.0003827053328321299
kentucky_6,0.0003826253900551943
council_11,0.0003824836724180452
democratic_16,0.0003823909089192172
holiday_20,0.0003820201682358705
restaurant_10,0.0003815761684526967
firm_14,0.0003814442417215311
profit_8,0.0003809941393591386
stock_market_16,0.00038040930905614863
health_4,0.0003803333659991701
served_1,0.0003800746266272154
fond_15,0.00037990372456667794
BUY_AND_HOLD_17,0.0003798230526304058
society_7,0.00037978477947499034
community_8,0.0003795219120227572
ministry_7,0.00037877086888320037
development_19,0.00037863804163614634
law_6,0.00037826874794461343
economic_8,0.00037818408054396873
crash_2,0.0003779842052169506
happy_4,0.00037785967167801944
restaurant_14,0.0003776799925203127
home_10,0.00037759414854799495
college_16,0.0003775382776265275
gold_11,0.00037735043258116336
william_1,0.0003772905144912865
tourism_8,0.00037721671369415964
ltd_3,0.00037711946251796005
election_16,0.00037706617737229145
returns_9,0.00037686752784587375
justice_9,0.0003758319088112063
marriage_4,0.00037581074924983125
inc_2,0.0003753887135024931
transaction_7,0.00037486055848877197
default_6,0.0003743580346435965
gold_19,0.000374087971131732
opportunity_7,0.00037402116674556494
growth_10,0.0003739601782025113
william_3,0.00037387565011900824
social_10,0.00037381489426378497
illinois_10,0.00037373720447203584
companies_5,0.0003736181361986945
texas_8,0.00037359560367807254
restaurant_5,0.0003735235524368944
service_17,0.000373287407112142
firm_8,0.00037323598323676086
consume_2,0.00037320570903757934
office_6,0.0003728891067444718
democratic_8,0.000372758099640798
representatives_18,0.00037275212649661625
revenue_14,0.0003726865316525908
cash_5,0.0003724711931493347
development_3,0.0003722044347438735
color_3,0.0003722030451050266
federal_2,0.00037218902954527116
fine_7,0.00037218541708860283
risk_14,0.00037195981905194616
wisconsin_11,0.00037193785541257587
war_7,0.0003719367211632756
cash_4,0.00037179089288485155
bank_16,0.00037137027274542855
members_19,0.0003709651508902689
president_7,0.00037081738231934243
dow_jones_19,0.00037060717022485056
management_2,0.00037029639437034415
college_12,0.0003699255029096518
garden_7,0.0003698468761095305
profit_19,0.0003697124453879658
union_7,0.00036955831501514274
earnings_14,0.0003695402640177338
garden_10,0.00036908308495732983
secretary_4,0.0003690722853743661
union_17,0.0003687513474165359
government_16,0.00036867783700515744
train_16,0.0003684189588652452
committee_11,0.0003684084851399961
virginia_10,0.0003680641283346808
economy_8,0.0003675985130609363
ore_19,0.00036740426469946216
labor_8,0.0003669019560281646
housing_12,0.0003668148471977896
global_1,0.00036651199247937237
dow_jones_1,0.00036625407309300153
government_12,0.0003662414491552533
votes_2,0.0003661295165544201
dow_jones_7,0.00036607913275331653
stats_4,0.00036554695261609756
office_7,0.00036536275391127373
texas_17,0.00036504642365381207
wisconsin_1,0.0003650080134681183
world_17,0.00036498866118256216
fed_19,0.0003647787839946193
society_14,0.00036460645545694767
elected_2,0.0003645811858311442
marketing_15,0.00036359889220158846
color_19,0.0003635131711214848
marketing_9,0.0003634038258626251
illinois_6,0.0003634001615549063
carolina_20,0.0003633426403163193
police_20,0.00036320977412988614
freedom_7,0.00036293764021304997
economic_6,0.0003628255033213119
risk_13,0.0003627065092104124
wisconsin_18,0.00036266702634311747
illinois_2,0.0003622225883893559
massachusetts_4,0.00036199827111964235
legal_7,0.0003619458039471933
massachusetts_3,0.0003614423385704179
county_16,0.00036138784140069577
york_3,0.000361332701881794
religion_2,0.00036110098313398307
bonds_1,0.0003609009953475213
fond_3,0.000360691785315931
illinois_19,0.0003604123519445464
politics_12,0.0003601467668378808
hedge_10,0.00035994619283554694
kitchen_3,0.00035992269775898133
trader_7,0.00035974856308788037
million_13,0.0003597215973733449
elections_9,0.00035971133085255637
wisconsin_7,0.0003596925829911024
service_7,0.000359559882962494
economy_2,0.0003586195456671398
vermont_13,0.0003585866366325969
health_2,0.0003584159172635875
world_9,0.00035832806166820856
political_18,0.00035826440702110444
religion_16,0.00035774612342272266
washington_18,0.0003577423509699613
senate_15,0.00035760304474182365
federal_8,0.00035713803373348915
inc_17,0.0003569913111300804
services_17,0.00035688579299540175
wisconsin_17,0.00035674235041434604
elected_11,0.00035648272345829634
crisis_20,0.000356438381264816
stocks_1,0.000356321535204972
sell_13,0.0003558321093978965
texas_15,0.00035574864377918515
corporation_10,0.00035544236378224324
senate_9,0.000355339151791872
headlines_6,0.0003552625887054545
council_2,0.0003550948312301405
elections_20,0.0003547966237868294
washington_7,0.0003545925223678584
ministry_3,0.00035448966784819443
texas_3,0.0003539717446579606
vermont_17,0.00035368447044955
pennsylvania_5,0.00035327379558992893
services_13,0.0003530940277656481
financial_4,0.0003528176102061895
products_19,0.0003527548419186031
gold_1,0.00035265332644721775
house_15,0.00035260167476540915
fine_2,0.00035251224639067677
buy_8,0.00035245671124339357
bubble_13,0.0003520097041799866
founded_14,0.0003517756605140294
holiday_15,0.0003516247289518651
credit_12,0.00035146813074486965
industry_2,0.0003509165854963395
war_16,0.00035080029227294544
law_18,0.00035055641140903804
members_15,0.0003505283706887594
kitchen_11,0.00035052222503205053
members_18,0.0003503950356298652
profit_4,0.0003502268676801415
police_10,0.0003501490046482152
water_13,0.000349905502178177
pennsylvania_12,0.00034971978815594114
marriage_2,0.00034970721315116647
missouri_15,0.0003496515495778664
fine_10,0.0003490352909224841
holiday_2,0.00034901531515004787
markets_6,0.0003489327886510619
religion_8,0.0003488516923166316
william_14,0.0003486232996784624
growth_9,0.00034830294959440434
political_3,0.0003482849178253428
food_8,0.00034826614975352763
culture_13,0.00034824626447156024
rights_6,0.00034801022751392133
carolina_10,0.00034775931108902406
gain_12,0.00034723282859763283
water_4,0.00034702909312455153
services_14,0.00034661897324530594
stock_market_17,0.0003463579725866873
returns_12,0.00034577796601636794
happy_12,0.00034573373908268473
development_15,0.00034555063806330756
invest_19,0.00034551678977798116
opportunity_6,0.0003452950254705858
wisconsin_10,0.0003450628293007755
law_16,0.0003449515971978879
virginia_19,0.00034475670638995385
markets_11,0.00034458226470569656
missouri_18,0.00034421066372486377
movie_17,0.0003442016824017979
world_5,0.0003441202584675582
judge_14,0.0003439855041767586
economics_5,0.0003439474101318909
gain_9,0.0003439469199273495
william_5,0.0003438331317993978
credit_19,0.0003433025972239595
society_15,0.0003432705794824927
lifestyle_2,0.00034288295850900955
social_17,0.00034270511164644877
management_1,0.0003422760569848607
economics_14,0.00034221712812081395
president_3,0.0003421836830496848
travel_15,0.0003418929872788586
dividend_6,0.0003416990205297529
inc_19,0.00034159702959921903
economics_1,0.0003413820175613434
arts_11,0.00034115633612367654
bubble_4,0.00034107313459470366
nasdaq_5,0.00034079328161962263
management_18,0.00034078482980331906
election_18,0.0003406336417752974
elections_19,0.0003406278027285407
union_19,0.00034050758478145924
financial_markets_13,0.0003402141606890534
served_17,0.0003401385436745959
loss_20,0.0003398689768367941
housing_15,0.00033986451057011196
tourism_18,0.00033985564479383087
stock_market_15,0.0003397773830130275
party_3,0.0003397743053271349
returns_17,0.0003397171322790576
william_13,0.0003396736607943854
financial_markets_2,0.0003394887964556648
college_9,0.0003394804873730985
service_11,0.00033935890403763447
color_9,0.00033918737583047163
banking_11,0.0003387783077891023
economics_15,0.00033873949944750105
seats_6,0.00033869301854679896
ministry_18,0.00033860893423059524
ore_13,0.0003385522501479007
cash_10,0.00033803229364727034
companies_1,0.0003378599791978208
voters_16,0.00033768133629830663
party_5,0.00033765693247839315
security_14,0.00033731088343706976
ohio_10,0.00033721389560135745
technology_18,0.00033716315216964746
community_14,0.0003370317204773784
ore_9,0.00033672172269496974
society_13,0.00033635726588299126
finance_1,0.00033635580105557126
president_10,0.0003363388331729544
sell_9,0.0003362830450579617
environment_12,0.00033627830063076634
social_15,0.00033622187620563083
hedge_17,0.000336138474387932
finance_18,0.00033611191879271817
companies_3,0.0003361009193314161
inflation_13,0.0003358692404369298
arts_19,0.00033543262080797077
management_9,0.0003346743018198642
government_15,0.0003344138271812612
bonds_10,0.0003342476574906963
car_20,0.00033418249398028894
police_5,0.0003338682925997002
headlines_7,0.00033365717375649065
present_15,0.0003328443077847923
voters_17,0.0003326251245433033
act_19,0.00033257464305310965
police_2,0.00033252376716922294
committee_3,0.0003324151417685358
industry_14,0.0003323977478449371
global_5,0.00033212338120362626
food_9,0.0003315100965942923
college_20,0.00033133378425978424
voters_19,0.00033084132157927093
gains_1,0.0003307769175744533
gain_6,0.00033065462624700775
market_20,0.0003304312177719898
bubble_16,0.00033038863014787744
court_4,0.00033035214934449593
marriage_6,0.00033034037774366283
washington_20,0.0003303353239094092
washington_6,0.00033013822570872396
environment_16,0.00033002846406798657
rich_16,0.00032988759399421824
greed_19,0.0003298018278133862
conflict_3,0.00032976146329651766
law_19,0.0003296497643391823
technology_13,0.0003294139391617207
gain_8,0.0003292572331650963
fun_13,0.00032916567654788507
car_7,0.0003290158245704942
marketing_13,0.00032874316127372836
buy_14,0.0003286166074028632
case_6,0.00032854175913650893
stock_market_11,0.00032844304439639394
services_3,0.000328035036276506
served_10,0.00032762144252516934
society_18,0.0003273560211267348
community_19,0.0003273355709667454
texas_1,0.0003272743469031614
served_9,0.00032682427369632155
election_10,0.00032681156111641964
kentucky_8,0.00032625905288174886
security_19,0.00032622781575389933
derivatives_19,0.0003261995344677338
car_8,0.0003255373861774441
management_10,0.00032514194455609137
act_10,0.0003249816840788035
unemployment_8,0.0003249674480306322
ltd_11,0.0003246392491317107
companies_20,0.00032442865441250913
arts_1,0.00032416941337020224
party_2,0.0003240042016621292
money_10,0.0003239933194133868
gain_17,0.0003236520355933934
votes_8,0.0003235828537157763
oil_16,0.00032355364961240594
development_5,0.00032333109539182817
products_11,0.00032330722242802505
chance_4,0.00032267949715991884
pennsylvania_13,0.00032250469723129005
financial_19,0.00032239020767628126
bonds_17,0.00032225637491749103
industry_13,0.0003222520395212669
markets_1,0.00032224552607865094
stocks_7,0.0003222318827007676
house_14,0.0003216807743865321
votes_20,0.00032165270901902623
cancer_19,0.0003214513373759146
world_11,0.00032142976832560033
seats_20,0.000321312978805414
industry_8,0.0003207691159995152
development_18,0.0003203946631932145
financial_20,0.00032021849258076935
security_3,0.0003201438240660651
marketing_18,0.00032007820753743424
train_11,0.00031997409326440466
justice_1,0.0003196922171109142
services_18,0.0003196845659572906
law_1,0.00031967953264902115
court_8,0.000319509427099062
case_8,0.0003194598347231736
massachusetts_1,0.00031944802890316784
tourism_7,0.0003192751823709784
world_20,0.00031912733694765695
ltd_4,0.0003188774544973815
holiday_10,0.0003188487945360928
pennsylvania_10,0.00031882096656018664
georgia_7,0.0003187995314114337
industry_4,0.0003185738943364016
illinois_15,0.00031829070761409426
success_18,0.00031818420469564694
economic_14,0.00031813612053429175
car_12,0.00031801515504063733
hedge_15,0.00031798253733418476
rights_15,0.00031787276100137
consume_3,0.00031783265987199053
housing_17,0.000317777378606209
nasdaq_7,0.0003175861985584521
seats_9,0.00031756283457894314
economics_13,0.00031754569644598744
project_15,0.00031742514349016303
loss_2,0.00031741782630844627
stock_market_4,0.00031740680167138287
present_5,0.0003171378738726775
headlines_8,0.00031699486929579655
labor_2,0.0003167500617621352
restaurant_13,0.0003166653831239365
crash_6,0.0003163961037665908
voters_6,0.00031599140553280786
house_20,0.00031569997930373545
bubble_1,0.0003155454740149613
tennessee_6,0.0003154017989092511
elections_3,0.00031531216635888266
served_8,0.00031516239018094475
washington_9,0.0003149627804977246
republican_14,0.00031467778112092583
freedom_1,0.0003146544510430832
corporation_4,0.0003145740865709279
virginia_1,0.00031455851935321483
risk_1,0.00031441518426589943
oil_6,0.0003143139260420665
members_9,0.0003139423345702483
media_10,0.0003136167798783767
revenue_15,0.0003135475097453742
banking_1,0.00031344625834648266
ohio_16,0.00031311328416024623
million_8,0.00031299424931729205
debt_18,0.00031236149813531765
bank_20,0.00031231717930531804
services_2,0.0003121819174323999
minister_13,0.00031213440705021443
founded_16,0.00031202648887772365
project_1,0.0003118985096010043
senate_13,0.0003118347314242035
financial_11,0.00031178305688937737
opportunity_3,0.00031172078299057524
ohio_17,0.0003117186189701174
water_10,0.0003115161347092013
happy_5,0.0003114865781462252
kitchen_14,0.0003112771348108261
energy_10,0.0003112714016556205
ltd_10,0.000311251015597753
war_19,0.000311117762119389
elections_2,0.00031096031884233057
kitchen_4,0.00031086752516453365
sell_17,0.0003107654904281485
finance_13,0.0003105036960410667
technology_5,0.0003103815599933122
invest_9,0.0003103320048152803
revenue_16,0.0003102739725353022
gain_5,0.0003100521475244023
governor_16,0.000310021620064341
metals_12,0.00030950305324710826
chance_6,0.0003092424565016486
stock_market_12,0.0003089706505269611
justice_17,0.00030895556724040365
world_6,0.0003088576973404863
secretary_6,0.0003087819680823216
present_2,0.00030784747967646856
companies_12,0.00030781028501708393
texas_11,0.00030749946034882506
train_10,0.0003074363384163785
tennessee_16,0.0003071577470108892
legal_3,0.0003064226236890541
democratic_1,0.00030642072133513866
color_5,0.0003063017321472719
credit_5,0.0003061984023517273
culture_16,0.0003061754132969031
risk_5,0.0003058856835923109
credit_13,0.0003056649987744273
travel_14,0.0003054588987359041
marriage_18,0.00030538487095300076
banking_15,0.00030496437582359616
trader_8,0.00030490476171288395
oil_14,0.00030440037214218526
bonds_8,0.00030414284497631654
industry_5,0.0003039272724836226
act_2,0.0003038352982945291
seats_19,0.00030369324618519366
committee_2,0.0003033319295038872
office_12,0.0003032015235026899
industry_6,0.0003031738600707922
greed_12,0.00030299257209765617
tennessee_3,0.00030275431083542686
fun_6,0.0003027519380568387
texas_18,0.00030271382496298706
consumption_16,0.0003026589699875878
college_5,0.00030255153422330196
law_10,0.0003024869918525146
secretary_13,0.0003024038892618292
dow_jones_17,0.00030220211583375286
william_17,0.00030199393265423804
house_11,0.00030177076236991696
politics_13,0.000301729960070952
fed_6,0.0003014382557379098
firm_5,0.00030133305484477915
train_3,0.0003012935817353955
house_19,0.00030106089311730187
service_9,0.0003009598698004888
law_8,0.0003008997816280677
movie_3,0.00030072880874087364
texas_14,0.0003003621065461386
party_10,0.00030035383126043505
social_4,0.000300311514166693
energy_3,0.0003000877468275897
movie_16,0.0003000621635514806
derivatives_11,0.00029988175522504157
york_4,0.0002998725143184962
growth_3,0.0002997183199289391
committee_18,0.00029938826547203936
texas_10,0.00029928979331661043
service_15,0.00029920605002336197
markets_12,0.0002991460512510549
chance_11,0.0002990803898970425
district_9,0.00029903781083007766
DOW_JONES_15,0.000298984040217945
governor_18,0.0002987594446852288
fed_5,0.0002986583585680277
investment_5,0.000298498067185752
stats_17,0.00029837662265682984
firm_17,0.00029831635224491945
representatives_14,0.00029820262730218314
risk_9,0.0002980503753705937
culture_2,0.0002979692330407174
virginia_20,0.0002978959625527764
vermont_16,0.0002978938145623429
college_15,0.0002978430428475875
opportunity_18,0.00029775623656749925
election_2,0.0002977380695967473
dow_jones_2,0.00029757898778268903
crash_12,0.00029753237461537484
case_4,0.0002970524887214434
corporation_18,0.0002969333356921743
security_18,0.0002968412247855358
case_3,0.0002968070747098433
movie_5,0.0002968051761562833
judge_7,0.0002967126401480729
home_14,0.0002967111336149816
fed_14,0.00029647791261277
carolina_12,0.0002961084160679234
religion_1,0.0002960477645006224
virginia_8,0.0002959208713657847
act_7,0.0002958471408157133
religion_13,0.00029571195901838455
nasdaq_6,0.00029562349303660944
marketing_2,0.00029545688937654364
market_19,0.00029527273389718983
william_2,0.00029517336553358005
dow_jones_6,0.00029511405701799663
court_1,0.0002950045717874745
media_17,0.0002947652882982055
culture_10,0.000294696025983162
rights_19,0.00029460456336446853
portfolio_1,0.00029456444318396954
economic_18,0.0002945162289756749
revenue_10,0.0002942641173922322
garden_17,0.0002941956309138409
cancer_12,0.00029376623648390114
development_13,0.00029348355541123446
happy_15,0.00029317890178685873
million_18,0.00029313508004724415
inc_11,0.0002929941738555182
act_5,0.0002929820080235824
pennsylvania_17,0.0002929734189264043
ceo_20,0.00029290289373275875
marketing_7,0.00029279806634303787
companies_15,0.00029245015940620165
travel_19,0.0002922808849361891
union_15,0.0002922660313282398
legal_19,0.00029219427963381915
food_20,0.00029202753950324746
holiday_5,0.0002920072598937819
revenue_5,0.0002919510525665993
water_19,0.00029176911868116824
credit_8,0.00029122381116103815
bank_13,0.0002911500154090132
politics_8,0.00029101265469979817
washington_11,0.0002909288209648097
york_9,0.00029049734266368293
credit_11,0.00029045950858618
religion_5,0.0002904093610458127
home_8,0.000290385525191399
dividend_19,0.00029031383616797383
business_14,0.0002901722580347238
governor_7,0.0002900348475052999
bank_17,0.0002895762332589662
housing_13,0.00028956013621690615
derivatives_15,0.00028948419103326723
happy_17,0.00028916933402685157
carolina_15,0.0002889380459026721
business_11,0.0002888950016218803
police_11,0.00028886042365678657
tourism_12,0.0002887425545444893
founded_19,0.0002885529581266139
carolina_2,0.0002885273458599185
pennsylvania_6,0.00028849332328244803
senate_16,0.0002881673184494798
county_1,0.0002879907742242794
nyse_11,0.0002878869085343762
rich_1,0.00028769418403913366
politics_1,0.0002875819440533685
bubble_18,0.00028725990174991155
trader_18,0.00028714743268954925
growth_20,0.00028697224845285923
election_3,0.0002868454682633522
world_14,0.0002868046937587105
nyse_1,0.0002866403545511901
inflation_8,0.0002862325154214599
profit_20,0.00028614778047210545
members_2,0.0002860506908017224
train_6,0.0002860423855990435
bank_9,0.00028569222934196587
housing_18,0.0002856662081496381
legal_5,0.0002856381092710215
markets_15,0.0002855858779826809
office_4,0.00028558479109803015
government_18,0.00028532279260182534
oil_9,0.0002850922781534468
housing_3,0.000284978571413351
health_9,0.00028494226198964444
politics_5,0.0002847363835596992
sell_20,0.000284729882322497
virginia_16,0.00028458696695703926
market_7,0.000284569640339711
wisconsin_3,0.0002845380800593213
council_17,0.0002842751222895487
inc_20,0.00028426109852974703
bubble_8,0.0002839459765224735
unemployment_1,0.0002839454065053763
default_10,0.0002836058329316735
project_5,0.00028316326583229423
party_16,0.0002831288815491199
democratic_14,0.00028312179836220333
rich_7,0.0002830875697889653
present_10,0.00028293199555047115
members_13,0.00028279358381724145
stocks_12,0.00028278643783920097
vermont_15,0.00028278474136520486
food_5,0.00028276886710130675
vermont_4,0.0002826504107117039
vermont_3,0.00028260832902681936
food_14,0.0002824681071864458
crisis_5,0.0002823247625920254
trader_1,0.0002822757202673425
washington_10,0.00028218466969539543
business_4,0.0002820152096679304
vermont_12,0.0002819998630840266
kentucky_3,0.0002818999181374149
college_3,0.00028187027174297153
house_6,0.00028185809884753645
train_9,0.00028176731847116
community_3,0.00028168687092916284
stats_15,0.00028166804508914997
religion_7,0.00028155521683556514
gold_10,0.0002814429592536972
missouri_3,0.00028136458447554347
greed_16,0.00028131821321189656
votes_10,0.00028124825664653324
fine_3,0.0002812022460958965
housing_4,0.00028090133903550097
crash_18,0.000280890552188164
tourism_9,0.00028088477197920134
illinois_9,0.0002808109268939414
metals_17,0.0002808098289051288
massachusetts_8,0.00028075984703368744
gold_9,0.0002807497597028968
business_6,0.0002807467896079214
federal_3,0.0002805050189652836
energy_19,0.00028024559673046407
forex_5,0.0002801009640120974
illinois_20,0.0002799572055119368
bank_1,0.0002798370793760596
district_4,0.0002796740620960088
case_7,0.00027957259248896643
missouri_9,0.0002795498324610251
million_3,0.00027933693422788736
banking_17,0.0002793236664731994
president_13,0.0002792928424468489
carolina_4,0.00027916316044012963
community_1,0.00027903868654417265
kitchen_18,0.0002789234921708338
loss_7,0.0002788314012983449
global_3,0.0002787686041930151
gold_2,0.00027861815508853913
hedge_14,0.0002784725570724031
products_17,0.00027838783277683355
gains_3,0.00027833323196266
fond_8,0.000278066898200876
district_15,0.00027806390335108306
legal_15,0.0002779488822738855
ore_3,0.00027778944829207346
investment_17,0.0002777824019813938
government_17,0.0002773517047460067
bonds_18,0.00027724731430497993
election_6,0.00027716497500834115
services_15,0.0002768669058133517
environment_4,0.0002768600239294934
earnings_9,0.00027677544219958694
finance_4,0.00027675201637032194
fun_3,0.0002763629850664243
illinois_11,0.000276336165790673
color_16,0.0002761471379488704
firm_9,0.0002759284778929437
debt_16,0.00027591021079962285
governor_4,0.00027564404376107665
health_18,0.0002754998862003547
tennessee_10,0.0002751869127703999
secretary_2,0.00027502618214662536
security_10,0.0002750106121442577
crash_13,0.00027467662739367896
gains_7,0.00027429847002348863
water_18,0.0002742793163035545
political_10,0.000274272373923204
project_2,0.000274219589314108
kentucky_18,0.00027419637904710456
car_19,0.00027414520068420065
market_12,0.0002738944251730017
carolina_1,0.00027377921360087796
crisis_13,0.0002737629319052877
holiday_14,0.0002736220094418876
corporation_1,0.00027355857113869024
missouri_8,0.00027349396710965335
chance_13,0.0002734735873267887
forex_12,0.00027334752967236024
court_3,0.0002731338373029737
economic_5,0.00027288862344914484
media_11,0.0002727919345744331
nyse_18,0.0002727656930537436
money_1,0.0002726680945678283
social_12,0.000272638635971473
labor_5,0.0002725862563489442
risk_15,0.0002725842093057863
committee_5,0.00027253487452144067
democratic_5,0.0002724089536445557
project_3,0.00027206173210679244
risk_16,0.0002719251901221894
missouri_19,0.00027190625739714037
federal_5,0.00027180534944472247
garden_12,0.0002716298135029607
return_9,0.00027145642208749787
party_20,0.0002714433984068949
war_11,0.0002713792655766026
development_1,0.0002708981861838205
illinois_3,0.00027070613705095756
return_7,0.00027064354088079376
gold_8,0.00027063412467502785
risk_8,0.000270535343028903
vermont_7,0.0002705086673375909
unemployment_20,0.00027044654400386776
dow_jones_9,0.0002702474034765364
earnings_3,0.00027011057817358355
services_20,0.0002693610563036449
travel_10,0.0002693254840466106
success_6,0.00026932270566412507
money_14,0.000269257948650444
war_12,0.0002692329816392469
holiday_19,0.0002691877942423452
firm_10,0.0002686338485852699
investment_6,0.0002685306318155649
community_11,0.00026848030001762384
products_2,0.00026802175530998867
party_1,0.00026775274418661056
success_14,0.0002675957564692723
bonds_6,0.0002675371865932451
office_8,0.0002675311054205166
market_11,0.00026737231848268027
william_18,0.0002672970338128606
sell_1,0.00026715934877052905
court_11,0.00026713080179886566
revenue_7,0.00026712595084766384
served_20,0.00026707293724159345
bonds_15,0.00026706752681466124
fun_7,0.0002670557725179699
secretary_15,0.0002670308930085638
buy_20,0.0002669689694435571
security_11,0.0002668221254243262
case_17,0.000266736564952675
holiday_7,0.000266685931574697
founded_8,0.0002666652253685113
law_9,0.0002664650375789809
world_8,0.00026646200730179006
district_5,0.0002663449706638537
holiday_16,0.00026627153014544
police_14,0.00026624035719331225
gain_15,0.0002660327355015968
development_8,0.0002658683376838968
companies_17,0.000265683788349109
society_9,0.0002653727716776143
loss_9,0.00026531499334421
kentucky_1,0.00026525081406742146
unemployment_15,0.0002652070711448283
return_11,0.00026518456546984067
georgia_19,0.0002651790049269652
marriage_14,0.00026504923288572595
community_7,0.0002649254268507566
restaurant_7,0.000264789507919458
fine_20,0.00026477098569995205
secretary_7,0.00026474090455789654
services_5,0.00026464316430072505
arts_12,0.00026454335725495777
debt_11,0.0002640901666499134
markets_4,0.00026408323920120824
kitchen_7,0.00026407574336572955
cancer_7,0.0002639903394190403
culture_6,0.00026394933870170907
home_2,0.0002639387554075374
credit_17,0.00026393210530471805
energy_11,0.00026391809676727814
return_12,0.00026382609404565813
cash_7,0.0002635977801507478
kentucky_7,0.00026357671339596384
virginia_3,0.0002635353463559035
ohio_12,0.00026338850535501053
project_7,0.00026319453879323666
stats_14,0.00026308170305851605
politics_10,0.0002630777707437677
georgia_17,0.00026303430503385087
crisis_14,0.0002629647832150572
project_9,0.0002628600052570743
cash_11,0.0002628432802485787
massachusetts_5,0.00026277721640594303
holiday_17,0.00026265102445496326
companies_2,0.00026262592568445075
elections_1,0.0002625516022669979
technology_6,0.0002624728173779898
justice_10,0.0002623508048636701
court_14,0.0002622261401027146
government_6,0.00026217078554013803
council_1,0.0002614870687286454
world_16,0.0002614711526458872
gold_13,0.00026117026732943227
culture_15,0.0002611521066093027
tennessee_9,0.0002610441496305906
fond_2,0.0002609940704817898
energy_9,0.00026070810101730906
committee_10,0.0002606629388036145
energy_5,0.0002605569045459978
travel_11,0.00026053285091523487
political_20,0.0002604560387720443
community_10,0.0002604501508984695
stats_18,0.00026041655211857825
stock_market_2,0.0002603886670249907
inc_6,0.00026035222622557765
consumption_20,0.00026031370084028985
labor_20,0.00026028814437358894
president_2,0.0002601272654787986
greed_10,0.0002601258349742889
gains_13,0.00026005097167165373
elections_7,0.00025965668412805085
products_6,0.0002595310604119805
minister_14,0.0002592613344275951
voters_12,0.0002591826093517233
representatives_20,0.0002590974025210541
firm_2,0.00025908522691479467
federal_4,0.0002589844002138877
financial_12,0.0002589810508815623
court_18,0.0002589487354126505
founded_12,0.00025889637341999143
default_17,0.0002586867662007253
act_18,0.0002586565833423077
banking_10,0.00025849310790430305
arts_3,0.0002584749991397025
revenue_20,0.00025840552237017805
success_3,0.00025832515073378
million_14,0.0002582171311720832
DOW_JONES_13,0.00025807909785501346
environment_20,0.0002580529488608201
tourism_10,0.0002579424721114552
holiday_6,0.0002578672882881619
republican_2,0.0002577656877596609
union_16,0.0002576692405323503
virginia_18,0.00025760316842916495
money_2,0.0002575435200456894
consumption_14,0.00025745688643378053
carolina_5,0.00025731569967260494
college_13,0.00025731396860964703
marketing_5,0.0002572656441558696
election_1,0.000257244775618499
security_8,0.0002571846915242752
risk_19,0.0002571507862445061
marriage_8,0.00025713102692669944
republican_5,0.000256948552915547
tourism_6,0.0002569340247984003
cancer_15,0.0002569162879878306
marketing_4,0.0002567651440942579
pennsylvania_3,0.0002567576232979794
war_8,0.00025671042763856356
bank_4,0.00025669709277791465
crash_7,0.000256627243143581
market_3,0.00025641692836504346
seats_11,0.00025640035308848667
college_11,0.00025635496973242607
unemployment_16,0.00025632188148397907
companies_9,0.00025629794644419065
union_5,0.0002561523892464032
million_16,0.00025610122330597186
food_1,0.00025602947843167536
served_15,0.0002557978368501139
religion_11,0.0002557906758643042
crash_15,0.00025578712201268153
global_15,0.0002557849071122617
companies_6,0.00025553639932408205
bank_10,0.00025548234408836817
consume_11,0.00025541523746850335
secretary_18,0.0002553742477116
food_19,0.0002552372348804488
development_6,0.0002551826796499429
tennessee_20,0.0002550675582797578
color_11,0.0002546896434197233
legal_18,0.0002545426219556305
economic_20,0.00025447982300357127
tennessee_8,0.00025434324548293967
economics_6,0.000254272940435824
economy_4,0.00025425348771855594
risk_12,0.0002541245952911132
fun_20,0.00025403516732578246
texas_5,0.0002540051540267548
movie_11,0.0002539785946904663
companies_16,0.0002538914701942369
services_1,0.0002538753332032674
served_6,0.00025385976094182653
bubble_14,0.00025367185621084855
ministry_12,0.0002535544028976069
elections_14,0.00025345604226295095
growth_8,0.0002533918999577076
travel_17,0.0002533446599089343
money_20,0.00025316982968023817
home_12,0.0002528989155887864
council_4,0.0002528168514152666
economics_11,0.0002528166246086835
return_19,0.00025273117425355464
marketing_1,0.0002523824787207283
tourism_11,0.0002521350596451329
votes_12,0.000252110848621041
debt_19,0.00025208439197651404
ohio_2,0.00025205444015419796
union_10,0.0002520472949953246
case_12,0.0002519592618654872
color_6,0.0002519077528384287
hedge_8,0.00025190374118647487
election_4,0.0002516418143881102
inflation_14,0.00025160361198601334
office_3,0.00025158102627272495
freedom_18,0.0002514376602404835
loss_15,0.00025128404592811233
buy_5,0.00025118475177661123
invest_7,0.00025117952510196194
ceo_12,0.0002511221917808552
dow_jones_14,0.000251107489364707
court_20,0.00025106872603538135
federal_9,0.00025097940495551993
buy_1,0.000250878655134239
credit_6,0.0002508359212015253
default_19,0.0002508305736957975
holiday_13,0.0002507485356339983
council_8,0.0002507318819619066
success_7,0.0002506580526699933
unemployment_2,0.0002506561372407055
economic_2,0.00025058665286101966
corporation_16,0.00025045465897778217
earnings_15,0.00025039873074260215
political_7,0.00025031954211638736
justice_7,0.00025025675571793937
garden_1,0.000250212090680604
legal_1,0.0002501660732880735
chance_9,0.0002501385725081735
community_20,0.0002501201032460278
products_1,0.0002501096268421336
garden_9,0.0002499373888767127
happy_7,0.00024984153019259864
gain_11,0.0002497979946790294
million_11,0.00024975221168598656
headlines_13,0.0002497050161600486
water_2,0.0002496538764751096
wisconsin_20,0.00024943161739099623
service_14,0.00024934700468151594
environment_17,0.00024931534206989255
secretary_14,0.00024926253147035507
missouri_6,0.0002492453102232353
york_18,0.00024898526305337245
present_11,0.0002487906945695992
act_6,0.0002484720251632134
stats_3,0.0002482422050975657
union_13,0.00024820162903593313
stocks_10,0.00024819290327242143
returns_10,0.00024812088577684863
growth_5,0.0002481056773265099
gold_12,0.00024800510223808685
technology_12,0.0002478717084380959
nyse_17,0.00024785517015796243
government_2,0.00024780953749870146
restaurant_12,0.0002476064528552772
ohio_1,0.0002475808970765414
council_12,0.0002475350600874972
kentucky_4,0.0002474275665966861
judge_16,0.000247407804496516
bonds_20,0.0002473639732815557
justice_2,0.00024735468610163094
act_12,0.00024735390271331183
movement_17,0.000247302832227816
ministry_20,0.0002470989952398157
fed_4,0.0002468581761055002
act_11,0.0002468017567999108
movie_18,0.00024678015392447006
republican_18,0.00024667799037680064
stocks_9,0.0002465277211643196
stocks_16,0.00024648249414024697
marketing_12,0.00024645160389152074
markets_10,0.0002464115599645851
ring_20,0.00024637318311671643
bank_3,0.00024626280681786764
seats_1,0.00024594835451451807
carolina_8,0.0002459218363498023
restaurant_3,0.0002457670513950796
kitchen_5,0.0002454843872318284
investment_15,0.000245480756972225
debt_3,0.0002453986126530158
travel_18,0.0002453768368513189
global_16,0.0002452187103457466
success_9,0.0002451807266948458
energy_6,0.0002450749644314957
cancer_4,0.00024485742724954533
transaction_17,0.00024472446143388626
unemployment_13,0.0002446717390440826
union_11,0.00024459388938228807
home_13,0.0002445881175885722
inc_9,0.00024449543009998374
case_14,0.0002444239816335197
million_19,0.0002442694523011167
georgia_5,0.0002442677355546102
rights_4,0.00024418187616194486
stats_1,0.00024397029423486554
election_5,0.00024389461798933313
legal_2,0.0002438469061482642
ltd_5,0.00024341716329336825
housing_14,0.00024337401435602416
stocks_17,0.00024334463190699368
money_8,0.00024331248056946612
economic_17,0.00024330066215340844
voters_1,0.0002431118406659606
ceo_18,0.00024300024828810573
stocks_5,0.00024297621408093646
massachusetts_2,0.00024290656959913832
profit_3,0.00024276471255283216
society_4,0.00024269477461015383
security_7,0.00024267368619689038
founded_6,0.0002426496516668928
gains_9,0.00024254113179114444
buy_3,0.00024250332005125628
invest_8,0.0002423966304928919
default_5,0.0002421434645561509
fine_12,0.00024187911051971178
media_3,0.00024183174327341273
seats_12,0.00024182850941315072
service_1,0.0002418161734583014
security_16,0.00024169911442611242
stocks_8,0.0002416391152825044
services_8,0.00024162065996974084
war_15,0.0002414766228060394
tennessee_12,0.00024141462742944967
world_4,0.0002413175712008802
county_20,0.0002412934955673073
business_2,0.00024126037772197976
investment_12,0.00024103621389721458
nasdaq_10,0.00024092875985540482
district_6,0.0002408258196269524
freedom_14,0.00024080169423469912
ohio_9,0.00024080057984937817
war_18,0.00024079075560592858
social_2,0.0002407768579993313
kentucky_12,0.00024075118285832292
secretary_16,0.00024064667168523972
DOW_JONES_16,0.0002406161831927273
republican_13,0.00024053330962664604
justice_15,0.0002404543959595778
opportunity_11,0.00024042883556705326
act_4,0.00024032811919363846
world_19,0.00024031703919021545
car_5,0.00024025883141942327
union_1,0.00024020636112584898
georgia_20,0.0002400169963336941
labor_14,0.0002398985813714217
nyse_15,0.00023976749556303448
election_9,0.00023975423520998268
ceo_9,0.00023951382649431888
war_3,0.00023949363751300264
labor_19,0.00023946176499938565
economic_15,0.00023937056409513045
dividend_11,0.0002392879421450959
food_4,0.0002390820084090324
derivatives_3,0.0002390480581777286
district_1,0.0002390296205593251
labor_10,0.00023898940032826592
police_15,0.00023882405732765372
carolina_7,0.0002387602840083783
ring_11,0.00023830381945187475
train_15,0.0002382106608571907
war_5,0.00023813203547734727
consumption_6,0.00023812788744679488
law_12,0.0002381259812510384
kentucky_19,0.0002380717803249922
success_12,0.00023805089518398183
wisconsin_19,0.00023804545017786256
marriage_1,0.0002379734774237355
industry_3,0.0002379688624455354
housing_11,0.00023789223753099755
headlines_14,0.00023785149342223975
election_12,0.0002378389081919922
york_20,0.00023778303405198328
industry_17,0.0002376997954225313
sell_16,0.00023746948152131013
BUY_AND_HOLD_5,0.00023744626707908993
water_7,0.0002374035081919778
finance_5,0.00023728536777445418
vermont_10,0.00023715778551437584
act_1,0.00023711589177049922
virginia_6,0.00023696589373461632
judge_11,0.00023693524052820314
inc_4,0.00023691167754197307
media_18,0.00023681045568105092
freedom_10,0.00023666217988992807
pennsylvania_19,0.00023646969150212553
culture_20,0.00023611870315724945
project_17,0.00023594629940123458
economics_16,0.0002356002562086202
ore_1,0.00023558793656494462
global_7,0.00023555737034472183
religion_10,0.00023553151759179238
politics_3,0.00023536167770265423
metals_15,0.00023523692788334253
ceo_10,0.00023514222670401196
federal_19,0.00023509489267978912
district_17,0.00023500247243238024
seats_3,0.00023499689565664
default_13,0.00023494548041289896
ltd_9,0.00023494476158234982
rich_5,0.00023476224643587617
leverage_8,0.00023463402317850746
food_17,0.00023452555484869666
economic_19,0.0002344766294171837
investment_10,0.00023445491682019836
return_15,0.00023441974417966256
hedge_5,0.0002344068282629306
georgia_8,0.00023432933239580337
ring_6,0.00023424453991415377
portfolio_11,0.00023411813287702905
elected_4,0.00023409768794572792
credit_20,0.00023409688637899848
sell_6,0.00023371781057195614
credit_1,0.00023361965560572906
crash_20,0.00023335750213748533
health_15,0.00023324224545505183
headlines_9,0.00023324003086972112
law_5,0.00023312924784534244
texas_20,0.00023304003412042947
default_16,0.00023295187457894148
governor_2,0.00023290927895084954
georgia_18,0.0002327301911126904
products_18,0.00023264768077967682
growth_12,0.00023260059555956205
war_20,0.00023244115212804614
governor_14,0.00023221180638932791
county_10,0.00023213232946739485
earnings_12,0.00023191549255093633
georgia_13,0.00023183217217800738
security_15,0.00023178587968630284
service_12,0.00023168543851318952
security_17,0.00023155995605020528
restaurant_15,0.00023154095547993063
holiday_11,0.00023145392273321932
ceo_17,0.00023125773779257572
car_18,0.00023107029893769463
federal_11,0.00023078924995004958
votes_18,0.0002307533560730057
founded_18,0.00023072402809286866
pennsylvania_11,0.00023065653702368126
police_12,0.00023061933604400121
democratic_18,0.00023042752187105395
derivatives_14,0.00023041508637849107
federal_16,0.00023018222174440374
loss_14,0.00022991634145829012
carolina_16,0.00022983821248515236
wisconsin_16,0.0002296984241056382
global_8,0.00022969399772647278
house_16,0.00022964209897506256
energy_8,0.00022947267170522311
movement_14,0.00022944143407549832
college_8,0.0002294315682632953
technology_14,0.00022933776656606762
services_11,0.00022930118260601983
cancer_20,0.00022929076191359411
headlines_12,0.0002291963765065934
crisis_16,0.00022917511551991273
senate_7,0.0002289541748807533
holiday_18,0.00022890138714576428
case_11,0.00022888996555420012
case_19,0.00022869366862022822
governor_10,0.00022840170517329629
district_20,0.00022831477874163498
seats_18,0.00022830289530612172
health_20,0.0002282929538412693
leverage_15,0.00022814052195014532
nasdaq_3,0.00022802166862374404
revenue_9,0.00022785204019197536
rich_13,0.00022770674258838989
carolina_19,0.00022756755916826464
kitchen_12,0.00022745726182377655
votes_6,0.0002273741131039812
office_11,0.0002272929444976
council_15,0.00022717169907241053
stats_12,0.0002271639339455079
rare_earths_6,0.00022702353181923155
holiday_12,0.0002269902030945644
fond_10,0.00022692148569529216
transaction_9,0.0002268597319590931
government_5,0.00022675043263220167
president_6,0.0002266636755613568
crash_10,0.0002264403061835867
ltd_1,0.00022621967254636983
credit_3,0.00022618357002308616
returns_18,0.00022608740477595972
justice_3,0.00022601552533495065
kitchen_9,0.00022599051656795502
tennessee_13,0.0002259736082934842
court_15,0.00022590699689997335
house_1,0.0002258386107845401
management_3,0.00022575539335333703
ring_5,0.00022570942247095122
car_4,0.00022536870315537495
firm_7,0.00022536629358549607
wisconsin_15,0.00022526431805128318
cash_12,0.00022521476485406924
kitchen_16,0.00022518631690213582
ore_11,0.00022490314840832866
william_16,0.00022486743034770836
federal_6,0.0002248664937353851
business_5,0.00022485725356264117
lifestyle_20,0.00022482126125493906
carolina_11,0.0002247406048881012
food_12,0.00022473397938830208
dow_jones_4,0.00022448259911868413
community_13,0.00022436193239942236
kitchen_15,0.00022435366196009844
return_3,0.0002242735897418459
return_13,0.00022427265924353844
debt_2,0.00022423429849503855
crisis_2,0.0002241307790284261
development_9,0.00022392174689617653
crash_14,0.00022373675453409784
economy_13,0.00022359612387467685
global_9,0.00022346782446967207
voters_15,0.00022341210463690977
fed_8,0.00022329802075111573
stocks_2,0.0002232865152023821
finance_12,0.00022314037871079152
social_20,0.0002231269088186562
carolina_14,0.00022300728066238157
leverage_7,0.0002229594307813704
pennsylvania_9,0.00022279726444423938
council_7,0.00022272495376920868
energy_17,0.00022264807706744833
food_7,0.00022260278709122197
judge_8,0.00022259656704353957
opportunity_19,0.0002223754346366907
social_7,0.00022228619957949232
arts_7,0.00022224790216648574
kentucky_11,0.0002221955192053515
environment_3,0.00022207557739444908
illinois_8,0.0002219590948036581
DOW_JONES_2,0.0002219384488807783
arts_16,0.00022191246361860761
law_17,0.00022182757669012967
companies_8,0.00022174050244446033
invest_16,0.0002217048447683532
rights_1,0.00022170007959891247
restaurant_18,0.00022163681746757585
portfolio_16,0.00022162853421807307
office_5,0.00022141259443018505
fine_13,0.0002214065830401156
crisis_6,0.00022139813545473235
fine_17,0.0002212344263092706
economy_12,0.0002210727376992017
government_3,0.00022088486261306601
color_18,0.00022083039291285458
georgia_16,0.0002207679992197833
office_1,0.0002206038833192027
kitchen_17,0.00022057891869311602
housing_2,0.0002205453242867566
missouri_7,0.00022049857458334652
metals_13,0.00022040874134674756
dow_jones_12,0.0002203135644652275
garden_2,0.00022021115415778517
service_18,0.00022019596200149356
forex_1,0.00022013499711017386
unemployment_5,0.0002201254725875647
georgia_4,0.00021964980512490136
district_16,0.0002196456891245059
finance_17,0.00021958677349199327
ore_6,0.00021957824557977085
inflation_18,0.00021957706678432478
buy_6,0.00021956797140459727
rights_7,0.00021952794444749638
hedge_6,0.00021942846365971194
representatives_11,0.00021940316597807665
opportunity_16,0.00021933259322702467
financial_8,0.00021922171121149594
headlines_10,0.00021918591070067855
house_2,0.0002191773050544158
opportunity_1,0.00021917670170336294
hedge_16,0.0002189027063303259
headlines_18,0.0002188385409980534
gain_16,0.00021867699763576692
gains_17,0.00021853700373090907
products_3,0.00021851657047965742
virginia_9,0.000218481844580134
banking_9,0.00021830038175151023
investment_3,0.0002182972184912095
ore_5,0.00021809148071419464
global_10,0.0002180216080739206
court_6,0.00021773298683217332
democratic_20,0.00021772174518134638
social_6,0.0002177217351676693
train_14,0.00021766495153221826
society_6,0.00021743920712257754
forex_7,0.00021713771047298123
trader_14,0.00021713387618216398
consumption_12,0.00021711416768801405
act_17,0.00021704574112246436
economics_7,0.00021699314253954935
government_14,0.00021697621996077186
revenue_4,0.0002169735140144019
freedom_4,0.00021696852756250047
served_3,0.00021694375031095184
illinois_16,0.00021685049688445617
fun_15,0.00021682490936803227
corporation_19,0.0002166851063822944
bubble_10,0.00021667941708019889
politics_11,0.00021663830748701204
police_6,0.0002161103820303854
media_9,0.00021599843568820558
members_6,0.0002159634797474137
college_18,0.00021594582803852546
return_20,0.00021593333963746187
products_13,0.0002159027057738401
police_8,0.00021581876421759784
environment_15,0.00021580720357163336
corporation_3,0.00021579645773729965
society_10,0.00021579037922450474
financial_6,0.00021573390986534132
garden_11,0.00021559255906552724
firm_15,0.00021557880502877106
fun_16,0.00021551578546880366
money_4,0.0002154224822308105
service_3,0.00021529371586997677
happy_9,0.00021527784496799907
restaurant_17,0.00021517034421560775
vermont_18,0.00021502856516750514
risk_18,0.00021502473599039435
restaurant_8,0.00021471648355509323
returns_5,0.0002146867176940133
district_10,0.0002145920267689653
william_19,0.0002145726018949524
freedom_17,0.0002145698915227572
management_20,0.00021452925330100295
firm_12,0.0002144534175053268
consumption_7,0.00021445176805879525
trader_17,0.00021440802244271232
project_8,0.00021426090256874974
vermont_2,0.0002141040910127376
consume_16,0.00021406195915148478
union_12,0.00021402547621510878
return_6,0.0002138868471447658
million_7,0.0002137230859238257
senate_14,0.0002132022219666137
act_14,0.00021312228846485598
food_3,0.00021308736314555894
bonds_9,0.0002129701307471744
return_1,0.00021292039838794792
present_7,0.00021286485628915165
act_3,0.0002128346732467685
color_20,0.00021274451104490402
short_selling_3,0.0002126829975446683
nyse_8,0.0002126744833248682
hedge_4,0.00021215747387288232
election_13,0.00021183152564633738
housing_16,0.0002118181990033831
governor_11,0.0002116853291237749
revenue_2,0.00021164460512520166
massachusetts_13,0.0002116263476954944
party_6,0.00021156773035840162
happy_10,0.00021149262491182723
election_20,0.0002112751005499479
loss_13,0.0002112526508818075
legal_13,0.0002111535032946062
oil_5,0.00021112157271956195
transaction_18,0.00021100155665327363
environment_5,0.00021098791073458445
massachusetts_10,0.0002109347296832087
texas_16,0.0002109309052547064
movie_19,0.00021088966702215617
dow_jones_3,0.0002107833040081183
georgia_9,0.00021076970958455792
tennessee_4,0.00021076238366449872
county_2,0.00021065754414765136
rights_3,0.00021060166286862608
restaurant_20,0.00021054768306807327
rich_20,0.00021033385908894006
republican_1,0.00021031238872951168
technology_8,0.0002101870102325365
risk_4,0.00021015751111548448
economic_16,0.00021004771723071649
gold_20,0.0002099803387029708
district_11,0.000209557582424803
media_8,0.0002095355841512716
global_14,0.00020952584779084947
gain_2,0.00020930257466990272
headlines_20,0.00020930007687620277
vermont_8,0.00020929436631670985
environment_6,0.00020914552954545657
marriage_3,0.00020906059482945924
conflict_2,0.00020902088651754736
case_20,0.00020901866430555484
fond_19,0.00020876296831769196
bonds_16,0.00020863309456098172
economy_19,0.00020860906138171843
kitchen_19,0.000208579461561808
committee_14,0.00020849935914729593
council_14,0.0002084878652349834
ltd_8,0.0002084424926644414
committee_20,0.00020841032886779527
president_1,0.00020828563554410812
movie_4,0.00020827133483861907
freedom_3,0.00020827116877169332
case_13,0.00020815546409894307
corporation_2,0.0002079012243334445
pennsylvania_18,0.00020783727326137172
fond_1,0.00020772927835102206
gold_6,0.0002075864239185223
transaction_14,0.00020757584585146923
bonds_5,0.00020756665446613681
federal_1,0.00020731615507202519
headlines_4,0.00020731246300388943
services_4,0.0002072886033680248
dividend_13,0.0002072836373471138
BUY_AND_HOLD_1,0.00020716852799436322
million_17,0.00020712064274590943
banking_20,0.00020692566130007292
global_17,0.00020688184580321342
office_10,0.00020673357540143227
federal_15,0.00020672199151311354
business_10,0.00020658574226432017
cash_17,0.00020617394056437986
county_9,0.00020610942764382245
risk_7,0.00020608003922460732
economy_3,0.00020582129116144922
holiday_3,0.00020579473627207825
markets_17,0.0002057903781896211
derivatives_4,0.0002056875003877981
bonds_14,0.0002056504060215382
travel_5,0.00020555988804325952
loss_17,0.00020537505564991842
water_3,0.0002053411823281303
legal_6,0.0002052459682814984
firm_1,0.0002052422435659993
court_17,0.00020512610504926497
development_14,0.0002050675354699935
crisis_1,0.00020492715105740818
gold_17,0.00020492043066718636
food_11,0.0002048202718662774
money_12,0.00020464438981692134
fed_2,0.00020463682589320244
freedom_12,0.00020460337700190664
DOW_JONES_18,0.00020446688933579708
washington_16,0.00020438016993265878
college_4,0.00020423539155214565
judge_2,0.00020422510334051154
freedom_16,0.0002042005086462603
inc_10,0.00020417837353843983
massachusetts_9,0.00020411319832491253
washington_2,0.0002038850384602154
inflation_10,0.00020384479474086538
justice_5,0.00020384322339235861
stocks_18,0.00020375091956817385
community_18,0.00020374709793766476
government_1,0.00020370086810027652
trader_12,0.00020363933183151258
products_8,0.0002036252125688222
massachusetts_11,0.00020351803640860996
risk_20,0.00020339953795941301
vermont_9,0.00020339332745621504
ceo_13,0.00020336034050890902
happy_1,0.0002033325045876062
earnings_18,0.0002032323583608215
kitchen_10,0.00020320825520870158
stock_market_10,0.00020303842104856144
bank_2,0.00020295914641487106
money_19,0.000202916045758095
gold_18,0.0002029014619736699
bank_14,0.00020284321212541204
money_13,0.0002028331493609568
political_15,0.0002027490456358588
washington_5,0.00020271170143117693
ltd_13,0.00020248573746318795
revenue_6,0.00020242215947756972
financial_markets_14,0.00020230897336517996
tourism_13,0.0002022944651763236
county_3,0.00020204572461342686
judge_1,0.0002019858923436423
hedge_12,0.00020183739907256635
office_13,0.00020173967241851016
DOW_JONES_1,0.00020169348260554073
investment_4,0.0002015876447862654
secretary_10,0.00020154958276725983
pennsylvania_8,0.00020152951432702917
missouri_1,0.000201108759784497
unemployment_4,0.00020110049031665022
fond_17,0.0002010777241579737
governor_15,0.00020107440157341778
trader_2,0.0002010476988677517
texas_9,0.0002009938709673687
members_14,0.0002009515728107057
rich_19,0.00020093971830707313
court_2,0.00020090531954045893
garden_20,0.00020079344007743825
credit_18,0.00020073012760212747
politics_15,0.00020071922819443977
kentucky_20,0.00020047326725523054
house_7,0.00020037543951066276
county_17,0.00020032011418681805
inc_18,0.00020013131727197265
hedge_20,0.00020011832155762324
war_14,0.0002000277873009087
business_8,0.0002000048307267382
energy_14,0.00019988882089692398
returns_14,0.00019960309083053398
consumption_15,0.0001995417572923175
energy_20,0.00019951373202400306
transaction_4,0.0001994787049782519
freedom_13,0.00019937828395140511
food_15,0.00019930515761192345
district_18,0.00019928858212220278
default_9,0.0001992217068903776
project_20,0.00019919490291993723
global_19,0.00019905464646977216
business_19,0.00019902825409657822
police_18,0.00019896922410700282
social_3,0.00019896346388193297
development_4,0.0001989395231375438
present_17,0.00019881363989902756
gain_4,0.00019879515029490286
color_13,0.00019869701888278679
william_4,0.00019857909301730284
home_1,0.0001984825099550819
case_5,0.00019835075310646548
members_11,0.0001983199316999936
arts_2,0.0001983038692845254
hedge_19,0.00019810087452729993
firm_11,0.00019795728700201714
marketing_3,0.00019766703602193208
short_selling_13,0.0001975754408000166
water_15,0.00019741189665646965
government_11,0.0001973842012342089
industry_9,0.00019732828203570664
industry_18,0.00019731982902524014
politics_6,0.00019730505921951083
ring_9,0.00019723895041082426
derivatives_8,0.00019720581381714426
ring_2,0.00019718878868891493
markets_14,0.00019708100460425
law_11,0.0001970807855671393
government_19,0.00019703703949382691
debt_6,0.0001969799476297486
opportunity_4,0.00019686882947961054
tourism_2,0.00019621389292479526
default_8,0.00019618573337541336
invest_1,0.00019618414348532054
committee_6,0.0001959414456164615
council_9,0.00019591090824715727
gain_13,0.00019588531482829302
portfolio_5,0.00019586775362187857
travel_6,0.00019575347795749463
environment_11,0.00019550734145607753
project_6,0.0001954256637012523
nasdaq_11,0.00019535370592704062
political_4,0.00019529075202135004
train_7,0.00019526698529271144
rights_16,0.0001951644885669624
investment_20,0.00019515908790457547
massachusetts_16,0.0001950761841521789
gain_3,0.00019503227112904514
banking_12,0.00019487784895705332
business_16,0.00019459266308849375
service_10,0.00019456036418286614
labor_12,0.00019422985302854735
blacklist_3,0.00019386653399227808
political_5,0.00019376543683506022
founded_10,0.00019376487273342443
credit_16,0.00019366109128398238
unemployment_6,0.00019345963868376917
republican_17,0.00019340929116398573
gold_16,0.00019340420309703482
car_15,0.0001934020049608307
environment_9,0.00019321296475348452
representatives_1,0.00019309697015565923
happy_2,0.0001929194365982572
committee_19,0.0001928674929749083
justice_4,0.00019265845044949748
cash_16,0.00019259533206904804
secretary_3,0.0001925266019913294
cancer_14,0.0001923843475472877
markets_3,0.000192368752411008
cancer_18,0.0001920387636458047
sell_4,0.00019196124433026895
missouri_12,0.00019191974473614366
ohio_7,0.00019172756814670307
default_4,0.00019167599462478023
DOW_JONES_3,0.00019161722838077265
inc_5,0.00019161598868970632
case_1,0.0001915242568546812
ring_12,0.000191506210668363
voters_4,0.00019147801734916938
justice_20,0.00019144425859351913
judge_10,0.0001914272510039441
inflation_17,0.0001912736276013537
health_3,0.00019125775632513153
labor_3,0.00019125378775217638
texas_6,0.00019124369543028637
consume_15,0.0001911626578463109
unemployment_19,0.00019113343058218933
market_5,0.00019110943215643836
minister_2,0.0001910128396421132
police_9,0.0001909870312598795
media_5,0.0001909467281273678
money_11,0.0001908323540286074
investment_2,0.00019080304183167015
financial_13,0.00019045993745841753
culture_3,0.00019045315632555936
finance_15,0.0001903813787015688
water_17,0.0001903782546024997
corporation_11,0.00019023434122778768
home_3,0.00019010011469975204
rights_2,0.00019007499333262472
home_5,0.00018993277068970248
federal_12,0.00018983534206504446
freedom_2,0.0001897156005687591
gain_14,0.00018965150048939688
ring_16,0.00018961254235555044
market_8,0.00018949027694011855
ministry_11,0.00018912395572150584
ltd_16,0.0001891108686564353
ohio_6,0.000189002897245091
consumption_18,0.00018900140970025788
ring_8,0.00018899013484679212
gains_5,0.00018894550422976158
committee_13,0.0001887943836354393
management_14,0.00018877877747143853
inflation_9,0.00018877641527602218
garden_16,0.00018855071817570985
president_15,0.00018851904474534133
seats_10,0.00018851798441418114
consume_9,0.00018846324488451326
movie_15,0.00018823768899219878
college_14,0.0001882329358832596
corporation_17,0.00018821489107805875
environment_1,0.0001881389627269765
portfolio_7,0.00018813483712232408
elected_18,0.00018786376881287857
wisconsin_4,0.0001876607803971974
election_17,0.00018752698260725528
debt_8,0.00018738865055230696
governor_20,0.0001873501960910816
vermont_14,0.00018729722948628594
war_9,0.00018723772326133186
party_4,0.00018718562850596416
kentucky_17,0.0001871486590687244
loss_12,0.00018710341801636852
wisconsin_13,0.00018689120939163962
elections_6,0.00018682510424940422
blacklist_19,0.00018677938607057523
justice_14,0.00018677602658810166
war_13,0.00018675013483211096
financial_markets_1,0.00018671752385605972
unemployment_18,0.0001865965922465708
debt_14,0.00018657205389072094
oil_17,0.0001864594349486193
security_4,0.00018642304272357317
massachusetts_20,0.0001862779532408726
politics_7,0.00018620387493307162
fine_1,0.0001860840282767586
buy_11,0.00018593224620127132
home_7,0.00018592661943999433
rich_18,0.00018585831386962222
sell_11,0.0001857464010926667
minister_20,0.00018571363874209353
culture_4,0.00018561974701115968
tennessee_2,0.00018557457724921382
marriage_12,0.0001854403946811614
stock_market_8,0.00018540292815050595
inc_1,0.0001852701723881787
present_14,0.0001851438265300789
elected_1,0.0001850948569047947
growth_6,0.00018504691164131467
votes_3,0.00018498432932053248
garden_4,0.00018488810835088067
development_12,0.00018470291712341022
ore_12,0.00018467275108123156
million_10,0.00018461494282358013
freedom_15,0.00018457506560726702
garden_8,0.00018443665810443077
inc_7,0.0001844265441342586
blacklist_6,0.0001843777106797207
fun_17,0.00018434916940239036
democratic_17,0.00018420601621315678
media_19,0.00018401465154125717
college_2,0.00018399686168796202
rights_18,0.00018386771863232625
secretary_5,0.00018374980074926833
global_20,0.00018366797731614226
dow_jones_5,0.00018354822970419627
seats_14,0.0001834812065104125
law_15,0.00018340379562931314
virginia_5,0.00018333501771961895
finance_20,0.00018330585084416716
default_11,0.00018326676869418674
labor_15,0.00018314779774985897
train_19,0.00018303066066499758
trader_16,0.00018300501265027202
nyse_16,0.00018288312391003913
forex_16,0.00018268023633993298
market_18,0.00018235291647723996
management_12,0.00018220607457676482
conflict_4,0.00018218934111915864
technology_10,0.0001819773130540465
elected_20,0.00018193673431640193
office_14,0.0001818474428895111
crash_19,0.00018178720551726942
profit_17,0.00018160895178389032
federal_10,0.00018126928450897727
massachusetts_14,0.00018123944090122225
legal_9,0.0001812184282532945
fine_14,0.0001811914736852668
economic_4,0.0001811785144914966
portfolio_18,0.00018117117970280083
elections_10,0.00018111245384200568
economy_7,0.00018108498929575968
restaurant_6,0.00018099536050414077
marketing_8,0.00018096970033998783
invest_6,0.00018094594757728311
stock_market_18,0.00018087708279217586
political_16,0.00018085107624712224
housing_7,0.00018082362398754383
republican_19,0.0001806753044967922
returns_16,0.00018067005277808707
politics_18,0.00018056702690949898
economics_9,0.00018050627731734125
minister_5,0.00018050366510031298
members_20,0.00018049461778441863
community_9,0.00018045784400931266
firm_18,0.00018042749689841533
union_8,0.00018036411151440854
profit_15,0.0001803188943633256
derivatives_16,0.00018024047043018132
nyse_6,0.00018021307543868707
DOW_JONES_14,0.00018019977167755665
conflict_10,0.0001801374624529784
bank_8,0.00018009592191667493
risk_6,0.00017998719814014475
movement_11,0.00017996169188549504
housing_20,0.00017985960716819486
wisconsin_5,0.00017982400480122103
garden_15,0.0001797474674258831
seats_7,0.00017965635391226849
culture_7,0.00017952514438856985
bank_18,0.00017941643443530753
success_16,0.00017935522433901765
secretary_20,0.0001791580988889377
BUY_AND_HOLD_20,0.0001791020423365819
ministry_19,0.00017902721833544714
freedom_9,0.00017900438625422405
stock_market_5,0.00017898498481997894
massachusetts_17,0.0001789285596176496
consumption_8,0.00017887222344622716
judge_19,0.0001788349880231389
ltd_15,0.00017877980938542221
banking_14,0.0001787188432950043
lifestyle_5,0.00017865448662926283
marriage_19,0.00017863807037903502
economy_5,0.00017861608516045078
legal_12,0.00017849989595356304
debt_10,0.00017847412757418985
missouri_16,0.00017818675485232503
voters_18,0.00017806580169247338
movement_6,0.00017791445869511064
credit_4,0.00017777124702212434
county_6,0.00017775893740199172
train_17,0.0001776892810959073
tennessee_7,0.00017753319681950848
ceo_14,0.0001775057013069201
marketing_10,0.00017749117532290628
election_8,0.00017747136616374517
housing_9,0.00017737636140924468
washington_3,0.0001773298138834302
fond_13,0.0001773160875882675
DOW_JONES_9,0.00017718958046743482
carolina_17,0.00017698528635552154
pennsylvania_2,0.00017697345302477698
unemployment_10,0.00017694133504280818
union_9,0.00017694088362065275
missouri_4,0.00017686735099492425
headlines_19,0.00017685626247190858
sell_19,0.000176835306791091
project_13,0.00017675838770890573
kentucky_14,0.0001762488470856608
earnings_7,0.00017622234862424844
representatives_13,0.00017620290844572417
products_5,0.00017608471882459993
industry_11,0.00017606761794787776
leverage_10,0.00017599789306136095
oil_20,0.00017596007509182394
ohio_20,0.00017567783129797583
republican_3,0.00017565818366099156
ring_7,0.0001755359001937022
DOW_JONES_20,0.0001755287798306202
financial_14,0.00017548021751340954
DOW_JONES_10,0.00017534928357352847
world_2,0.0001752988355122312
representatives_7,0.00017522557862918874
oil_19,0.0001751066277409328
stats_13,0.00017502072836794193
president_11,0.00017498456968604773
rights_13,0.00017493003992860324
virginia_4,0.00017473460429077455
social_18,0.00017472814779110205
loss_19,0.00017471452287803443
travel_3,0.00017457296686501148
cash_18,0.00017432585019567503
media_14,0.0001742197167533841
media_15,0.00017418730404480143
representatives_15,0.00017399107798526527
consumption_17,0.00017397342708182396
war_2,0.0001739286321895362
ore_10,0.00017362840617072067
gain_19,0.00017358258022995925
fine_15,0.00017352490030161816
financial_markets_15,0.00017350080871783672
republican_20,0.00017348506932674326
financial_3,0.00017346193887895624
movement_13,0.0001733593573459031
community_15,0.00017333320586107224
headlines_1,0.0001731367838236969
management_4,0.00017313181032983907
business_3,0.00017310391012918998
conflict_13,0.00017302174612918357
greed_18,0.00017301126847602474
gains_2,0.00017280666245848744
banking_2,0.00017270823744828888
secretary_19,0.00017254634547452828
religion_9,0.00017237916710000949
ring_17,0.00017221734874134882
president_4,0.00017207493761300265
crash_9,0.00017205464020672183
culture_11,0.00017205082144414682
inflation_20,0.0001720205752517402
washington_8,0.0001720072607966763
senate_10,0.00017192682445346392
fun_9,0.0001718475323962671
legal_17,0.00017183862587619942
opportunity_17,0.00017183327603233374
members_7,0.0001717401067674046
ministry_10,0.00017170772818693924
tourism_16,0.0001715050374273922
rich_3,0.00017148002831696718
police_16,0.00017118605978152715
stats_5,0.00017110264373800769
loss_18,0.00017105879688630583
arts_9,0.00017097976100221557
products_10,0.00017081188719055275
products_9,0.00017079330429187807
blacklist_7,0.00017071531534011797
senate_2,0.00017066970069520713
industry_12,0.00017060300955429086
stocks_11,0.0001705178535254405
texas_2,0.0001704350447459334
rare_earths_19,0.00017025744298595225
missouri_14,0.0001702144566057927
inflation_1,0.00017001305962708173
culture_8,0.00017000267509468717
ministry_17,0.0001699067637398884
management_19,0.00016959151772140752
marketing_17,0.000169504974488192
lifestyle_11,0.00016946584865008206
gains_20,0.00016943567522750708
trader_10,0.00016938835846126528
chance_18,0.00016929123798550447
kentucky_13,0.0001692844885181899
restaurant_16,0.0001692590734923862
environment_7,0.00016923774135128603
founded_13,0.00016919118712291378
consume_6,0.0001689629315353411
war_4,0.0001689572739608608
arts_4,0.00016893303200751964
earnings_5,0.0001688985449487642
gains_4,0.00016887828348339368
culture_1,0.00016884760976044994
missouri_11,0.00016883539412406302
movie_13,0.00016870446006944352
success_13,0.00016865422612747017
cancer_6,0.0001685835453708597
consumption_11,0.00016857437565906598
forex_19,0.00016850289113847625
finance_7,0.00016848672061440308
society_11,0.00016831556471496274
conflict_1,0.00016830982292413785
political_17,0.00016829219525690703
market_10,0.00016822577237297727
virginia_12,0.00016813859596051786
georgia_1,0.00016810085696264662
color_10,0.00016803807074797307
profit_12,0.0001679667540337528
garden_18,0.00016795823199576223
rich_6,0.00016788281452124746
consume_8,0.00016782053129582323
case_10,0.000167693411592052
services_7,0.00016746393438971986
color_14,0.00016744948939652416
fine_8,0.00016738727952271123
pennsylvania_7,0.00016718294741020686
economy_10,0.0001670911408501253
profit_18,0.00016698234442410087
return_8,0.00016685645212971992
judge_17,0.00016684777800307442
council_19,0.00016675066080363657
oil_4,0.00016662839972817278
dividend_8,0.000166583513974563
stock_market_6,0.00016656266149541612
president_18,0.00016650675941115738
ministry_14,0.00016646765285780767
council_5,0.00016636156114888603
happy_20,0.00016634326528552963
food_18,0.0001663009248137299
gold_4,0.00016611013386196475
buy_18,0.00016601823310193506
products_7,0.00016590885882971778
stocks_20,0.0001658578055375892
health_7,0.00016585250971167074
law_2,0.00016584665449105875
financial_16,0.00016563795186266947
fun_11,0.00016560927851079103
democratic_7,0.00016556094714224789
revenue_11,0.0001655259727880845
markets_8,0.00016547986808056577
governor_6,0.0001651276998779889
buy_4,0.00016502558054810342
movement_18,0.00016489564503669138
consumption_9,0.00016480737230340937
office_9,0.00016477859675649359
food_10,0.00016468436046387076
texas_19,0.00016448054110556365
served_12,0.0001644622499458822
color_12,0.0001644004159322283
loss_8,0.000164329106399475
hedge_7,0.0001642751594304385
virginia_14,0.00016419087669097615
default_18,0.00016410821340652048
missouri_5,0.0001640611666948832
votes_11,0.00016404905229659556
movement_1,0.0001638416538475518
rights_20,0.00016367046958625867
returns_19,0.00016350306000564066
train_1,0.0001634126814518241
senate_12,0.00016340848027939525
economics_20,0.00016334112265391196
home_19,0.0001632472662097103
texas_13,0.00016312260372837234
growth_13,0.00016297636042924836
headlines_17,0.00016295086322343946
chance_15,0.00016292324518466552
growth_14,0.0001629019484814543
rich_15,0.00016270903387860796
nyse_19,0.00016265756106113345
conflict_8,0.00016256760494596647
gain_20,0.00016254600769852526
growth_1,0.00016233557222927123
forex_15,0.00016227085204852804
technology_15,0.00016222672134409837
finance_19,0.00016203408072113193
economics_19,0.00016203118323003757
bank_12,0.00016198441641968367
energy_4,0.00016184998423342934
success_4,0.00016180653369827577
unemployment_14,0.00016177322559314444
chance_19,0.0001616542107366431
government_13,0.00016163925899686732
politics_14,0.00016153271940382588
movement_15,0.00016151067772937397
growth_16,0.00016150147949720823
environment_13,0.0001614829324934491
seats_5,0.00016133124743238374
ceo_8,0.00016125212152773283
william_9,0.0001611387337753097
inflation_19,0.00016088518426409946
portfolio_8,0.0001608363725873235
conflict_14,0.0001607893758128707
movement_2,0.00016067022425231227
success_15,0.0001606447866936077
industry_19,0.0001605217092048803
default_14,0.0001605189513085617
missouri_17,0.00016028713966330743
ceo_1,0.00016024031116346324
opportunity_20,0.00016022777842016506
trader_19,0.00016001847166579678
rights_8,0.00015983855736770414
tennessee_11,0.00015977150642239768
senate_20,0.00015976342743392175
short_sell_16,0.00015961342861044482
politics_19,0.00015959141452849977
success_2,0.00015951750070141913
chance_1,0.00015937222704694666
votes_5,0.00015921652306629687
court_12,0.00015920825012325288
media_13,0.00015916965246469032
party_12,0.00015913301818268853
law_4,0.00015909646994482368
tourism_4,0.00015909436581372456
energy_18,0.00015907178233786996
secretary_1,0.00015906342361647738
ceo_5,0.00015893925892436714
greed_15,0.00015892808159240844
crash_4,0.00015891993449778025
opportunity_15,0.00015888271547003868
county_13,0.00015884313880152272
environment_8,0.00015884105493009162
financial_markets_11,0.00015882415989776753
religion_17,0.00015880046157347268
fond_16,0.0001587231799550174
ohio_8,0.0001585594370533554
money_17,0.00015850031024921787
consume_5,0.00015846885491251674
minister_16,0.00015844403788204184
development_17,0.0001584276730973185
returns_4,0.00015836506256888043
health_11,0.00015819031616925595
community_5,0.00015797400177099258
headlines_5,0.00015793754530803143
justice_13,0.00015775791483461931
money_6,0.00015773700067900722
house_9,0.00015759849777365525
finance_11,0.00015759122716858673
york_6,0.00015753427307592046
county_7,0.00015738074568807342
transaction_15,0.00015731048721716426
invest_13,0.00015727966061998048
unemployment_17,0.000157199296863454
sell_7,0.0001570893632924166
present_4,0.00015693575859706903
georgia_15,0.00015689126859572865
ore_17,0.00015689101001651275
gold_5,0.00015678668441792735
gains_14,0.0001567107212749257
government_7,0.0001566584926044714
transaction_20,0.00015659305135833686
fine_11,0.00015644846379171288
pennsylvania_20,0.0001563447618672122
political_19,0.00015623575004640716
color_2,0.0001561659590366232
fed_10,0.00015598684357931347
bubble_19,0.00015592135174253085
court_13,0.00015589686498823023
votes_16,0.00015574051224288084
members_10,0.00015568099485106535
firm_3,0.0001556274352911739
economic_9,0.0001556271143182892
money_3,0.0001554197294377509
development_7,0.0001553134273498928
gold_7,0.00015530311054526438
default_12,0.00015528256523390379
sell_5,0.00015520457898084597
firm_4,0.00015516389903867537
ceo_3,0.00015495764399442853
tennessee_14,0.00015495285377982307
invest_3,0.00015493804797733692
social_11,0.00015490007836431398
fun_5,0.00015488240414755216
office_15,0.00015476543841725951
nasdaq_12,0.00015469322836735868
justice_8,0.00015467613897482638
bonds_13,0.00015465603584617938
BUY_AND_HOLD_14,0.00015464596711574978
county_12,0.00015456140205752575
trader_9,0.00015453006564319186
growth_4,0.0001544418964589259
ltd_17,0.00015407497209296198
inflation_4,0.00015400108309278338
earnings_17,0.000153932058934917
labor_6,0.00015392523768052735
president_14,0.00015391649677169196
debt_17,0.00015384394383545838
opportunity_9,0.0001538354480913377
republican_15,0.00015382881019364677
firm_6,0.0001537740705140598
marriage_17,0.00015376806751182318
global_11,0.00015371822899141763
elected_7,0.00015366903236174777
color_17,0.00015349769727526655
lifestyle_13,0.00015345023432013376
health_14,0.0001534325669211123
opportunity_10,0.0001534048140153203
fun_2,0.0001532522483816254
happy_6,0.00015323970038174807
money_7,0.0001532137822693351
car_1,0.00015313502733721684
law_7,0.00015311599720884434
governor_1,0.00015309038258729253
office_2,0.00015299767282826398
greed_20,0.00015290717748192502
elected_19,0.00015290430953743576
finance_16,0.00015283505155767714
debt_20,0.00015279014432017357
minister_3,0.00015276889913592474
dividend_10,0.0001527063098414922
service_4,0.00015261177472999395
money_9,0.0001525914119268218
seats_13,0.00015256638039680377
transaction_2,0.0001523334775774796
returns_13,0.00015228459596695152
illinois_17,0.00015221775666928646
marriage_5,0.00015210268252730216
cash_20,0.00015207118278618036
markets_9,0.0001519337650009751
world_13,0.00015184201365022235
illinois_12,0.00015182484232384753
bonds_4,0.00015179256383416923
technology_17,0.00015168714122542487
council_16,0.0001516319922073832
consumption_10,0.00015130120928128269
movement_16,0.00015127367635981104
arts_5,0.00015122410763957522
kitchen_2,0.00015121137316467678
present_9,0.00015117233247928204
home_11,0.00015114791162746703
bubble_9,0.00015107506134800743
food_16,0.00015107392221598172
cash_13,0.00015105931450712834
politics_17,0.00015100941274616682
conflict_6,0.00015100800853085333
bonds_7,0.00015070617337748594
color_4,0.00015041907143545938
served_16,0.00015041214302873173
garden_19,0.00015037430222520774
stats_10,0.00015036298018603606
stocks_19,0.00015018513276698463
energy_2,0.00015017873547406134
ministry_15,0.0001501651054858888
gain_10,0.00015009401588852788
derivatives_17,0.00015003316779211583
ore_8,0.00015002962336661235
founded_4,0.00014971278474355197
committee_9,0.00014963456278620959
growth_18,0.0001496315850566155
train_8,0.0001496099731113589
bank_19,0.00014955256686329104
development_11,0.00014947978065312902
forex_9,0.00014936971966298085
invest_18,0.0001493314505908972
metals_10,0.00014915881923908888
bank_5,0.0001490454700051708
votes_17,0.00014892664920980374
economy_18,0.00014890849036094765
society_3,0.00014883647744515186
minister_15,0.0001488136670315659
rich_10,0.0001488093336772303
transaction_11,0.00014866066229971613
lifestyle_16,0.0001486558468397975
portfolio_2,0.00014861926778754475
home_20,0.00014848584971764045
bubble_7,0.00014830164338765036
home_16,0.00014820976672828362
forex_18,0.00014817561403691746
president_16,0.00014805111825013447
president_20,0.0001479021559690234
founded_11,0.00014762016201972663
crisis_11,0.0001475863881233364
conflict_9,0.00014756951132913684
vermont_20,0.00014736357607380283
travel_9,0.00014729456251736937
served_4,0.00014721810190596195
gains_15,0.00014719863245586068
union_18,0.000147188428376653
illinois_5,0.00014713351248667113
seats_17,0.00014701894413221483
home_18,0.0001469912335042496
ore_20,0.00014699106576270335
investment_11,0.00014691319459977497
nyse_12,0.00014689241908596488
legal_11,0.00014676685087668698
seats_8,0.00014638456181392448
lifestyle_3,0.00014637171471871833
gain_7,0.000146259437804366
economics_4,0.00014624464737966443
inc_13,0.00014613352094130285
gains_19,0.0001461033734637084
stocks_3,0.00014592916605878716
present_8,0.0001458188156015736
corporation_6,0.0001457410342077546
travel_4,0.000145674632962297
environment_18,0.00014560372005032214
leverage_18,0.00014545704576288148
rich_12,0.00014540922802839788
judge_20,0.00014540752448235085
debt_5,0.00014527558191830013
massachusetts_19,0.00014525407623047082
transaction_1,0.00014522989542426292
gain_18,0.0001451813794538595
party_17,0.00014517718917577855
government_20,0.00014515440362862744
tourism_3,0.00014510620040985068
economic_3,0.00014500590119244716
legal_4,0.0001449730822867218
finance_2,0.000144955297461458
marketing_20,0.00014495494885304955
movie_8,0.00014492672633481635
fed_17,0.00014452829825964707
nasdaq_16,0.00014450569765777556
markets_5,0.00014450237516711763
illinois_7,0.00014434011742393564
fun_18,0.000144316123523376
dividend_2,0.00014421523829500325
marketing_16,0.00014405026302392052
profit_16,0.00014394091353840368
world_15,0.00014391157615657182
economy_17,0.00014386205050656348
lifestyle_17,0.00014382641124358002
minister_9,0.00014375904527345505
york_8,0.00014364069696662745
travel_16,0.00014354853732493668
virginia_13,0.0001434490938899543
invest_10,0.00014329361544048738
transaction_16,0.00014321288974011393
fond_20,0.0001432024978908726
firm_20,0.00014276209217956745
invest_2,0.0001427379478764067
security_13,0.00014254729778256692
finance_3,0.00014253758921028132
health_17,0.00014252433812290266
transaction_10,0.00014252419038746786
environment_10,0.00014240721110775036
hedge_9,0.00014238718671883688
hedge_1,0.00014213816572995245
founded_2,0.00014206141319779076
technology_7,0.00014204384983034868
trader_20,0.0001420052274845578
labor_11,0.0001419136161686677
companies_14,0.00014175438890908678
returns_20,0.00014160957315206672
earnings_10,0.0001415858610982592
nasdaq_18,0.00014148774117317704
project_16,0.00014144262552003744
political_6,0.0001414297062723558
party_15,0.00014142596017963996
service_5,0.00014123120418631696
happy_13,0.00014114788718969586
health_19,0.0001410716729838284
car_3,0.00014098056105716082
banking_19,0.00014097895315987128
house_13,0.0001409706957707525
social_8,0.000140652542771212
trader_13,0.00014059103474203525
tourism_17,0.0001405248242097087
kentucky_16,0.00014047527023186736
debt_9,0.00014043662483978006
dividend_5,0.00014043575176770598
headlines_3,0.00014040085332000252
firm_19,0.00014033337230664604
success_10,0.00014032572747726098
market_9,0.00014022109628516688
oil_13,0.00014018733188541073
judge_18,0.00014013857065530675
judge_3,0.00014004706267244714
fed_9,0.00014001960105908517
oil_12,0.00013997280489013922
elected_10,0.0001399649377781904
fun_10,0.00013995239413041664
color_7,0.0001398223001786791
investment_13,0.00013951796894144403
invest_11,0.00013943509718268465
members_17,0.00013939330660004675
credit_14,0.0001393373566963711
sell_10,0.00013929929354243882
stock_market_14,0.00013925334682896926
rich_17,0.00013924241974142692
representatives_17,0.00013916851918704593
case_18,0.0001390739955372793
william_12,0.0001390412946750665
cancer_13,0.00013898671367678194
forex_11,0.00013896682271694082
metals_4,0.00013892959045357214
fine_18,0.00013880421100831493
movement_20,0.00013869535506745231
arts_6,0.0001386865653522359
financial_markets_19,0.0001386234597656692
voters_2,0.00013854492899950226
senate_3,0.00013846828569106983
products_4,0.00013846118135073203
kitchen_13,0.00013844806278206375
car_10,0.00013823990857969823
economy_9,0.0001380669901032562
bubble_20,0.0001377227137755916
served_14,0.00013767967462025504
william_6,0.00013760360110743613
economics_2,0.00013757990724918824
economy_11,0.00013752650411351093
religion_19,0.00013752058973894054
industry_10,0.00013737291399824398
market_1,0.0001373585084153392
blacklist_11,0.0001373322346603684
project_19,0.00013728784223928771
marriage_11,0.00013728511412032168
chance_2,0.0001372715621049069
stats_7,0.00013720991519528773
invest_14,0.00013697391831142227
gains_11,0.0001368503343985284
ore_7,0.00013680061693106682
inflation_5,0.00013677499232761018
democratic_6,0.0001367318402226024
portfolio_12,0.00013662301689558345
DOW_JONES_11,0.00013654586835103898
hedge_11,0.0001363610156356298
financial_9,0.00013628627190407437
social_19,0.00013625789484679284
elections_17,0.0001359724678425146
marriage_15,0.000135963175487992
gains_8,0.00013586036118290465
ring_15,0.0001357704064447841
inflation_2,0.00013572526402110007
nasdaq_1,0.00013561905844538164
stock_market_19,0.0001355102883620362
consumption_13,0.00013541213211145024
train_5,0.00013524859502657112
business_7,0.0001351601540785117
kitchen_1,0.00013514659027449407
nyse_9,0.00013513160224751177
washington_12,0.00013497992538305046
elected_14,0.0001349393764124618
global_4,0.00013477012150360816
stocks_4,0.0001346331166619865
blacklist_2,0.00013448405014634073
revenue_3,0.0001343742442712252
consumption_3,0.00013433402193046705
fine_5,0.00013421022654873572
firm_13,0.0001341117311134269
fine_6,0.00013405716165821997
stock_market_7,0.00013393158254835016
case_15,0.00013392216698769697
vermont_1,0.0001337784330378227
portfolio_10,0.0001335320719258965
profit_13,0.0001335261876012865
forex_14,0.00013351354309216608
freedom_11,0.00013332979137506166
vermont_11,0.00013321519685689808
metals_9,0.0001332074107325147
media_20,0.00013313556841037288
present_3,0.0001330681207766278
fed_20,0.00013286124062301082
housing_1,0.0001327383033314359
forex_8,0.00013256035934156753
missouri_2,0.00013236790034930446
freedom_20,0.00013233130241407378
invest_4,0.00013219047500820033
technology_11,0.00013214731354794343
DOW_JONES_19,0.00013214628052495234
growth_17,0.00013213070678737287
marketing_19,0.00013198301510220945
community_2,0.00013195313051547327
markets_16,0.00013182974213168797
transaction_5,0.00013168951430743328
law_14,0.00013166313167569077
minister_4,0.0001316168356981365
derivatives_10,0.0001315686419464303
government_8,0.00013155289514868708
economy_20,0.0001313725955743663
growth_11,0.00013125798948257698
justice_18,0.00013078498075383752
court_16,0.0001307602492577913
chance_12,0.00013073437773859347
tourism_15,0.00013066852867838136
carolina_9,0.0001306163439980028
virginia_11,0.0001304970462540981
travel_12,0.00013041603652863375
votes_13,0.00013033617950017728
car_9,0.00013027027189630667
rights_10,0.00013021268042068024
voters_11,0.00012982432374661733
culture_18,0.00012977553668347088
elections_4,0.00012969851653928233
leverage_3,0.0001296747765532936
short_sell_4,0.00012957432824298943
chance_3,0.00012957409457714926
consume_14,0.00012946785190111286
house_8,0.00012945340497734866
banking_5,0.00012935909859567352
oil_18,0.00012927162670430976
judge_4,0.0001291535103039352
growth_7,0.00012900997238145996
society_5,0.00012898643397867685
forex_2,0.00012892736244965255
justice_6,0.00012888987825230932
founded_17,0.00012861244519193243
derivatives_1,0.00012833967235040763
freedom_6,0.00012830904223697556
religion_3,0.00012828830917872207
returns_11,0.0001282293567013545
return_4,0.00012818921826650566
vermont_19,0.00012817198947558952
bank_15,0.00012816440312087512
ore_14,0.0001281309063827523
derivatives_7,0.00012791186693386828
media_6,0.00012743935439771245
dividend_18,0.0001274112712403295
president_19,0.0001271987902833461
missouri_10,0.00012718001506885248
DOW_JONES_4,0.00012716767229445708
leverage_14,0.00012714607315461715
environment_19,0.00012712869559578424
massachusetts_7,0.00012710866051884214
investment_14,0.00012705678145249046
hedge_3,0.0001270223972181097
elected_6,0.00012684348066872468
greed_9,0.00012681973980514804
investment_16,0.0001266699977625211
rich_8,0.00012658064045610031
million_15,0.00012650343217353606
pennsylvania_1,0.0001262601558397404
economics_17,0.0001262172157660313
election_14,0.00012616424488144285
election_15,0.0001261542043072225
security_1,0.0001260836941571121
portfolio_17,0.0001260518558232288
greed_13,0.00012603974001379473
lifestyle_7,0.00012588338027067798
governor_17,0.00012581463918336007
ohio_4,0.00012577379711003903
returns_3,0.0001256287813978501
ministry_2,0.00012545139891278128
ltd_7,0.00012541183339294815
crash_8,0.0001253790683769956
senate_17,0.00012532884937321444
metals_8,0.0001252318251131164
wisconsin_9,0.00012513678012443627
william_11,0.00012500617053937048
money_15,0.00012460923411028785
companies_18,0.00012460115868091371
inc_15,0.00012458402626861842
train_4,0.00012447555902127982
restaurant_2,0.0001243928153584195
greed_7,0.00012438294311938462
management_11,0.00012424886195716597
default_1,0.00012422190515395994
derivatives_2,0.00012419576362925815
holiday_9,0.00012406332695844114
investment_19,0.00012396057127594902
chance_5,0.00012370095423196566
lifestyle_15,0.00012351560400152296
war_10,0.00012311537864595745
ceo_4,0.00012310410910591752
stock_market_20,0.00012288190960504897
fed_16,0.0001228585792426037
york_10,0.00012280752340394907
labor_13,0.00012268112027580584
market_15,0.00012262179046481695
elected_9,0.0001225175914381285
political_12,0.0001225133590757086
water_8,0.00012248841387386863
earnings_8,0.00012219115455360308
water_11,0.00012212130470916677
movement_8,0.00012196183073052623
nyse_5,0.00012195002379283085
cash_19,0.00012192211479945244
loss_5,0.00012191327140330651
environment_2,0.0001218875286580174
blacklist_9,0.00012185982767339708
metals_7,0.0001218548236366771
earnings_6,0.00012171029228876845
rich_11,0.00012167144399564776
default_15,0.00012151093034777907
gold_14,0.00012150835707930443
council_6,0.00012147373985074852
case_2,0.0001212081645628654
cash_8,0.00012119285911754292
bubble_17,0.00012117809107205815
politics_2,0.00012108250877660192
justice_12,0.00012085202594322389
DOW_JONES_12,0.00012073522654359705
inflation_16,0.00012071739498952613
debt_12,0.00012069278860117712
crisis_7,0.00012063463675068043
short_sell_7,0.00012054597620896621
banking_8,0.00012052792460223475
politics_16,0.0001205077267982027
college_6,0.00012050613948442937
invest_17,0.00012050425608804645
metals_16,0.00012049954458219192
voters_3,0.00012039321186993083
society_2,0.000120347994017327
housing_8,0.00012025026262995084
justice_19,0.00012020299927348273
lifestyle_14,0.0001201694142373525
markets_18,0.00011994452679335345
inc_8,0.00011986460384187581
service_8,0.00011986027428743124
judge_6,0.00011979559761359594
metals_18,0.0001197143810995455
governor_8,0.00011967611957768834
success_19,0.00011949529609879325
police_1,0.0001194652961403382
corporation_7,0.00011940045368909668
earnings_11,0.00011939246847815821
stock_market_13,0.00011935953429672632
york_13,0.00011933033192266983
kentucky_15,0.00011924299385116568
blacklist_10,0.00011917557395884585
georgia_2,0.00011872393737253866
seats_4,0.00011872286338216034
greed_5,0.00011865485141708478
media_16,0.00011859078306420566
ore_15,0.00011858222235973198
fine_9,0.00011827597975071846
elections_11,0.00011822970778424676
president_9,0.00011814149745510946
federal_13,0.00011800293855380424
kentucky_5,0.00011791522769779673
short_selling_15,0.00011790272589616896
million_4,0.0001178501555427561
industry_7,0.0001176970247894639
crash_17,0.00011728737196018716
governor_5,0.00011701993621673905
present_6,0.00011689172942664872
loss_4,0.00011685813079019265
cancer_2,0.00011684891205335633
tourism_19,0.00011672374183178048
cancer_5,0.0001166683769703933
derivatives_6,0.0001164333070882476
ministry_5,0.00011638332311386843
representatives_19,0.0001163778953571799
metals_1,0.00011636014036294565
transaction_19,0.0001159140588864646
earnings_13,0.00011589837140151633
earnings_4,0.00011587977804671151
lifestyle_19,0.00011566210748491282
cash_1,0.00011559936625865034
judge_13,0.00011554730919992911
police_3,0.0001155265289157306
gains_12,0.00011552117096475129
illinois_4,0.00011531503524955566
religion_15,0.00011530497019125751
served_11,0.00011524154645076356
fun_19,0.00011522783371838464
district_8,0.00011522471999677766
train_18,0.00011515500057197669
illinois_1,0.00011494606132479634
nyse_20,0.0001148156557845841
banking_6,0.00011425096567791991
crisis_10,0.00011405707070593604
inflation_3,0.00011394790483992851
judge_15,0.00011385043600630726
society_8,0.00011363527305938179
earnings_2,0.00011361616909631821
members_1,0.00011343386328054524
minister_11,0.00011335216162176207
bubble_5,0.00011323637904155605
committee_4,0.00011284339187824383
food_13,0.00011273531640473802
financial_markets_17,0.00011260981269954704
founded_20,0.00011260160349212537
freedom_5,0.00011244595454282678
elected_3,0.0001123758868259468
senate_19,0.0001120211398858848
senate_4,0.00011201067455807871
culture_5,0.0001117091689862745
conflict_7,0.00011155676945752007
union_20,0.00011109955779922726
economy_14,0.00011100017314295527
kentucky_9,0.00011087108166839883
marriage_9,0.00011079048027392507
minister_10,0.0001106108046126595
rare_earths_17,0.00011060145922997423
tennessee_5,0.00011054854469093707
financial_markets_10,0.00011033599028489369
served_5,0.00011023327701080457
texas_12,0.00011016890533967112
dividend_4,0.00011013399167725142
money_5,0.0001099472952706788
conflict_11,0.00010992245328427629
leverage_6,0.00010983467789799839
ceo_16,0.00010946780727751842
million_2,0.00010943744411708758
security_5,0.00010940633532150433
return_16,0.00010893505386873784
greed_11,0.00010871093228764229
investment_7,0.0001085471391558078
missouri_13,0.00010823180248960464
fed_7,0.0001082183045246062
consume_19,0.00010817976283535701
returns_8,0.00010814401730291729
washington_17,0.00010810766188319658
religion_6,0.00010810011179183012
fond_12,0.00010808605935594927
present_20,0.00010781927303384589
metals_11,0.0001077748632183652
minister_18,0.0001077683510992937
cancer_8,0.00010772684168955329
movement_5,0.00010769300537763084
train_12,0.00010758100304699667
legal_20,0.00010745899642115159
metals_14,0.00010730870819272962
bubble_12,0.00010729496891075499
dow_jones_10,0.00010667302442572005
credit_7,0.00010658173695277206
conflict_12,0.00010657750897554932
blacklist_15,0.00010642611565490067
republican_10,0.00010636603934897031
banking_4,0.00010602514100154441
cancer_11,0.00010602230902700648
economic_13,0.0001059350383920168
metals_2,0.00010545314773046163
return_5,0.00010541966955799157
energy_1,0.00010536696320967758
members_8,0.0001052293295063875
ore_16,0.00010509442203227701
chance_7,0.00010468071791156295
portfolio_9,0.0001046105139382928
opportunity_13,0.00010458088755069625
served_13,0.00010455893471905984
law_20,0.00010447843254827282
elections_5,0.00010441514221701336
present_16,0.00010428748879091401
short_sell_6,0.0001041081071448124
sell_18,0.00010394611630789621
companies_13,0.00010386713966960936
growth_2,0.00010363107965106889
senate_11,0.00010362699419564982
profit_7,0.00010343886212090163
senate_6,0.00010336840832797478
derivatives_20,0.00010310620627962255
committee_8,0.00010308687425916102
representatives_4,0.00010302080743195753
consume_18,0.00010286847876691414
returns_2,0.00010282404522847486
served_18,0.00010278920134867856
religion_12,0.00010275550558727035
gains_16,0.00010264125370885222
portfolio_19,0.00010250820708332347
dividend_3,0.00010242546351657137
conflict_17,0.00010233406426692413
political_14,0.00010231571806784879
york_2,0.00010218609117359161
rich_9,0.0001019031397983301
founded_3,0.00010186887855594697
dividend_20,0.00010174397236992219
legal_14,0.00010171764548014641
conflict_18,0.00010162741732678494
blacklist_13,0.0001015554832797884
nasdaq_2,0.00010144947109419078
bubble_2,0.00010120976889275045
fond_11,0.00010100894153917195
buy_12,0.00010078440587391029
consumption_19,0.000100743570001418
holiday_8,0.00010071164504668724
members_5,0.00010044413547723395
risk_2,0.00010003525197184886
consume_1,9.97377540292013e-05
hedge_18,9.964850473493402e-05
blacklist_16,9.958482635951559e-05
dividend_9,9.932063527838703e-05
profit_11,9.908503049010963e-05
fine_19,9.899315286337812e-05
gains_18,9.893048935728265e-05
william_15,9.888774114671643e-05
votes_19,9.878075765407342e-05
secretary_8,9.850931183928449e-05
ring_1,9.827714174605052e-05
politics_20,9.78432558982151e-05
nyse_14,9.779717686501103e-05
georgia_12,9.756804413651615e-05
committee_1,9.727628037302431e-05
DOW_JONES_5,9.727162277440735e-05
fond_6,9.708301568823354e-05
profit_9,9.696851008007958e-05
portfolio_15,9.695896867084525e-05
market_2,9.69507966477037e-05
conflict_19,9.693843879598525e-05
leverage_20,9.693358430955127e-05
lifestyle_6,9.680739709532832e-05
revenue_18,9.673493843841233e-05
fine_16,9.636251149220456e-05
growth_19,9.632944477084669e-05
president_17,9.63251798956403e-05
members_12,9.620128557040487e-05
blacklist_14,9.616172398970814e-05
arts_13,9.612080999353873e-05
economics_10,9.596869475461025e-05
lifestyle_18,9.595458819537443e-05
lifestyle_9,9.594085874900734e-05
invest_5,9.587047303222486e-05
markets_20,9.575107266334493e-05
council_18,9.573287390822887e-05
business_17,9.568805064642444e-05
sell_2,9.568499621465e-05
technology_1,9.566113163383991e-05
political_8,9.546448598420269e-05
development_16,9.532683330585421e-05
pennsylvania_15,9.512319927276511e-05
ceo_6,9.511379651676035e-05
ore_4,9.499823668571283e-05
washington_15,9.48629828903853e-05
debt_7,9.442011516563872e-05
DOW_JONES_8,9.435101694285484e-05
greed_2,9.435083181452223e-05
voters_13,9.402009076565358e-05
ltd_14,9.384938859854168e-05
ministry_4,9.376556719293712e-05
ceo_19,9.359033470068595e-05
million_20,9.34941462893331e-05
fond_4,9.341906351822723e-05
elected_16,9.336077000578205e-05
illinois_14,9.331917447794799e-05
movement_9,9.285555982392712e-05
ministry_9,9.276314628218713e-05
million_9,9.231738167865219e-05
district_14,9.217967774922997e-05
elected_17,9.207206048622202e-05
members_3,9.205604149467223e-05
economics_3,9.18028752199253e-05
nyse_7,9.156268544493829e-05
derivatives_12,9.131693674170232e-05
present_19,9.127825229194472e-05
republican_11,9.121045611961775e-05
case_9,9.11983375602593e-05
movement_10,9.103848635388203e-05
finance_6,9.059890853072758e-05
short_sell_19,9.05230164113629e-05
ministry_13,9.042089024888529e-05
gains_6,9.041651753202159e-05
restaurant_4,9.038184681191748e-05
business_15,9.027228031066595e-05
dividend_12,9.013735407716105e-05
transaction_3,9.008142348842626e-05
blacklist_1,8.995494707296234e-05
financial_markets_8,8.98505179424653e-05
short_sell_13,8.967985657231146e-05
banking_13,8.966511424466706e-05
financial_1,8.96429063524841e-05
ceo_2,8.89299923143492e-05
leverage_1,8.878922729511549e-05
movement_19,8.863529078947646e-05
derivatives_13,8.853590740132422e-05
dow_jones_11,8.818296561824491e-05
ceo_15,8.795950853584394e-05
fed_11,8.750278819611767e-05
judge_9,8.731113792550891e-05
financial_markets_7,8.701722166770993e-05
marriage_16,8.69684626120593e-05
served_7,8.633053067812228e-05
nyse_13,8.627653249645878e-05
leverage_12,8.573197930194983e-05
elected_13,8.520875679388395e-05
management_5,8.51989626312438e-05
religion_14,8.477680005708828e-05
portfolio_3,8.431272386777536e-05
happy_16,8.424374217351385e-05
elections_12,8.412161459194189e-05
politics_4,8.409951497238141e-05
trader_4,8.402316190653843e-05
economic_12,8.385838878869747e-05
headlines_2,8.367125193559903e-05
gains_10,8.335756795109217e-05
buy_19,8.33541502444512e-05
short_selling_14,8.329871585835836e-05
republican_8,8.29166865911305e-05
tourism_20,8.281588949832752e-05
car_13,8.277698024823219e-05
BUY_AND_HOLD_11,8.273555619123585e-05
blacklist_12,8.270110962404557e-05
fond_14,8.268106812201397e-05
nasdaq_13,8.252582637381064e-05
inflation_6,8.242211015243756e-05
representatives_2,8.233651146994651e-05
inflation_12,8.227584022670085e-05
representatives_8,8.199820661986191e-05
earnings_16,8.159610150899924e-05
ohio_14,8.15068381233819e-05
republican_16,8.145980306759983e-05
political_1,8.1450778859171e-05
return_10,8.109437453548395e-05
consumption_2,8.071718274109998e-05
leverage_4,8.059302946006943e-05
short_sell_15,8.029698583601401e-05
governor_19,7.985397374675182e-05
labor_18,7.975614647074242e-05
ltd_12,7.967793077931814e-05
opportunity_5,7.959466803950004e-05
political_13,7.957102107532902e-05
environment_14,7.932763664520051e-05
economy_1,7.92974968005077e-05
marriage_13,7.91313713115535e-05
committee_17,7.897912554611199e-05
success_20,7.856499029411878e-05
representatives_16,7.843976326698581e-05
elected_15,7.813863476059926e-05
dow_jones_8,7.812532374933283e-05
voters_5,7.807236706747693e-05
earnings_19,7.802566079584689e-05
opportunity_8,7.742432518689438e-05
consume_10,7.73305721000161e-05
return_14,7.729843180155853e-05
portfolio_13,7.717921636997809e-05
present_1,7.687838878959167e-05
oil_7,7.654156821548009e-05
dow_jones_16,7.651875555489514e-05
nasdaq_20,7.651609086741845e-05
profit_2,7.633313932274089e-05
nyse_4,7.558351698039743e-05
profit_6,7.553119138310772e-05
travel_13,7.549830866873441e-05
invest_20,7.54608186104459e-05
nasdaq_9,7.512645238116664e-05
dividend_7,7.504222007703706e-05
stock_market_9,7.449218240514331e-05
dividend_17,7.411155886891276e-05
derivatives_18,7.405852211831583e-05
stats_2,7.400287681278189e-05
home_6,7.371761700119966e-05
ceo_11,7.366209213556598e-05
financial_markets_12,7.364361753345861e-05
conflict_5,7.356937740396023e-05
york_14,7.338857965059233e-05
leverage_9,7.286623537457832e-05
cancer_1,7.264800998442881e-05
crisis_12,7.26281405556821e-05
greed_1,7.211566063179886e-05
water_12,7.179945376315534e-05
opportunity_2,7.173707771694807e-05
minister_8,7.110621791896283e-05
leverage_2,7.031928392859781e-05
dow_jones_18,7.029544104902773e-05
blacklist_5,7.012111022588569e-05
opportunity_14,6.983332018234748e-05
forex_20,6.965553360484696e-05
financial_markets_9,6.963725080881906e-05
short_sell_2,6.948476145438449e-05
opportunity_12,6.947093326844133e-05
bonds_19,6.945051331594777e-05
unemployment_11,6.942591942886172e-05
nasdaq_19,6.929490114189932e-05
representatives_10,6.923621636030875e-05
nasdaq_4,6.889485934541069e-05
leverage_16,6.875526614151337e-05
success_5,6.868176017363026e-05
representatives_12,6.827310223669765e-05
services_10,6.826237611212859e-05
holiday_4,6.779142145830975e-05
short_selling_18,6.758192997388043e-05
crisis_19,6.728604493362703e-05
votes_7,6.722946469858279e-05
economics_8,6.697066354307193e-05
happy_19,6.694458419873213e-05
short_selling_16,6.631803380680078e-05
crisis_3,6.628413978956129e-05
financial_markets_6,6.615703244149943e-05
firm_16,6.560926011954673e-05
sell_15,6.559764338296366e-05
returns_7,6.502329706317395e-05
election_19,6.460026241653677e-05
health_5,6.442844610888094e-05
members_4,6.385870540224592e-05
leverage_11,6.384756603512814e-05
inflation_7,6.370938443189923e-05
short_selling_20,6.358783327566688e-05
dividend_14,6.356160808646155e-05
portfolio_4,6.332735414123581e-05
investment_1,6.28843364468371e-05
william_10,6.243659506287389e-05
short_sell_12,6.214822768060666e-05
BUY_AND_HOLD_15,6.172454720658754e-05
voters_8,6.0989552720747563e-05
success_8,6.062052703305137e-05
blacklist_8,6.0495868032835046e-05
crash_16,5.985056304258117e-05
transaction_12,5.979013323060367e-05
consumption_5,5.970006305678633e-05
forex_17,5.9696063254702954e-05
restaurant_11,5.953726883115365e-05
short_sell_10,5.8372796403329124e-05
housing_19,5.802958736801067e-05
greed_6,5.754329445240676e-05
ring_14,5.748941516596069e-05
ministry_6,5.743616989017172e-05
crisis_18,5.7394812533646363e-05
financial_markets_20,5.682715202220321e-05
earnings_1,5.6242873140022884e-05
buy_17,5.6201393104369375e-05
religion_20,5.607360154349542e-05
voters_20,5.559844956383693e-05
short_selling_7,5.538119756646776e-05
blacklist_20,5.5289612413477574e-05
elected_12,5.496485817272605e-05
representatives_9,5.489675472237432e-05
lifestyle_1,5.486606140511883e-05
invest_15,5.468456879683293e-05
crisis_8,5.3843619603139384e-05
minister_19,5.276158044897259e-05
greed_3,5.250889873998487e-05
metals_5,5.2497194708580445e-05
stats_9,5.191073519330687e-05
short_selling_8,5.1772630498221705e-05
cancer_16,5.171606135642269e-05
financial_markets_18,5.127276954747495e-05
bonds_12,5.1195406462292914e-05
minister_17,5.085129775846381e-05
short_selling_6,5.071842806506845e-05
community_6,5.037670058007697e-05
minister_7,4.997066935217077e-05
short_selling_4,4.985890704779338e-05
present_13,4.980311777127181e-05
dow_jones_13,4.9653883698398685e-05
economic_7,4.948634848406713e-05
stock_market_3,4.805792804510198e-05
greed_17,4.724230777467909e-05
leverage_19,4.660649376803051e-05
gold_3,4.6456595381336846e-05
governor_13,4.564607228409221e-05
short_selling_12,4.509778639901366e-05
minister_12,4.4284675861836906e-05
DOW_JONES_17,4.280900132153511e-05
debt_13,4.2282933386329516e-05
financial_markets_3,4.059312472237749e-05
representatives_5,4.05866096644222e-05
consume_13,4.0050436250230857e-05
minister_1,3.9790086842770385e-05
short_sell_8,3.6580592075508506e-05
short_selling_11,3.587293737181193e-05
debt_15,3.574861075544837e-05
short_sell_3,3.335163455344432e-05
short_selling_2,3.2664105704837134e-05
william_7,3.238706509918545e-05
short_sell_14,2.905719046777603e-05
consume_12,2.784846374134317e-05
voters_10,2.7141966824641695e-05
short_sell_1,2.487582602308202e-05
leverage_17,2.452158994619597e-05
consume_20,2.4139072319426107e-05
rare_earths_15,2.2513007934802835e-05
BUY_AND_HOLD_12,2.240056062737799e-05
short_sell_5,2.1205767485486084e-05
short_sell_20,2.0972350961177538e-05
blacklist_4,1.8410426668745912e-05
financial_markets_16,1.6929157364734247e-05
short_selling_17,1.4852214489319083e-05
rare_earths_14,1.3513734933994719e-05
consume_4,1.3192078150250145e-05
consume_17,1.2847158987504533e-05
financial_markets_5,1.271608250628674e-05
BUY_AND_HOLD_18,1.0964573599119332e-05
BUY_AND_HOLD_6,1.0356402690031377e-05
short_sell_9,8.828413076642779e-06
BUY_AND_HOLD_10,7.660641872657005e-06
short_selling_5,6.572834693231011e-06
short_sell_18,5.979423287806735e-06
short_selling_10,3.360193761535644e-06
BUY_AND_HOLD_2,
BUY_AND_HOLD_3,
BUY_AND_HOLD_4,
BUY_AND_HOLD_7,
BUY_AND_HOLD_8,
BUY_AND_HOLD_9,
BUY_AND_HOLD_16,
BUY_AND_HOLD_19,
rare_earths_1,
rare_earths_2,
rare_earths_3,
rare_earths_4,
rare_earths_5,
rare_earths_7,
rare_earths_8,
rare_earths_9,
rare_earths_11,
rare_earths_12,
rare_earths_13,
rare_earths_16,
rare_earths_18,
rare_earths_20,
short_sell_17,
