feature,feature_score
georgia_6,0.017894683162626566
committee_16,0.007159811029019592
media_5,0.007058791892754912
corporation_15,0.006893243214854161
marriage_15,0.005640175581518992
federal_15,0.0049957246772287965
development_16,0.004639376128051409
development_15,0.004386017352158089
holiday_14,0.004382110979429354
economics_20,0.0042886421781020536
justice_12,0.004288559228169508
war_14,0.0034064208169775068
ceo_10,0.002317953052834887
bubble_14,0.0019287532432119558
judge_6,0.0016562450607038536
unemployment_1,0.0013969339561324067
county_15,0.0011481304883780297
credit_15,0.001139732487760603
bank_15,0.0010910392088455678
culture_15,0.000925317136942505
portfolio_6,0.0008775937582904625
office_15,0.0007887284936913153
government_15,0.0007691306525855257
cancer_14,0.0007020748196521432
fed_4,0.0006237440292154561
blacklist_11,0.0005708255554939701
wisconsin_16,0.0005505019469191242
cash_16,0.0004361278481646913
justice_6,0.00041196130193259516
health_15,0.0002964418768765187
illinois_15,0.00017656881336236552
energy_5,0.0001157260285177042
risk_3,5.670817349685553e-05
washington_15,5.949853414821682e-06
financial_15,-7.465783797266923e-05
members_14,-8.537219902080562e-05
global_15,-9.801775408884162e-05
security_15,-0.00013690959274812454
housing_15,-0.00014101082162865097
community_15,-0.000346234122680511
stats_16,-0.00046038827938339467
rights_5,-0.00048277711589523876
oil_9,-0.0005944948397951011
illinois_14,-0.0006061291727506469
culture_10,-0.0007847314021727003
corporation_20,-0.0008039471216429561
culture_16,-0.0009705819236106805
members_18,-0.0009966122795343146
business_15,-0.0010820582375388854
corporation_10,-0.0011257487375897935
gain_1,-0.001166704891012782
blacklist_16,-0.0012421959164483631
service_15,-0.0013035138890726606
security_20,-0.0013560248862927837
earnings_15,-0.001425096910710022
carolina_16,-0.0014455456577111558
fed_5,-0.0014635165049049492
ltd_15,-0.0015606568423612854
finance_20,-0.0016013534785314753
act_15,-0.0016121805499351495
products_19,-0.0016303770058225143
committee_11,-0.001670107886901273
development_6,-0.0017144802010470527
finance_15,-0.0017466438065328216
law_20,-0.0018078334371297577
firm_5,-0.0018204531514659505
society_9,-0.0018306533067709019
money_15,-0.001878713645354324
movement_12,-0.001885012630570526
union_18,-0.0019176772433588285
movement_13,-0.0019675663681439025
elected_12,-0.0019830035706124294
metals_12,-0.0019949222037969117
conflict_15,-0.0020540278139406397
services_15,-0.0020825339750925485
federal_18,-0.0020975078060617713
buy_10,-0.002129741953623454
finance_10,-0.0021680341902760025
management_15,-0.002211940299751536
portfolio_9,-0.002216510951086814
energy_10,-0.002252079111473959
housing_20,-0.0022574115324317965
movie_15,-0.002293213076339384
ceo_17,-0.0023035744838400428
judge_9,-0.002305583763837915
holiday_4,-0.0023341178127022967
firm_13,-0.0024118537142319594
metals_5,-0.0024379547455774643
world_15,-0.002449445149153573
development_10,-0.002455082348743587
culture_11,-0.002487666968794855
train_4,-0.002573088242628252
social_15,-0.0026322750530030524
buy_16,-0.0026522414863923817
revenue_19,-0.00269215248572352
services_10,-0.0027124276411487624
elected_13,-0.0027461116118348895
energy_15,-0.0028078399618729046
county_17,-0.002813424953973853
health_20,-0.0028296847012265758
present_9,-0.0028321611624669172
business_20,-0.00287249296644998
financial_10,-0.0028769488003064668
law_15,-0.0028905032097548355
firm_12,-0.0028908846833075375
election_5,-0.0029508218305847045
committee_20,-0.002956685777596002
representatives_17,-0.0030409303938323307
oil_13,-0.003041467851265378
economy_20,-0.003101179362056605
office_20,-0.0031259420134439387
garden_15,-0.003135035818545351
district_17,-0.0031358830574088614
ceo_6,-0.003139767739918797
management_20,-0.003149130505605213
development_5,-0.003151721427768761
unemployment_3,-0.0031714550087485805
conflict_17,-0.0031755968855328165
house_16,-0.003178582897999105
oil_14,-0.0031923683848936956
federal_20,-0.003238732043294279
energy_20,-0.003254875751048991
illinois_13,-0.0032736240264314986
movement_14,-0.0032824608398139164
representatives_6,-0.0033215117679694208
ltd_10,-0.0033313612306107966
sell_16,-0.0033632071803835427
investment_14,-0.003382834597887174
inc_15,-0.003397403053478465
travel_18,-0.003426034989607696
economic_14,-0.003449918266239349
legal_16,-0.003467346221620815
ring_4,-0.00348971924002186
ring_10,-0.0035000210654795747
war_4,-0.003538250077567806
vermont_11,-0.003547767630726861
government_16,-0.0035670759049996727
hedge_15,-0.003599011770111793
restaurant_15,-0.003628677624235177
politics_15,-0.0036355442577139076
opportunity_20,-0.0036548003557770326
companies_20,-0.003695498690775256
gold_10,-0.0037109763159261845
labor_20,-0.0037120203827026633
economy_6,-0.003781138074956547
politics_6,-0.0038118750362321264
default_13,-0.003824344959895942
products_18,-0.0038252195124363953
court_6,-0.0038411762681700877
holiday_18,-0.003844528206647846
wisconsin_4,-0.003857390914247061
economics_5,-0.0038665749113074186
social_20,-0.0038744917577115956
government_5,-0.003885170700536933
arts_6,-0.0038943959129940755
train_15,-0.003938365754287876
county_16,-0.003941003051635405
freedom_2,-0.003947125308116894
success_16,-0.003970976206661247
war_13,-0.003979404753654081
hedge_16,-0.004036832906929777
finance_16,-0.004059844181067929
fed_11,-0.0040840356414209465
markets_16,-0.004104720138247986
vermont_15,-0.00412133100796801
government_20,-0.004138689654756056
rights_13,-0.00414025244822136
sell_8,-0.0041670757824961106
law_10,-0.004171422652108148
financial_5,-0.004185524043494903
blacklist_15,-0.0041903280861679045
stats_5,-0.004207108435488794
travel_16,-0.004219502049765689
inc_14,-0.00422431033928079
movie_16,-0.004228385368377574
buy_15,-0.004249425696563924
DOW_JONES_16,-0.0042523302326625155
kentucky_12,-0.004265029574058809
market_15,-0.0042676089270089704
act_10,-0.0043048956592327105
members_3,-0.0043088088853954435
travel_7,-0.004311214539879371
community_16,-0.004311867169461125
politics_17,-0.004332436968815578
return_13,-0.004356778748205481
bank_18,-0.004381616137401201
ltd_20,-0.004386079885386351
county_20,-0.004390119539225123
georgia_8,-0.004399485579824591
services_20,-0.004399755080201207
world_16,-0.004415241522897495
health_16,-0.004416563929559758
car_16,-0.004424389737893941
kentucky_11,-0.004436129336627115
justice_11,-0.004448808458321319
freedom_10,-0.00444923841970637
financial_14,-0.004452916585951305
industry_11,-0.004456456528501884
william_20,-0.004463451363188109
development_11,-0.004465252901266692
district_15,-0.00449303459021877
marketing_10,-0.004499524174825464
bank_20,-0.004512850718833649
secretary_15,-0.004517982344186433
unemployment_19,-0.004528276712725643
media_6,-0.0045303727927404665
nasdaq_16,-0.004548760401046748
fun_1,-0.004563269901506839
elected_4,-0.004567114643793646
industry_19,-0.00457483027836092
ring_13,-0.00458379900330057
vermont_13,-0.004589008629624169
lifestyle_4,-0.00459458093686298
color_15,-0.004596330277375338
secretary_1,-0.004601479588354685
marketing_15,-0.004605671496420993
carolina_4,-0.004607839358732347
million_9,-0.004632138483182025
movie_20,-0.004634157525365801
conflict_20,-0.004642738232504074
management_5,-0.004660117047299272
credit_18,-0.004662978768025417
returns_4,-0.004669455675333745
fun_12,-0.00468285736728673
development_20,-0.004702956354382981
members_20,-0.004713282519549411
founded_7,-0.0047336163306788805
bonds_3,-0.0047482049108132475
ceo_18,-0.00475353890949588
ring_9,-0.004758399372041033
success_20,-0.0047585043298091325
politics_2,-0.004767194582702872
economics_9,-0.0047710761012579985
trader_20,-0.004771268329682998
project_18,-0.004777935579303038
gain_6,-0.00478627706815804
restaurant_20,-0.004786913427347472
culture_18,-0.0047908752006568635
default_11,-0.004800979224306401
economy_15,-0.00481818613850864
lifestyle_10,-0.0048225072177926044
million_18,-0.004827235664331764
case_15,-0.00482942699989235
banking_9,-0.004835735626348136
party_14,-0.004836290072130845
food_14,-0.004838875954379729
success_6,-0.004871251974295809
police_15,-0.004877560032787054
nyse_15,-0.0048791718173230025
million_16,-0.004883520815681242
unemployment_16,-0.004905349093086109
crash_13,-0.004906492241757388
water_5,-0.004910840840979746
illinois_16,-0.004927512700851522
house_14,-0.004949865743688298
representatives_14,-0.004953611970905136
lifestyle_16,-0.004957981782701659
revenue_1,-0.004966669083388653
court_16,-0.0049689488632516324
risk_19,-0.004972135105835251
seats_15,-0.0049808705047815535
stock_market_9,-0.004985454818838187
investment_13,-0.005003361977237742
culture_5,-0.0050200775222391195
nyse_6,-0.005021361265657931
return_14,-0.00502828340248016
money_3,-0.005029211287194846
legal_18,-0.005033311525732475
ring_2,-0.005050354380502964
present_15,-0.005053392902459564
economics_10,-0.0050544406534355655
bonds_4,-0.005061001822089772
water_15,-0.005071194697081416
global_20,-0.005072500271072378
rights_20,-0.0050751687431076055
marketing_6,-0.005081351554237323
world_14,-0.005097905481357556
business_6,-0.0051157935096161735
vermont_3,-0.005116118050577589
freedom_12,-0.005116223405034192
trader_19,-0.005132236234305654
arts_2,-0.005148481849071929
religion_15,-0.005160638084895819
conflict_12,-0.005170311141305439
lifestyle_14,-0.005171103458601767
court_18,-0.005171270115262994
restaurant_14,-0.0051771860692526595
media_20,-0.005177760426556088
senate_9,-0.005181619174905028
default_15,-0.0051836174194313635
council_1,-0.005186997999781817
growth_16,-0.005189413926822617
dow_jones_16,-0.00519187285156919
party_4,-0.0052010045150686635
BUY_AND_HOLD_15,-0.005202837538419947
fond_15,-0.005202837538419947
rare_earths_15,-0.005202837538419947
dividend_15,-0.005202837538419947
ministry_15,-0.005202837538419947
served_15,-0.005202837538419947
tourism_15,-0.005202837538419947
derivatives_15,-0.005202837538419947
forex_15,-0.005202837538419947
greed_15,-0.005202837538419947
short_selling_15,-0.005202837538419947
transaction_15,-0.005202837538419947
headlines_15,-0.005202837538419947
short_sell_15,-0.005202837538419947
leverage_15,-0.005202837538419947
ore_15,-0.005202837538419947
inflation_15,-0.005202837538419947
financial_markets_15,-0.005202837538419947
gains_15,-0.005202837538419947
consume_15,-0.005202837538419947
nyse_16,-0.005204917556321109
growth_10,-0.005205980805798038
gain_12,-0.005206127436985297
representatives_9,-0.005221336162683432
elected_6,-0.005222038746104496
return_15,-0.005224111422961064
illinois_4,-0.005225651770098261
crisis_17,-0.005231020765144545
minister_17,-0.0052360324585089876
cash_2,-0.005238324651274917
political_20,-0.0052406841355718825
community_20,-0.005241414818840995
senate_15,-0.0052569608721361625
vermont_18,-0.005264943998670346
nasdaq_12,-0.005268085218637086
profit_4,-0.005273673745284912
return_18,-0.005285563050891673
consumption_15,-0.005296061531185159
lifestyle_2,-0.005297945418850402
economics_17,-0.00530112209493061
risk_6,-0.0053032741719766015
texas_5,-0.005304858574253446
business_11,-0.005308896066424329
vermont_4,-0.005309620684192806
bonds_15,-0.005312548280655416
governor_3,-0.005317049554688325
district_4,-0.005320903364879071
financial_16,-0.005323712635542233
religion_5,-0.005328152603069003
secretary_16,-0.005330780549893155
carolina_19,-0.005339399246680277
vermont_16,-0.00534087532371097
services_16,-0.005343418706871739
lifestyle_15,-0.005344396336961532
success_4,-0.0053480361063986456
media_11,-0.005352584606251298
representatives_18,-0.005354429506326164
sell_7,-0.005358677152173641
marriage_5,-0.0053620357126040515
oil_1,-0.005367282916934002
default_5,-0.0053676105276956095
ohio_14,-0.0053690178731403025
lifestyle_8,-0.005372595870641627
train_17,-0.005373017188729912
corporation_18,-0.005381883692278789
minister_18,-0.005382061174017805
missouri_11,-0.005383238291468228
consumption_12,-0.005385860992590463
lifestyle_19,-0.005386454191700784
social_14,-0.005393231406275812
service_18,-0.005397373725214205
court_10,-0.005402170105190484
elected_17,-0.0054022146975459375
profit_15,-0.0054140279916886636
house_13,-0.005415303746707445
revenue_17,-0.005438198511077475
nyse_18,-0.005440626689795414
nasdaq_3,-0.005445154909871986
invest_15,-0.005446686947726787
growth_15,-0.0054484032909819955
politics_7,-0.005448521135465567
market_5,-0.005453053889047532
inflation_16,-0.005456421804601352
transaction_16,-0.005456421804601352
consume_16,-0.005456421804601352
short_selling_16,-0.005456421804601352
financial_markets_16,-0.005456421804601352
headlines_16,-0.005456421804601352
leverage_16,-0.005456421804601352
fond_16,-0.005456421804601352
greed_16,-0.005456421804601352
short_sell_16,-0.005456421804601352
forex_16,-0.005456421804601352
tourism_16,-0.005456421804601352
gains_16,-0.005456421804601352
ministry_16,-0.005456421804601352
dividend_16,-0.005456421804601352
served_16,-0.005456421804601352
ore_16,-0.005456421804601352
rare_earths_16,-0.005456421804601352
BUY_AND_HOLD_16,-0.005456421804601352
derivatives_16,-0.005456421804601352
nyse_11,-0.005460859982392807
gold_12,-0.005461314235004821
nyse_5,-0.005469400300983929
voters_17,-0.00547137783602345
project_2,-0.0054746141873203815
representatives_5,-0.005476392051002832
fine_12,-0.0054808533629378655
finance_18,-0.005485959618439717
nasdaq_17,-0.005488405058326795
vermont_14,-0.005488435370155332
rare_earths_4,-0.005494376508846011
forex_4,-0.005494376508846011
leverage_4,-0.005494376508846011
ministry_4,-0.005494376508846011
short_sell_4,-0.005494376508846011
BUY_AND_HOLD_4,-0.005494376508846011
greed_4,-0.005494376508846011
served_4,-0.005494376508846011
derivatives_4,-0.005494376508846011
financial_markets_4,-0.005494376508846011
consume_4,-0.005494376508846011
short_selling_4,-0.005494376508846011
ore_4,-0.005494376508846011
headlines_4,-0.005494376508846011
tourism_4,-0.005494376508846011
fond_4,-0.005494376508846011
dividend_4,-0.005494376508846011
gains_4,-0.005494376508846011
inflation_4,-0.005494376508846011
transaction_4,-0.005494376508846011
financial_20,-0.005506093065261108
business_16,-0.005514257825798641
management_16,-0.005515102442571873
invest_9,-0.005519401498093712
portfolio_13,-0.0055244114580941025
district_20,-0.005525213165012111
labor_18,-0.005525843519825502
invest_16,-0.005531480654701793
social_16,-0.00553400848386254
office_10,-0.005536903464149812
firm_16,-0.005537323057249433
freedom_14,-0.005542034156823972
car_10,-0.0055421404857649344
technology_16,-0.005545412445536568
consumption_13,-0.0055470824754068285
happy_7,-0.005547167779178385
nasdaq_14,-0.005547521118041377
oil_6,-0.005548439259566851
transaction_13,-0.005549859809591861
dividend_13,-0.005549859809591861
tourism_13,-0.005549859809591861
financial_markets_13,-0.005549859809591861
headlines_13,-0.005549859809591861
short_sell_13,-0.005549859809591861
consume_13,-0.005549859809591861
leverage_13,-0.005549859809591861
inflation_13,-0.005549859809591861
gains_13,-0.005549859809591861
BUY_AND_HOLD_13,-0.005549859809591861
rare_earths_13,-0.005549859809591861
served_13,-0.005549859809591861
ministry_13,-0.005549859809591861
derivatives_13,-0.005549859809591861
short_selling_13,-0.005549859809591861
ore_13,-0.005549859809591861
forex_13,-0.005549859809591861
greed_13,-0.005549859809591861
fond_13,-0.005549859809591861
consumption_16,-0.005551810993777884
default_14,-0.005559579481864962
nasdaq_10,-0.005562816284713712
industry_12,-0.005575462165917244
housing_10,-0.005575874242181178
ministry_12,-0.0055780056317259906
financial_markets_12,-0.0055780056317259906
short_sell_12,-0.0055780056317259906
rare_earths_12,-0.0055780056317259906
consume_12,-0.0055780056317259906
transaction_12,-0.0055780056317259906
ore_12,-0.0055780056317259906
greed_12,-0.0055780056317259906
short_selling_12,-0.0055780056317259906
derivatives_12,-0.0055780056317259906
served_12,-0.0055780056317259906
inflation_12,-0.0055780056317259906
leverage_12,-0.0055780056317259906
dividend_12,-0.0055780056317259906
fond_12,-0.0055780056317259906
headlines_12,-0.0055780056317259906
gains_12,-0.0055780056317259906
forex_12,-0.0055780056317259906
tourism_12,-0.0055780056317259906
BUY_AND_HOLD_12,-0.0055780056317259906
firm_7,-0.005580873038415923
ohio_1,-0.005583024026238137
consumption_14,-0.005586609752561622
county_10,-0.005589429980774186
health_10,-0.0055898632253083
political_16,-0.005595981836954689
world_10,-0.005596740593027017
unemployment_14,-0.005598229595670845
success_12,-0.005607103624576726
world_5,-0.005620920528318152
arts_14,-0.005629534090152322
security_6,-0.005652471317933272
buy_12,-0.005656478526913133
security_5,-0.0056644673701329975
trader_15,-0.0056697555141430826
bubble_7,-0.005671426175848681
lifestyle_17,-0.005672252252353016
crash_12,-0.005673076783936404
present_17,-0.005675999960864164
sell_13,-0.005677311781866279
conflict_9,-0.005680143466180865
consumption_5,-0.0056804175167628704
consumption_4,-0.0056805096423796055
house_20,-0.005684729375409781
investment_12,-0.005686479636442643
tourism_14,-0.0056872984048023986
forex_14,-0.0056872984048023986
dividend_14,-0.0056872984048023986
served_14,-0.0056872984048023986
ministry_14,-0.0056872984048023986
greed_14,-0.0056872984048023986
BUY_AND_HOLD_14,-0.0056872984048023986
rare_earths_14,-0.0056872984048023986
ore_14,-0.0056872984048023986
headlines_14,-0.0056872984048023986
short_selling_14,-0.0056872984048023986
short_sell_14,-0.0056872984048023986
leverage_14,-0.0056872984048023986
financial_markets_14,-0.0056872984048023986
gains_14,-0.0056872984048023986
fond_14,-0.0056872984048023986
transaction_14,-0.0056872984048023986
consume_14,-0.0056872984048023986
inflation_14,-0.0056872984048023986
derivatives_14,-0.0056872984048023986
corporation_6,-0.005688003800204844
gain_2,-0.005690272186116197
world_18,-0.005690401627447739
debt_20,-0.00569132342900538
elected_9,-0.0056922763273929535
fine_6,-0.0056927256817482785
secretary_4,-0.0056948564351251285
justice_16,-0.00569572457956391
council_6,-0.005696773277535127
industry_1,-0.005697287985777333
society_5,-0.0056980938831358244
community_5,-0.005702932039823594
returns_15,-0.00570447914946588
social_10,-0.005727859165100768
union_20,-0.005731921613848057
governor_8,-0.005735393357027529
business_5,-0.005735917182435957
nasdaq_1,-0.005740000359779595
ore_5,-0.005745534120019058
transaction_5,-0.005745534120019058
forex_5,-0.005745534120019058
greed_5,-0.005745534120019058
short_selling_5,-0.005745534120019058
inflation_5,-0.005745534120019058
dividend_5,-0.005745534120019058
fond_5,-0.005745534120019058
leverage_5,-0.005745534120019058
gains_5,-0.005745534120019058
ministry_5,-0.005745534120019058
consume_5,-0.005745534120019058
financial_markets_5,-0.005745534120019058
rare_earths_5,-0.005745534120019058
derivatives_5,-0.005745534120019058
headlines_5,-0.005745534120019058
BUY_AND_HOLD_5,-0.005745534120019058
tourism_5,-0.005745534120019058
short_sell_5,-0.005745534120019058
served_5,-0.005745534120019058
unemployment_15,-0.00574949539031977
law_16,-0.0057737276716776755
color_13,-0.005774545267927955
industry_15,-0.005778268638434137
default_16,-0.005786508226518916
stocks_1,-0.005796125302582222
politics_16,-0.005799466068268399
unemployment_4,-0.005808474222175342
companies_17,-0.005813742753944262
labor_11,-0.005814354815389122
loss_16,-0.005814410145966597
security_14,-0.005821254260851405
bonds_12,-0.005830119097962427
illinois_9,-0.005830853259062629
garden_20,-0.005831270942925082
economy_16,-0.005836835657411043
gain_11,-0.005838636783083185
management_10,-0.005838694972034375
invest_4,-0.005841208283255983
union_17,-0.005846235742230444
restaurant_17,-0.005859103239559138
services_5,-0.005859819699035929
gain_7,-0.0058609145482934055
banking_18,-0.0058614171674956864
nyse_4,-0.005861939701256725
stats_4,-0.005868884073133307
unemployment_6,-0.005870968157012779
greed_11,-0.005871322933294421
BUY_AND_HOLD_11,-0.005871322933294421
ministry_11,-0.005871322933294421
leverage_11,-0.005871322933294421
ore_11,-0.005871322933294421
headlines_11,-0.005871322933294421
rare_earths_11,-0.005871322933294421
inflation_11,-0.005871322933294421
dividend_11,-0.005871322933294421
derivatives_11,-0.005871322933294421
tourism_11,-0.005871322933294421
financial_markets_11,-0.005871322933294421
forex_11,-0.005871322933294421
consume_11,-0.005871322933294421
short_sell_11,-0.005871322933294421
fond_11,-0.005871322933294421
transaction_11,-0.005871322933294421
short_selling_11,-0.005871322933294421
served_11,-0.005871322933294421
gains_11,-0.005871322933294421
lifestyle_11,-0.0058754514287426614
default_4,-0.005881892700391078
revenue_18,-0.00589581200013276
nasdaq_15,-0.005906635275576666
fed_7,-0.005907897137325891
environment_19,-0.005917483736305518
inc_20,-0.005925924165469798
companies_4,-0.0059291712590151535
rights_6,-0.005933519926800579
DOW_JONES_20,-0.005936923857993337
labor_5,-0.005943939565639722
community_10,-0.005959523712008541
senate_14,-0.005961629582434047
conflict_5,-0.005964800826918304
world_19,-0.005965143784699456
credit_20,-0.005966388688502455
illinois_11,-0.005994645567261259
elections_9,-0.005995702543588255
finance_9,-0.005997985473738731
return_2,-0.005999235944957349
lifestyle_12,-0.006000797413636416
seats_11,-0.006005651721776939
crisis_12,-0.006007848475977439
services_6,-0.006008988462830112
law_5,-0.0060098610726329275
missouri_16,-0.006016495310047776
elected_2,-0.006022687739448407
ltd_5,-0.00602516039856067
default_17,-0.006026594012758646
consumption_10,-0.006029416620576345
nyse_12,-0.006031652572504265
social_5,-0.006034373101418122
college_1,-0.006038414731463359
ltd_16,-0.006040725404834091
money_13,-0.006041398702761813
credit_5,-0.006044893720636657
nyse_13,-0.006050595847777585
sell_4,-0.006054346737401151
consumption_17,-0.006056395787795821
tourism_17,-0.006057724077650995
BUY_AND_HOLD_17,-0.006057724077650995
served_17,-0.006057724077650995
ministry_17,-0.006057724077650995
short_sell_17,-0.006057724077650995
consume_17,-0.006057724077650995
rare_earths_17,-0.006057724077650995
leverage_17,-0.006057724077650995
derivatives_17,-0.006057724077650995
ore_17,-0.006057724077650995
fond_17,-0.006057724077650995
greed_17,-0.006057724077650995
forex_17,-0.006057724077650995
short_selling_17,-0.006057724077650995
inflation_17,-0.006057724077650995
financial_markets_17,-0.006057724077650995
transaction_17,-0.006057724077650995
headlines_17,-0.006057724077650995
dividend_17,-0.006057724077650995
gains_17,-0.006057724077650995
economic_1,-0.006058585156890261
travel_15,-0.006064769182327434
elected_3,-0.006071476263388465
stats_3,-0.006074597056382092
invest_14,-0.006076993166522837
debt_16,-0.00608257185125236
missouri_4,-0.006084210973546211
judge_5,-0.006086378251089019
consumption_11,-0.006100109218752791
voters_16,-0.006105705772436232
invest_6,-0.006106455881495987
nasdaq_9,-0.006110522030625276
default_19,-0.006114218402851113
default_12,-0.006114222065123909
unemployment_18,-0.006114495776195006
georgia_13,-0.006120105096811513
representatives_13,-0.006123883145084674
conflict_4,-0.006125363575901965
committee_14,-0.006126577816124601
default_6,-0.006133363020622418
home_15,-0.0061377408527766965
loss_10,-0.0061420824761723395
gain_10,-0.006144217777591799
movie_10,-0.006144595208018045
labor_14,-0.0061451267201899865
crisis_9,-0.006148135493725437
inc_17,-0.006151431018884801
economy_8,-0.006153209856092756
cash_6,-0.006154658581857553
virginia_14,-0.006163990580168965
ministry_6,-0.006165861057409372
consume_6,-0.006165861057409372
transaction_6,-0.006165861057409372
greed_6,-0.006165861057409372
ore_6,-0.006165861057409372
inflation_6,-0.006165861057409372
BUY_AND_HOLD_6,-0.006165861057409372
financial_markets_6,-0.006165861057409372
gains_6,-0.006165861057409372
forex_6,-0.006165861057409372
short_selling_6,-0.006165861057409372
rare_earths_6,-0.006165861057409372
derivatives_6,-0.006165861057409372
short_sell_6,-0.006165861057409372
served_6,-0.006165861057409372
headlines_6,-0.006165861057409372
tourism_6,-0.006165861057409372
dividend_6,-0.006165861057409372
fond_6,-0.006165861057409372
leverage_6,-0.006165861057409372
nyse_20,-0.00616654927774285
economic_11,-0.0061667987265580535
earnings_20,-0.00617568189426958
economics_18,-0.006178934336569153
revenue_14,-0.006183247940253022
present_13,-0.006183572197637788
vermont_12,-0.006185733684775907
justice_8,-0.00620142648493478
industry_18,-0.006202510113554593
voters_11,-0.006203569830687461
community_17,-0.006209489818650349
wisconsin_7,-0.006211769627432107
banking_2,-0.00622253357884508
senate_18,-0.006225777846630432
inc_18,-0.006227947813100099
politics_4,-0.00622828649716316
vermont_10,-0.006229349174387155
voters_2,-0.006229791123076067
business_10,-0.006231777801802285
banking_20,-0.006243623976164914
world_13,-0.006249674850465436
college_6,-0.006259260282324685
consumption_6,-0.006262683361638222
government_6,-0.006263314454068025
train_7,-0.006269521749757456
media_15,-0.006277543391632334
founded_10,-0.006278634961100327
profit_6,-0.006279118806712947
district_10,-0.00627929430981331
food_15,-0.006292579331222336
legal_15,-0.0062933457889287284
energy_4,-0.0062937502547453
founded_6,-0.006299216340575153
ltd_14,-0.00630260690416593
justice_7,-0.0063033629280885295
legal_10,-0.006311353052773328
color_6,-0.0063130009079984005
representatives_19,-0.006314705097039686
voters_13,-0.006316832140377748
ministry_9,-0.006318470560789713
BUY_AND_HOLD_9,-0.006318470560789713
served_9,-0.006318470560789713
short_selling_9,-0.006318470560789713
leverage_9,-0.006318470560789713
headlines_9,-0.006318470560789713
financial_markets_9,-0.006318470560789713
fond_9,-0.006318470560789713
inflation_9,-0.006318470560789713
tourism_9,-0.006318470560789713
greed_9,-0.006318470560789713
ore_9,-0.006318470560789713
transaction_9,-0.006318470560789713
consume_9,-0.006318470560789713
short_sell_9,-0.006318470560789713
gains_9,-0.006318470560789713
dividend_9,-0.006318470560789713
rare_earths_9,-0.006318470560789713
derivatives_9,-0.006318470560789713
forex_9,-0.006318470560789713
seats_14,-0.006319998480271383
water_11,-0.006320058649691163
economics_13,-0.006321549593745557
invest_3,-0.006322260891974652
texas_16,-0.006323565113469587
services_17,-0.006331813315131241
profit_12,-0.006331965007348428
justice_2,-0.006334266327143822
religion_11,-0.0063344896096045435
marketing_11,-0.006336858578804172
energy_6,-0.006337280476833018
kitchen_17,-0.00633769617592177
society_19,-0.006339825969998425
gold_15,-0.006342610855508757
growth_5,-0.00635233624524234
consume_10,-0.006353020682647981
financial_markets_10,-0.006353020682647981
BUY_AND_HOLD_10,-0.006353020682647981
ministry_10,-0.006353020682647981
inflation_10,-0.006353020682647981
fond_10,-0.006353020682647981
served_10,-0.006353020682647981
forex_10,-0.006353020682647981
transaction_10,-0.006353020682647981
short_selling_10,-0.006353020682647981
tourism_10,-0.006353020682647981
short_sell_10,-0.006353020682647981
dividend_10,-0.006353020682647981
gains_10,-0.006353020682647981
leverage_10,-0.006353020682647981
headlines_10,-0.006353020682647981
greed_10,-0.006353020682647981
rare_earths_10,-0.006353020682647981
ore_10,-0.006353020682647981
derivatives_10,-0.006353020682647981
marketing_20,-0.006366494495986719
default_9,-0.006371796570047694
representatives_4,-0.006376234844651862
corporation_16,-0.006385371414966534
court_20,-0.006387977332555384
consumption_3,-0.006388843466213268
consumption_2,-0.006403087333263091
default_10,-0.0064067428008103946
nyse_2,-0.0064161934736549405
world_11,-0.006416218188241429
ceo_5,-0.00641972683312082
fed_13,-0.006421719871701303
federal_17,-0.00642235239934581
portfolio_4,-0.006425387585331355
financial_18,-0.006426708058998853
invest_12,-0.006430062002467918
college_17,-0.006431879201938218
consumption_7,-0.006434675076403762
health_5,-0.0064360452666201605
marketing_14,-0.006446562250774423
federal_5,-0.006450578503244797
consumption_18,-0.006455906625271779
fond_18,-0.006456217453642643
dividend_18,-0.006456217453642643
BUY_AND_HOLD_18,-0.006456217453642643
short_selling_18,-0.006456217453642643
rare_earths_18,-0.006456217453642643
gains_18,-0.006456217453642643
ore_18,-0.006456217453642643
derivatives_18,-0.006456217453642643
tourism_18,-0.006456217453642643
forex_18,-0.006456217453642643
served_18,-0.006456217453642643
leverage_18,-0.006456217453642643
greed_18,-0.006456217453642643
short_sell_18,-0.006456217453642643
transaction_18,-0.006456217453642643
financial_markets_18,-0.006456217453642643
headlines_18,-0.006456217453642643
ministry_18,-0.006456217453642643
inflation_18,-0.006456217453642643
consume_18,-0.006456217453642643
minister_5,-0.006456253107108334
markets_14,-0.0064563722069518326
nyse_9,-0.006456449978220124
corporation_17,-0.006458405107887444
lifestyle_5,-0.006466540262165821
economics_4,-0.006467205500297913
markets_11,-0.006467517008447743
ring_17,-0.00646756282318226
texas_14,-0.006468284221913145
fed_3,-0.006469163241628784
debt_14,-0.006476841395830868
ceo_7,-0.0064769978663524515
representatives_12,-0.006479210231426236
loss_14,-0.006493788136478074
bonds_17,-0.00649417610962959
legal_14,-0.006495059498905431
economics_6,-0.0064991731780925655
earnings_10,-0.0065004898181725505
economics_14,-0.006506583422978607
color_20,-0.00651060247812556
minister_16,-0.006514890655298866
votes_16,-0.006517611689676461
ore_3,-0.006519567043151731
ministry_3,-0.006519567043151731
short_sell_3,-0.006519567043151731
financial_markets_3,-0.006519567043151731
leverage_3,-0.006519567043151731
inflation_3,-0.006519567043151731
consume_3,-0.006519567043151731
forex_3,-0.006519567043151731
dividend_3,-0.006519567043151731
transaction_3,-0.006519567043151731
served_3,-0.006519567043151731
gains_3,-0.006519567043151731
BUY_AND_HOLD_3,-0.006519567043151731
rare_earths_3,-0.006519567043151731
fond_3,-0.006519567043151731
greed_3,-0.006519567043151731
derivatives_3,-0.006519567043151731
short_selling_3,-0.006519567043151731
headlines_3,-0.006519567043151731
tourism_3,-0.006519567043151731
environment_18,-0.006521835123219288
crash_14,-0.006527508994076237
case_4,-0.0065315788196348866
transaction_2,-0.006531653990277331
short_selling_2,-0.006531653990277331
greed_2,-0.006531653990277331
tourism_2,-0.006531653990277331
short_sell_2,-0.006531653990277331
financial_markets_2,-0.006531653990277331
headlines_2,-0.006531653990277331
leverage_2,-0.006531653990277331
dividend_2,-0.006531653990277331
BUY_AND_HOLD_2,-0.006531653990277331
forex_2,-0.006531653990277331
consume_2,-0.006531653990277331
inflation_2,-0.006531653990277331
served_2,-0.006531653990277331
rare_earths_2,-0.006531653990277331
derivatives_2,-0.006531653990277331
fond_2,-0.006531653990277331
ministry_2,-0.006531653990277331
gains_2,-0.006531653990277331
ore_2,-0.006531653990277331
labor_10,-0.006535188996895225
missouri_20,-0.0065392848009543595
growth_19,-0.006541206693837775
nyse_14,-0.0065443633309279605
fine_11,-0.006546050331606245
sell_12,-0.006552071861806152
ceo_15,-0.00655266704353763
default_1,-0.006559846096219335
tourism_7,-0.006567120388203796
transaction_7,-0.006567120388203796
ore_7,-0.006567120388203796
financial_markets_7,-0.006567120388203796
rare_earths_7,-0.006567120388203796
BUY_AND_HOLD_7,-0.006567120388203796
short_selling_7,-0.006567120388203796
dividend_7,-0.006567120388203796
greed_7,-0.006567120388203796
served_7,-0.006567120388203796
ministry_7,-0.006567120388203796
derivatives_7,-0.006567120388203796
fond_7,-0.006567120388203796
consume_7,-0.006567120388203796
gains_7,-0.006567120388203796
inflation_7,-0.006567120388203796
leverage_7,-0.006567120388203796
headlines_7,-0.006567120388203796
forex_7,-0.006567120388203796
short_sell_7,-0.006567120388203796
nyse_1,-0.006569292963655426
labor_9,-0.006573623529166373
happy_12,-0.006576592164054729
crisis_13,-0.006576742187257967
members_13,-0.0065800328280678725
consumption_9,-0.006584160759346158
buy_17,-0.006584223975069437
representatives_15,-0.006585619793481068
labor_4,-0.00658607859322573
unemployment_11,-0.0065882325323769475
labor_2,-0.006590111279774024
investment_16,-0.006597484150224364
seats_16,-0.006599981133760724
voters_5,-0.006602397590257758
fine_10,-0.006606021969558662
blacklist_13,-0.006613860814168415
case_5,-0.006614481320952059
invest_17,-0.006614851129645971
energy_11,-0.0066180481024730176
service_16,-0.006619070125405147
invest_8,-0.0066245277634714
portfolio_17,-0.006630271203821381
justice_18,-0.006636222711847206
returns_17,-0.006636741381523081
unemployment_12,-0.006640162068177457
council_4,-0.006645272321950535
corporation_4,-0.006647367227218948
trader_11,-0.006651204945337286
representatives_11,-0.006657483179635415
governor_4,-0.006657561475947737
default_7,-0.006661495296725395
economy_10,-0.00666762311679101
kentucky_14,-0.006672282719356715
travel_12,-0.006673458890764228
invest_2,-0.0066735042158688525
district_16,-0.006673559728335232
movie_17,-0.00667495091595538
service_6,-0.006675955213745843
security_16,-0.006676816143266251
union_6,-0.006679725413962045
york_5,-0.006687446052703394
society_18,-0.006690760687560582
vermont_8,-0.006691914547006061
oil_17,-0.006698241011774053
economics_15,-0.006701313829066091
cash_13,-0.006704136078546386
ltd_6,-0.00670455713784619
gain_14,-0.0067092618492078145
district_5,-0.006726042063938809
case_11,-0.006731245233817518
debt_3,-0.0067351532479721365
society_7,-0.006736175397984945
lifestyle_18,-0.006736424755257953
governor_16,-0.006738877443238422
loss_7,-0.0067411948044699965
blacklist_18,-0.006741372927321865
rights_4,-0.006746849024650214
case_20,-0.006747498129505147
health_18,-0.006748088701468813
washington_3,-0.006748249497981695
development_12,-0.0067511286515510305
invest_10,-0.0067647390598725154
freedom_17,-0.00676698632922208
million_3,-0.006776526765126678
social_6,-0.00677676019760407
financial_markets_8,-0.0067789181666775946
fond_8,-0.0067789181666775946
forex_8,-0.0067789181666775946
consume_8,-0.0067789181666775946
headlines_8,-0.0067789181666775946
rare_earths_8,-0.0067789181666775946
BUY_AND_HOLD_8,-0.0067789181666775946
ministry_8,-0.0067789181666775946
served_8,-0.0067789181666775946
inflation_8,-0.0067789181666775946
dividend_8,-0.0067789181666775946
short_selling_8,-0.0067789181666775946
leverage_8,-0.0067789181666775946
derivatives_8,-0.0067789181666775946
ore_8,-0.0067789181666775946
short_sell_8,-0.0067789181666775946
tourism_8,-0.0067789181666775946
greed_8,-0.0067789181666775946
gains_8,-0.0067789181666775946
transaction_8,-0.0067789181666775946
earnings_18,-0.0067823183136163315
invest_20,-0.006790993590872696
cancer_16,-0.006798523385203347
consumption_19,-0.0067996302798421174
cancer_18,-0.006804953047133422
labor_8,-0.006805678226315592
missouri_17,-0.006808860105426695
nyse_3,-0.006825545642121189
society_17,-0.006828558135319152
voters_7,-0.006829317037194737
companies_16,-0.0068301442453672975
financial_markets_20,-0.006831279998989914
tourism_20,-0.006831279998989914
short_selling_20,-0.006831279998989914
derivatives_20,-0.006831279998989914
consume_20,-0.006831279998989914
inflation_20,-0.006831279998989914
ministry_20,-0.006831279998989914
forex_20,-0.006831279998989914
dividend_20,-0.006831279998989914
transaction_20,-0.006831279998989914
rare_earths_20,-0.006831279998989914
headlines_20,-0.006831279998989914
served_20,-0.006831279998989914
greed_20,-0.006831279998989914
leverage_20,-0.006831279998989914
short_sell_20,-0.006831279998989914
fond_20,-0.006831279998989914
ore_20,-0.006831279998989914
BUY_AND_HOLD_20,-0.006831279998989914
gains_20,-0.006831279998989914
court_19,-0.006832228165899945
water_4,-0.006832602585329206
loss_4,-0.006833062545074297
global_18,-0.0068355916057707185
fine_9,-0.006837170299004436
hedge_12,-0.006837525599894234
washington_18,-0.006841953069890017
products_4,-0.006842645519914847
industry_16,-0.006842685217050737
inc_10,-0.0068435078391627215
service_20,-0.006845390530540363
management_18,-0.006859315512037533
management_17,-0.006860369208612216
nasdaq_13,-0.006861050924535972
restaurant_4,-0.006863031939588949
legal_7,-0.006866276688973194
environment_5,-0.0068679105894613015
services_18,-0.006876950985387431
energy_14,-0.006878680168647922
success_8,-0.00687992684094374
sell_2,-0.006883233415154755
arts_12,-0.006884752271196559
ceo_16,-0.006888783229323625
debt_2,-0.006889612280803781
minister_9,-0.006890338145282659
success_18,-0.0068925130526876766
finance_17,-0.006896709981816307
war_5,-0.006897086114643569
housing_13,-0.006898393304498218
finance_11,-0.006899290449125406
profit_18,-0.006899476333803922
economic_16,-0.006903253385529129
profit_17,-0.006903642766766649
invest_18,-0.006903733738149431
management_14,-0.006907451108238516
growth_4,-0.006907458815232803
voters_12,-0.006907818492903961
happy_11,-0.006908354759003621
nasdaq_2,-0.006919778259375953
county_6,-0.0069220719755038514
freedom_20,-0.0069251296383880945
illinois_18,-0.006925450349377771
default_3,-0.006929348909835853
DOW_JONES_14,-0.006931520918076228
seats_2,-0.006936951947855929
voters_4,-0.006938543964848276
nyse_10,-0.006940135474342779
global_17,-0.006941484663291519
media_14,-0.006941601038230738
lifestyle_20,-0.006941933412394174
corporation_11,-0.00694898342632635
economic_10,-0.0069496225677649235
consumption_8,-0.006950170878510487
elected_7,-0.006952417055245208
firm_17,-0.006952859281744717
house_15,-0.006954650593940115
minister_10,-0.006955290867241981
vermont_2,-0.006957940584931865
blacklist_1,-0.0069585567993087905
garden_19,-0.0069594942562487775
blacklist_9,-0.0069610916485134625
case_7,-0.006963747581250712
present_11,-0.00696938698410896
finance_5,-0.006971655479363137
default_20,-0.0069771222765964815
economy_4,-0.0069801589673520684
society_11,-0.006982891128483604
party_11,-0.006983965906682865
color_11,-0.006986036141426122
marriage_10,-0.006993290949944253
bonds_6,-0.006998164582004485
ltd_18,-0.0070002298839491935
unemployment_20,-0.007001001344524927
gain_16,-0.007003598120630427
committee_15,-0.007003868920543765
metals_14,-0.007004143296689769
kentucky_13,-0.0070046437745844735
nasdaq_18,-0.007011150036241332
invest_19,-0.007016141986751534
religion_20,-0.0070161981686980065
service_14,-0.007026010297233931
georgia_9,-0.0070270064315827606
products_11,-0.00702707180365969
metals_13,-0.007027142739976133
freedom_4,-0.007032797936435009
office_17,-0.007036973330443441
government_10,-0.00703957253935672
ring_15,-0.007046070895458767
service_5,-0.007048841591100641
voters_15,-0.0070492189353230875
return_10,-0.007050408753309067
consumption_20,-0.007050891331803144
DOW_JONES_3,-0.007051260352891187
debt_8,-0.007054391622259138
present_20,-0.007056249397395709
district_14,-0.007061630145349063
office_16,-0.007062073302898231
million_4,-0.007064230975106556
kentucky_3,-0.007064832154565837
sell_9,-0.0070657939085738255
political_18,-0.0070706372427198575
vermont_17,-0.00707102104662678
federal_6,-0.007071275473629801
bubble_17,-0.007072536762389658
culture_4,-0.007075661875026973
gold_11,-0.007075682511261783
products_16,-0.007081802043252527
sell_6,-0.007082252464979977
served_19,-0.007083745412394182
inflation_19,-0.007083745412394182
short_sell_19,-0.007083745412394182
derivatives_19,-0.007083745412394182
rare_earths_19,-0.007083745412394182
ore_19,-0.007083745412394182
short_selling_19,-0.007083745412394182
financial_markets_19,-0.007083745412394182
headlines_19,-0.007083745412394182
forex_19,-0.007083745412394182
BUY_AND_HOLD_19,-0.007083745412394182
gains_19,-0.007083745412394182
greed_19,-0.007083745412394182
consume_19,-0.007083745412394182
leverage_19,-0.007083745412394182
tourism_19,-0.007083745412394182
dividend_19,-0.007083745412394182
transaction_19,-0.007083745412394182
fond_19,-0.007083745412394182
ministry_19,-0.007083745412394182
crisis_18,-0.007083857190513632
bank_5,-0.007085658487120239
wisconsin_3,-0.007086268970326914
garden_6,-0.0070873072052233255
college_15,-0.007087559589181214
trader_5,-0.0070972013288813415
county_18,-0.007097324992021314
bonds_2,-0.007104366773330528
garden_17,-0.007110058495212068
credit_1,-0.007111083766732085
buy_6,-0.007113274103934408
bubble_4,-0.007116789846992688
holiday_15,-0.007121768269660822
rights_10,-0.007123430588278312
election_12,-0.007123839027148216
present_12,-0.0071281690653137945
business_18,-0.00712872678255041
illinois_20,-0.007129026763371171
energy_18,-0.007135455247007427
religion_13,-0.0071368672165667
arts_16,-0.007140184349395162
present_16,-0.007141784362888171
color_12,-0.00714669080729502
default_2,-0.007149010982267434
loss_13,-0.007151052470570107
kentucky_17,-0.007162618716700342
cash_20,-0.007163267170943044
inc_4,-0.007167391660947176
consumption_1,-0.007168581434433241
ceo_11,-0.007168791595823931
act_4,-0.007172475676273438
police_1,-0.007172908692786329
ltd_17,-0.007173629787937852
stock_market_12,-0.0071743692448081875
fun_5,-0.007176107347844574
religion_4,-0.007177070940849184
seats_12,-0.007185042948893794
inc_16,-0.007186775338150176
illinois_7,-0.007191678612034713
virginia_12,-0.0071937648491572585
earnings_14,-0.00719837704874704
credit_14,-0.007203235119859941
elected_14,-0.0072064854502157825
buy_20,-0.007210229515932753
garden_14,-0.007210919585181474
return_20,-0.007211224371905534
market_11,-0.007212749977709177
business_4,-0.0072140661986756175
bonds_10,-0.007217037784675884
revenue_7,-0.007218971046570655
cancer_13,-0.007221840758267617
governor_18,-0.007222873001306485
community_7,-0.007224317177718964
present_5,-0.00722633173821563
ring_16,-0.007227162026185429
ceo_12,-0.007228088009562805
council_5,-0.007232822244141057
return_4,-0.00723363476995893
world_6,-0.007235020518188251
restaurant_16,-0.007237957523457616
blacklist_17,-0.007240878223368408
labor_6,-0.007241659043857274
judge_10,-0.00724619189800213
debt_12,-0.007250222151274954
office_18,-0.007255540507498837
tennessee_12,-0.007256017902938572
rights_9,-0.0072599215872244825
stock_market_19,-0.007261132406444481
voters_3,-0.0072611948238423315
movement_4,-0.007267121911295971
metals_18,-0.007269256000328706
house_10,-0.0072715672695713215
health_4,-0.007274121280582602
union_12,-0.007275233194452868
elected_20,-0.007280162999659967
illinois_19,-0.007281910822091997
voters_19,-0.007284657887079038
security_10,-0.007288762515046487
politics_11,-0.00729999750138286
success_13,-0.007312952374734771
economy_17,-0.007313434474459935
marketing_18,-0.007313878302841026
bank_14,-0.007316503211458514
return_11,-0.007319566569320956
banking_5,-0.0073210457881077275
development_17,-0.007321080938617719
bubble_11,-0.007324135835499202
georgia_16,-0.007326937179503968
labor_17,-0.0073290250182540765
texas_4,-0.007333937689423875
housing_4,-0.007337162825485866
marketing_19,-0.007348175066469653
global_11,-0.007348633046534991
movie_14,-0.007348857571126355
court_1,-0.007356622122450651
county_4,-0.0073567282873798325
oil_10,-0.007360299609625342
media_7,-0.007361012040648896
dividend_1,-0.007362688266037987
headlines_1,-0.007362688266037987
financial_markets_1,-0.007362688266037987
greed_1,-0.007362688266037987
rare_earths_1,-0.007362688266037987
inflation_1,-0.007362688266037987
tourism_1,-0.007362688266037987
short_sell_1,-0.007362688266037987
short_selling_1,-0.007362688266037987
BUY_AND_HOLD_1,-0.007362688266037987
fond_1,-0.007362688266037987
forex_1,-0.007362688266037987
ore_1,-0.007362688266037987
transaction_1,-0.007362688266037987
derivatives_1,-0.007362688266037987
gains_1,-0.007362688266037987
ministry_1,-0.007362688266037987
served_1,-0.007362688266037987
leverage_1,-0.007362688266037987
consume_1,-0.007362688266037987
secretary_13,-0.007365562155298155
arts_7,-0.007369347042757046
loss_9,-0.007371239005368069
money_5,-0.007373265447991462
housing_8,-0.007373779704932382
voters_8,-0.007374656959364789
food_11,-0.007376100783310302
rights_11,-0.007379228988530962
texas_2,-0.00737981029584589
william_5,-0.00737981610623808
ohio_17,-0.007380304674665617
act_11,-0.007381901864485419
kentucky_5,-0.007382821710730148
industry_10,-0.007387625196077918
virginia_18,-0.007389110051979375
movie_18,-0.007389357635610927
earnings_19,-0.00739060437479071
conflict_10,-0.007400536662028623
federal_16,-0.007405921771927515
investment_17,-0.007406197010535598
DOW_JONES_18,-0.0074067418308907396
environment_11,-0.007407064917434769
law_18,-0.0074082973379093085
society_15,-0.0074083083055161095
ltd_4,-0.007415361023707989
act_19,-0.007417487298883007
crash_2,-0.007418934643822106
service_17,-0.007421800533618517
economics_16,-0.007423390651159423
massachusetts_16,-0.007426835284510625
energy_17,-0.007431117557455647
religion_16,-0.007432530598853138
finance_7,-0.007435640975123947
invest_5,-0.007435808496207108
investment_15,-0.007438783661059212
car_8,-0.00744016421894349
garden_18,-0.00744067222869913
wisconsin_14,-0.007442250139161688
management_6,-0.007444245536742611
government_18,-0.007444626014363997
elected_10,-0.0074447740637864305
investment_1,-0.007444970266477657
court_4,-0.007450060703485551
present_10,-0.00745530282054756
movie_5,-0.007455989996295908
senate_3,-0.007459366999468054
returns_5,-0.007475881215053848
revenue_4,-0.007477294830856884
community_18,-0.007477521692869393
kentucky_8,-0.007477783285937933
kitchen_18,-0.007479570707052341
DOW_JONES_8,-0.007479760207598352
cash_3,-0.007480683796059684
chance_4,-0.007484480884737521
bank_1,-0.007485413659029083
pennsylvania_13,-0.0074913376443519475
ring_18,-0.007497912938107887
council_13,-0.007500452513848854
portfolio_14,-0.007503280927068557
nyse_19,-0.007504163674035724
happy_20,-0.007510433085803725
restaurant_18,-0.007510470969340299
stats_2,-0.007511432243866545
housing_18,-0.007512544126686382
crisis_16,-0.007513497869438601
missouri_8,-0.0075152072365485935
environment_17,-0.007516021698711328
global_13,-0.007518367692805073
vermont_1,-0.007520839572797211
elected_16,-0.007521292200535501
dow_jones_18,-0.007524135470798532
housing_1,-0.0075242122611492105
train_16,-0.007539592047832011
blacklist_4,-0.007544213929313526
voters_10,-0.007549171988649861
global_14,-0.007550371224642261
crisis_15,-0.007551310131124467
dow_jones_1,-0.00755191680321623
cancer_17,-0.007551960430847204
service_4,-0.007552310267522078
nyse_7,-0.007554244230316387
million_2,-0.007557266911868999
media_12,-0.0075574697013790935
housing_5,-0.007559553104860584
global_6,-0.007560754552567173
conflict_6,-0.007561481203119946
oil_16,-0.00756403522955118
world_8,-0.00757211544174603
water_13,-0.007574752610961233
bubble_3,-0.007578640915439694
economic_6,-0.007581908242867375
rich_9,-0.007582261069906893
illinois_10,-0.007582943859452196
community_4,-0.007583688103129105
movie_6,-0.007588310726862124
trader_6,-0.007588501616902899
community_11,-0.007590135773478735
union_2,-0.007593221554787944
office_5,-0.007594379240700744
global_16,-0.007594869275714155
buy_18,-0.007595909840310622
economics_11,-0.0076106792995429325
housing_11,-0.007610957323451917
tennessee_9,-0.007612745284851408
justice_9,-0.007613056266042961
arts_19,-0.007615386880810715
justice_4,-0.007617355210897392
community_6,-0.007619553977003779
banking_17,-0.007619983514628048
wisconsin_1,-0.007620750949687527
economic_15,-0.007621467714631902
industry_17,-0.007625492942702428
economic_12,-0.007625916788390597
dow_jones_11,-0.007633989188305624
missouri_6,-0.007634536816864612
services_11,-0.007639299977578085
corporation_5,-0.0076405675943973074
conflict_18,-0.007654938578787207
housing_2,-0.007656198333894015
default_8,-0.007657952628528331
bonds_16,-0.007663156571679974
development_19,-0.007663669846091547
wisconsin_15,-0.007664926283232542
travel_5,-0.007665330492236677
holiday_16,-0.007671805165345958
revenue_13,-0.007673765645556019
rights_18,-0.007675805074339825
washington_16,-0.0076799218706823606
return_5,-0.0076828966302205925
inc_5,-0.007684363197276167
economic_2,-0.007684907932107699
returns_2,-0.007686683479239176
ceo_20,-0.00768812486094248
war_8,-0.0076967050108229795
growth_17,-0.007698474890367501
bubble_10,-0.007709238535179441
political_1,-0.007724484633451589
justice_1,-0.007727827129731102
bank_6,-0.0077308896433007975
law_19,-0.007736519992887714
health_17,-0.007742173740912661
markets_17,-0.00774928106320214
washington_6,-0.007754070293811055
technology_1,-0.007764775220474718
financial_1,-0.007765250417748471
crisis_10,-0.00776819014845116
sell_20,-0.007769723048537336
arts_9,-0.007771649727081243
world_9,-0.00777399517166395
business_17,-0.007775023229508671
success_3,-0.007778037143691319
federal_1,-0.007779638892353025
invest_13,-0.007780039120975113
management_11,-0.007784089563758712
kitchen_6,-0.0077858329698676345
stocks_16,-0.007786543953316039
crash_7,-0.007797738774065
security_11,-0.007804733813856601
fed_16,-0.007805585539690729
arts_8,-0.007813577623185663
case_17,-0.00781389298668258
present_3,-0.007818401549896149
federal_14,-0.007840119420694448
bubble_15,-0.007841219088549867
inc_13,-0.00784471185015927
nasdaq_5,-0.007846642618287469
business_14,-0.00784726716908266
bonds_1,-0.007847658616728181
labor_3,-0.00784889557958981
elected_1,-0.007851124595184888
million_20,-0.007851610836205091
freedom_15,-0.00785292607787027
ceo_9,-0.007855490449838997
ohio_18,-0.007865315134153717
fun_17,-0.007865882512666955
judge_7,-0.007872592542760936
voters_1,-0.007875207222927783
investment_20,-0.007876212385883008
present_4,-0.007877689973040326
profit_13,-0.007880917965312761
investment_2,-0.007881034838719336
blacklist_10,-0.007883727855112887
finance_1,-0.007883772593547288
justice_13,-0.007887722187948176
carolina_10,-0.007891997728350298
rights_15,-0.007893648864114321
products_1,-0.00789561527320315
revenue_15,-0.007896421486994409
ceo_4,-0.007897857191665802
election_7,-0.007898077336371578
return_17,-0.007901244643477367
act_18,-0.007901505756622452
debt_15,-0.00790343678607568
oil_18,-0.007907905167980367
bank_10,-0.007908709339964303
services_4,-0.007913633589565826
minister_15,-0.007913783400265984
government_17,-0.0079196583791743
financial_6,-0.007922747121098528
water_6,-0.007933098263285277
gain_3,-0.007933947919694418
default_18,-0.007935349453884855
elected_15,-0.0079354842111943
portfolio_11,-0.007938051547969694
illinois_5,-0.007939625889301328
district_6,-0.00794093360428234
success_17,-0.0079422664110665
trader_1,-0.007947011455222142
media_16,-0.007950847663758798
massachusetts_17,-0.007951714910409847
secretary_11,-0.007952206603245759
invest_1,-0.007953474049881448
crash_1,-0.007955654325942007
DOW_JONES_11,-0.007962588053320684
pennsylvania_10,-0.00796286960592969
banking_11,-0.007970843548367478
community_19,-0.007971088702850992
media_4,-0.00797132548863646
financial_19,-0.007972277742041945
services_19,-0.007978630692842636
development_7,-0.007989224060684919
service_10,-0.007989399008854137
cash_7,-0.007989641909812727
politics_13,-0.007995931173826066
oil_19,-0.007999036843601126
religion_12,-0.00800262763304822
happy_16,-0.008005447190905679
members_11,-0.008007586637308429
economic_19,-0.00801100642635868
profit_5,-0.008012534123879056
marketing_13,-0.008017661134185339
nasdaq_11,-0.008019113662912547
global_10,-0.008020427727065927
credit_13,-0.008020983899174916
representatives_10,-0.008025948735550048
portfolio_15,-0.00802617522128859
health_6,-0.008046350160060878
committee_17,-0.008047283435601705
economics_1,-0.008051649965950513
virginia_9,-0.00805250533391435
car_9,-0.00805444241172526
college_20,-0.008055168545063407
texas_11,-0.008056115758598348
marketing_5,-0.008059463056942029
massachusetts_1,-0.008062694546237203
dow_jones_12,-0.008070622908303338
lifestyle_3,-0.008070962658926373
society_2,-0.008071222710562575
nasdaq_19,-0.008079163504145304
marketing_4,-0.008081876636945285
washington_17,-0.008083331954595496
investment_6,-0.00808793459792283
earnings_17,-0.008088207288642901
ltd_1,-0.008089532973157731
debt_1,-0.008089686075424419
law_14,-0.00809162066567024
law_17,-0.008093276269587358
nasdaq_20,-0.008096750722566947
federal_13,-0.008099538733035438
business_19,-0.008103394360861516
georgia_1,-0.008103816577721523
home_14,-0.008104632483335483
world_12,-0.008105725327040325
firm_20,-0.008108043392017228
crash_19,-0.008108806091529886
loss_6,-0.008110457487198408
crisis_14,-0.00811112836356167
garden_13,-0.008114522233840881
credit_11,-0.008119985006512166
texas_10,-0.008123418260801341
ohio_11,-0.008124256426512044
stock_market_20,-0.008125168968585884
economic_17,-0.008125871662227158
food_10,-0.008127657833807067
banking_12,-0.008128406085913165
war_20,-0.008128570530150415
profit_2,-0.008129208973074453
representatives_16,-0.008130165378640109
present_8,-0.008138984062319521
members_1,-0.008144535647844453
global_9,-0.008146799720986886
fed_1,-0.008146831376052478
economics_19,-0.00814853476426607
kitchen_15,-0.008149103901697142
health_19,-0.008149433788980831
illinois_6,-0.008152008190793248
minister_19,-0.00815563823601324
travel_4,-0.00816101706134018
financial_4,-0.008162581448226725
union_1,-0.00816334070777296
social_19,-0.008165441561820775
health_14,-0.008168145080199451
virginia_20,-0.00817015943115964
ceo_1,-0.008171067821270972
food_6,-0.008171202340861328
crash_18,-0.008172619444306205
bubble_2,-0.008173597613156391
profit_19,-0.008178933078296336
economic_13,-0.008183129942472922
money_16,-0.008183554435854635
services_14,-0.008184741273004304
tennessee_7,-0.008185874049431274
garden_5,-0.008187089891875754
law_11,-0.008192180353685519
fine_1,-0.008192727882398155
loss_8,-0.008204253942503504
voters_20,-0.008205014237885621
travel_17,-0.008206843775194251
development_14,-0.00820922806974127
social_18,-0.008212460463663218
holiday_5,-0.008215434764034035
york_9,-0.008224921917944394
society_8,-0.008226907043133646
union_5,-0.008234490593006627
development_4,-0.008234967785437908
bonds_13,-0.008235416171894893
district_18,-0.008243597932452995
return_3,-0.008246263632459616
train_13,-0.008254858887100647
county_1,-0.008257177501725365
law_6,-0.008260717631641911
minister_20,-0.008260765982976781
cancer_10,-0.008265972283702894
media_1,-0.008267982976655253
chance_15,-0.00826863956704844
development_18,-0.008268773851800026
office_1,-0.008269950768781297
washington_7,-0.008275960384812087
minister_3,-0.008281301135707197
portfolio_16,-0.008284346323054349
health_11,-0.008298204018231536
firm_9,-0.008299932014717615
office_6,-0.008303987147950932
court_11,-0.008304587576629307
inc_1,-0.008309220403131224
bank_4,-0.008311422258135037
revenue_20,-0.00831366634688826
technology_15,-0.00831420622655501
hedge_14,-0.008314809370327202
products_7,-0.008319033717350831
restaurant_10,-0.008323148465482632
act_20,-0.008333549724607448
unemployment_17,-0.008337861810982838
ring_8,-0.00833939051309771
world_4,-0.008342780775839808
companies_1,-0.008343974773640416
ceo_13,-0.008345154910894603
cash_11,-0.00834515987965383
movie_4,-0.008348864456893822
home_13,-0.008350820453612084
council_8,-0.008359112807464753
office_14,-0.00835989209845478
governor_12,-0.00836038537899444
georgia_2,-0.008367759450680157
ltd_11,-0.008369870823686032
cash_1,-0.008370864907057296
elected_11,-0.00837771974295114
management_1,-0.0083791070182609
government_2,-0.008379673170098467
fed_19,-0.008387688178389818
security_18,-0.008389814112695881
industry_9,-0.0083918867586233
oil_20,-0.008393973798411359
million_12,-0.008394835393805122
invest_11,-0.008394877297743842
bubble_16,-0.008395174375579262
movie_19,-0.00839874591099794
happy_8,-0.008401605968111969
return_19,-0.008404748803675654
william_18,-0.008406016601861577
conflict_14,-0.008407277933036616
million_11,-0.008407915860720339
court_14,-0.008409992853115588
credit_19,-0.008411951225193181
media_18,-0.008414056901200118
house_19,-0.008415542782302254
success_1,-0.008416173687168538
bank_9,-0.008417633973809258
loss_17,-0.008420703484861814
county_5,-0.008422403736891093
act_9,-0.008430725793499438
markets_12,-0.008434772036145021
war_9,-0.008444641620171157
political_17,-0.008446824727777025
freedom_1,-0.008449122747402171
georgia_12,-0.008451010163712969
illinois_2,-0.008452946803014293
credit_10,-0.008470647025099653
companies_15,-0.008471708128990608
labor_7,-0.008472572447503657
stocks_12,-0.008472926110668499
seats_13,-0.008474149814817311
global_1,-0.008474990579792285
kentucky_6,-0.008481072852329774
loss_19,-0.008485157705331092
court_17,-0.00849085285421245
missouri_3,-0.00849242168704314
markets_4,-0.008493714424490739
buy_5,-0.008510504235811522
technology_20,-0.00851443282700537
dow_jones_4,-0.00851721356407691
products_10,-0.008520456088454842
sell_18,-0.00852255207434669
community_9,-0.008523648943670682
marketing_16,-0.008523763991734646
pennsylvania_17,-0.008525466525294822
security_17,-0.00852548613599129
invest_7,-0.008526375817610399
cash_15,-0.00853040458364227
ring_11,-0.008532723481810445
fed_15,-0.008533268216430967
growth_3,-0.008533676540451207
loss_3,-0.008536147163190488
federal_19,-0.008536950581873093
georgia_18,-0.008537541155607297
crisis_4,-0.008542143751148635
energy_16,-0.00854621046354096
voters_18,-0.008547506484493029
case_1,-0.00854784352783371
car_15,-0.008550792203539803
stock_market_5,-0.008552001435188573
fun_11,-0.00855335351411799
trader_17,-0.008555923694520828
crisis_5,-0.008556593515419753
county_14,-0.008568312877721595
stocks_15,-0.008572593578614418
project_7,-0.008575902487358534
kitchen_14,-0.008579013285396253
business_1,-0.00858482698871894
technology_9,-0.008586527666542554
texas_20,-0.008592268577276841
markets_19,-0.008595376875699223
founded_9,-0.008599908117665978
federal_11,-0.00860667462426934
water_17,-0.008610344761271538
credit_6,-0.008612520114981237
technology_10,-0.008622622808423786
rich_11,-0.008624574136004037
credit_9,-0.008626909008056228
world_1,-0.008631497763755668
washington_1,-0.008632757499389455
act_2,-0.008645793781601286
movement_2,-0.008646868928248064
banking_13,-0.008650717870250268
government_4,-0.008651253962770378
freedom_16,-0.008651340371092543
media_17,-0.008654309721976694
court_15,-0.008663887226090771
car_7,-0.008665727184196958
representatives_2,-0.008666995848948788
train_5,-0.008670575482684595
conflict_16,-0.008670871667043833
bank_19,-0.008676612882629353
bank_17,-0.008681216345230069
car_3,-0.008684833793630586
credit_17,-0.00869449255454342
house_17,-0.008696510782110223
economy_19,-0.008699400256159673
community_14,-0.008705475671413599
return_16,-0.008710502854524882
missouri_10,-0.008710774697196656
governor_1,-0.008711113729601561
movie_11,-0.008712726146447535
social_4,-0.008720336257072714
william_10,-0.008721321167755258
cancer_1,-0.008722380620202053
financial_11,-0.008725699824775512
carolina_14,-0.00872667864519161
justice_17,-0.008727774885266016
crisis_6,-0.00872812919220296
car_20,-0.008729277954722314
fun_16,-0.008731364292785093
industry_2,-0.008751552682403508
train_10,-0.008752193402951192
inc_19,-0.008753085695196904
party_3,-0.008753865180920539
politics_3,-0.008756572611915292
services_1,-0.008760075452843652
culture_20,-0.008763365675742341
technology_11,-0.008774751471550112
hedge_7,-0.008774938747984785
profit_3,-0.008778577495019401
york_6,-0.008781541529197434
markets_10,-0.008781923650810874
dow_jones_13,-0.008782914726235314
college_9,-0.008786848828681948
federal_9,-0.008789739224774707
portfolio_5,-0.008791858001645858
fine_16,-0.008796554861101247
house_6,-0.00879708819113958
security_1,-0.008810427239685703
senate_2,-0.008812085142511684
ltd_13,-0.008816404386395438
industry_3,-0.008820244671018763
minister_2,-0.008823160826151777
college_10,-0.008825988640160687
oil_7,-0.00882746928267275
corporation_19,-0.008829839396844364
return_1,-0.008831533576753281
dow_jones_8,-0.008835798344894208
seats_8,-0.008842883335736995
success_15,-0.008844723114335618
firm_3,-0.008846336934204446
oil_12,-0.008849004728663633
members_12,-0.008864668362673345
opportunity_12,-0.008865498011487527
union_11,-0.008869535835829456
housing_12,-0.008875469781770007
growth_6,-0.008884164486082934
pennsylvania_9,-0.008886745311835708
development_2,-0.008890130929189288
massachusetts_13,-0.008890413931421625
rich_6,-0.00889343418833748
conflict_19,-0.008895593808380254
police_19,-0.008897390638521551
act_1,-0.008903480619113679
labor_13,-0.008907367972220404
risk_12,-0.008915374751990002
water_14,-0.008922261709017842
crash_20,-0.008922832986548368
representatives_1,-0.008924360257451292
health_1,-0.008928050566461176
service_19,-0.008931271118890449
arts_17,-0.008932148706004983
technology_6,-0.008932811376999505
economic_4,-0.008936704158225561
government_1,-0.008939703581199155
garden_11,-0.008939924037602087
society_1,-0.0089445599502203
train_3,-0.008945552236537879
firm_19,-0.008946218678600992
blacklist_20,-0.008952056768576
unemployment_7,-0.008960179319942706
DOW_JONES_13,-0.008960210069687146
republican_3,-0.00896144487329309
housing_16,-0.00896692949485527
pennsylvania_20,-0.008971531031075352
portfolio_19,-0.008977932209598371
bank_13,-0.008979308232644877
council_10,-0.008983422430818556
office_4,-0.008986484062771782
blacklist_8,-0.008987290040425044
cancer_4,-0.008990578478301935
senate_8,-0.008991743550018017
markets_9,-0.008992021140475459
banking_16,-0.008992381139372663
water_2,-0.008994705733364116
kentucky_15,-0.008997262783194215
corporation_14,-0.00899803594276558
world_7,-0.009002654740878469
companies_7,-0.00900565565408551
happy_5,-0.009010327690243857
unemployment_9,-0.009013803750371974
college_13,-0.009017425265828428
act_6,-0.009025946396383766
growth_14,-0.009026103857097923
union_9,-0.009030819523777888
union_16,-0.009031751431408618
metals_17,-0.009031798507506971
profit_16,-0.009035167566020741
illinois_17,-0.009035216866572294
debt_18,-0.009037487985437553
management_19,-0.009039758562263512
seats_3,-0.00904135657658578
trader_2,-0.009041950632976636
seats_17,-0.009043548400607348
bank_11,-0.00904719577643689
development_1,-0.009055088875590589
debt_10,-0.00905512850960597
kitchen_16,-0.00906604061488454
york_8,-0.009069114765698605
rich_10,-0.009070561374354136
housing_19,-0.009076993599631633
fed_18,-0.009077044460310279
culture_1,-0.009078700592278176
opportunity_18,-0.00908395797491277
texas_9,-0.009091502289803866
blacklist_14,-0.009093339967129733
holiday_17,-0.009098873049858259
present_2,-0.009103758765424196
district_19,-0.009105291619744405
carolina_8,-0.009108014161414314
stock_market_11,-0.009109363453797448
rich_16,-0.009112125589113118
buy_14,-0.009121496019148223
products_13,-0.009122310500989217
car_1,-0.009122894491478207
arts_3,-0.009130106150776474
travel_9,-0.00913136662594809
environment_20,-0.00913232300122686
blacklist_7,-0.009139761420011872
finance_13,-0.009143163846493229
world_17,-0.009146733124762862
bank_12,-0.009147154893540432
missouri_9,-0.009148984801056748
health_9,-0.009151165409798124
economic_18,-0.009156316817009036
elections_4,-0.0091566312889789
restaurant_5,-0.009159432621287466
investment_3,-0.00916019062516622
unemployment_5,-0.009161243310851552
banking_7,-0.009164562372862273
community_1,-0.009165392686934459
energy_1,-0.009166706543173819
garden_1,-0.009167345060085253
economy_12,-0.009171503332461129
investment_4,-0.00917273487174226
finance_4,-0.009174408781295097
members_16,-0.009174961227870804
massachusetts_7,-0.009183661536362742
banking_6,-0.009186992113130255
conflict_13,-0.009187513579911166
legal_4,-0.009189489022519214
metals_20,-0.009192645528083566
credit_12,-0.00919453790132696
elections_10,-0.009195303712307012
credit_16,-0.009195525425766005
committee_4,-0.009195539155664312
banking_4,-0.009199057925168019
labor_16,-0.009202432081049938
democratic_18,-0.009211219742450627
members_19,-0.00921230801414057
service_1,-0.009225824744702705
million_8,-0.009229473548987266
society_12,-0.009232925402317505
cancer_15,-0.0092338445104577
federal_10,-0.009240000014154726
college_5,-0.009244181169188747
representatives_7,-0.009252748753342876
finance_6,-0.009257892694600112
profit_1,-0.0092610456593899
markets_18,-0.00927317696169434
washington_12,-0.009273496992957764
economic_3,-0.009278602654058953
wisconsin_8,-0.009278970415507737
crisis_11,-0.009280290737708552
market_8,-0.009280534103121463
sell_19,-0.009282109555980366
war_15,-0.009282894582571699
markets_8,-0.009290649450290988
labor_1,-0.009291292039831122
DOW_JONES_1,-0.009291519255180302
party_5,-0.00929274252104586
culture_12,-0.009293113522932338
wisconsin_10,-0.009293191721848459
growth_1,-0.009297791243109454
environment_15,-0.009305980732951458
act_5,-0.009306133281563756
movie_1,-0.00931080563437583
government_14,-0.00931260084963199
house_5,-0.009321923902174433
justice_10,-0.009323725288993745
college_16,-0.009327900626744979
government_9,-0.00933250601432849
culture_13,-0.00933344359857453
court_12,-0.009338930908229704
massachusetts_4,-0.009351337646102676
union_7,-0.009352392887034645
party_7,-0.009357327983744713
office_11,-0.009360788224437488
bank_16,-0.009361565158608576
legal_2,-0.00936896906342417
media_19,-0.009371772705489657
credit_4,-0.009379297852543388
investment_18,-0.009380860080317377
stats_19,-0.00938637502989519
illinois_3,-0.009387253126269712
marketing_17,-0.009395556292227413
committee_6,-0.009399384779296981
sell_14,-0.009404046686588164
freedom_13,-0.009405867215147957
culture_9,-0.009406812061480285
products_20,-0.00940691014969397
crisis_1,-0.009413812734314565
law_1,-0.009416936018577293
culture_19,-0.009423585655961774
stock_market_14,-0.009428980453256264
hedge_10,-0.009430402159551775
ltd_9,-0.009432013808508267
secretary_17,-0.00943307536441167
political_4,-0.009434002548659826
texas_19,-0.009445982034965893
unemployment_10,-0.009454283224257298
economic_20,-0.009457077624037757
market_16,-0.009460440010376114
portfolio_7,-0.009465017221758543
bonds_5,-0.009471521011703432
sell_10,-0.009475215673955395
stocks_6,-0.00947558926093901
war_19,-0.009479001402999
virginia_19,-0.009506516187325453
social_17,-0.009512946781685305
social_1,-0.009513955152734076
earnings_16,-0.009516191484287395
loss_12,-0.009518964817095776
environment_1,-0.009520832996183693
garden_8,-0.009524365641994926
society_20,-0.009531348762376579
food_3,-0.0095357295457702
secretary_10,-0.00953896886772394
lifestyle_7,-0.00954832696144008
revenue_10,-0.00954980814921802
environment_3,-0.009550644350209182
technology_4,-0.009551891472694862
minister_13,-0.009553334258938718
justice_5,-0.009558265435450308
food_16,-0.009569609383669552
companies_6,-0.009575738197267846
industry_7,-0.009576433177503785
energy_13,-0.009578868719086997
metals_7,-0.009581781360337271
happy_13,-0.00958245142620986
arts_20,-0.009583299445944049
politics_8,-0.009593329098826597
senate_19,-0.00959471297349972
union_10,-0.009596129866940872
kitchen_19,-0.009603934802207026
corporation_1,-0.009605144219462503
william_6,-0.009610240543701899
war_18,-0.009613742476946619
founded_17,-0.009614149749905132
justice_3,-0.009615722080447187
case_19,-0.009628409303145036
financial_7,-0.00963070378780968
investment_10,-0.009634555326464955
profit_14,-0.009642782919714543
votes_2,-0.009648260381369633
color_4,-0.009655373687394376
home_19,-0.009658406569528854
economy_1,-0.00966430765654811
tennessee_10,-0.009673475810010013
ltd_19,-0.009673818527424239
economic_7,-0.00968355703811168
voters_9,-0.00969138360570243
market_10,-0.009699058689419403
garden_12,-0.009707766784662609
legal_6,-0.009710638164861618
money_6,-0.009712863267347683
finance_19,-0.00971526174307753
trader_18,-0.009716336079024534
seats_5,-0.009720092993929286
council_16,-0.009721546102252909
movement_17,-0.009722658746349876
returns_18,-0.009728267463552421
council_11,-0.009729928283323086
financial_17,-0.009738572919516231
home_16,-0.009741723895719877
voters_6,-0.009755243681137693
tennessee_3,-0.009761124312630032
act_17,-0.00977367826271076
restaurant_6,-0.009773801267775117
texas_7,-0.009774634645148694
office_19,-0.009776538138171632
growth_2,-0.009778187850716314
corporation_9,-0.009782514426731125
happy_15,-0.00978629443282526
council_12,-0.009789287772960665
massachusetts_2,-0.009795104842092029
home_7,-0.00980023192799082
party_8,-0.009803299344268757
money_8,-0.00980491272516506
judge_20,-0.009821308613538448
travel_19,-0.009831420066189223
firm_18,-0.009844630722213199
county_13,-0.009849087173686776
politics_20,-0.009849224011810964
business_12,-0.00984979477581811
earnings_12,-0.00985249772871435
carolina_3,-0.009852943146271387
illinois_12,-0.009854281604557858
crash_17,-0.009854968131065123
ohio_16,-0.009856893726704752
travel_14,-0.009859069909390051
council_14,-0.009866971791830048
office_9,-0.009867518662887908
case_9,-0.00986778680636351
missouri_13,-0.00988162156235881
sell_11,-0.009884710419879861
restaurant_1,-0.009885300367886485
hedge_6,-0.009888053824670551
markets_15,-0.009889409764230894
bonds_18,-0.00988978843883621
legal_1,-0.00989311512868667
million_10,-0.009898967458340601
social_13,-0.009913054046079006
dow_jones_17,-0.009915272556501754
ohio_15,-0.009919369279787671
earnings_1,-0.009919555814998792
texas_6,-0.009919633060317179
political_2,-0.00992428660809357
district_11,-0.00992511725575529
texas_17,-0.009925226506928685
elected_8,-0.009925538232360264
growth_20,-0.009930129364961982
fed_20,-0.00993086884319816
virginia_4,-0.009933597858348043
garden_16,-0.009935829357886417
politics_9,-0.009939256003525809
college_2,-0.009941028063575885
home_20,-0.00994115015186441
technology_12,-0.009947025251564967
voters_14,-0.009947041877672392
security_4,-0.009947754618224457
present_7,-0.009948509978052855
present_18,-0.009965420359634969
republican_4,-0.009973326723038013
money_4,-0.009973424835649381
culture_14,-0.009976028736543041
pennsylvania_19,-0.009979732427829124
risk_5,-0.009986431557169495
bonds_11,-0.009990601420056477
conflict_8,-0.009992151553950546
fed_17,-0.009992265489203822
stocks_4,-0.009998073543500218
republican_20,-0.01000079073455593
cancer_11,-0.010001433149823224
ring_19,-0.010002695165669272
ring_20,-0.010006019770226993
lifestyle_1,-0.010013745969174436
inc_6,-0.010014794985354802
technology_19,-0.010021059096255457
religion_17,-0.010025468077140021
texas_8,-0.010027358585866564
companies_10,-0.010040770577524305
products_14,-0.01004242792437351
blacklist_6,-0.010048930908484955
religion_7,-0.010049583551837493
party_16,-0.010052478524949903
management_2,-0.010052960907313358
buy_11,-0.010058107937462335
county_19,-0.010065136254977935
elections_16,-0.010069304368450504
conflict_1,-0.010072224667829598
environment_10,-0.010074603417526685
food_17,-0.01007807776866505
committee_1,-0.010080518834045992
profit_7,-0.01008104419372673
unemployment_13,-0.010081707909567372
lifestyle_6,-0.010087061728096636
fun_15,-0.010096157410938033
portfolio_10,-0.010099414219771497
government_19,-0.01010240974972918
chance_9,-0.010102791996558568
rights_14,-0.010106141961319625
return_12,-0.010122985430789688
credit_7,-0.010125179172308974
money_10,-0.010125813481160196
garden_2,-0.010131571765065317
buy_1,-0.010132107170728055
water_9,-0.010132461416343963
energy_19,-0.010136497011482204
hedge_13,-0.010137486879644553
crash_9,-0.010145782184747886
sell_3,-0.010149201941965957
management_7,-0.010158253567213938
arts_13,-0.010160892140121081
management_4,-0.010165506185048745
missouri_15,-0.010171181678139418
carolina_15,-0.010174339747822137
judge_3,-0.010184384696861759
gain_8,-0.01018844619426329
dow_jones_20,-0.010193273060652763
economy_2,-0.010193676954457253
district_13,-0.010195184913146926
world_2,-0.010195537948871425
holiday_11,-0.01019601106653103
fun_13,-0.010197330948133554
tennessee_20,-0.01021066986707957
arts_5,-0.010210828647201265
water_18,-0.01021087523363715
district_9,-0.010214419124276253
financial_9,-0.01021560590138142
senate_13,-0.010227445592764317
vermont_19,-0.010228590157552574
senate_20,-0.010232470176954056
police_4,-0.010232782762449943
illinois_1,-0.010239452529076275
nyse_8,-0.010243349153728664
massachusetts_11,-0.010246626141314242
carolina_13,-0.010246814061754383
fine_14,-0.010251803716956442
society_10,-0.010254942825881153
investment_5,-0.010258368818218422
elections_18,-0.01026046866960224
court_5,-0.01026073858122729
arts_4,-0.01026348412193796
products_15,-0.01026694851039962
movement_15,-0.010269146797434136
restaurant_13,-0.010280328696380181
profit_20,-0.01028039874032649
nasdaq_7,-0.010285357581543008
train_9,-0.010289030246617203
president_2,-0.010289907620222593
success_5,-0.010296302135151137
tennessee_8,-0.010297514131747131
political_8,-0.010297952923490982
county_11,-0.010314167435261656
ceo_2,-0.010314526443384198
georgia_10,-0.010319142325905561
trader_10,-0.0103274297127099
bubble_1,-0.01032878846663654
county_9,-0.010331707667415424
kitchen_1,-0.010332718387138961
movement_5,-0.010333026766548214
revenue_11,-0.010339246049636274
county_2,-0.010345417410011137
oil_2,-0.010345612972819973
senate_4,-0.010356453653517894
car_12,-0.010360517834100302
stock_market_16,-0.01036493186729195
kentucky_7,-0.010366765144235845
washington_4,-0.010367464748377197
train_19,-0.01037195842287495
restaurant_9,-0.010372611140638855
members_2,-0.010376172989430277
legal_9,-0.010377653286105116
members_10,-0.010382169885813197
act_14,-0.010382580244436768
project_11,-0.010383934967704756
health_7,-0.010386460444500312
car_14,-0.01039292422987148
ring_14,-0.010393051275939657
security_7,-0.010398218763214473
inc_11,-0.010399322076009753
arts_10,-0.010402005992516682
service_11,-0.010405448204518875
risk_13,-0.010407315588046995
fun_18,-0.010412676432573865
minister_4,-0.010426029887901311
religion_6,-0.010426205558810287
train_14,-0.010428973472752356
politics_10,-0.010430543417723537
million_6,-0.010432805923805489
fun_9,-0.010433303423601359
service_13,-0.010442869071223937
gain_17,-0.010448446596040672
marketing_1,-0.010449434361016174
media_8,-0.010450010459368508
happy_18,-0.010451867624284539
social_11,-0.010457901867393815
economic_5,-0.010459938834179772
district_12,-0.010460557860159004
secretary_8,-0.010464249274176463
nyse_17,-0.010464628851109636
party_13,-0.010479480679886178
stats_11,-0.010491231036516103
garden_4,-0.010492197530293979
pennsylvania_16,-0.010494244984335932
happy_1,-0.010496064374358061
water_10,-0.010499312404855198
tennessee_6,-0.010505012933177826
stocks_5,-0.010512277618592547
market_1,-0.01051369519327212
products_17,-0.010516451634999324
washington_2,-0.010525479831396178
global_5,-0.010528988263240668
services_7,-0.010529836068173815
security_19,-0.010533011960144644
police_5,-0.010549624892472752
debt_17,-0.010556339738944986
political_9,-0.010558805500306434
profit_8,-0.010568296697833369
success_7,-0.010569583533823756
DOW_JONES_12,-0.010569749702288545
money_11,-0.01057098669488461
minister_11,-0.010572243257108593
fun_4,-0.010573299450591
happy_3,-0.010577911747916247
council_2,-0.01058047974954437
health_13,-0.010585898933803795
kentucky_20,-0.010587320184809013
bank_7,-0.010593330736318008
blacklist_2,-0.01059636273877409
bank_2,-0.010596487221375451
county_12,-0.010604165533612053
fun_10,-0.010609011641129863
marriage_20,-0.01060938209262341
risk_7,-0.010616979956306661
religion_14,-0.010623525810619405
products_5,-0.01062355569887694
food_4,-0.010626043326478207
food_5,-0.01062721749643225
district_1,-0.010629032262948247
crash_11,-0.010630881235619106
freedom_3,-0.010632682483892642
travel_13,-0.010633473402885407
massachusetts_14,-0.01063520868051806
success_10,-0.010637207306767028
services_13,-0.010639467345022125
elected_18,-0.010647018435541056
case_14,-0.010653045866057687
york_18,-0.010662254482588774
industry_20,-0.01066839841692635
finance_12,-0.010674370111931442
economy_7,-0.01067766741401872
garden_10,-0.010679533974267175
bonds_8,-0.010684099724711871
case_18,-0.010685266329845788
crisis_8,-0.010700059712486753
cash_5,-0.010701594118270697
county_7,-0.010706299262950436
train_18,-0.010708219555650045
oil_5,-0.010711884536107186
inc_7,-0.010716212438600525
legal_19,-0.010718626370085204
technology_5,-0.01072022797959058
portfolio_2,-0.010721174114691734
freedom_7,-0.010721555218805
markets_5,-0.010723450204935347
global_4,-0.010731401400543895
cancer_2,-0.01073581127762282
travel_11,-0.010739018718158123
police_8,-0.010747099298933494
investment_19,-0.010758048242171992
kitchen_20,-0.010762500012509424
cash_12,-0.010765805469516243
stock_market_13,-0.010767090289466808
seats_9,-0.010767850466315365
massachusetts_20,-0.010772101129877231
stats_20,-0.010773655716447839
justice_15,-0.010779306825485713
crisis_19,-0.010779847916354602
media_10,-0.010788725420467582
happy_14,-0.010791190318649169
council_3,-0.010791829715117763
finance_8,-0.010793601124794971
federal_2,-0.010807086976532144
georgia_7,-0.010816354919842164
movement_20,-0.01081963091622471
buy_19,-0.010830618897423917
stats_15,-0.010832515277362975
present_6,-0.010833616861492045
stock_market_3,-0.010834977856318683
kentucky_19,-0.010841037901457472
project_17,-0.010850648306955746
war_17,-0.010852271030986316
fun_19,-0.010853639168593743
social_9,-0.010854080886198103
stats_12,-0.010862768746694585
home_5,-0.010870168850244966
political_3,-0.010874081174878203
washington_8,-0.01087966424639586
chance_2,-0.010885058707708195
fed_10,-0.010886431416829013
judge_15,-0.010887465910188965
georgia_3,-0.01089387548357843
development_13,-0.010894564950408813
pennsylvania_8,-0.01089995210343686
money_2,-0.010902685403083145
bubble_6,-0.010905531948012803
college_11,-0.010911702877409547
judge_19,-0.010911714498757542
william_4,-0.010915435492333892
secretary_12,-0.010916507934906217
politics_12,-0.010928249795784328
stock_market_6,-0.010935617318218682
crash_16,-0.010940494628256392
food_9,-0.010942296324891142
services_9,-0.010946019151899699
opportunity_19,-0.010948356479572952
arts_11,-0.010953236497134533
hedge_9,-0.010960096416693354
project_13,-0.010968465214214618
buy_7,-0.010976785684136047
travel_6,-0.010991785332216963
home_4,-0.0109942991593714
ceo_19,-0.011002737192240231
justice_19,-0.011005877855072899
freedom_9,-0.011007476454854693
earnings_11,-0.01100953612961202
cash_19,-0.01101136179582971
hedge_19,-0.011014350311959187
project_16,-0.011025670783467811
ring_7,-0.01103050919450348
world_3,-0.011036030461601797
success_19,-0.011036560958275543
court_13,-0.011039423125899738
hedge_2,-0.01104208826044264
union_19,-0.011042903787479097
earnings_13,-0.01105095865326149
credit_2,-0.01105241743256422
kentucky_4,-0.011059047719414261
economy_13,-0.01106673898817625
founded_3,-0.011071775005067952
train_11,-0.011079730681700362
trader_14,-0.011089921340827091
society_6,-0.01109212416031502
economics_8,-0.011105365581790183
kentucky_2,-0.011116529299955014
war_6,-0.011132956419808316
washington_9,-0.011138927869350512
risk_11,-0.011144815240694638
justice_14,-0.011145197171510435
present_19,-0.011150902518541117
holiday_8,-0.011152749014267905
missouri_19,-0.01115420589780527
college_12,-0.011154324660248927
secretary_3,-0.011159493681534016
car_13,-0.011163965394080422
opportunity_4,-0.011165601502072398
act_8,-0.011166947619678291
food_19,-0.01117310099985902
inc_9,-0.011177421893090322
house_18,-0.011179594047250085
legal_5,-0.011185776654724667
inc_12,-0.011210150702882204
market_7,-0.011232061372349356
revenue_12,-0.011234871676887814
service_7,-0.011245257592651225
rich_14,-0.011246395024877499
committee_12,-0.011249319469376573
election_20,-0.011251444931429289
home_1,-0.011253525318338408
washington_14,-0.011257663516677053
georgia_11,-0.011263738868716944
project_15,-0.011277119572035721
georgia_14,-0.011280560704798614
blacklist_5,-0.01128813428349722
cash_14,-0.011288492624716184
kentucky_16,-0.011290440767374043
federal_12,-0.011303892160445628
million_17,-0.011306047548334374
massachusetts_12,-0.011311759998433858
environment_4,-0.011317340715056346
seats_6,-0.011318992459667299
washington_20,-0.011328797063256868
return_8,-0.011330936423328053
economy_11,-0.011351433739411165
bonds_19,-0.011351778788729994
media_13,-0.01135251215850237
political_12,-0.011359257180272642
war_1,-0.011371656553005626
massachusetts_3,-0.011371674046103486
pennsylvania_12,-0.011378374760995902
stats_13,-0.011378712680518089
return_6,-0.011384398537423545
firm_6,-0.011384751329222498
industry_6,-0.011391211042567661
members_17,-0.011391310569719338
rights_17,-0.011392769643189249
portfolio_8,-0.011398944554893275
carolina_1,-0.0114102625571606
DOW_JONES_4,-0.011421959568321417
banking_1,-0.011424848236530005
judge_17,-0.011428369945826078
happy_9,-0.011437814819788717
movie_13,-0.01143871169801618
market_14,-0.011442425792391919
water_7,-0.011454551448529516
money_9,-0.011456998700039578
water_12,-0.011465234690967451
happy_17,-0.011471365185021166
revenue_2,-0.011471376018626666
restaurant_12,-0.011475596275427113
money_17,-0.01147659351039807
profit_10,-0.011491124650708229
rights_8,-0.011492282991413383
arts_1,-0.011494735797278999
law_13,-0.01149718035781797
blacklist_12,-0.011500800079759
loss_1,-0.011502733639825546
police_10,-0.011505334654647648
college_4,-0.011519138188010935
services_2,-0.011519624454895516
kitchen_9,-0.011520877372669824
train_6,-0.01152128224255875
market_6,-0.011526128419053117
secretary_6,-0.011531528700930705
rich_19,-0.011534272974040305
stocks_19,-0.011538641591951703
global_7,-0.011545588271376995
housing_7,-0.011546734274428561
office_13,-0.011565404424806292
stocks_3,-0.011590893717084017
rich_5,-0.011592008214776572
cancer_3,-0.01159844915220356
rights_1,-0.011598856555424008
growth_9,-0.01159995885137861
loss_2,-0.011600924125139267
dow_jones_9,-0.011607758409591717
service_9,-0.011610214501072847
act_7,-0.011622872694604602
senate_12,-0.011628482495517335
college_14,-0.011629036938287252
buy_4,-0.011636240919457608
judge_16,-0.011647484348318438
founded_4,-0.011648621226750122
project_6,-0.011655375095446563
car_17,-0.011675651202988436
holiday_19,-0.011679509460071813
georgia_19,-0.011683119120782948
inc_2,-0.011689798132146167
carolina_9,-0.011692380385196955
financial_2,-0.011704754448680642
money_14,-0.011706577504365146
security_13,-0.011711341171033118
council_19,-0.011711811993122812
william_16,-0.011732497774233219
york_16,-0.01173336834685439
rich_8,-0.011736450723032732
DOW_JONES_17,-0.011746250662662305
ohio_12,-0.011758892345454885
virginia_11,-0.011762433549750151
virginia_8,-0.011768948182623796
blacklist_19,-0.011774354154912103
texas_1,-0.011777981092462997
party_15,-0.011778860702111782
legal_17,-0.011779495518864725
travel_1,-0.011781470554039308
nasdaq_6,-0.011782583640576116
growth_18,-0.011784357553409518
lifestyle_9,-0.011790625589271686
council_7,-0.01179914242659963
opportunity_1,-0.011799355757824804
office_7,-0.011801989279771696
movie_7,-0.011802412374491023
georgia_4,-0.011808497705596643
restaurant_19,-0.01181013988141475
police_20,-0.01181047470762282
business_13,-0.011812257847855978
secretary_2,-0.011815230766880958
republican_16,-0.011822617903482002
election_9,-0.011827530734968205
crash_15,-0.011827619897247166
missouri_5,-0.011830371675068419
fun_6,-0.011849568960660473
council_17,-0.011859699961607873
industry_8,-0.011860201041847818
stocks_20,-0.011868643755571062
environment_12,-0.011878858773614765
virginia_2,-0.01188069102396887
project_20,-0.011888904637947917
unemployment_2,-0.011913696687298048
freedom_5,-0.011922976319287737
DOW_JONES_19,-0.011923844001163197
police_11,-0.01192488127265654
case_12,-0.011925516067754405
justice_20,-0.01193937299534702
project_9,-0.011940390101470855
million_5,-0.011946937633473764
economic_8,-0.011975335672157117
cancer_9,-0.011976643688719956
kitchen_13,-0.011979829489609028
movie_12,-0.011982723070798196
economy_5,-0.011986568555791121
stocks_10,-0.01198807984230441
case_2,-0.011994051971563714
risk_17,-0.01200735730655984
business_2,-0.01200908901110187
college_8,-0.012014206622261558
political_5,-0.012015011685019639
wisconsin_13,-0.012032906079949512
wisconsin_19,-0.012043548041575947
politics_5,-0.012045602195564543
york_1,-0.012048940684620701
representatives_8,-0.012056334967343329
elections_7,-0.012062077271899651
council_15,-0.01207572596128037
corporation_13,-0.012083921116041351
revenue_16,-0.012088302831425013
buy_13,-0.012094011051301567
banking_10,-0.012095085329719013
financial_13,-0.012095675783920368
security_2,-0.012096588372532534
massachusetts_19,-0.012098655223275512
market_20,-0.012101481736106789
cancer_19,-0.01210268841976303
returns_9,-0.012107255991890687
train_12,-0.012119672586500064
buy_2,-0.0121198957402328
earnings_6,-0.01212630248251807
labor_15,-0.012131767616565758
project_19,-0.012136127560589594
marriage_17,-0.012138566350920987
crash_6,-0.012146020686509874
loss_18,-0.012147775304290587
ohio_7,-0.012149608548492962
garden_3,-0.0121616251544725
ring_6,-0.012162411548883267
court_7,-0.012163610188025253
profit_11,-0.012166942810449544
housing_14,-0.0121743414339619
oil_8,-0.012175342213543994
housing_6,-0.012177546800857364
college_18,-0.012178833939740374
environment_8,-0.012179863785093947
economy_14,-0.012181904058367698
hedge_11,-0.012182914059800654
markets_3,-0.012190071630820665
arts_15,-0.01219353669965737
global_12,-0.012202981803969504
college_7,-0.012211509893942485
movie_9,-0.012216710522480278
case_16,-0.012218602689319158
fine_15,-0.012221958336970106
community_13,-0.012234550437265934
revenue_6,-0.012236169416484777
pennsylvania_3,-0.01223998150335548
act_16,-0.012240871582935497
cancer_20,-0.012259254029593403
wisconsin_12,-0.012264608751386774
party_18,-0.01227173056677162
home_18,-0.012280656425131741
development_9,-0.01228501135864295
project_1,-0.012286508627306625
tennessee_11,-0.012300007847088535
freedom_8,-0.012316594107763224
companies_18,-0.012318425280922885
trader_12,-0.01231920690178776
industry_4,-0.01232478165777875
culture_6,-0.012344277673056504
members_8,-0.012350094554215586
war_2,-0.012363840951564042
fed_2,-0.012388443388229576
federal_4,-0.012389425121556052
culture_2,-0.012415187115431436
court_9,-0.012417983547549083
food_18,-0.012427987627420922
crash_5,-0.012430095742165293
color_10,-0.012440655633801524
movement_16,-0.012451869508419233
political_14,-0.012453491037424791
secretary_5,-0.01245944085814794
william_11,-0.012468597155255945
DOW_JONES_15,-0.012469783587793826
car_2,-0.012478259922343748
college_19,-0.012492985400871626
hedge_17,-0.01250351241089065
party_10,-0.01250747154636409
fine_19,-0.01250801491281297
fun_3,-0.012508726458494036
stock_market_7,-0.01251185913020263
energy_12,-0.01251460364661323
law_4,-0.012525196886443934
massachusetts_9,-0.012541601916222046
war_16,-0.012542353016023865
risk_1,-0.012544475539943978
nasdaq_8,-0.012544955819771686
dow_jones_14,-0.01254713700252541
hedge_4,-0.012547948836916479
bonds_7,-0.012550124136107343
media_9,-0.012555358252639603
fed_8,-0.012561524976245807
oil_4,-0.01257275534989306
color_14,-0.01257371372369256
virginia_17,-0.012583342495460092
portfolio_20,-0.012590624693502006
politics_1,-0.012591371373559946
markets_20,-0.012593019417998596
tennessee_16,-0.012603200826791871
rights_16,-0.012603998537370976
judge_11,-0.012612731768636176
elections_17,-0.012626661564472896
holiday_7,-0.012629612587346272
energy_9,-0.012629896848002042
home_8,-0.01263254197264867
william_13,-0.012644192325824121
federal_7,-0.012661233191028298
marriage_8,-0.01266818737927249
marriage_13,-0.01266880159758923
ring_1,-0.012675009062221609
companies_13,-0.012679706129212098
environment_16,-0.012684919219748148
stats_9,-0.012686662911982527
investment_9,-0.012689214272099857
fun_14,-0.012691380505789685
opportunity_13,-0.012691775399303839
economics_2,-0.012702278875747219
law_7,-0.012711295803864786
culture_3,-0.012711906266481022
washington_13,-0.012716376632631032
wisconsin_5,-0.012719531118864813
buy_8,-0.012734606300951957
conflict_7,-0.01273958472194514
washington_19,-0.012741892018789901
market_4,-0.012744596534994268
kitchen_5,-0.012744767317853789
party_19,-0.012757906468138324
society_14,-0.012762617672599941
union_15,-0.012766515579287785
minister_7,-0.01277374586477258
trader_3,-0.012774881665081029
restaurant_8,-0.01277660119712858
carolina_6,-0.012784681069588522
members_7,-0.012804118711810798
elected_5,-0.012804366510805677
ceo_14,-0.012806389745501079
legal_20,-0.012809583212802766
community_12,-0.012823534804278825
wisconsin_20,-0.012825133369932785
party_9,-0.01282677644794974
firm_11,-0.012828167978218685
secretary_14,-0.01283937517764593
food_12,-0.012842386141338346
investment_7,-0.01286168913039427
restaurant_11,-0.012865298067208953
restaurant_7,-0.012868891815993466
technology_7,-0.012870497845706375
portfolio_18,-0.01287610358821214
home_9,-0.012880724605398575
elections_3,-0.01288422273174008
secretary_9,-0.0128920587591836
crisis_2,-0.012893979728080197
companies_3,-0.01290095914361089
banking_8,-0.01290723267912226
republican_9,-0.01291328755625698
rich_3,-0.012926709494302746
media_2,-0.01293743566221366
texas_12,-0.01294279142739847
pennsylvania_2,-0.012944172571000667
house_11,-0.01294447292401606
fed_9,-0.012949702541131236
travel_8,-0.01296919288197369
project_8,-0.012969583021050335
missouri_12,-0.012979584400859067
office_12,-0.0129802352981629
kentucky_9,-0.01298718546430575
republican_7,-0.01299213503572072
president_3,-0.012996691548737482
returns_6,-0.01301840440547739
oil_11,-0.013020317791216063
dow_jones_15,-0.013026592309488416
social_7,-0.013027438964178416
virginia_13,-0.013032900893936472
garden_7,-0.01303730813941988
religion_8,-0.01304115805126287
car_6,-0.013052056908120724
unemployment_8,-0.013055739024372914
ohio_8,-0.013074359118523903
inc_3,-0.013078325076142283
committee_7,-0.013080999259347425
georgia_20,-0.01309393746514551
service_2,-0.0130968354367216
tennessee_15,-0.013098904679855795
republican_15,-0.013108094031008988
finance_14,-0.013115959858809135
risk_2,-0.013117454488415082
rights_2,-0.013118703102695051
conflict_11,-0.01312365738111616
hedge_8,-0.013127225979020562
council_9,-0.01313920772950532
project_5,-0.013141375141135869
project_10,-0.013141592792333002
law_2,-0.013156038776894197
project_14,-0.013158742668251988
crisis_3,-0.013158978705043189
culture_7,-0.013166993196426535
dow_jones_3,-0.013171101179396238
home_6,-0.013180727904376077
conflict_3,-0.013181749961087185
management_9,-0.013184869217709849
returns_3,-0.013191357907038204
gold_2,-0.013193583251854778
freedom_11,-0.013205647023249289
food_8,-0.013221164055474289
union_14,-0.013227849059238461
housing_9,-0.013252311646372195
million_7,-0.013266147787044913
washington_11,-0.013266210465898376
oil_15,-0.013271309378739281
republican_14,-0.013275831704287477
rights_19,-0.013276830132038753
companies_9,-0.013291644532161428
tennessee_4,-0.013297623181367646
technology_14,-0.01330382874293381
dow_jones_19,-0.013312903797141984
committee_9,-0.013319612269245629
minister_14,-0.013360635252981302
minister_12,-0.013373555152093975
garden_9,-0.013383159282561152
profit_9,-0.013397372945174757
movie_2,-0.013403993446704043
financial_12,-0.01340836735270321
DOW_JONES_5,-0.01342476570251463
million_1,-0.01343222692968742
sell_1,-0.01343479476162015
william_15,-0.013439641924625967
ltd_2,-0.013450200088446907
kentucky_18,-0.013451182428547103
georgia_15,-0.013458506056037245
return_9,-0.01348266077493392
house_7,-0.013493875526530853
fed_14,-0.013505106379939912
virginia_5,-0.013508685776619256
revenue_5,-0.013534851396626335
products_6,-0.013602953336488598
political_15,-0.013619488963094084
rich_18,-0.013621940866667525
earnings_2,-0.0136286978845773
house_1,-0.013639287160672465
nasdaq_4,-0.013666933828617167
virginia_6,-0.013674838533971135
health_12,-0.013675083057387826
loss_5,-0.01369071280060632
revenue_8,-0.01369809926802692
firm_15,-0.013705948479937936
metals_4,-0.013718195742891348
global_19,-0.01372152084768441
movement_11,-0.013729318482629527
million_13,-0.013729820348840849
DOW_JONES_9,-0.013739056689682139
secretary_7,-0.013739733200847693
kitchen_10,-0.013740951113790456
hedge_20,-0.013748951294897815
happy_10,-0.01377831782051282
judge_8,-0.013780313585319347
war_3,-0.013787520431111578
missouri_7,-0.013825378892412355
metals_10,-0.01382990577125085
seats_4,-0.013845736165472489
case_8,-0.01385407642178782
present_1,-0.01386101679484748
market_19,-0.013883811506980504
opportunity_5,-0.013886409412370671
political_10,-0.013896008943851346
debt_5,-0.013897734548463946
sell_15,-0.013933134504662737
products_9,-0.013946413171987615
community_8,-0.013947464139673293
services_12,-0.0139511538669711
committee_19,-0.013965168812044126
rights_3,-0.01397603611054632
movement_6,-0.01398506987690309
founded_20,-0.013988948015862878
governor_19,-0.013989338660814487
society_4,-0.013990695854670943
fine_17,-0.013995403813850404
union_4,-0.013997096043430624
labor_19,-0.014019831715234155
dow_jones_7,-0.014023893593632897
elections_13,-0.014032524705601323
washington_10,-0.014033005579958745
york_10,-0.014046636553738256
stocks_9,-0.014051599848888175
inc_8,-0.014052893884864349
william_12,-0.014062307077158432
legal_11,-0.014067308934183708
trader_16,-0.014068245505946275
opportunity_14,-0.014082128749403866
vermont_20,-0.014082964743275927
money_20,-0.014087695010852608
government_8,-0.014102549851343581
texas_18,-0.014122943074614236
home_17,-0.014128974678023053
gain_13,-0.014137359964102703
tennessee_1,-0.014147476701683126
market_18,-0.014148716317904375
debt_7,-0.014148765679975228
missouri_18,-0.014155055920346448
vermont_9,-0.01415539208497978
economy_18,-0.014155697618130469
stats_18,-0.014178772716205846
tennessee_2,-0.014183440014991411
cash_10,-0.014191779169562314
happy_4,-0.014199218052131401
car_18,-0.014200522984138875
buy_9,-0.014216353075656451
economics_12,-0.014216460126380314
service_12,-0.014227823261941741
gold_5,-0.014229200443283862
happy_2,-0.01423022852970699
home_10,-0.014230975358836395
kentucky_10,-0.014234881254905973
stocks_14,-0.01425642901586297
present_14,-0.014273023108154814
finance_2,-0.014282602565564462
money_12,-0.014284608389436992
freedom_18,-0.014286780547371824
companies_5,-0.014295076234916415
management_12,-0.014301796387216292
office_2,-0.01430406709382026
opportunity_3,-0.014330381814311944
judge_12,-0.014339475946199044
house_12,-0.014342112716019085
train_20,-0.014362316895253958
georgia_17,-0.014378360108674415
council_18,-0.014380952280419912
massachusetts_8,-0.014392334538092211
william_9,-0.014392452464101878
republican_10,-0.014416100313510238
stock_market_1,-0.014420838251900835
committee_13,-0.014421553106398166
success_14,-0.01442977364819944
police_18,-0.014439931514279313
william_14,-0.014454663169560743
business_7,-0.014474484048634096
virginia_10,-0.014489805987656678
industry_5,-0.014490639344192568
hedge_1,-0.014500743269803839
district_2,-0.01452602011966544
products_2,-0.014531219586506028
economics_7,-0.014566177391756053
companies_8,-0.014568338033032768
train_1,-0.014578364714620418
marriage_7,-0.014596291302229947
law_12,-0.014596541638668614
energy_2,-0.014597545793383992
party_20,-0.014600712975207864
management_13,-0.01461687974636856
police_13,-0.014617853812178038
william_2,-0.014618971224983613
york_4,-0.014623432460900764
politics_19,-0.014630879902681216
house_4,-0.014637095491023943
risk_16,-0.01464254860472447
security_9,-0.014658077175783869
massachusetts_18,-0.014660362924128024
stock_market_4,-0.01469459913114859
party_12,-0.014701730819229163
crash_8,-0.014706397084980805
political_11,-0.014708188328639137
DOW_JONES_2,-0.01471839454893975
success_2,-0.014730092092365065
water_1,-0.01474056744282808
marketing_9,-0.01475064176705403
conflict_2,-0.014754462624154785
stats_17,-0.014764395397555363
financial_8,-0.014764707613258654
fine_18,-0.01476476028506044
society_16,-0.01477186893469844
financial_3,-0.014775737118259902
growth_12,-0.014799219370605687
kitchen_4,-0.014808560889740053
house_9,-0.014820987817238774
tennessee_13,-0.014841696281806139
act_13,-0.014851857836334092
products_8,-0.014858098667241415
water_20,-0.014870807998702374
security_12,-0.014878084225082456
marketing_8,-0.014882486570865439
ltd_7,-0.014888282395584106
society_13,-0.014893133447762951
travel_20,-0.014898944310723606
industry_13,-0.014904264551317858
religion_19,-0.014917069722742005
DOW_JONES_10,-0.014923972064544122
community_2,-0.014943766241266542
market_3,-0.01494458050244809
district_7,-0.014944889090475044
cash_18,-0.014945672944688205
housing_17,-0.01495770856828411
ohio_5,-0.014960851564495403
gain_20,-0.014968950206287279
money_19,-0.014971257430606788
global_2,-0.014972180061302121
loss_20,-0.014974619586987514
committee_5,-0.014977909906467236
vermont_5,-0.015011214458528044
representatives_20,-0.015021730810357714
investment_8,-0.015033432882724785
case_10,-0.01503635585348595
rich_12,-0.015049338779907773
elections_6,-0.015069800447683291
health_2,-0.015099241755977521
war_10,-0.015102326674508504
cancer_8,-0.015103714982630656
home_2,-0.015110241554419247
war_7,-0.015122991267855056
bank_8,-0.01517039483725493
oil_3,-0.015205236403605138
travel_10,-0.015210485110196247
tennessee_18,-0.015274624347795229
governor_20,-0.015289651778786117
governor_7,-0.015336575282412456
million_15,-0.015350345764974826
bubble_20,-0.015357076122280943
rich_20,-0.015367609999048005
business_9,-0.015369869262353664
returns_12,-0.0153714955608935
happy_19,-0.015386990491138074
economics_3,-0.015408582704979112
economic_9,-0.015409282320010865
water_3,-0.01541047491264207
stats_14,-0.015435075276264597
social_12,-0.015437899614600625
banking_14,-0.015439963830983894
global_8,-0.015452716531809862
founded_8,-0.01545281096172606
office_8,-0.015461429103452851
ceo_8,-0.015479183210420012
committee_2,-0.015487554974316309
social_2,-0.015490069311990018
products_12,-0.01550153032664594
gain_19,-0.015507611972596248
wisconsin_6,-0.015510671030940592
senate_7,-0.015513688202068998
stock_market_8,-0.01552814202185342
union_8,-0.015532425630030256
lifestyle_13,-0.015539459834853409
color_2,-0.01554314617252861
returns_16,-0.015545247599987988
companies_12,-0.015585068915851652
market_2,-0.015599558119035128
portfolio_3,-0.015600959831066663
home_12,-0.015619103191301043
debt_4,-0.015625410314225575
rich_4,-0.015636460865231315
house_8,-0.015637282580527635
trader_13,-0.01564937739482699
kentucky_1,-0.015651824003273383
hedge_5,-0.015653219606200232
police_3,-0.015670640212582486
million_19,-0.01569579257594229
food_7,-0.015695946559440354
pennsylvania_1,-0.015715723281967863
union_13,-0.015719699515933706
massachusetts_10,-0.015723044624157346
car_11,-0.01572325596505857
case_3,-0.015738394641686627
services_8,-0.015748976865800568
stock_market_17,-0.01575203595683026
home_3,-0.01576017421399605
democratic_5,-0.01576266280304457
holiday_10,-0.01577803871747834
earnings_5,-0.015784877666472054
stats_6,-0.01578573791754796
missouri_2,-0.015797834777201515
companies_11,-0.0158086923362039
dow_jones_5,-0.015834531224290592
banking_19,-0.01583607272099661
development_8,-0.01583718386246271
environment_2,-0.015840442682355026
returns_14,-0.015840870888762914
bubble_5,-0.015842753789921858
water_16,-0.015846088778850298
environment_13,-0.015873199742036558
court_2,-0.015897063568867754
government_11,-0.015908085328934153
cash_17,-0.015922512310126136
secretary_20,-0.015932047997167898
corporation_12,-0.015947969507181137
fed_6,-0.015950516068003417
metals_19,-0.01595138524119244
federal_8,-0.01595897978118015
cash_8,-0.015966694940138536
cancer_12,-0.01597244106048521
train_2,-0.015972606654777934
cancer_6,-0.01600287143593606
rights_12,-0.016012571107560825
gold_1,-0.016030145843651412
holiday_6,-0.016042436344721956
kitchen_8,-0.01606576284678931
republican_6,-0.016097208679784238
stats_10,-0.016121053485674608
bubble_19,-0.01612503855487555
chance_16,-0.0161278019702481
bank_3,-0.016135079377645977
william_3,-0.016192545174087615
metals_3,-0.016194166010137324
ohio_13,-0.01619528990495058
opportunity_11,-0.016217319841460708
finance_3,-0.01627111440817173
sell_17,-0.016276257084370728
technology_17,-0.01628580188374764
legal_12,-0.016287370121145804
culture_8,-0.016295234301467575
cash_9,-0.01633381882426672
firm_2,-0.01635967906127813
market_17,-0.01637893682958076
police_2,-0.016387767685869203
college_3,-0.016431212896107716
republican_12,-0.01643922319555404
debt_19,-0.01647990018170913
energy_7,-0.016492062639754734
growth_8,-0.016505620421954737
ltd_12,-0.016507090028437466
votes_12,-0.016516428794835947
money_1,-0.016525025489358015
returns_7,-0.016544850916556154
war_11,-0.016553903188445095
economy_9,-0.01659013253984838
governor_17,-0.01660728688945694
markets_1,-0.016612430380277
project_3,-0.01666077293853414
judge_4,-0.016665665953687812
illinois_8,-0.01671201388144188
movement_1,-0.01672443796267915
blacklist_3,-0.016731076391271825
cash_4,-0.01673758464330737
investment_11,-0.01674391076504673
york_15,-0.016746292398481088
world_20,-0.016774371369551087
chance_3,-0.016776307539685353
metals_2,-0.016777683782057018
committee_8,-0.01678009897310806
culture_17,-0.016786397433345045
gain_15,-0.016809914064019816
fine_2,-0.016825071179592886
debt_6,-0.016849240506991416
election_16,-0.016865949686906488
marriage_9,-0.016869985416041455
chance_1,-0.016892346686503988
management_8,-0.01691777238572443
environment_14,-0.016918890413608455
kitchen_7,-0.01693388898341248
ohio_19,-0.01694394447766039
seats_7,-0.016958190558500653
stock_market_10,-0.01696173442320248
movement_7,-0.01697012596577978
politics_18,-0.016975458135185105
seats_19,-0.016991464161475123
law_9,-0.017051633864198702
movement_19,-0.017082885794995107
william_8,-0.017085049519239438
movement_18,-0.01708816080823301
house_2,-0.017158711621004817
war_12,-0.017159074376027705
members_15,-0.017167031068154405
companies_2,-0.017172214987597068
committee_3,-0.017200265509449954
technology_13,-0.017201700218381744
trader_7,-0.01722025406555574
crash_4,-0.01722090719713183
bonds_20,-0.017245918698439788
york_17,-0.017255713721835608
health_8,-0.01726429570160608
cancer_7,-0.017270815874407396
democratic_2,-0.01727345957774009
marriage_6,-0.017322631374660037
restaurant_2,-0.017377184287552416
fun_2,-0.017380741947595445
texas_13,-0.017411160884948495
carolina_7,-0.017424217692583222
gold_20,-0.01747089242207258
political_7,-0.017473846948958836
service_8,-0.017486161674399446
governor_15,-0.017501693689935836
committee_10,-0.01751190506528193
banking_3,-0.017518423800743622
minister_1,-0.017532711448504212
ltd_8,-0.017551305701702314
democratic_17,-0.017566618837739245
governor_9,-0.01758401713428299
case_6,-0.01760208289750338
DOW_JONES_7,-0.017619320883161826
democratic_1,-0.017673255243130813
food_20,-0.017693888568245296
gain_18,-0.017707640995040873
washington_5,-0.017723230223991648
county_8,-0.017726409471158267
travel_3,-0.017744695814870638
loss_15,-0.017764129790611614
firm_14,-0.01778185630807627
politics_14,-0.017792480748955296
revenue_3,-0.017794975712636572
marketing_7,-0.017803469238763102
technology_2,-0.01780637032076928
corporation_2,-0.017815643766576537
political_19,-0.01785779670229095
court_8,-0.017859907047407964
wisconsin_2,-0.01787116550847574
government_13,-0.01788958786780852
ceo_3,-0.01790153644488728
sell_5,-0.017913707932232015
freedom_6,-0.01791884640336312
environment_9,-0.017975273130455837
water_19,-0.01798430830883868
tennessee_5,-0.01798681335422738
housing_3,-0.018005128556305296
food_13,-0.0180373761003511
holiday_1,-0.018053260196699304
election_3,-0.01805369186232144
growth_11,-0.018073624185244032
pennsylvania_7,-0.01808223617444269
bonds_14,-0.018085450384398172
earnings_8,-0.018085776595075043
portfolio_1,-0.01809797988314854
project_4,-0.018109833412252696
ring_12,-0.018119476212824746
federal_3,-0.01814588635216008
money_18,-0.01815102619895752
markets_13,-0.018183165433834803
party_17,-0.01820096403896072
movie_8,-0.01820156272589659
members_4,-0.018213783994855893
earnings_9,-0.018225762460997073
movement_3,-0.018250764987418823
political_13,-0.01827368972606804
companies_19,-0.018281996811708945
committee_18,-0.018284506733792717
legal_13,-0.018294342719772417
bubble_18,-0.018300981264215244
hedge_18,-0.018311214106988105
crisis_20,-0.018325862757698076
trader_8,-0.018343608545267353
project_12,-0.018349793293515625
environment_6,-0.018382360855479417
credit_8,-0.018389298216173654
democratic_6,-0.01839030179594705
rich_15,-0.018394243673203393
carolina_5,-0.018418745046781225
market_13,-0.01849124676375611
earnings_4,-0.018622948722181044
movement_10,-0.0186305841765807
william_7,-0.01863203391261632
district_8,-0.01864401970848766
risk_14,-0.01865579194631759
business_8,-0.018677379228956736
texas_3,-0.018686834217564164
police_16,-0.018727046699007245
movement_9,-0.018759374426609642
ohio_9,-0.018762170954898582
virginia_16,-0.01876939435595939
fun_8,-0.018793071207691157
returns_19,-0.018796471369113398
money_7,-0.0188537156387796
stocks_8,-0.018898485085773364
marketing_3,-0.018904117773991546
corporation_7,-0.01890583869103395
holiday_3,-0.018918266033547182
metals_6,-0.01893273682810239
earnings_3,-0.018947472588966098
ring_3,-0.01894951260263278
police_14,-0.018959052749858474
wisconsin_9,-0.018961832321462
elections_15,-0.018970518633547994
car_5,-0.01897631917093221
fun_7,-0.019026501044066092
opportunity_15,-0.019028086704428838
happy_6,-0.019037310625461278
technology_18,-0.01909304764181201
party_2,-0.019132793904438027
returns_10,-0.01915227001286135
elected_19,-0.019171413478529263
court_3,-0.019192592294206133
union_3,-0.019247852676423684
massachusetts_6,-0.019283666536463562
ltd_3,-0.019302005014575196
crash_3,-0.019390093686449637
kitchen_3,-0.01939612777659496
rich_13,-0.019445633288643238
labor_12,-0.01949584979714829
technology_3,-0.019543693528282093
political_6,-0.01956995230371028
returns_20,-0.019573282706830362
pennsylvania_6,-0.01969941089773839
kitchen_11,-0.019727311817931324
republican_1,-0.01973018716374164
massachusetts_15,-0.019746566892537752
social_8,-0.019770938712038964
water_8,-0.019916420318366202
government_12,-0.01992334562235778
virginia_3,-0.019960890786928732
metals_16,-0.020023957601715204
services_3,-0.020037322692038416
case_13,-0.02008402852039044
house_3,-0.02008558865766106
william_19,-0.020094649776687935
county_3,-0.020135054924723894
rich_17,-0.02017501213921047
opportunity_7,-0.020184114166602974
party_6,-0.020196315896040252
corporation_3,-0.020240047578810216
dow_jones_10,-0.020310822459298404
firm_1,-0.02037980617413875
restaurant_3,-0.020387500545657654
president_20,-0.020423983082003837
stats_8,-0.020447217606075797
government_7,-0.020455304541780593
business_3,-0.020455820560166503
party_1,-0.020481195088576154
returns_13,-0.020498427376961458
revenue_9,-0.02057592364726608
york_20,-0.020599092715830693
president_4,-0.02060641078699734
marriage_12,-0.020612691222543632
security_3,-0.02065729270257688
metals_11,-0.020670013356401305
massachusetts_5,-0.020680763610088238
stocks_18,-0.02071305232096281
development_3,-0.020743140481117407
growth_7,-0.020748676903923968
william_17,-0.02077438935420408
founded_5,-0.02077637475117051
metals_15,-0.020814758024068868
opportunity_10,-0.02082092772015436
stocks_11,-0.020828731373572173
ohio_3,-0.020905518231704702
york_7,-0.020910910244974223
president_8,-0.02092085204500762
crisis_7,-0.021029459723633993
pennsylvania_14,-0.021029718360211926
food_2,-0.02103128168977062
secretary_18,-0.02105247487664048
travel_2,-0.02109570853987621
industry_14,-0.021133255744756753
return_7,-0.02113622124908947
opportunity_2,-0.021149419718656894
energy_3,-0.02117167575735346
judge_18,-0.021228684319690227
secretary_19,-0.021231181255603682
seats_20,-0.02128744512877201
elections_20,-0.021332587295337824
bubble_8,-0.021337668980560796
energy_8,-0.02135717176798413
bubble_12,-0.021364166724119983
democratic_4,-0.021384268368196645
religion_3,-0.021429175254482978
earnings_7,-0.02143180910499305
republican_13,-0.021444857439536724
trader_4,-0.021447176681542522
debt_9,-0.02146822720301924
growth_13,-0.021483492330863507
democratic_19,-0.021559106408868333
arts_18,-0.02157527046369421
york_19,-0.02158224574916734
economy_3,-0.021594339912709048
firm_10,-0.021639399765045052
votes_4,-0.021663312166567715
carolina_20,-0.021680751166871647
judge_13,-0.02171799033172519
products_3,-0.021730326467391682
carolina_18,-0.02174864294941168
missouri_1,-0.021750711035842762
banking_15,-0.02176878457610574
color_5,-0.02178961638827759
dow_jones_6,-0.0218241051961924
community_3,-0.021829226777456735
train_8,-0.02183259386911205
management_3,-0.02186942764883688
media_3,-0.02195182927722823
kitchen_12,-0.02198744636724075
risk_9,-0.022022223661956098
food_1,-0.022062651482694727
service_3,-0.022099077046392423
health_3,-0.02213386911493669
loss_11,-0.0221553971722644
york_11,-0.022158564964625826
ohio_2,-0.02220660019404348
carolina_2,-0.022210390187988538
rights_7,-0.02222376651404696
color_9,-0.022235469749441683
bubble_13,-0.02226861146018384
texas_15,-0.022528207960147473
act_3,-0.022568739950859885
car_19,-0.02259072332144809
elections_12,-0.02260320374250726
senate_16,-0.02260877188445818
credit_3,-0.022646052276235774
color_7,-0.022655481093566455
ring_5,-0.022656956167986887
office_3,-0.022720428359781476
social_3,-0.02274587256708722
founded_2,-0.022814972450592785
stocks_13,-0.022823398701474894
votes_1,-0.02282544894223717
wisconsin_17,-0.022956311572801313
president_1,-0.022973599868000516
metals_1,-0.02302407219362692
market_12,-0.02307308653802744
stock_market_15,-0.023105314595740344
society_3,-0.023166090563326767
act_12,-0.02318355959562284
founded_15,-0.023294421164932345
corporation_8,-0.023313847598231564
portfolio_12,-0.02332954163637273
bubble_9,-0.023366330212045573
chance_13,-0.023426086675383883
district_3,-0.023472656388531687
vermont_7,-0.02349114643801169
judge_14,-0.02354984629895218
security_8,-0.023583534477597933
market_9,-0.02370843011603301
stats_1,-0.023747335998530007
home_11,-0.023753519398101153
global_3,-0.023773512800119523
elections_19,-0.023841189127287055
marketing_2,-0.023858070124639762
metals_9,-0.023881355975875596
legal_8,-0.023911112584351413
million_14,-0.02397554630274181
chance_20,-0.024040363544007914
police_7,-0.0241673942445537
fed_12,-0.02418587232413396
founded_13,-0.024210855466145896
marketing_12,-0.024265078965776454
environment_7,-0.02451979386534142
kitchen_2,-0.02453993651758508
trader_9,-0.024579205304925834
religion_2,-0.024670208284171168
representatives_3,-0.024690512956972045
companies_14,-0.024713114874397
judge_1,-0.02474039148552363
republican_8,-0.0247881118949947
marriage_18,-0.024871716682540956
ohio_6,-0.024937759561781146
ohio_4,-0.02501192976458604
religion_18,-0.02504904667388803
car_4,-0.025069605736781585
william_1,-0.02513883133866559
republican_17,-0.025180899032988657
holiday_13,-0.025280202763137936
markets_6,-0.02535650296461649
gain_4,-0.02537818800257414
founded_1,-0.025380367488516242
law_3,-0.02544033465605704
legal_3,-0.025477500140926423
chance_14,-0.025480558036958943
chance_8,-0.025612329805909596
religion_9,-0.02574926360589307
fun_20,-0.025851586306944396
seats_18,-0.025920696070356984
carolina_17,-0.02597539218262317
firm_8,-0.026151578400469243
color_18,-0.026187518731839842
york_14,-0.02624737487064035
religion_1,-0.026311432646424084
law_8,-0.02631891976361538
technology_8,-0.026353790247344744
debt_11,-0.026558295614720916
movie_3,-0.026596311345654967
buy_3,-0.02659768166952996
gain_9,-0.026615549140604024
color_19,-0.026689679515087363
democratic_13,-0.02669461658761545
bonds_9,-0.02675770907907755
freedom_19,-0.026760869361461513
missouri_14,-0.026786903330477795
founded_16,-0.026889199677619914
color_1,-0.026906209821868598
fine_8,-0.02730854529067519
wisconsin_11,-0.027377807088349648
dow_jones_2,-0.0276319660081634
risk_18,-0.02770760921920501
debt_13,-0.027800147853295255
holiday_12,-0.028040505587593544
governor_2,-0.028064493490586574
gold_17,-0.028085612304246287
risk_15,-0.028130618695617237
government_3,-0.02813913231264009
founded_11,-0.028204702930496105
returns_1,-0.028388701253576044
rich_1,-0.02839153563738246
marriage_16,-0.028396273973906806
republican_2,-0.028490285770555634
rich_7,-0.028975794594954207
risk_20,-0.0290928857827766
returns_11,-0.029099051771948648
tennessee_14,-0.029140615421737646
virginia_15,-0.029248331692088826
opportunity_6,-0.02953458404837499
marriage_4,-0.029568661843785437
markets_7,-0.029570378297098188
rich_2,-0.02974834320950055
senate_10,-0.02978254116559651
virginia_1,-0.029835068902896555
metals_8,-0.02998459959187958
election_10,-0.030042313143765355
color_8,-0.030786722874485938
carolina_12,-0.030812373129402392
senate_17,-0.030871740334023245
york_2,-0.031025099365235433
marriage_14,-0.031079192272751976
markets_2,-0.031150950803908152
republican_5,-0.03116647611597916
founded_19,-0.0312574300157612
stock_market_18,-0.03127553839836859
georgia_5,-0.03154360236336153
york_3,-0.031693392522182416
opportunity_8,-0.03205020946265558
opportunity_9,-0.03208388361050703
pennsylvania_15,-0.032465916929733996
elections_5,-0.03249051582476954
elections_11,-0.03249946900918634
election_14,-0.03273986820701826
governor_6,-0.032755171924670236
stocks_7,-0.03284029090267979
tennessee_17,-0.032868454834504957
tennessee_19,-0.03342509539089091
council_20,-0.03351272552436324
fine_13,-0.03369773484984453
wisconsin_18,-0.03381518774676366
seats_10,-0.03412126831338147
chance_5,-0.03421960469821379
members_6,-0.03436009139237075
vermont_6,-0.03523803668446639
cancer_5,-0.035375099770320426
gold_7,-0.035491926750406536
elections_8,-0.035538142914526505
minister_6,-0.035810959639955994
success_9,-0.03586012256512996
democratic_3,-0.03621950478505744
republican_19,-0.036252662097597456
holiday_2,-0.03684084530208116
founded_12,-0.037248400450180165
risk_4,-0.03746257472093202
gold_14,-0.038070305728808894
republican_11,-0.038105739945368325
chance_11,-0.0383626741492058
color_3,-0.038408609109557214
members_9,-0.03847963999999689
stats_7,-0.03871415403272367
governor_13,-0.03892055389170137
election_4,-0.03901160349104722
religion_10,-0.039106005888493535
risk_8,-0.0393367340817359
pennsylvania_4,-0.03948127673390882
movement_8,-0.03972830178959215
minister_8,-0.039825378352623765
stock_market_2,-0.04025541550639378
york_13,-0.04044155865077004
police_12,-0.04066501583172046
police_17,-0.04072125858854585
police_9,-0.04114837604405612
president_18,-0.04152866775393775
election_8,-0.04163261848504733
DOW_JONES_6,-0.041639000370466216
chance_7,-0.042666101198931286
holiday_9,-0.04346889828649081
president_13,-0.04471173382900071
elections_14,-0.04512690127511476
pennsylvania_18,-0.04524227704535002
ohio_10,-0.045823396847314755
governor_5,-0.04627080447299847
gold_6,-0.04672387576467503
judge_2,-0.0468312623472291
stocks_2,-0.047267767002864614
fine_20,-0.04813318182088657
holiday_20,-0.04849610510105078
governor_14,-0.04996551116118355
democratic_9,-0.05018336210709005
crash_10,-0.05042215195400772
police_6,-0.05045856859844111
ohio_20,-0.05052191453002677
risk_10,-0.05071221113374391
hedge_3,-0.050715432836035766
success_11,-0.050915991035492734
president_10,-0.05227634134864183
chance_10,-0.05372950547296651
pennsylvania_5,-0.05480692804693306
opportunity_16,-0.05521064739147661
firm_4,-0.05595895660863757
seats_1,-0.05681521499117657
founded_18,-0.0582735992350756
gold_4,-0.058281759411013254
pennsylvania_11,-0.05843711292318299
democratic_15,-0.058744281445064404
gold_16,-0.05888296763107688
founded_14,-0.05893281535025123
senate_1,-0.05920316629525302
elections_2,-0.06005129553493416
fine_7,-0.06008678888784482
democratic_8,-0.06184767595774308
republican_18,-0.06230314978970344
senate_5,-0.062319900357219904
virginia_7,-0.06347841977971325
color_16,-0.0638550854257622
election_6,-0.06416201701614306
chance_12,-0.06436650073622074
democratic_12,-0.06629378903865402
stocks_17,-0.06641865191732091
election_15,-0.06644443555877318
chance_6,-0.06655762442987605
marriage_3,-0.06714099121515918
fine_3,-0.06785190750956105
opportunity_17,-0.06946192924215769
governor_11,-0.07090599880640602
elections_1,-0.07119760068051198
carolina_11,-0.07157970385737425
york_12,-0.07272409396961714
color_17,-0.0727442290252617
returns_8,-0.07738411201479996
gold_18,-0.07758233514255616
election_19,-0.07856954877783
chance_19,-0.07868445315643358
gold_13,-0.07960231204873172
gold_19,-0.0806444622468578
democratic_14,-0.08303571896514408
governor_10,-0.0833800737641357
fine_4,-0.08480787195897277
election_13,-0.08610589057093092
members_5,-0.08630837200467516
votes_15,-0.08710451295113716
president_7,-0.08723305547289058
president_15,-0.09605996593866092
democratic_10,-0.09805351739502373
fine_5,-0.0984650247800537
democratic_20,-0.10234222664889406
democratic_16,-0.10415091467773621
election_17,-0.10638574616744449
chance_17,-0.1124227108408099
senate_11,-0.11265592849957526
gain_5,-0.11506488548803473
votes_14,-0.11521958148130126
election_11,-0.12976779110576397
senate_6,-0.13922426521351433
election_18,-0.139610043027205
president_9,-0.1408220906270754
democratic_7,-0.1422562290907267
votes_20,-0.1482126049165579
votes_13,-0.1572975682264519
marriage_19,-0.16416675135301842
gold_8,-0.16426927432082145
election_1,-0.18130986816919786
marriage_11,-0.1852731108585453
chance_18,-0.19202905900608044
votes_6,-0.19599742730310582
gold_3,-0.20161151157607976
election_2,-0.20163794050825928
democratic_11,-0.2465080336747046
votes_17,-0.25110720102227796
votes_5,-0.2552217559957919
president_19,-0.25917243898253534
president_16,-0.26823742091008496
marriage_1,-0.3020701237241046
gold_9,-0.30823438195411923
president_11,-0.3141567046074606
president_12,-0.3150689358300296
votes_18,-0.3230572034682937
votes_10,-0.3440863346230679
president_5,-0.3456554506329514
president_14,-0.36914460237804303
president_17,-0.41988077360613296
marriage_2,-0.5653862579743703
votes_3,-0.5824453134130806
votes_11,-0.6821869261919052
votes_9,-0.8948429158130858
votes_7,-0.9432403966958779
votes_8,-1.00123608259007
president_6,-1.091566774655751
votes_19,-1.7742881498191814
