feature,feature_score
ring_3,-0.0003263545350600916
lifestyle_5,-0.0019331857951324417
home_13,-0.002717575546115736
ohio_3,-0.002723990637667795
pennsylvania_13,-0.0027509226283136457
portfolio_18,-0.002836062853300336
york_11,-0.0029383701338326906
police_13,-0.0035600131138021408
unemployment_11,-0.005632802755806155
world_10,-0.006170138081870791
tourism_12,-0.006749111810885333
unemployment_2,-0.006865079389845619
rich_15,-0.006882214726071601
success_13,-0.006940840633394463
marriage_6,-0.007027816826492695
home_12,-0.007190540167838599
party_11,-0.0072380362898071034
council_5,-0.007424664611470111
present_9,-0.007485737552584038
politics_7,-0.0075406104575158174
minister_2,-0.007580273294713313
stock_market_3,-0.007594108537267119
media_16,-0.007648117712145819
rich_16,-0.007862263923415335
cancer_3,-0.0079926593930995
present_8,-0.008252879990567452
judge_10,-0.008326960534481676
hedge_5,-0.00858690548936889
revenue_11,-0.008627566147846832
lifestyle_4,-0.008696261355371515
ohio_6,-0.008732150026365005
tourism_17,-0.008742323704966725
william_16,-0.008892527262557227
crash_3,-0.008908397499902975
party_12,-0.008934800124221386
industry_2,-0.00902370728779589
fun_1,-0.00907709618240229
secretary_3,-0.009213057607604292
happy_13,-0.009213188094791835
ltd_11,-0.009279341910417904
democratic_2,-0.009358495990363046
committee_2,-0.009397248216590538
earnings_13,-0.009407551111005863
freedom_9,-0.009449055925240434
opportunity_3,-0.009475293561491816
tourism_16,-0.009524556415966123
william_2,-0.009621267191321791
hedge_6,-0.009645947717040904
dividend_2,-0.009727100432376923
movement_1,-0.009744507643376
gains_3,-0.009750791344581589
elections_18,-0.009751266878216768
color_6,-0.009802094123856419
political_10,-0.009822630291690459
secretary_7,-0.009823481121850164
returns_3,-0.00989091952586978
political_11,-0.009894061632064322
georgia_17,-0.009942304597577011
case_16,-0.009954070314234852
unemployment_6,-0.010003380869373024
judge_1,-0.010029534629320925
oil_4,-0.010055574787104237
cash_18,-0.010160846747073116
legal_7,-0.010180091716507245
technology_2,-0.010198610542426368
council_7,-0.010229110002917463
committee_12,-0.010250783644844419
party_7,-0.010255117492927379
firm_11,-0.010292748359382032
bonds_2,-0.010306639160599129
sell_7,-0.010309995123825333
minister_16,-0.010320631088490262
oil_20,-0.010354126063822333
judge_3,-0.010362802654937919
profit_10,-0.010373863860990462
gain_12,-0.010391808476328923
pennsylvania_3,-0.01039311758454633
law_11,-0.010484891563994214
economic_9,-0.010520511403780164
ltd_2,-0.010526470307853919
elected_7,-0.01053036906964322
banking_16,-0.010530623228062997
minister_5,-0.010538953020336117
president_19,-0.010549358079313254
committee_5,-0.01055332907517852
gain_4,-0.010567377547322176
industry_15,-0.010609250641633228
washington_17,-0.010624962224625967
lifestyle_3,-0.010656546646714782
movement_4,-0.010660403662761908
blacklist_4,-0.010668789361983944
success_18,-0.010673122600256369
marriage_3,-0.01068198286914368
election_18,-0.010710112616924783
ohio_2,-0.010721803424055265
texas_2,-0.010829951316905562
risk_1,-0.010839869053476048
project_10,-0.010852351115927394
york_6,-0.010856055499545958
georgia_7,-0.010864922408386036
industry_4,-0.010884926243858239
house_10,-0.010897369658931932
seats_17,-0.01090334086828768
bubble_3,-0.010913907175795346
justice_6,-0.010913931372578211
default_9,-0.01091601137742224
project_7,-0.010929016151424387
dividend_7,-0.010937587840392404
culture_5,-0.010953761126088212
georgia_9,-0.010954246344520403
present_5,-0.010960953472384705
religion_4,-0.01098750749367583
kitchen_6,-0.011029270668139834
buy_7,-0.011054200159070238
economy_2,-0.01105690437651079
money_1,-0.011058393148932932
blacklist_2,-0.011058527615208313
politics_8,-0.011105740585294389
pennsylvania_6,-0.011109503642659191
minister_1,-0.011117059561911358
democratic_3,-0.011152224917766684
president_3,-0.011162963114016433
stats_5,-0.011193689313891886
water_4,-0.011210670151482804
representatives_3,-0.01122811151337728
council_6,-0.0112434882943796
tourism_3,-0.011252879322252296
credit_11,-0.011297579479231778
water_1,-0.011303708569688698
freedom_19,-0.011306204466082992
profit_19,-0.011310260460342492
ltd_8,-0.011328641202350087
cash_4,-0.011344253314280638
lifestyle_6,-0.011358646084253831
hedge_10,-0.011370860552372464
dividend_3,-0.011374748462169858
founded_3,-0.011399574471634288
car_3,-0.0114058817445172
york_10,-0.011406009983053722
wisconsin_7,-0.011413320149715434
gain_3,-0.011420555966293166
ministry_1,-0.011435151849881465
stats_13,-0.011435675502593834
stats_3,-0.011446540183149324
consumption_3,-0.011448333158653923
fond_3,-0.011451805377736957
served_3,-0.011451805377736957
ore_3,-0.011451805377736957
greed_3,-0.011451805377736957
transaction_3,-0.011451805377736957
short_sell_3,-0.011451805377736957
derivatives_3,-0.011451805377736957
headlines_3,-0.011451805377736957
short_selling_3,-0.011451805377736957
inflation_3,-0.011451805377736957
financial_markets_3,-0.011451805377736957
consume_3,-0.011451805377736957
BUY_AND_HOLD_3,-0.011451805377736957
invest_3,-0.011451805377736957
forex_3,-0.011451805377736957
rare_earths_3,-0.011451805377736957
fun_17,-0.01145779623556904
elected_3,-0.011462912393992086
votes_3,-0.01147245623687665
carolina_13,-0.011483312655416555
nasdaq_3,-0.011483699596882047
ring_12,-0.011521639816404972
tourism_2,-0.01153279642959808
leverage_2,-0.011533014269946507
service_16,-0.011534766728481905
products_4,-0.01154605206793693
travel_1,-0.011549493471399464
minister_3,-0.011551775524117836
district_10,-0.011552486268925266
case_4,-0.01155655374912643
environment_19,-0.011562141571448702
movement_3,-0.011564850335299881
pennsylvania_4,-0.011572233691567634
investment_2,-0.011580049983230145
federal_16,-0.011581849140753686
tennessee_16,-0.011606465281680278
global_3,-0.01161015579587692
william_10,-0.01161430760550326
election_3,-0.011617311517730534
representatives_1,-0.011619515668266267
opportunity_2,-0.011628444694387419
gain_10,-0.011636012235999683
elections_2,-0.011638136096322183
elections_3,-0.011647659070339622
vermont_5,-0.011649123012187212
georgia_4,-0.011677699391918784
default_10,-0.0116957683435569
leverage_4,-0.011707121758502326
success_3,-0.011710756673616119
republican_3,-0.01171614784251016
nasdaq_2,-0.011723607564106153
chance_3,-0.011729223247269683
elections_19,-0.011743755804026335
votes_2,-0.011748596807024735
revenue_17,-0.011750617897043037
cash_10,-0.011755301753450676
hedge_2,-0.011763338009818903
holiday_4,-0.0118043000532565
movement_16,-0.01181546868126937
fun_9,-0.011815715029514862
ohio_13,-0.011824355863446078
pennsylvania_2,-0.011829860222471723
voters_3,-0.011843317073350134
vermont_19,-0.011847526049849377
nyse_18,-0.011871094583759146
debt_13,-0.011878259371054734
kitchen_3,-0.01189161769563345
rare_earths_2,-0.011897781262627815
financial_markets_2,-0.011897781262627815
consume_2,-0.011897781262627815
derivatives_2,-0.011897781262627815
short_selling_2,-0.011897781262627815
transaction_2,-0.011897781262627815
invest_2,-0.011897781262627815
forex_2,-0.011897781262627815
inflation_2,-0.011897781262627815
BUY_AND_HOLD_2,-0.011897781262627815
ore_2,-0.011897781262627815
headlines_2,-0.011897781262627815
short_sell_2,-0.011897781262627815
fond_2,-0.011897781262627815
greed_2,-0.011897781262627815
served_2,-0.011897781262627815
party_3,-0.011901861859028352
nasdaq_9,-0.01191121764655576
consumption_2,-0.011914495440261819
senate_1,-0.011915763485426578
products_2,-0.0119180785733076
war_3,-0.01191961517352147
college_3,-0.011924101982126923
massachusetts_1,-0.011924679460650123
movement_2,-0.011925309390774408
election_2,-0.01192988647090496
movement_17,-0.011942356025620349
election_4,-0.011945731969718154
founded_2,-0.011953002597405482
inc_2,-0.011956552076043004
firm_4,-0.011961526603867179
loss_11,-0.011984749376000803
representatives_2,-0.011986359579210681
dividend_10,-0.01198824652327617
security_11,-0.011997067531584804
elections_1,-0.012005022812772914
water_19,-0.012009007233268565
movement_9,-0.012010952051140555
corporation_12,-0.012012461672327746
ceo_4,-0.012013420353530924
energy_4,-0.012025361509521137
leverage_3,-0.012041019395696174
members_3,-0.012044250036960613
georgia_12,-0.01204957142338925
fun_12,-0.012057759050137595
democratic_4,-0.012069349194346745
nyse_2,-0.012069993845711835
political_2,-0.01207021406337636
fine_2,-0.01207633279094924
ceo_2,-0.012092166663706317
kitchen_17,-0.01209352791190601
judge_4,-0.012112862016743798
oil_6,-0.012127369788977193
ceo_11,-0.012145065487777208
metals_10,-0.012146091237284894
ministry_3,-0.012149586692063497
tourism_4,-0.012150842283019724
economy_11,-0.012157887525749
pennsylvania_12,-0.012176309014960963
oil_5,-0.01218439916517371
community_2,-0.012185804864019522
opportunity_6,-0.012192035045971883
labor_3,-0.012192391444447549
economy_12,-0.012193184987358574
justice_4,-0.012194136827389058
success_2,-0.012196510619697797
elected_2,-0.012199142345444591
massachusetts_3,-0.012218722409246863
office_11,-0.012225698424133258
votes_4,-0.012225717625581533
ltd_6,-0.012237346049688801
federal_10,-0.012238590545070349
money_14,-0.012238630375644011
senate_3,-0.012243815194140173
fun_3,-0.012250917072235867
politics_6,-0.01225402815125629
inc_11,-0.012255471991734624
senate_5,-0.012260179395003146
returns_13,-0.01227411816738042
political_5,-0.012275077408578982
votes_1,-0.012279884634227045
products_11,-0.01228226451813732
buy_2,-0.012287201102956757
nyse_3,-0.012289608030173515
seats_2,-0.012292231239491502
present_16,-0.012297405290611718
voters_2,-0.012298587858286214
return_16,-0.012306425016801282
restaurant_4,-0.012322555534286206
founded_1,-0.012325520944746083
tennessee_3,-0.012329942402117955
pennsylvania_5,-0.012331131262803297
consumption_1,-0.012339997311762985
opportunity_4,-0.012345063975117166
environment_15,-0.012345473047261236
office_16,-0.012347008050581598
transaction_1,-0.012352521673710547
served_1,-0.012352521673710547
greed_1,-0.012352521673710547
short_sell_1,-0.012352521673710547
short_selling_1,-0.012352521673710547
invest_1,-0.012352521673710547
forex_1,-0.012352521673710547
fond_1,-0.012352521673710547
headlines_1,-0.012352521673710547
financial_markets_1,-0.012352521673710547
ore_1,-0.012352521673710547
consume_1,-0.012352521673710547
rare_earths_1,-0.012352521673710547
derivatives_1,-0.012352521673710547
inflation_1,-0.012352521673710547
BUY_AND_HOLD_1,-0.012352521673710547
consumption_4,-0.012353652127284055
holiday_1,-0.012354156987142529
president_2,-0.01235494697611077
religion_2,-0.012355265986411257
derivatives_4,-0.012355436858868151
greed_4,-0.012355436858868151
headlines_4,-0.012355436858868151
short_sell_4,-0.012355436858868151
rare_earths_4,-0.012355436858868151
ore_4,-0.012355436858868151
financial_markets_4,-0.012355436858868151
inflation_4,-0.012355436858868151
invest_4,-0.012355436858868151
transaction_4,-0.012355436858868151
served_4,-0.012355436858868151
forex_4,-0.012355436858868151
consume_4,-0.012355436858868151
fond_4,-0.012355436858868151
short_selling_4,-0.012355436858868151
BUY_AND_HOLD_4,-0.012355436858868151
movie_11,-0.012359027248787102
district_4,-0.012359952598411762
firm_1,-0.01236637430430505
act_10,-0.012369597154093892
tourism_1,-0.012373608724993334
seats_12,-0.01237850175159363
lifestyle_17,-0.012388751734636206
election_19,-0.01239279036828247
project_12,-0.012397363722819455
seats_20,-0.01239767918323147
justice_18,-0.012402643890923803
finance_10,-0.0124061410305488
risk_6,-0.012409361211696468
vermont_3,-0.012419091436174678
political_3,-0.012420827132815716
debt_1,-0.01242162179846562
security_2,-0.01242247900559259
vermont_1,-0.012422678424199484
earnings_3,-0.012424772593329947
voters_9,-0.012425426089078418
senate_2,-0.012428083974458715
financial_10,-0.012429768264356555
food_3,-0.012429799154352805
cash_5,-0.012430641871649262
ceo_6,-0.012437882948388745
society_4,-0.012441579639010002
council_3,-0.012441875337955044
management_10,-0.012442690306202753
services_10,-0.012446674689809357
judge_20,-0.012451722009926502
firm_6,-0.012457524476415748
community_4,-0.012460868907598076
growth_4,-0.012460995461709534
project_4,-0.012463268065879229
house_7,-0.012464521526117944
crash_4,-0.012471724393627048
gain_11,-0.012472229830314685
community_11,-0.012472286547510425
unemployment_17,-0.012473745905687261
debt_5,-0.012480877246452148
debt_4,-0.012490240831319267
fed_4,-0.012497999163801787
economics_12,-0.012502129122964712
founded_4,-0.01250231223443985
act_16,-0.012502783921137618
vermont_4,-0.0125039725042293
crash_16,-0.012504020238742575
justice_3,-0.012505037564113874
president_1,-0.012505254244414154
management_2,-0.012506281992125935
dividend_1,-0.012506665987189636
money_10,-0.012507896469263735
founded_10,-0.012512884370379696
nyse_4,-0.012513620458563413
global_10,-0.01251577258128853
present_3,-0.012518778503053763
nasdaq_4,-0.01252090822586922
growth_16,-0.012525346882670175
gains_10,-0.012525577530705578
senate_4,-0.012525726570054508
fine_5,-0.012526717603994642
stats_10,-0.012527086774197494
tourism_9,-0.012528115915294102
council_2,-0.012530729324063562
corporation_16,-0.012532943945555597
unemployment_5,-0.0125344628615218
virginia_12,-0.012543218962850355
default_7,-0.012543744425035164
global_2,-0.012547617877474914
county_4,-0.012549915215617014
corporation_10,-0.012550469809332032
college_5,-0.0125509874649538
markets_16,-0.012553988758534484
political_15,-0.012565667687610804
tourism_5,-0.012568065106532078
law_16,-0.012571045341250198
elected_8,-0.012575604991728962
representatives_4,-0.01257896531208813
gains_7,-0.012582706024210032
elected_9,-0.012582782402010162
financial_2,-0.012584723946475317
pennsylvania_9,-0.012589988857347256
consumption_9,-0.012594485616988704
invest_9,-0.012595267592099547
consume_9,-0.012595267592099547
inflation_9,-0.012595267592099547
ore_9,-0.012595267592099547
transaction_9,-0.012595267592099547
short_selling_9,-0.012595267592099547
BUY_AND_HOLD_9,-0.012595267592099547
headlines_9,-0.012595267592099547
financial_markets_9,-0.012595267592099547
fond_9,-0.012595267592099547
rare_earths_9,-0.012595267592099547
forex_9,-0.012595267592099547
served_9,-0.012595267592099547
greed_9,-0.012595267592099547
derivatives_9,-0.012595267592099547
short_sell_9,-0.012595267592099547
gains_9,-0.012595403047133802
money_2,-0.012597451966973438
world_5,-0.012599880338931224
founded_5,-0.01259996674797308
earnings_1,-0.012613565526358705
leverage_1,-0.012617899777007913
dow_jones_2,-0.01261815959673156
default_3,-0.012619182496867531
security_4,-0.012621025877658565
judge_12,-0.012623229917487478
president_8,-0.012630397801045112
bank_10,-0.012631350056785173
ministry_9,-0.012631663548264772
virginia_13,-0.012635132463389476
ministry_5,-0.01263994218679756
vermont_14,-0.012645999342762804
governor_5,-0.0126474985391819
default_13,-0.012648424308102401
police_2,-0.01265640877924552
fed_16,-0.012659204739343321
representatives_7,-0.012660631390119016
leverage_7,-0.012662453958890141
lifestyle_16,-0.012666234755938355
illinois_1,-0.01266701201740974
democratic_1,-0.012673239297609417
car_4,-0.012674743199522508
services_11,-0.012675476517312578
oil_14,-0.012676844136451936
world_13,-0.01268169447220786
arts_11,-0.01268456306609218
services_2,-0.012686034296622961
judge_9,-0.012688006915945248
security_16,-0.012690558499456106
present_7,-0.012701158811314084
elections_4,-0.012704215644814564
election_13,-0.012706480109735274
money_6,-0.012707179372427801
act_2,-0.012709173361308168
legal_3,-0.012716327611946809
economics_15,-0.012729047472746391
pennsylvania_10,-0.01273439192820991
virginia_4,-0.012736746653289388
stocks_7,-0.012738443697052348
hedge_16,-0.01274478372022394
social_16,-0.012749838052036156
legal_6,-0.01275430263753179
nasdaq_10,-0.012757531339059547
color_5,-0.012759176529378103
house_2,-0.01275970657673029
voters_5,-0.01275974933304278
ministry_8,-0.012763031236007482
president_4,-0.012768530788303867
representatives_5,-0.012776336645081954
founded_7,-0.012778920583065023
consumption_7,-0.012779853678589737
industry_1,-0.012780671882765438
york_3,-0.012784796218986849
inflation_7,-0.01278555213897974
invest_7,-0.01278555213897974
served_7,-0.01278555213897974
greed_7,-0.01278555213897974
short_sell_7,-0.01278555213897974
financial_markets_7,-0.01278555213897974
derivatives_7,-0.01278555213897974
transaction_7,-0.01278555213897974
BUY_AND_HOLD_7,-0.01278555213897974
ore_7,-0.01278555213897974
consume_7,-0.01278555213897974
short_selling_7,-0.01278555213897974
forex_7,-0.01278555213897974
fond_7,-0.01278555213897974
rare_earths_7,-0.01278555213897974
headlines_7,-0.01278555213897974
wisconsin_14,-0.01278768150382723
labor_4,-0.012789977584488766
consumption_5,-0.012791307251045669
service_4,-0.012791715946603222
county_11,-0.012794542609578042
management_11,-0.012795835377067188
fond_5,-0.012799902739947156
headlines_5,-0.012799902739947156
derivatives_5,-0.012799902739947156
short_sell_5,-0.012799902739947156
transaction_5,-0.012799902739947156
consume_5,-0.012799902739947156
forex_5,-0.012799902739947156
financial_markets_5,-0.012799902739947156
rare_earths_5,-0.012799902739947156
invest_5,-0.012799902739947156
BUY_AND_HOLD_5,-0.012799902739947156
ore_5,-0.012799902739947156
greed_5,-0.012799902739947156
inflation_5,-0.012799902739947156
served_5,-0.012799902739947156
short_selling_5,-0.012799902739947156
election_7,-0.01280131641675677
vermont_12,-0.012802129187258936
virginia_11,-0.01280686344621491
votes_9,-0.012807467343988587
health_2,-0.012811273592839378
DOW_JONES_4,-0.012817378900994414
texas_5,-0.012818287505738258
vermont_7,-0.012819081044466185
house_11,-0.012819083417062348
washington_2,-0.012820350794432245
voters_4,-0.012821836308644485
portfolio_6,-0.012825469915970823
credit_10,-0.012828131399385323
illinois_4,-0.012831968494439993
court_10,-0.012835375998637866
votes_10,-0.012837466801732412
success_12,-0.012838047016818632
minister_7,-0.012842276923287455
firm_9,-0.012844958286491792
senate_7,-0.01284498974963213
movement_7,-0.012846960073884483
success_5,-0.012848475759393763
ohio_11,-0.012850639979700573
act_4,-0.012854500628499355
buy_17,-0.012856191198783073
marketing_4,-0.012857660758286671
votes_5,-0.01285938200035328
marriage_12,-0.012860821814178847
default_4,-0.01286522136109165
lifestyle_19,-0.012867835829306572
default_19,-0.012873693977881939
leverage_9,-0.012874295714127437
stocks_2,-0.012879547023262949
democratic_12,-0.012879899930410587
business_2,-0.012880209971623823
derivatives_10,-0.012884948848183319
fond_10,-0.012884948848183319
short_selling_10,-0.012884948848183319
forex_10,-0.012884948848183319
greed_10,-0.012884948848183319
short_sell_10,-0.012884948848183319
invest_10,-0.012884948848183319
ore_10,-0.012884948848183319
consume_10,-0.012884948848183319
transaction_10,-0.012884948848183319
financial_markets_10,-0.012884948848183319
served_10,-0.012884948848183319
inflation_10,-0.012884948848183319
rare_earths_10,-0.012884948848183319
headlines_10,-0.012884948848183319
BUY_AND_HOLD_10,-0.012884948848183319
votes_7,-0.012886801541248683
politics_3,-0.012888113597040295
voters_12,-0.01289037184134445
consumption_10,-0.012890535753293287
president_15,-0.012892956974360104
business_16,-0.012893847825078719
college_1,-0.012894249089054321
leverage_10,-0.01289546911823789
gains_12,-0.012897225462770168
election_1,-0.01290044213780126
housing_2,-0.012901997731258486
elections_7,-0.012903649750543655
secretary_5,-0.012905290798162583
travel_9,-0.012906833284596853
products_1,-0.01290726548787684
case_11,-0.012911101210186682
earnings_6,-0.012912935319320784
lifestyle_2,-0.012913166960904188
food_11,-0.01291537361070727
bonds_6,-0.012917723298096928
court_6,-0.012919619954030948
ministry_7,-0.01291989008694423
gold_5,-0.01292294601888957
committee_10,-0.012922957146998848
tennessee_5,-0.012924929341703329
risk_8,-0.012926500163559807
fun_14,-0.012926542843618582
ohio_1,-0.012932677824569416
debt_2,-0.012934175453789498
founded_18,-0.012937939122367449
service_11,-0.012938211536376355
leverage_11,-0.012948068894139419
police_18,-0.012948316826517536
cancer_10,-0.012948697022784006
representatives_6,-0.012951277585180132
environment_7,-0.012953413243812318
gains_1,-0.012954121138290175
marriage_1,-0.012961829789758617
republican_1,-0.01296203364752615
home_1,-0.012962953933366217
industry_13,-0.012963177683086812
college_4,-0.012965748300657998
ministry_10,-0.01296620396297119
judge_5,-0.012969963504551174
president_7,-0.012976058586796003
nasdaq_1,-0.012976574376588435
secretary_6,-0.012978615119533465
washington_12,-0.0129807181490879
voters_1,-0.012982425677432418
returns_1,-0.012994408913920341
nasdaq_5,-0.012995454375689853
government_5,-0.012997954708796255
illinois_19,-0.013000899834416768
president_9,-0.01300172584724999
nasdaq_7,-0.013009873288711593
rights_10,-0.01301044612402964
voters_10,-0.013020157256207487
success_11,-0.013021851966500764
risk_13,-0.013023350049072912
trader_7,-0.013027900710218731
gain_5,-0.013033962498148876
economy_9,-0.013034543348338623
ministry_4,-0.013036921556991677
illinois_2,-0.013038293475053897
service_15,-0.013038324283495783
dividend_15,-0.013045407429058265
conflict_1,-0.013047270981756575
representatives_18,-0.013051024894731155
washington_3,-0.01305274831710539
service_2,-0.013053630681879235
unemployment_4,-0.013056849793432756
society_10,-0.013059205120550543
county_16,-0.013059889205519305
water_11,-0.013060968285168718
financial_6,-0.013062417810474503
political_20,-0.013062598547627435
party_14,-0.013063615680792862
housing_12,-0.013067253265553335
return_13,-0.013074527799922242
finance_15,-0.013075288004378915
market_4,-0.013080916820963328
office_2,-0.013083972336479333
investment_7,-0.013089655075881534
risk_10,-0.013090979127146496
fine_9,-0.013091231999485763
earnings_4,-0.013096574718640962
media_1,-0.013096986601256489
pennsylvania_15,-0.013097982019288601
judge_7,-0.013099266202920035
trader_2,-0.013099819196916407
york_4,-0.013101473533774933
washington_6,-0.01310320335325812
trader_13,-0.013107651030922018
firm_20,-0.013114407809788186
elected_18,-0.013116156154420988
court_2,-0.013126542632884352
products_10,-0.013127892866430523
pennsylvania_16,-0.013128547616150121
project_9,-0.013128810083043207
war_1,-0.01313217857454072
technology_11,-0.013132437536860353
economy_5,-0.01313368517272726
marriage_9,-0.013137779511144632
holiday_14,-0.01313815904668445
nyse_9,-0.01313887465531749
college_13,-0.013139555266473257
union_9,-0.013141454147892296
bubble_9,-0.013142029706315039
stock_market_1,-0.01314265796405798
fine_10,-0.013142687174356803
management_4,-0.013150540581458592
housing_3,-0.013155154421200365
political_9,-0.01315873663508078
hedge_17,-0.013162162568732061
tourism_13,-0.013169805255428591
inflation_6,-0.013171141454774804
BUY_AND_HOLD_6,-0.013171141454774804
ore_6,-0.013171141454774804
short_selling_6,-0.013171141454774804
short_sell_6,-0.013171141454774804
headlines_6,-0.013171141454774804
transaction_6,-0.013171141454774804
financial_markets_6,-0.013171141454774804
derivatives_6,-0.013171141454774804
invest_6,-0.013171141454774804
rare_earths_6,-0.013171141454774804
fond_6,-0.013171141454774804
forex_6,-0.013171141454774804
served_6,-0.013171141454774804
consume_6,-0.013171141454774804
greed_6,-0.013171141454774804
markets_7,-0.013172490351775968
consumption_6,-0.013176350889903276
voters_7,-0.013180504236981827
votes_6,-0.013180697371500693
union_17,-0.013182377704498548
voters_20,-0.01318282534341717
nasdaq_8,-0.013183758051115801
county_2,-0.013203324451369092
leverage_6,-0.013204407672851337
vermont_11,-0.013206404807056593
vermont_9,-0.013206611353437125
members_10,-0.013210173351419918
credit_2,-0.01321049573794122
ohio_19,-0.013211737283782887
community_10,-0.013214127147779208
stock_market_6,-0.013217744199751547
office_10,-0.01321774821307633
stock_market_10,-0.013219543584144788
secretary_1,-0.013221549549465283
bubble_10,-0.01322389028766482
labor_6,-0.013224758456213691
tourism_7,-0.013226925591167537
conflict_7,-0.013229606375852954
hedge_4,-0.01323194651845796
crisis_10,-0.013232512424060584
metals_6,-0.01323558198078858
massachusetts_13,-0.013236885549003752
election_11,-0.013237430277635886
society_5,-0.01323867313954954
party_2,-0.013239164565546701
business_4,-0.013241635832935073
college_6,-0.013244512796039776
votes_19,-0.0132448634320242
leverage_5,-0.013245742074923484
governor_12,-0.01324607162515543
companies_2,-0.0132473003840897
secretary_4,-0.013247583308414157
president_5,-0.013254567254809824
members_16,-0.013263667329104311
governor_7,-0.01326850140978153
act_19,-0.013269174265431217
home_6,-0.013271549021979846
secretary_2,-0.013272438683078614
founded_9,-0.013274880750933438
virginia_6,-0.013276328908254165
washington_7,-0.013277013977682018
restaurant_2,-0.013277713817770986
society_12,-0.01327912989288722
DOW_JONES_13,-0.013280158127124974
growth_17,-0.013282765388317696
founded_12,-0.013283304013978458
leverage_12,-0.013283778388556678
vermont_8,-0.013289881991131281
default_6,-0.013299683736890389
development_12,-0.013299684719357607
metals_11,-0.013303101849887988
happy_2,-0.013314498920264439
million_6,-0.013315445055863217
revenue_19,-0.013319207613872574
massachusetts_10,-0.013324949418177346
marketing_10,-0.013325411938674269
labor_18,-0.013330442629684813
crash_9,-0.013334386381677277
ministry_11,-0.013337306863926113
sell_1,-0.013337725883771846
labor_9,-0.013339091544204896
opportunity_12,-0.0133416252474144
founded_11,-0.013343968776184822
project_13,-0.013344592942216637
oil_15,-0.013346387887826116
lifestyle_7,-0.013350808970926664
security_12,-0.013352293591186105
products_7,-0.013352602569090344
district_12,-0.013362065176657723
project_6,-0.013362232640552696
profit_6,-0.013366285896063456
economy_20,-0.013367803344422512
voters_8,-0.01337092621097984
seats_14,-0.013377865620002982
gain_8,-0.013379439480466316
health_11,-0.013381633962543193
votes_12,-0.013382900799685826
energy_16,-0.013383855233850129
community_16,-0.013388069874542264
energy_2,-0.01338981253695295
firm_7,-0.013392296666434622
elections_13,-0.013393108939737264
representatives_13,-0.013393337000981997
forex_12,-0.01339337945047978
financial_markets_12,-0.01339337945047978
transaction_12,-0.01339337945047978
fond_12,-0.01339337945047978
headlines_12,-0.01339337945047978
inflation_12,-0.01339337945047978
BUY_AND_HOLD_12,-0.01339337945047978
invest_12,-0.01339337945047978
short_selling_12,-0.01339337945047978
served_12,-0.01339337945047978
derivatives_12,-0.01339337945047978
ore_12,-0.01339337945047978
short_sell_12,-0.01339337945047978
greed_12,-0.01339337945047978
consume_12,-0.01339337945047978
rare_earths_12,-0.01339337945047978
consumption_12,-0.013394776922977214
home_16,-0.01339506596007145
dow_jones_6,-0.013395369416684266
ministry_2,-0.013397214893211861
society_11,-0.01339795928749632
senate_12,-0.013398612995182657
banking_10,-0.013398801926820369
return_10,-0.013400543370098328
social_2,-0.013402310433356046
bank_4,-0.013408219983770175
buy_6,-0.013408606045493498
trader_12,-0.013411775456307696
investment_5,-0.01341377497325682
freedom_2,-0.01341578372119645
marketing_5,-0.013416225900741208
food_4,-0.01341849938046875
vermont_6,-0.013421860583041356
governor_1,-0.013423249849975939
college_11,-0.013424363616299773
president_12,-0.013425291961294206
holiday_7,-0.01342589275509074
marriage_4,-0.013427689962655443
industry_10,-0.01342976928829558
pennsylvania_1,-0.0134319416522368
service_6,-0.013437238040835875
leverage_17,-0.01344138668183723
nasdaq_18,-0.01344213896955726
train_18,-0.013443799197395
holiday_5,-0.013445690314350079
dividend_9,-0.013445733749269561
vermont_10,-0.013451574611901006
elections_11,-0.013452340258884643
success_1,-0.013453919188424401
firm_2,-0.013455589002499702
market_3,-0.013460628037124112
debt_10,-0.013461497742938278
conflict_16,-0.013463757513180897
votes_11,-0.013463866342352037
portfolio_19,-0.013465642140027234
tourism_18,-0.01347042913297034
success_17,-0.013473799308386037
council_12,-0.013474124632289563
political_1,-0.01347588366136172
labor_5,-0.013477666290776824
vermont_2,-0.013478214884855233
district_2,-0.013480093412609872
law_2,-0.013480165510040765
global_4,-0.013482721316930868
fine_7,-0.013482857334350017
inc_10,-0.013486961676547149
gains_5,-0.01348734503867539
profit_2,-0.013492843581132452
nasdaq_15,-0.013493257716176932
nasdaq_12,-0.013493386790644334
world_6,-0.013493500195207963
gains_19,-0.013493900599777975
finance_2,-0.01349678025592176
representatives_11,-0.013499654856019404
hedge_1,-0.013499801479041573
ohio_12,-0.013500492592043046
ministry_18,-0.013500824579962023
votes_18,-0.013503812850857732
companies_4,-0.01351037562462496
restaurant_17,-0.013513942475348428
council_1,-0.013514403987172897
york_5,-0.013515900419005588
marriage_11,-0.013515954594321889
success_6,-0.013516398526528039
consumption_11,-0.01351896092984659
business_11,-0.013521868804814697
water_13,-0.013524038570696261
consume_11,-0.01352444278671867
transaction_11,-0.01352444278671867
BUY_AND_HOLD_11,-0.01352444278671867
rare_earths_11,-0.01352444278671867
inflation_11,-0.01352444278671867
fond_11,-0.01352444278671867
short_sell_11,-0.01352444278671867
served_11,-0.01352444278671867
derivatives_11,-0.01352444278671867
financial_markets_11,-0.01352444278671867
greed_11,-0.01352444278671867
short_selling_11,-0.01352444278671867
forex_11,-0.01352444278671867
ore_11,-0.01352444278671867
headlines_11,-0.01352444278671867
invest_11,-0.01352444278671867
representatives_12,-0.013524927176826207
washington_4,-0.013525360819487986
fine_17,-0.01352797950604261
food_9,-0.013528371504006032
security_10,-0.013537046688843656
ceo_7,-0.01353770679219517
health_16,-0.013540462224880834
buy_4,-0.013541050489729289
firm_5,-0.013541488694961523
opportunity_5,-0.013542423968888273
finance_11,-0.013547649313035958
water_7,-0.0135489104502863
risk_11,-0.013552868280378627
risk_12,-0.01355542466255244
tourism_10,-0.013563502569233821
dividend_4,-0.013566106789935506
inc_4,-0.013567079579103147
bubble_16,-0.01356985941376172
bank_16,-0.01357094084585544
short_selling_18,-0.013574833134449604
invest_18,-0.013574833134449604
derivatives_18,-0.013574833134449604
rare_earths_18,-0.013574833134449604
transaction_18,-0.013574833134449604
headlines_18,-0.013574833134449604
served_18,-0.013574833134449604
short_sell_18,-0.013574833134449604
fond_18,-0.013574833134449604
forex_18,-0.013574833134449604
ore_18,-0.013574833134449604
inflation_18,-0.013574833134449604
financial_markets_18,-0.013574833134449604
BUY_AND_HOLD_18,-0.013574833134449604
greed_18,-0.013574833134449604
consume_18,-0.013574833134449604
consumption_18,-0.013580896100061057
products_6,-0.013581228608164308
home_5,-0.013582556970288184
ceo_8,-0.013583958618289382
members_12,-0.013586839497009428
global_6,-0.013588293184183175
ring_5,-0.013588504205112506
buy_11,-0.013588620033220367
inc_12,-0.013591398808655609
leverage_8,-0.013591837406651264
community_6,-0.013592381710764934
services_4,-0.0135963869742191
development_10,-0.013596811831116652
project_18,-0.013599308571999624
union_11,-0.013602390398323071
sell_2,-0.013602605075647211
judge_8,-0.013604073128509397
ring_1,-0.013613927276527726
labor_1,-0.013616726495496523
health_15,-0.013620334401583079
elections_12,-0.01362191632233416
college_10,-0.013622220106642801
economics_9,-0.01362251845871223
stats_6,-0.013623044426999265
default_18,-0.013626939719466758
secretary_12,-0.013626977626094727
voters_17,-0.013627787943469504
development_16,-0.013628550425143594
college_17,-0.013628759592156814
business_10,-0.013629852489613481
freedom_8,-0.013630316958438481
gain_9,-0.013630908762753701
success_7,-0.013631918539671873
texas_19,-0.013634047684687945
banking_12,-0.013637504888853246
happy_4,-0.013642512175675714
money_3,-0.013644275677128425
debt_17,-0.013644473643638012
bank_2,-0.013646371998799634
rights_2,-0.01364762512686284
founded_17,-0.01365113921208887
market_11,-0.013652152665901428
services_12,-0.013652559234598027
movie_16,-0.0136528107041179
ministry_6,-0.01365466184417381
fine_1,-0.013655339637517328
cash_12,-0.013665497082611422
votes_17,-0.013666662526994422
security_6,-0.013666988736110941
health_10,-0.013667866912403981
leverage_16,-0.01367376221536849
voters_15,-0.01367444170977381
leverage_18,-0.013676673345807643
political_4,-0.013679402330632051
society_9,-0.013679524549024569
case_3,-0.01367968605918617
gain_18,-0.013682872818346237
elected_10,-0.01368296792992052
case_1,-0.01368330134019693
development_2,-0.013685650774062807
crisis_5,-0.013687933154001986
banking_4,-0.01369331388762567
stats_8,-0.01369789550734184
rights_12,-0.013701966372036689
short_selling_17,-0.013703071112416509
consume_17,-0.013703071112416509
forex_17,-0.013703071112416509
invest_17,-0.013703071112416509
rare_earths_17,-0.013703071112416509
transaction_17,-0.013703071112416509
headlines_17,-0.013703071112416509
inflation_17,-0.013703071112416509
short_sell_17,-0.013703071112416509
BUY_AND_HOLD_17,-0.013703071112416509
financial_markets_17,-0.013703071112416509
greed_17,-0.013703071112416509
fond_17,-0.013703071112416509
ore_17,-0.013703071112416509
served_17,-0.013703071112416509
derivatives_17,-0.013703071112416509
representatives_16,-0.013703785764053822
consumption_17,-0.013706248027923595
debt_18,-0.013709010683797618
million_8,-0.013710912864913816
firm_8,-0.013717005617507171
movie_6,-0.013720781014422912
portfolio_7,-0.01372185905599368
ministry_17,-0.013722973789692516
project_19,-0.013723988436855027
million_1,-0.013724081615907924
office_15,-0.01372626645694539
votes_16,-0.013727766735094193
members_11,-0.013729469279759755
tennessee_10,-0.01372997229045192
politics_9,-0.013732199395509959
lifestyle_8,-0.013733799852255136
law_6,-0.013735483485839061
legal_13,-0.013735929909516841
seats_11,-0.01373654450569146
union_2,-0.01373720959137612
elections_9,-0.013741790491704386
ore_16,-0.013741962319135825
consume_16,-0.013741962319135825
greed_16,-0.013741962319135825
served_16,-0.013741962319135825
inflation_16,-0.013741962319135825
BUY_AND_HOLD_16,-0.013741962319135825
transaction_16,-0.013741962319135825
rare_earths_16,-0.013741962319135825
derivatives_16,-0.013741962319135825
forex_16,-0.013741962319135825
headlines_16,-0.013741962319135825
fond_16,-0.013741962319135825
short_sell_16,-0.013741962319135825
invest_16,-0.013741962319135825
financial_markets_16,-0.013741962319135825
short_selling_16,-0.013741962319135825
voters_19,-0.013742054812100534
water_18,-0.01374277594520965
consumption_16,-0.013744155180665896
founded_19,-0.013744412939993844
risk_4,-0.0137444880209314
debt_12,-0.013744569003860407
corporation_19,-0.013745641392109032
ceo_10,-0.013745846094777803
secretary_9,-0.013747343147620984
representatives_19,-0.013750808181439589
election_17,-0.01375145491408436
restaurant_16,-0.013753672367301895
stats_7,-0.01375419468597221
financial_markets_8,-0.01375871422946211
short_sell_8,-0.01375871422946211
short_selling_8,-0.01375871422946211
invest_8,-0.01375871422946211
BUY_AND_HOLD_8,-0.01375871422946211
forex_8,-0.01375871422946211
greed_8,-0.01375871422946211
rare_earths_8,-0.01375871422946211
consume_8,-0.01375871422946211
transaction_8,-0.01375871422946211
ore_8,-0.01375871422946211
inflation_8,-0.01375871422946211
served_8,-0.01375871422946211
fond_8,-0.01375871422946211
derivatives_8,-0.01375871422946211
headlines_8,-0.01375871422946211
consumption_8,-0.013758937925215075
votes_13,-0.013761391169357573
wisconsin_10,-0.013764675240936497
credit_4,-0.01376555842669216
government_13,-0.01376600075071437
voters_16,-0.013766094723537958
founded_13,-0.013768345412960969
fine_4,-0.01376984601501594
risk_16,-0.01377407387409868
ministry_13,-0.01377472605666299
marketing_6,-0.013778036898300238
returns_9,-0.013780155577940035
risk_15,-0.013784316825979137
office_4,-0.01378509851125893
gains_16,-0.013786435559889254
greed_13,-0.013787403649899322
financial_markets_13,-0.013787403649899322
BUY_AND_HOLD_13,-0.013787403649899322
short_sell_13,-0.013787403649899322
consume_13,-0.013787403649899322
derivatives_13,-0.013787403649899322
short_selling_13,-0.013787403649899322
forex_13,-0.013787403649899322
invest_13,-0.013787403649899322
fond_13,-0.013787403649899322
transaction_13,-0.013787403649899322
rare_earths_13,-0.013787403649899322
served_13,-0.013787403649899322
ore_13,-0.013787403649899322
headlines_13,-0.013787403649899322
inflation_13,-0.013787403649899322
legal_5,-0.013789357117504642
consumption_13,-0.013791666930764234
DOW_JONES_2,-0.013792214194973673
leverage_13,-0.013799448411585669
business_6,-0.01379950645496364
nyse_5,-0.013800332245701874
virginia_9,-0.013801887805735168
president_6,-0.01380217033395259
senate_11,-0.013802297504313454
community_1,-0.013806667348239699
debt_3,-0.01380689422878072
restaurant_15,-0.013808679040110405
members_2,-0.013814073421840756
federal_4,-0.013814127152936706
water_10,-0.013815407279513848
dividend_18,-0.013818555866451088
corporation_9,-0.01382223078236775
representatives_17,-0.013825460346694273
president_17,-0.013825778194126559
cancer_1,-0.013830531917617406
district_11,-0.013831872485938002
opportunity_1,-0.01383297373075123
nasdaq_6,-0.01383385709458509
nasdaq_11,-0.013834311683373035
president_11,-0.013835521275568353
founded_16,-0.013835619249514309
rights_1,-0.013838275378793053
inc_16,-0.013841128176052608
market_1,-0.013841651711298253
industry_6,-0.013843177358641845
kitchen_2,-0.01384473261140875
vermont_13,-0.013845598672125559
william_7,-0.013845716869628832
election_12,-0.013846622721986179
firm_15,-0.013851769510143174
members_6,-0.013855552579606046
dividend_12,-0.013855739996921223
economy_7,-0.013858223794468261
growth_12,-0.013859276090327267
present_4,-0.013860662662542423
money_9,-0.01386086061552778
ring_2,-0.013861655365611769
votes_8,-0.013861744817126275
senate_10,-0.013862531298875025
million_13,-0.013865189929323174
house_6,-0.013870562845513556
services_16,-0.013871880070934206
election_16,-0.013874024068309643
success_4,-0.013877177981652666
project_8,-0.013877229187285067
industry_17,-0.013882025813864307
firm_18,-0.013883105428745268
gain_13,-0.01388346838916259
portfolio_9,-0.013884094766498345
tourism_6,-0.013887531619470761
movement_12,-0.013887560611930949
committee_17,-0.01388784492311379
culture_7,-0.013891046109259508
car_5,-0.013897310018261421
credit_9,-0.013898051138388334
elected_11,-0.013904565310975992
movie_2,-0.01390625424744174
nyse_10,-0.01390869977976512
stats_12,-0.013911648031875678
seats_1,-0.013915739322179755
economics_1,-0.013921981758507762
management_16,-0.013923565794303028
cash_6,-0.013924471137623984
development_6,-0.013927233911935866
election_5,-0.013928422895942937
bank_9,-0.01392967295069134
economics_17,-0.013933035084300683
founded_8,-0.013934259755532686
business_17,-0.013937752844773632
justice_12,-0.013946288470125311
freedom_5,-0.013947624101119938
portfolio_2,-0.013947638874872204
global_16,-0.013951984904135495
law_17,-0.013953324131648227
metals_7,-0.013954809267542423
money_4,-0.013961518912836191
blacklist_13,-0.01396175121952432
marketing_2,-0.013964094784273674
hedge_11,-0.01396575154320261
county_10,-0.013967950984317311
house_19,-0.01396945018389364
fun_2,-0.013970957402860518
political_8,-0.013975708497841776
elected_17,-0.01397595231164237
dow_jones_9,-0.013980678629452492
corporation_13,-0.013981301727063156
short_sell_19,-0.013983768035668032
rare_earths_19,-0.013983768035668032
derivatives_19,-0.013983768035668032
invest_19,-0.013983768035668032
consume_19,-0.013983768035668032
forex_19,-0.013983768035668032
greed_19,-0.013983768035668032
BUY_AND_HOLD_19,-0.013983768035668032
transaction_19,-0.013983768035668032
inflation_19,-0.013983768035668032
fond_19,-0.013983768035668032
served_19,-0.013983768035668032
ore_19,-0.013983768035668032
short_selling_19,-0.013983768035668032
headlines_19,-0.013983768035668032
financial_markets_19,-0.013983768035668032
william_17,-0.013984207841104945
food_17,-0.01399312535359012
tennessee_12,-0.013993360256293719
arts_6,-0.013993570657032195
nasdaq_19,-0.013993623355943808
virginia_19,-0.013995313165486013
debt_7,-0.013995986702908404
car_1,-0.013996970518330465
legal_1,-0.013997182754643633
massachusetts_16,-0.013998197623064913
management_6,-0.013998842131907052
consumption_19,-0.014001266965652893
society_7,-0.014002198951594024
carolina_1,-0.014006545484154208
gains_11,-0.014013871076989171
nyse_17,-0.01401530949797396
war_9,-0.014017477137386925
elected_16,-0.014019615197215373
carolina_7,-0.014020582338534426
leverage_14,-0.014021721080488204
debt_8,-0.014030780711703694
fed_8,-0.014031417156263104
fed_5,-0.014035972175061496
senate_17,-0.014040471637229346
movement_10,-0.014042365174724037
market_13,-0.014043424084659839
blacklist_15,-0.01404351713788432
labor_19,-0.014045706963731508
food_10,-0.014047623235180162
marriage_5,-0.014048149937438748
crisis_1,-0.014050127676767854
housing_1,-0.014053862223894865
president_16,-0.014054130056493275
union_4,-0.014054981940364742
act_12,-0.014055359439212257
debt_6,-0.014056239640276491
loss_20,-0.014057132706810794
president_13,-0.014059280332787073
ministry_19,-0.014061129652984495
elections_16,-0.014064000209235395
marriage_2,-0.014064492108509841
case_6,-0.014065310905708039
energy_11,-0.014066086410603673
industry_12,-0.014069071723652415
justice_5,-0.014069268122603739
rights_17,-0.014073481534517684
labor_7,-0.014073598898240202
representatives_9,-0.014074472854000208
voters_13,-0.014080760295132411
trader_10,-0.014082134137428492
marriage_7,-0.014083591167104403
vermont_20,-0.014086593272363501
law_13,-0.014090280125398124
legal_2,-0.01409104887151016
society_13,-0.014093639718383977
buy_16,-0.014094542067586402
labor_12,-0.014095010010771358
stock_market_11,-0.01409675673588664
massachusetts_12,-0.01409851795873438
cash_11,-0.014099766726718931
marketing_19,-0.01410117326507181
committee_16,-0.014103164746189712
vermont_18,-0.014105379575369014
corporation_6,-0.014106773548501117
william_20,-0.014108444749981564
representatives_10,-0.014109321902800542
dividend_6,-0.014115015131895236
media_9,-0.014117970601096163
texas_12,-0.014119606731759049
seats_3,-0.01412279313683067
trader_15,-0.014123125132255976
texas_14,-0.01412539099867589
secretary_18,-0.014134221551053993
cancer_19,-0.014136358062507303
county_17,-0.01413711560212747
labor_16,-0.014139349958105197
dividend_8,-0.014141145553765888
legal_16,-0.014141413806209502
cancer_5,-0.014149436392626401
lifestyle_10,-0.014149999469322095
senate_16,-0.014150929526071266
governor_11,-0.01415281306038727
york_2,-0.01415294331394452
district_17,-0.014155540266775634
gains_8,-0.014157003560361958
oil_1,-0.01415850083585719
members_19,-0.014162540352505238
elections_6,-0.014163344155910362
lifestyle_12,-0.014164716637796637
labor_10,-0.01416471929409211
washington_5,-0.014165320864709674
energy_10,-0.014166590760500775
ministry_12,-0.014168101074083927
texas_10,-0.014170320668985026
oil_12,-0.014170703664458318
banking_6,-0.014171244910532921
tourism_19,-0.014171325288467406
firm_17,-0.014171395442536715
voters_14,-0.014172585890510403
hedge_12,-0.01417340278513557
police_17,-0.014174323298928027
loss_2,-0.014175217257675099
virginia_10,-0.014175532476167606
home_4,-0.014175795247728518
movie_17,-0.014176055615312877
media_19,-0.014176821014973306
senate_14,-0.014178054177769605
services_6,-0.01417846541105754
william_13,-0.014181391853963143
culture_12,-0.014181607843746624
stock_market_2,-0.014185183059183194
elected_13,-0.014185412432504707
massachusetts_4,-0.014185944775174097
bubble_12,-0.01418634438176165
loss_10,-0.014193074424207364
elections_20,-0.014195881312881919
fed_11,-0.014196432633865563
rich_17,-0.014197514454426852
massachusetts_2,-0.01419959463572118
metals_19,-0.014201461061473042
case_5,-0.014201502970391688
business_19,-0.01420192862034888
technology_16,-0.014202698299824146
portfolio_8,-0.014212997514094949
elected_4,-0.014218583488833625
senate_15,-0.014220870041235201
carolina_10,-0.01422722425612748
marketing_3,-0.01422745386395403
global_12,-0.014228275403117307
political_16,-0.014228577083832804
dividend_16,-0.014229004848903503
representatives_20,-0.014236004305410166
society_20,-0.014236806699074945
revenue_2,-0.014242435793266717
debt_11,-0.01424493426168556
tourism_14,-0.014252254535062825
york_1,-0.01426005482984678
economy_4,-0.014260140998379845
members_9,-0.014262459955113615
justice_2,-0.014262524674570832
lifestyle_9,-0.014263168046666297
federal_6,-0.014264878893652067
bubble_2,-0.01426573772743982
elections_8,-0.014268120276204211
minister_8,-0.014268808845906866
happy_3,-0.014270130387924884
debt_9,-0.014270652140267303
fond_14,-0.014280334337301293
short_selling_14,-0.014280334337301293
served_14,-0.014280334337301293
forex_14,-0.014280334337301293
derivatives_14,-0.014280334337301293
rare_earths_14,-0.014280334337301293
invest_14,-0.014280334337301293
inflation_14,-0.014280334337301293
ore_14,-0.014280334337301293
transaction_14,-0.014280334337301293
BUY_AND_HOLD_14,-0.014280334337301293
short_sell_14,-0.014280334337301293
headlines_14,-0.014280334337301293
financial_markets_14,-0.014280334337301293
greed_14,-0.014280334337301293
consume_14,-0.014280334337301293
consumption_14,-0.014281101100298853
business_1,-0.014281506042768944
ohio_10,-0.01428232725626064
election_20,-0.014283052635127325
president_10,-0.014285207350282426
products_12,-0.014285881337290696
social_6,-0.014286554327393031
dividend_11,-0.014287730543161792
gain_16,-0.014290239508579461
culture_11,-0.014292454141969401
lifestyle_1,-0.014292871575603817
buy_19,-0.01429748786797067
earnings_12,-0.014299119679880868
legal_19,-0.014301515944864885
bank_11,-0.014305085287702047
marketing_11,-0.014305504634419486
president_20,-0.01430601599372947
bubble_7,-0.014306492262533688
trader_1,-0.014311013322845989
tourism_8,-0.014311560171560633
politics_11,-0.014312235409357332
unemployment_18,-0.01431564455068839
opportunity_19,-0.014317323755884837
debt_16,-0.014321274292291308
college_19,-0.014323308922489541
car_15,-0.014325263910105801
portfolio_20,-0.014326065295414137
blacklist_6,-0.01432875072878621
train_12,-0.014328902423871082
food_19,-0.014330516569311502
judge_19,-0.014331159679925376
politics_2,-0.014331403851466118
war_12,-0.014332218730832014
success_14,-0.014333268168019987
gold_4,-0.014336093423220309
train_6,-0.014338176170200922
inc_19,-0.014342053155284784
market_5,-0.014344790198177559
governor_6,-0.014345230701951817
bonds_15,-0.014347291700389665
water_12,-0.014351248927572646
media_12,-0.014352467426585424
gains_18,-0.014355869307001324
party_9,-0.014355966493494821
restaurant_12,-0.014355980185825623
services_15,-0.014357618221563473
judge_11,-0.014357929538228276
representatives_8,-0.014358026077021658
leverage_19,-0.014358749527842751
ceo_9,-0.014359330962769267
success_9,-0.014359406673488473
risk_19,-0.014359900023041305
society_17,-0.014360741661294418
governor_17,-0.014371408656406492
nasdaq_13,-0.01437368085739148
court_11,-0.014377547480555131
economic_16,-0.0143789310996971
financial_16,-0.014379492032381092
housing_17,-0.014384039540213034
president_18,-0.014386447071014507
votes_14,-0.014387503055742412
union_15,-0.014390597905901137
ministry_14,-0.014391085824035832
rights_4,-0.014395588908409284
service_10,-0.014398055824298029
union_13,-0.014402270736949574
marriage_14,-0.014406033870194035
opportunity_8,-0.014407214914319599
conflict_12,-0.014407452860762948
county_15,-0.014408274585777581
water_17,-0.01440904157346965
nyse_7,-0.014410128849774818
firm_16,-0.01441244638738275
money_17,-0.014417569965589983
rich_5,-0.014420112068830582
restaurant_11,-0.014426129071428817
global_11,-0.014427507722928357
nasdaq_14,-0.014427645299884606
elected_15,-0.014428363943648326
color_18,-0.0144302441542826
hedge_13,-0.014430974726590828
elections_14,-0.014431133118748819
companies_16,-0.014434405816409469
cash_3,-0.014435741098078703
members_18,-0.014440025203771523
washington_16,-0.0144433088867584
world_4,-0.014443481704490325
marketing_15,-0.014445567118258307
opportunity_17,-0.01444593715671949
housing_11,-0.014448178127685441
success_8,-0.014448339489546958
pennsylvania_11,-0.014448357864252004
nasdaq_17,-0.014450887191078943
tennessee_13,-0.01445127529103225
industry_3,-0.014452037293799047
opportunity_18,-0.014457459525174344
profit_13,-0.014457754630785979
services_19,-0.014458420016915352
color_9,-0.014459479350899218
lifestyle_13,-0.014461470190678737
fed_19,-0.014462017622455737
political_7,-0.014470798046520471
war_2,-0.014474768510229219
members_13,-0.014476953081315469
management_13,-0.014479279440134274
elections_10,-0.014479552563793564
ltd_1,-0.014480915504267578
markets_20,-0.014482295917218835
georgia_10,-0.014484345122988374
politics_12,-0.014490514702448398
fed_15,-0.014491314714478487
risk_3,-0.014493481160948174
opportunity_13,-0.014493783290551598
products_9,-0.014496088094672909
case_19,-0.014499620103409905
gold_19,-0.014501417983593256
fun_10,-0.014501616560726372
marketing_16,-0.014502166037201714
dow_jones_10,-0.014503571546922611
million_16,-0.014504634788220883
texas_17,-0.014512324285653211
garden_11,-0.014516094769125831
ministry_20,-0.014517787551988515
money_12,-0.014518020521780462
profit_8,-0.014520058625985354
voters_18,-0.014520109365506762
project_3,-0.014523151501990772
car_13,-0.014523867851973082
social_10,-0.014524098755086933
cash_16,-0.014528668408799206
crash_1,-0.014532578502561577
industry_11,-0.01453419641518965
ring_4,-0.014536721572618183
marriage_13,-0.014537365701585836
industry_7,-0.014540535429501355
bank_15,-0.014540715439470086
college_16,-0.014545552547758911
hedge_15,-0.014546353205941043
firm_19,-0.014549116569769293
unemployment_19,-0.014550507315668893
fun_7,-0.014559128286352484
buy_5,-0.01455954241624675
elected_14,-0.014559877249363428
fine_6,-0.014560600214087494
rich_2,-0.014561469964995055
market_10,-0.014563432916294116
crisis_8,-0.014563922246201667
housing_10,-0.014564469908318545
votes_20,-0.014569452675200623
restaurant_10,-0.014571244459506949
consumption_20,-0.014571647514416041
washington_1,-0.014573342193630556
founded_20,-0.014575841891892228
health_17,-0.014581523747371494
financial_markets_20,-0.01458654694460464
invest_20,-0.01458654694460464
ore_20,-0.01458654694460464
short_selling_20,-0.01458654694460464
served_20,-0.01458654694460464
rare_earths_20,-0.01458654694460464
consume_20,-0.01458654694460464
BUY_AND_HOLD_20,-0.01458654694460464
short_sell_20,-0.01458654694460464
derivatives_20,-0.01458654694460464
headlines_20,-0.01458654694460464
greed_20,-0.01458654694460464
inflation_20,-0.01458654694460464
forex_20,-0.01458654694460464
transaction_20,-0.01458654694460464
fond_20,-0.01458654694460464
house_17,-0.014586818147898528
leverage_15,-0.014596130739913704
election_6,-0.014596331631978755
home_7,-0.01460051747639619
security_17,-0.01460054686473189
pennsylvania_8,-0.014605003165802977
health_6,-0.014612493829961059
elections_17,-0.01461403037151765
founded_15,-0.01461449208537684
security_3,-0.014616242877138275
tennessee_20,-0.014617175645053049
gain_15,-0.014618960815684257
secretary_17,-0.014620525605002687
technology_13,-0.014620544857550821
blacklist_14,-0.014623879725317378
stock_market_17,-0.014627268796014193
products_15,-0.014629232843976414
committee_13,-0.014629471960604134
development_11,-0.014632661944396053
fine_16,-0.014632870495125428
elections_5,-0.014634787359121115
DOW_JONES_7,-0.014637387138554914
movement_11,-0.014637986946720827
bubble_8,-0.014639625070523054
ltd_5,-0.014641053914283076
founded_6,-0.014642603742921746
investment_8,-0.014643694152706143
money_11,-0.014645446390738615
firm_13,-0.014646203790820067
firm_14,-0.01465197445657731
social_11,-0.01465282124497147
ring_16,-0.014652937408791433
representatives_14,-0.014654940109532522
blacklist_12,-0.01465731932647243
ceo_16,-0.01465734148087261
council_17,-0.014658743909809768
tourism_15,-0.014661863961557043
financial_11,-0.014664020616817264
revenue_10,-0.01466573930868904
inc_3,-0.014666949193231638
movement_6,-0.014671643140734613
service_3,-0.014674382131837582
banking_15,-0.014679689756010772
markets_12,-0.014682216471890474
nasdaq_20,-0.014684045659128463
stock_market_7,-0.014684575834821145
DOW_JONES_17,-0.014691646370288058
stats_14,-0.014693041007861063
market_14,-0.014694812722181117
fed_1,-0.014703484397064126
county_6,-0.014704363666132569
dividend_13,-0.014705516545233221
credit_15,-0.014712913064831268
votes_15,-0.014714425802946796
cash_13,-0.014717503366848184
services_17,-0.01472254060906968
labor_11,-0.014727733397816366
nasdaq_16,-0.014727956227169603
social_12,-0.014732848258549036
bank_5,-0.014734467759164715
earnings_9,-0.014740525220037392
kentucky_5,-0.014741038291599052
act_11,-0.01474599568720969
global_17,-0.014751854570922474
election_9,-0.014752045318730356
economic_19,-0.01475330560552517
success_20,-0.01475421967443904
act_6,-0.014759615715403806
world_2,-0.014759955207507813
risk_20,-0.014761407186278008
bonds_1,-0.014763677964014921
million_11,-0.014765468140687753
voters_6,-0.014767836254097211
holiday_19,-0.01476972804354797
fine_19,-0.014774151439188522
inflation_15,-0.014777128896305869
greed_15,-0.014777128896305869
served_15,-0.014777128896305869
headlines_15,-0.014777128896305869
short_selling_15,-0.014777128896305869
fond_15,-0.014777128896305869
BUY_AND_HOLD_15,-0.014777128896305869
forex_15,-0.014777128896305869
derivatives_15,-0.014777128896305869
transaction_15,-0.014777128896305869
short_sell_15,-0.014777128896305869
invest_15,-0.014777128896305869
consume_15,-0.014777128896305869
ore_15,-0.014777128896305869
financial_markets_15,-0.014777128896305869
rare_earths_15,-0.014777128896305869
consumption_15,-0.014778941852672678
stocks_8,-0.014779165644638725
council_11,-0.014779779070116184
illinois_10,-0.01478011147878273
district_19,-0.014782264443922766
culture_6,-0.014782980915818467
district_3,-0.014788807125853242
portfolio_17,-0.014788894549608345
senate_18,-0.014789698493284886
arts_5,-0.014792398885863678
returns_2,-0.014795026914854615
secretary_13,-0.014795379179983904
crisis_3,-0.014796310180312577
ministry_16,-0.014796630450351867
earnings_16,-0.014796662401940996
justice_13,-0.014800143732409543
trader_4,-0.014802596943316338
technology_7,-0.014806160347557972
county_12,-0.014811431084293902
law_19,-0.014817137104716261
present_17,-0.014817586860216902
secretary_14,-0.014818163658861771
fed_10,-0.014824608570079634
virginia_17,-0.014826380406835704
inc_17,-0.014828259033375656
fine_8,-0.014831660176949058
republican_2,-0.014837961480857564
earnings_17,-0.014840556612229295
technology_12,-0.014841571033803768
virginia_5,-0.014846088963205962
elections_15,-0.014846809865629806
office_6,-0.014848992326346
council_15,-0.014852197947792734
kitchen_11,-0.01485280777768736
virginia_2,-0.014855042204082269
washington_15,-0.014859470500626437
media_15,-0.014860149655582822
leverage_20,-0.014868278953929415
business_12,-0.014869867124616043
service_12,-0.014874882995187643
crash_8,-0.01487540216480796
development_15,-0.014877026871059629
buy_12,-0.0148773814570754
case_9,-0.014877836472735263
food_15,-0.014879230549445333
election_8,-0.014880168143426986
opportunity_7,-0.014882592941009066
pennsylvania_14,-0.01488514564387169
marriage_10,-0.014886105979906472
social_7,-0.014888029303094541
cancer_12,-0.01488935241059024
rich_11,-0.014891356857573878
political_12,-0.014893089053612463
election_14,-0.01489512705262359
car_12,-0.014899865858291084
corporation_4,-0.014905170280824475
stats_16,-0.014906793487639569
default_17,-0.014907689671573899
industry_9,-0.014909621594312328
happy_12,-0.014913232699565526
dow_jones_11,-0.014914358625302082
georgia_14,-0.014915862145442892
county_3,-0.014916949866017281
house_4,-0.014920558013918627
energy_6,-0.014923387975004388
gains_4,-0.014923454632530486
political_13,-0.01492581787017142
water_14,-0.014928537810799947
union_18,-0.014932368224164461
bonds_19,-0.014934876350256676
million_17,-0.01494170688966261
unemployment_10,-0.014942982075097411
dow_jones_7,-0.01494839549698268
minister_10,-0.014950592975996546
companies_17,-0.0149527132257258
debt_20,-0.014955905673247671
gold_10,-0.014959713826202047
arts_12,-0.014960274842879895
massachusetts_8,-0.014960697268751688
case_15,-0.014962896712907226
ring_8,-0.014967554612358236
lifestyle_11,-0.014972817098413648
legal_15,-0.01498157796156403
society_14,-0.014982673471965935
members_8,-0.014982935751224802
community_12,-0.014985530874944275
movie_13,-0.01498584987459366
market_19,-0.014988054731127853
social_15,-0.014990908904783273
buy_1,-0.014991980367398527
ministry_15,-0.014992843061330929
pennsylvania_20,-0.014995002955999981
inc_6,-0.014998676532438271
kitchen_19,-0.015005499624804908
energy_19,-0.015006437728412814
union_5,-0.015008526824370838
marriage_15,-0.015015184854170815
labor_8,-0.015019307014086847
financial_15,-0.015020323878664543
DOW_JONES_15,-0.015020983980529267
party_19,-0.015024190653090708
arts_19,-0.015026223094106728
train_20,-0.0150273631646481
debt_19,-0.015031830235347132
district_16,-0.015032339999871214
arts_3,-0.015034546572997808
tennessee_14,-0.015040044558587784
trader_11,-0.01504715305763491
elected_12,-0.015049716163223103
credit_6,-0.015057682082144908
york_19,-0.015058055636567902
trader_20,-0.015059646222163247
garden_3,-0.015068395251900424
district_15,-0.015072031119032903
global_18,-0.015072511330582272
ring_10,-0.015079763823826054
firm_10,-0.015080778008632657
trader_16,-0.015081077726658166
industry_14,-0.01508339885967811
firm_12,-0.015089782162947096
justice_20,-0.015090097302707006
earnings_10,-0.015104103543038172
movement_5,-0.015110098551988704
governor_16,-0.015110138447700882
law_15,-0.01511164317505893
dividend_19,-0.015112785646404104
district_13,-0.015114691368800105
security_19,-0.015114730250394337
party_5,-0.015118441420011263
gains_2,-0.015121447807448974
gain_1,-0.015121632352412085
color_11,-0.01512264996575725
present_19,-0.015122704493842587
dow_jones_4,-0.015124985706152927
federal_11,-0.015125380158287216
federal_5,-0.015128083311485718
holiday_11,-0.01513064902024186
seats_18,-0.015131906033957221
services_3,-0.015134908789025259
energy_17,-0.015139327772202615
freedom_11,-0.015139537952942605
oil_10,-0.015140215103800859
travel_2,-0.015141360421685169
federal_2,-0.015142996423141519
pennsylvania_18,-0.015144720688670366
energy_12,-0.01514749219039726
garden_4,-0.015157086958611777
political_18,-0.015159063204834622
vermont_15,-0.015163567459853722
profit_5,-0.015166794226172464
society_2,-0.015167656757389802
ceo_19,-0.015171430889604553
default_8,-0.015177752782427278
tennessee_1,-0.015180169214805316
washington_8,-0.015187456418791646
gold_16,-0.015187937644107507
stocks_6,-0.015194929249920008
virginia_16,-0.015195837499852361
republican_9,-0.015198693878888881
federal_7,-0.015198778814129033
banking_19,-0.015199103555325544
ltd_9,-0.015203283023014658
house_12,-0.015206675630665734
minister_20,-0.015207067920306017
community_3,-0.01520788540500848
holiday_6,-0.015209635004252497
representatives_15,-0.015210294249924683
massachusetts_9,-0.015212280179450977
health_12,-0.015212796981096389
minister_17,-0.01521760167016759
happy_11,-0.01521788957420298
court_7,-0.01521953243395402
corporation_7,-0.015221535070817272
county_19,-0.015225981316561055
investment_6,-0.015227432553940523
party_17,-0.015228369375324301
police_20,-0.01522937799123183
freedom_7,-0.015230504542183798
fed_6,-0.01524267196698772
kitchen_10,-0.015248743495773053
environment_5,-0.015249941207694184
culture_15,-0.015250394681972156
law_4,-0.015257829091524422
gain_17,-0.015264652067723516
labor_20,-0.015270930944460326
crash_6,-0.015272910766660219
travel_10,-0.015276042498006247
travel_20,-0.015279241402366629
buy_3,-0.01528356943088376
governor_19,-0.015284002576847033
companies_15,-0.01528894385073203
banking_20,-0.015289084387377194
vermont_17,-0.015289099087400948
corporation_17,-0.015295962883979119
management_19,-0.015298767002043379
environment_2,-0.01530176267947041
fun_4,-0.015302396398745154
financial_1,-0.015303357070461954
government_7,-0.0153048763326743
federal_15,-0.01530922896454312
water_16,-0.015313069395309431
college_15,-0.015313592092154039
pennsylvania_17,-0.015315594094077723
ceo_5,-0.01531707064159058
opportunity_16,-0.015318081121456429
district_6,-0.01532041377984128
illinois_3,-0.015321083837556971
college_2,-0.015322994077010165
fun_11,-0.015326476159016366
ring_18,-0.01532734819019479
companies_6,-0.015327692549468575
bank_6,-0.01532832783234377
unemployment_1,-0.015330296053397263
global_13,-0.015330903350289592
massachusetts_6,-0.015331756345092096
security_7,-0.01533387203105412
council_13,-0.015339061075460837
economics_19,-0.015340083022402062
debt_15,-0.015342528976118519
court_17,-0.01534393092080999
rights_15,-0.01535230730942232
metals_20,-0.015354755460474157
ohio_4,-0.01535941179282776
council_18,-0.015365628034088852
companies_19,-0.015366667249980837
rights_16,-0.015368356713307718
movie_4,-0.015368937143861606
companies_18,-0.015369077583168389
health_4,-0.015371302419601562
ohio_18,-0.015371677280620211
labor_17,-0.015377559590851454
justice_17,-0.01537759236061631
market_6,-0.015378927634362816
justice_7,-0.015381239853919992
dividend_20,-0.015382635981504866
stock_market_16,-0.015382835322355803
minister_14,-0.015384549132516679
economics_10,-0.015388022853678528
gains_13,-0.015394590218704351
office_12,-0.015396429473345918
seats_9,-0.015401166350997841
court_4,-0.015403194860703495
lifestyle_20,-0.01540406642073271
market_16,-0.015411460523519983
technology_6,-0.015411638180862108
growth_1,-0.015414029780055039
union_10,-0.015416381955978675
corporation_11,-0.01541990737401433
DOW_JONES_16,-0.015420141637736839
dow_jones_17,-0.01542134938317694
million_9,-0.015425650650454825
ceo_1,-0.015429329634287758
returns_17,-0.015434457331205765
police_3,-0.015442046361945683
washington_11,-0.015445684918953196
community_19,-0.01545273322698446
garden_1,-0.01545553230761416
economy_6,-0.015456956569552349
missouri_13,-0.015457378705255898
business_7,-0.015457477316245426
movement_13,-0.01546107043012479
culture_4,-0.01546562938846061
economy_16,-0.015473649933553024
judge_6,-0.015475260074517005
buy_20,-0.0154823008234797
arts_2,-0.015483078986720189
train_4,-0.015488861969140788
secretary_11,-0.015491323428381864
economy_1,-0.015493142542311312
energy_18,-0.015493822079811315
college_12,-0.015494578189207542
seats_7,-0.015494751807173723
portfolio_11,-0.0154948676199963
religion_15,-0.015495967461960003
freedom_15,-0.01549682292268022
movie_7,-0.015498379250765072
corporation_2,-0.015499641343323512
republican_7,-0.015500288003586316
business_3,-0.015512613209515868
georgia_16,-0.015513960067936173
million_12,-0.015518105499367807
money_20,-0.015518753632333081
ring_15,-0.015520083193660272
profit_11,-0.015520299129447657
cancer_16,-0.015524956013581791
portfolio_14,-0.015526767314514989
politics_15,-0.015532890196560612
management_3,-0.015533846024406394
massachusetts_20,-0.01553461142844077
founded_14,-0.015535683506648912
senate_13,-0.015539384058776995
economic_13,-0.015540098705023464
world_12,-0.015540878008052927
police_7,-0.015552410237848457
legal_4,-0.015556110379447352
car_20,-0.015557250445605297
environment_16,-0.01556260657848143
tennessee_18,-0.015563139893270383
marketing_13,-0.015564719531159076
lifestyle_18,-0.015564783849996844
home_8,-0.015568046736709218
religion_9,-0.01557328620016114
trader_17,-0.01557500996086283
georgia_18,-0.015581180300151987
religion_10,-0.015581239549977722
technology_4,-0.01558218448499502
economy_8,-0.015586578593322131
crisis_2,-0.015591372417524129
holiday_3,-0.015592103537046853
governor_4,-0.015592618817894265
missouri_6,-0.015593117826012536
car_2,-0.015598320920235631
county_13,-0.015601002829211397
water_6,-0.015605223166817806
judge_13,-0.015606094678618999
election_15,-0.0156062915286457
products_16,-0.015612648473159685
loss_17,-0.015612790835283507
products_18,-0.015617941704478056
management_12,-0.015620626215405919
inc_7,-0.015621627542600724
blacklist_18,-0.01562799065942211
growth_7,-0.01563491336866063
loss_16,-0.015638345619567118
service_19,-0.015645274027544277
republican_4,-0.01564936302875697
court_16,-0.015659775188707713
banking_11,-0.015669814076350597
success_10,-0.015673116357405693
william_14,-0.015679109300205975
financial_12,-0.015682921468382925
returns_10,-0.01568871104151053
political_6,-0.015693321850825413
massachusetts_17,-0.01569398362432204
party_10,-0.015696535206069485
economic_4,-0.015698444774564856
republican_12,-0.01570680458807041
council_10,-0.015707006040780347
act_3,-0.015707223390240554
secretary_16,-0.01571488400930334
management_17,-0.015718441670184723
companies_12,-0.01572022126247572
law_10,-0.015722011451546412
inc_1,-0.01572499742148865
texas_9,-0.015727846678610734
ring_11,-0.015738294793756567
massachusetts_18,-0.0157433374323259
district_5,-0.015745972106062454
judge_14,-0.015749473121056255
environment_17,-0.015751035578638772
movie_19,-0.015751152241935462
religion_14,-0.015754628406704295
risk_17,-0.015756041702761635
york_16,-0.01575862306677358
industry_19,-0.015760134071961817
conflict_14,-0.01576089161550378
portfolio_10,-0.015761485324451097
chance_1,-0.015764936129256203
bubble_11,-0.015774648107214274
illinois_7,-0.015776715036862576
law_3,-0.01577676805589092
housing_5,-0.01577760846471532
justice_8,-0.01578462344180518
office_19,-0.01578531337451683
cash_15,-0.01578558391165339
court_15,-0.015785695570345416
fed_12,-0.015786037429802204
rights_6,-0.01578795342219259
texas_16,-0.01580454673097953
illinois_17,-0.01580521618928372
business_15,-0.015808881977257005
stocks_3,-0.015809187490035702
police_5,-0.01581382859154614
economic_15,-0.015814732107344763
religion_13,-0.015816672784437234
vermont_16,-0.015818450597748203
justice_14,-0.01582908464784092
freedom_10,-0.01583136039488977
service_17,-0.01583187155148109
cash_17,-0.015833236764644033
marketing_1,-0.015838011288656917
senate_6,-0.015843944038946622
missouri_19,-0.015854425080011225
political_19,-0.015858567198492567
trader_19,-0.015858966412485565
markets_6,-0.01587089825179977
william_11,-0.01587264252865177
fun_13,-0.015874004987181434
rights_11,-0.015895413115176595
earnings_5,-0.015897835442078612
rich_19,-0.01589837431809349
crash_5,-0.01589943033660284
earnings_7,-0.015900196340470418
committee_6,-0.015901889498891486
services_1,-0.015902287821354368
buy_15,-0.01590466186144559
act_15,-0.015916547394846003
crisis_19,-0.01591901619688718
freedom_12,-0.01592650488667906
fed_17,-0.015928312141082968
hedge_7,-0.01593036844881752
minister_12,-0.01593569576763647
justice_1,-0.015937594764453156
sell_12,-0.015937763979283058
food_16,-0.015940909027956907
politics_20,-0.015958916552770087
kitchen_13,-0.01596215889060624
stock_market_15,-0.01596528012057259
credit_5,-0.015966806521502397
committee_14,-0.015966864136311255
water_9,-0.015973489101480554
movie_10,-0.01597349932788734
environment_1,-0.015974267235562722
gains_20,-0.015975186541575526
global_19,-0.015976728833259048
blacklist_17,-0.015977705049771383
court_13,-0.015983980899292337
marketing_18,-0.015985561951637427
governor_18,-0.01598576452039726
washington_14,-0.015985822843344866
economy_18,-0.01598825531379302
york_9,-0.015990710820669253
financial_17,-0.015992167813684576
nyse_8,-0.015993107685105555
housing_6,-0.015998013059050974
ceo_13,-0.016008089553344852
banking_2,-0.016019619924234063
district_7,-0.01601963524244423
illinois_11,-0.016021561921851356
stock_market_4,-0.01603879194005433
security_13,-0.0160434074428742
senate_9,-0.016045409641425357
environment_4,-0.01604675845334711
unemployment_16,-0.01604784327777713
case_7,-0.016048206313275727
restaurant_6,-0.016053452943201152
economy_17,-0.016054515786545286
loss_12,-0.016055524031710712
court_12,-0.016060568876762438
industry_18,-0.016061563685007375
health_19,-0.016064299960031246
massachusetts_5,-0.016065080946465703
profit_15,-0.016065148751855208
credit_12,-0.01606553475034076
wisconsin_11,-0.016078629856138883
tourism_20,-0.016079145441378607
economy_14,-0.016079419042942966
money_5,-0.016080042504112168
return_9,-0.01608118137118677
default_5,-0.01608442338685756
buy_13,-0.01608698727851914
rights_9,-0.016089205655718607
bank_12,-0.016091678506530326
political_17,-0.016097188294114863
secretary_10,-0.016098263659821477
return_4,-0.016106749021933854
kitchen_12,-0.016109802555501252
food_2,-0.016110048194055725
governor_20,-0.016114631297395387
risk_18,-0.01611543977066494
energy_3,-0.016117630087405566
oil_7,-0.016120462726549368
portfolio_15,-0.01612139996268571
ceo_12,-0.016130823223204672
companies_7,-0.016135539109559782
travel_14,-0.016141926131770033
finance_5,-0.016149462899481205
secretary_20,-0.016154598690268408
georgia_15,-0.016157501857919154
party_15,-0.016158173739496507
democratic_19,-0.01615866672149635
million_7,-0.01615866835619788
service_1,-0.016159281723110142
home_2,-0.016170859189444477
economy_15,-0.01617185149315694
color_12,-0.016173107046700563
chance_14,-0.016176239610314048
energy_15,-0.016177331924154558
william_5,-0.016178688037724508
happy_20,-0.016180029037780062
present_12,-0.016180326980030225
economic_2,-0.016184479888401947
economic_1,-0.016184507529349856
technology_10,-0.016184783858140993
movement_18,-0.016185558266629284
seats_8,-0.016185806093022802
cancer_7,-0.016191203987550473
carolina_4,-0.016193236740035432
massachusetts_15,-0.016193417603028837
president_14,-0.01619368698289323
conflict_6,-0.016196526757122597
union_6,-0.016199333113545333
market_15,-0.016203998651047425
stats_4,-0.016207782163619157
project_11,-0.016209913930147656
unemployment_3,-0.016213808766752602
illinois_15,-0.016214221188422508
tennessee_19,-0.01621707199929916
social_19,-0.016223324453962195
million_5,-0.016227479546825796
food_5,-0.016227706396865705
justice_19,-0.016233826660352224
rights_19,-0.016234800958867666
economic_7,-0.016237851614459987
economy_3,-0.01623835801448459
governor_2,-0.01623929620767872
illinois_16,-0.016239797634857944
gain_2,-0.016245186425845114
industry_16,-0.01624952143040235
texas_13,-0.01625768401228802
bubble_15,-0.016266771194189844
county_5,-0.016270165925677184
finance_16,-0.0162776160475133
labor_15,-0.01627996714238291
crash_7,-0.016282297419293233
metals_3,-0.016286944676700887
fun_5,-0.01628883343007268
society_6,-0.01628890220685004
economic_3,-0.016289236559388808
default_11,-0.01629212976730785
social_17,-0.016295956577231617
william_1,-0.01629681528480429
police_9,-0.01629755083013882
georgia_8,-0.016303858774695867
car_17,-0.016305907160859067
chance_10,-0.016309354338802318
inc_15,-0.01631695879032491
republican_20,-0.016319105598327277
freedom_1,-0.01632570406725402
corporation_20,-0.016329083639120757
party_8,-0.01633089053194412
committee_7,-0.016335116186318954
media_2,-0.016342783005463546
risk_14,-0.0163454871624664
elected_19,-0.016348618036757134
world_20,-0.01635126569457388
members_7,-0.016358564113324526
food_13,-0.01636128442117717
marriage_16,-0.016361996469548924
members_14,-0.016368722125761792
gold_8,-0.01637294197991368
food_1,-0.016377286695088377
act_5,-0.01638264370903477
opportunity_15,-0.016383255500973727
DOW_JONES_10,-0.016388457934559876
kitchen_4,-0.016388692093203705
companies_3,-0.01639065563507116
gains_17,-0.016394030458098997
cancer_11,-0.016395294860588903
ring_9,-0.016398539458279248
arts_7,-0.016401221234023454
democratic_17,-0.016409294480265978
world_15,-0.016410577483832456
banking_7,-0.016419729506362724
cancer_15,-0.016424510775788437
secretary_8,-0.016432142173804665
society_18,-0.016435234874866443
travel_11,-0.016437364130301925
service_5,-0.016446115662820192
law_20,-0.016447108792125364
election_10,-0.016448065798399237
train_11,-0.01645628215071999
illinois_14,-0.016475228253648312
travel_15,-0.016481142279183958
tennessee_15,-0.01648229594724011
ring_17,-0.016482302460662134
lifestyle_14,-0.0164834268575635
train_19,-0.01648516834185094
development_7,-0.016490150443803486
market_2,-0.016495078383937666
nyse_20,-0.016496842740246785
banking_17,-0.01650002895466036
products_19,-0.01650059161925397
kitchen_16,-0.016501341299341755
york_7,-0.01650239740016799
kitchen_18,-0.016504195426905933
stats_20,-0.01650838377837509
crisis_16,-0.016509499767206746
cancer_13,-0.01651317888784365
corporation_18,-0.01651469948483688
members_17,-0.016518157609913754
legal_8,-0.016520012318761525
travel_6,-0.016523026531749065
credit_16,-0.01652410711265382
arts_16,-0.01653805338695733
metals_18,-0.016553627322769947
federal_12,-0.016555673943053774
union_12,-0.016557675131278326
seats_13,-0.016558488744832966
happy_5,-0.01656005513457941
inc_13,-0.016564606271649927
global_15,-0.016566255963267818
arts_1,-0.01657587830972196
blacklist_1,-0.01657648993927332
rights_13,-0.016599355872706778
debt_14,-0.016607044184066756
ltd_15,-0.01661367604426962
economics_11,-0.016614187822013626
washington_13,-0.016615746006137376
religion_20,-0.016617012318092893
media_11,-0.016618115090968798
project_16,-0.01662268642412492
technology_20,-0.016623663958288737
finance_17,-0.01662532999380979
act_7,-0.016630885632494284
global_9,-0.016632486211978215
crash_15,-0.016642489715260965
ltd_19,-0.016647517175192063
corporation_15,-0.016647518867871657
oil_8,-0.016656056309496202
marketing_17,-0.016656458546438203
court_19,-0.016656678135737325
community_15,-0.016656812344148175
bonds_7,-0.0166590759205002
management_7,-0.016661642528841593
secretary_15,-0.016664580984749856
ohio_15,-0.016666432190384484
community_17,-0.016668254070971167
council_20,-0.016671914921050114
movie_15,-0.0166736809221828
ltd_4,-0.016674477095377883
tennessee_2,-0.016676362198469862
metals_5,-0.016679420905121024
economic_17,-0.01667973349470191
district_20,-0.01669823706769662
sell_8,-0.01670631539742131
culture_2,-0.016712041034700253
revenue_15,-0.016713772678388406
risk_7,-0.016714925043755068
seats_16,-0.01671502772598854
bank_19,-0.016716256352600413
ohio_16,-0.01672431695803491
environment_10,-0.016728246556204883
hedge_9,-0.01673103365145572
unemployment_12,-0.016733807411411193
elected_6,-0.01673579200521984
social_20,-0.016742282038534693
firm_3,-0.016744469303476707
georgia_3,-0.016745347710762394
cash_7,-0.01675297427304403
banking_1,-0.01675504679146662
texas_11,-0.016759344560593293
housing_20,-0.016768813268719464
religion_19,-0.016773027121087258
governor_9,-0.016773633715043656
fine_15,-0.016775768955619073
party_1,-0.016776246755929213
profit_1,-0.01678052408812878
money_7,-0.016786924829846894
federal_19,-0.016787804068021515
finance_6,-0.016788184320101384
return_19,-0.016791161376860986
community_13,-0.01679521095944836
products_3,-0.016795498408030275
DOW_JONES_1,-0.016797024267814264
color_10,-0.01679946054188084
union_14,-0.016804607035491515
council_19,-0.016805123619971996
community_20,-0.016818887090199453
default_20,-0.01683042770264447
present_6,-0.01683080646837547
restaurant_1,-0.016860394394606827
success_16,-0.016869518155058015
housing_7,-0.01687574487788448
governor_15,-0.016878187015062072
voters_11,-0.01688196009150078
georgia_13,-0.01688785168047402
bubble_5,-0.0168945516175673
corporation_3,-0.016909724475336806
revenue_5,-0.016909972645273143
trader_14,-0.016913887368136416
movie_12,-0.016916002254224117
stocks_5,-0.01691701977715454
members_15,-0.016920124559562134
risk_5,-0.016921328227239064
markets_8,-0.01692577077963897
senate_20,-0.01692884471607945
blacklist_7,-0.016929564535296128
georgia_19,-0.016936555849178213
corporation_1,-0.01693708111367074
culture_16,-0.016938118804326496
massachusetts_11,-0.016943939867549607
county_1,-0.016947232933364066
growth_15,-0.016949898459224233
society_15,-0.016953221288543506
unemployment_9,-0.01695759095399261
food_8,-0.01695900729318247
financial_4,-0.01696000182265873
health_1,-0.01696271516124006
security_5,-0.016963543525274228
environment_11,-0.0169642565630733
war_4,-0.01696734866614431
train_2,-0.01696769227511663
democratic_5,-0.016969536761810698
return_15,-0.01697015333353986
unemployment_7,-0.016981650793397085
financial_13,-0.016982722803742956
york_17,-0.01698761776442028
buy_8,-0.01699280910975611
tennessee_9,-0.016999334862185567
rich_14,-0.01700009663086144
companies_10,-0.017002858872915617
returns_12,-0.01700995306767348
social_1,-0.017011546292364944
corporation_5,-0.017012236838800487
rich_10,-0.017017936483272635
rich_1,-0.017018013772866956
chance_12,-0.017018935109935684
stats_9,-0.017023924695675197
companies_20,-0.017025295526400863
chance_17,-0.017029321788272166
culture_19,-0.017031156138889437
party_20,-0.01703168312981871
home_17,-0.017031994687008313
fun_19,-0.017049297977430468
risk_2,-0.017053609136077362
tourism_11,-0.017055219781057597
william_4,-0.01706244389082785
credit_13,-0.01706699893221868
revenue_16,-0.017076057259299414
economics_3,-0.017076669955926427
markets_19,-0.017098135778452116
movement_8,-0.017098564052519815
bank_17,-0.017099089069137284
economics_2,-0.01710079571878138
politics_5,-0.017101399571965548
act_17,-0.01710345363576795
home_19,-0.017104931904379915
seats_15,-0.017117948072173796
train_9,-0.017123473804918764
world_7,-0.01712690130119443
elected_1,-0.01712987985200547
million_15,-0.01713241201952358
gold_13,-0.01713530402729182
security_15,-0.01713622480909609
travel_17,-0.0171401514763728
unemployment_14,-0.017140857162718535
nyse_6,-0.017141164253361006
stock_market_12,-0.01714118158646578
kitchen_14,-0.01714506317783875
technology_3,-0.01714804106320671
labor_2,-0.01716134435006733
home_10,-0.017193780277426397
chance_13,-0.017195366072021278
ceo_15,-0.017203738094266962
investment_12,-0.017206139193035798
republican_15,-0.01720815995703264
opportunity_14,-0.017210881565417592
movement_14,-0.017211375482647995
success_15,-0.01721250285129141
dividend_5,-0.01721606895899388
management_15,-0.01722043121753112
metals_13,-0.017223802816753175
travel_5,-0.017226183814220142
stats_11,-0.017228083980725707
return_12,-0.01723983201944974
marketing_7,-0.01724565145704924
religion_3,-0.01724604859182597
hedge_19,-0.017254041684628362
william_8,-0.01725786686646802
home_20,-0.017264034349711844
fun_16,-0.017267269706522193
office_17,-0.017269385361104183
environment_9,-0.017271585961899105
revenue_6,-0.017272411561366673
office_1,-0.017278784112991507
success_19,-0.01728058231433085
money_19,-0.017280674483194036
massachusetts_7,-0.01728230835236515
project_15,-0.01728625606319447
technology_17,-0.01728781898971745
council_4,-0.017294260082456624
food_14,-0.017296009559976545
ltd_12,-0.017303054764480998
investment_4,-0.017309754425629164
college_14,-0.01732528908901747
products_17,-0.01732594112632746
garden_17,-0.01733330109583635
missouri_16,-0.017346003751188
minister_15,-0.017346120563179347
minister_6,-0.017346794066477454
marketing_12,-0.017347488850811076
returns_16,-0.017355205053824353
movement_20,-0.01735812493923017
house_3,-0.017359124061927966
community_5,-0.017366456885517478
markets_18,-0.017375021763480804
council_16,-0.01737761812091867
georgia_11,-0.017392809096456442
college_7,-0.017393835336272034
business_13,-0.01739692429761206
management_1,-0.01740925550848964
service_7,-0.01741694546289547
republican_8,-0.01742326092590829
hedge_14,-0.01745200731935781
fine_20,-0.017456121063844688
texas_6,-0.017473464338471256
money_13,-0.01748116824303425
bubble_13,-0.01748295636024506
stock_market_9,-0.017483149174695668
car_11,-0.017488609480386573
industry_8,-0.0175003561514951
stocks_12,-0.017502846237976
chance_11,-0.01750326067868444
stats_17,-0.017505261697897057
rich_9,-0.01750804205560681
kentucky_14,-0.01751037681543328
bank_3,-0.01751090939408042
travel_16,-0.017512982222165352
illinois_5,-0.01751714762134533
credit_1,-0.017520993435536814
credit_3,-0.01752330362664507
massachusetts_14,-0.017533165768702518
fun_6,-0.017536107564191862
bank_1,-0.0175401109688613
carolina_14,-0.017543188751073812
senate_19,-0.01754843633793308
ltd_7,-0.017548438523815844
gold_7,-0.017551988114248362
earnings_18,-0.01755573167238622
justice_15,-0.017564879913473597
stock_market_13,-0.01756862034136928
finance_1,-0.017571995746360702
rights_8,-0.017582287083096837
credit_19,-0.017583438919749405
money_16,-0.01758863910200359
media_17,-0.017589377186286302
illinois_6,-0.017590351152018235
union_8,-0.01760472183067523
seats_4,-0.01760549279794634
house_13,-0.017607087230238606
media_10,-0.017610609221068208
environment_6,-0.01761504411095425
travel_12,-0.01761656132963696
holiday_2,-0.017619175922603002
home_3,-0.01762950408710038
bubble_6,-0.01765265485409264
financial_5,-0.017659065212516055
media_13,-0.017659956740719317
elected_20,-0.017662865699379627
illinois_13,-0.017664677399702945
return_1,-0.017684049338295836
cash_19,-0.017685692448382695
crash_14,-0.017690378089188896
federal_17,-0.017695401756673702
financial_9,-0.017700011320952225
economic_6,-0.017700040733727773
community_7,-0.01770640576441418
republican_18,-0.0177082074277638
DOW_JONES_14,-0.017724802771718527
conflict_11,-0.017735505162559485
act_18,-0.017743214095230588
federal_9,-0.01775205272707041
services_7,-0.017752681836819793
hedge_18,-0.017753753607006505
tennessee_11,-0.017762369667953925
marketing_20,-0.017766239117171255
economics_7,-0.017766667430347827
arts_17,-0.017776040932662607
water_2,-0.017782010581854357
war_7,-0.01778999942585029
movie_3,-0.01779219443009561
crisis_12,-0.017792639407887046
market_12,-0.017793004677686942
present_2,-0.01779581710080187
union_3,-0.017797858143200805
marriage_17,-0.01780865067423736
companies_11,-0.017810568530061154
minister_4,-0.017830025229877644
garden_12,-0.017831557118884067
services_13,-0.01784871573682305
kitchen_1,-0.01785346234560443
rich_12,-0.017874927635535488
act_20,-0.017878738524098603
dividend_17,-0.0178849262096219
financial_20,-0.01788685282638791
case_2,-0.017901570346750197
trader_6,-0.017903929804563744
financial_19,-0.01791046470911628
restaurant_5,-0.017927213287207033
carolina_3,-0.017936010126673764
justice_9,-0.01793934846549381
georgia_20,-0.017950068952518515
ceo_17,-0.01795245761760289
tennessee_17,-0.017956233303186454
economic_11,-0.01797965473497447
virginia_14,-0.01798168348931295
fed_13,-0.0179861470163722
kitchen_15,-0.017987709693638297
kentucky_7,-0.017992615164084257
media_7,-0.01799302858501506
stock_market_5,-0.01800104801749678
home_11,-0.018002111359529383
bubble_1,-0.01801045010280824
money_8,-0.018012103617383434
wisconsin_3,-0.01801778539272385
georgia_1,-0.018024418072692484
committee_11,-0.01802452127987031
religion_17,-0.018026790296479155
DOW_JONES_6,-0.018040094569626318
william_9,-0.018042473227119916
law_7,-0.018054586623865186
bank_8,-0.018059754981290466
food_18,-0.018060359468829425
blacklist_3,-0.01807208900470094
holiday_20,-0.018072527450122444
garden_13,-0.018074133607509934
buy_18,-0.018078029414636786
economic_8,-0.018078123975844962
texas_7,-0.01808151278379542
conflict_2,-0.018088821703989198
rich_8,-0.018089207500975934
case_10,-0.01810992473547366
fun_18,-0.01812021256694869
security_1,-0.018145807119682344
markets_15,-0.01815309884066161
global_14,-0.01815361762542065
judge_18,-0.018169066237297526
profit_16,-0.01817322884107897
college_20,-0.018184173297869144
opportunity_11,-0.018185229191631458
default_12,-0.01819237650252361
republican_5,-0.01819579202892916
ohio_8,-0.018196733830705303
service_9,-0.01819912795136882
ring_20,-0.018221027029407734
crisis_15,-0.018240999338379704
york_12,-0.01824254690564635
kentucky_12,-0.018253036268994348
train_14,-0.018254649374862895
housing_4,-0.0182559895925573
restaurant_3,-0.01826878651097119
fed_3,-0.018271676858276
blacklist_19,-0.018271844828403317
restaurant_20,-0.018274366082418902
returns_8,-0.018303266466166
color_14,-0.018308994867475836
security_14,-0.01830941423860164
project_17,-0.018320367690284778
stats_15,-0.01832633291271659
train_17,-0.018330510161807513
earnings_14,-0.018340737705605827
cash_14,-0.01835572022553189
fine_18,-0.018364289428937974
house_16,-0.018364995902015856
york_20,-0.018365066923007278
wisconsin_4,-0.018367268858841723
carolina_16,-0.018367918799942706
growth_19,-0.01837381340704427
republican_16,-0.018386629146334887
blacklist_20,-0.01838798624585001
media_14,-0.018390731176923025
ohio_9,-0.018391010014689214
car_7,-0.018391136129090824
default_16,-0.018397476203084007
management_20,-0.018401018691310233
media_20,-0.018406917990035465
court_1,-0.01840792511027727
carolina_17,-0.01841017313502107
ltd_17,-0.01841103256219012
technology_19,-0.018413432434090816
security_20,-0.018414309917641057
services_9,-0.018414622489243925
inc_5,-0.018424277076559737
banking_3,-0.018429326657472565
products_5,-0.01844052915393186
energy_7,-0.01844186496877127
risk_9,-0.018444578446215255
economic_10,-0.01846847079175129
fun_20,-0.018477660282024865
ltd_16,-0.018484181989164905
revenue_1,-0.018484293250533846
returns_7,-0.018489370411947426
fine_13,-0.018509457661552632
law_12,-0.018523069244627478
crash_2,-0.01852349037444472
legal_17,-0.018526589927096347
kentucky_4,-0.018532190373235214
environment_20,-0.018539568234248162
inc_20,-0.018553251420780126
train_13,-0.01855540421744035
wisconsin_15,-0.01855745251685892
war_10,-0.018570565999193534
social_3,-0.018574804127241506
republican_17,-0.01858084036530634
social_9,-0.018588713118442502
bubble_17,-0.01859278017856856
finance_13,-0.018595378927452177
revenue_12,-0.018601567788988693
health_20,-0.018602423406905565
party_13,-0.018607067124161002
metals_14,-0.018611225690325826
rich_4,-0.018619709555771125
buy_10,-0.01864120261304907
happy_8,-0.01864304927066973
labor_14,-0.01865678354195046
police_16,-0.018670710258432165
marketing_9,-0.018674420673461856
services_20,-0.018689707126199197
bubble_18,-0.018704557321988346
global_20,-0.018707596078739286
economics_16,-0.01872190498201374
william_3,-0.0187230019035332
york_13,-0.018738121544205066
markets_14,-0.018772959406724077
virginia_3,-0.01878376986618908
energy_20,-0.018783807636899085
police_8,-0.018803298001011482
unemployment_20,-0.018803897037469187
district_1,-0.018807161763025083
DOW_JONES_9,-0.0188077071628878
politics_16,-0.018814024949857556
washington_9,-0.018814539400334018
senate_8,-0.018816701539178603
financial_14,-0.018826826926120255
elected_5,-0.018835037215332993
finance_4,-0.01883879465521159
religion_5,-0.01885431872713459
food_12,-0.018855886471974025
holiday_15,-0.018886644530470887
portfolio_13,-0.018901035970245773
gold_1,-0.01890300635298816
metals_12,-0.01890717162050095
cancer_6,-0.01891299558816999
service_20,-0.018915154335420525
finance_12,-0.01891532100044615
credit_17,-0.018916187189369982
rich_20,-0.018917247962077943
travel_4,-0.018931952489256942
police_6,-0.01893290618930623
police_12,-0.018941967316457854
car_18,-0.01895706627889473
global_5,-0.018966399930018963
return_17,-0.01896645978462217
marketing_14,-0.01896671530801699
county_18,-0.01897437685610166
gain_14,-0.01897599220308175
trader_3,-0.018985278488160295
energy_13,-0.01898783749109405
bubble_19,-0.018998103300940584
environment_12,-0.019002815516791394
conflict_17,-0.019003070387729037
home_14,-0.01900339311427497
economic_12,-0.019007615071417395
crash_18,-0.01900996021734993
investment_3,-0.01901521797585428
stats_19,-0.01902074808409122
illinois_9,-0.019026602764969792
conflict_4,-0.01904685270890427
county_20,-0.019055607869467407
sell_16,-0.019062972311930458
garden_10,-0.019074727319389438
house_1,-0.019076894807027855
global_7,-0.019079091038464925
religion_16,-0.019080723063426695
fed_9,-0.01909525637900831
wisconsin_16,-0.01909648921779288
banking_18,-0.019098687369472844
credit_7,-0.019103792019178844
freedom_20,-0.01911150053226136
fine_12,-0.019116077863632498
fed_14,-0.01911832911990572
technology_15,-0.01912574651947798
energy_1,-0.019131670897816755
return_14,-0.019142173763882765
community_14,-0.01914311760483729
health_13,-0.019147415295436086
car_8,-0.019153405461014628
cancer_20,-0.01915365174018715
business_20,-0.019157562220411872
committee_3,-0.01915937060444297
metals_8,-0.019159864257485594
crisis_18,-0.019173208281676547
illinois_20,-0.01917985928830106
housing_18,-0.019183214532604898
nyse_1,-0.019189778209554365
services_5,-0.019196755473913328
freedom_17,-0.019214716242451656
housing_15,-0.01922250219944548
money_15,-0.019226356824330982
dow_jones_19,-0.019228200008861097
committee_20,-0.019235838137731463
court_5,-0.0192397835195248
business_18,-0.019253552560653354
color_7,-0.019265175779929988
management_5,-0.019274747007122818
sell_4,-0.019282366932214745
office_7,-0.019284983206527294
holiday_10,-0.019286606717457633
culture_13,-0.019287582521845658
cash_1,-0.019297499042142906
washington_10,-0.019298607249755583
project_1,-0.019303793299385096
security_18,-0.019308058753474144
oil_16,-0.019311018759085984
washington_18,-0.01931159021494866
loss_5,-0.019313991806719222
office_3,-0.019319206986659544
holiday_18,-0.019325238527480228
court_3,-0.01933462004834243
members_1,-0.019349135217216328
bank_18,-0.019349940954463185
happy_17,-0.01935125260600825
wisconsin_6,-0.019355211253555438
opportunity_20,-0.019364269601921592
texas_20,-0.0193659498404976
justice_10,-0.019375745833125513
arts_10,-0.01938596086743889
office_5,-0.019387346656557815
arts_15,-0.0193915953931888
cash_20,-0.01939206099845312
home_15,-0.019392552910187644
economic_5,-0.019408318676491
housing_16,-0.0194192350301698
rights_7,-0.019427184350394967
travel_7,-0.01942907920080763
texas_3,-0.019449148043783303
legal_18,-0.019454680365388576
travel_18,-0.019457291191547266
union_16,-0.019478303022664446
washington_20,-0.01948203776321602
water_15,-0.019489471290453662
gains_15,-0.019494648354041976
police_10,-0.019500193120788455
pennsylvania_19,-0.01951227371620352
fun_8,-0.019513763690202524
economy_19,-0.019514204783418053
media_6,-0.019527096404544753
committee_1,-0.019531925312849373
services_18,-0.019533758467062446
legal_9,-0.019543116935676962
gain_19,-0.019545147446373055
war_5,-0.019551940710349224
development_4,-0.01956411509200544
york_14,-0.019574600819821875
companies_5,-0.019577200730317122
religion_12,-0.01958128633218359
fun_15,-0.01958293869397998
bonds_9,-0.01958314863951154
car_16,-0.019593134995339545
color_16,-0.019602020893489346
present_10,-0.01963230307893793
restaurant_19,-0.019637352518514506
rich_18,-0.01964325788974024
war_20,-0.019652356226727362
economics_4,-0.01967626626656944
companies_1,-0.019681239199333133
crisis_9,-0.019715498451908564
illinois_8,-0.019726147804266025
tennessee_7,-0.0197282405987252
project_14,-0.01973201140684151
rich_3,-0.019732051898519943
union_1,-0.01974768980800614
world_8,-0.019759961213011913
republican_10,-0.019774377621168692
environment_18,-0.019780652394808373
inc_18,-0.01978482359211975
loss_15,-0.019788803502891805
movie_20,-0.019789410860058566
wisconsin_2,-0.01979312751303164
oil_9,-0.01980361851285122
court_20,-0.01980715543778
kentucky_2,-0.01981460703328628
william_18,-0.019842156012083723
bank_13,-0.01984614717731612
garden_7,-0.019855630736743235
case_18,-0.019860179461381834
loss_6,-0.019864263417353634
police_4,-0.019866228306808842
crash_10,-0.01986720382711422
environment_3,-0.01988132363722961
movie_1,-0.019883336500259485
party_6,-0.01988360267075375
trader_5,-0.019885025423218905
happy_14,-0.01988972162995013
william_12,-0.01989331955723177
ring_13,-0.019911656377858966
bonds_12,-0.019922945912190147
development_1,-0.01992528369742157
william_6,-0.01992802783548764
york_8,-0.0199304877617265
labor_13,-0.019934264400876332
office_9,-0.019940068689788613
society_3,-0.019942094881330565
council_14,-0.01994508212254762
food_7,-0.0199539437202076
religion_18,-0.019963272631171015
virginia_1,-0.019966459075667187
case_14,-0.019967590300324266
travel_13,-0.019981943156664194
government_20,-0.019987428457196144
society_8,-0.0200238230471969
washington_19,-0.020031870437412745
markets_1,-0.020051398059715408
development_19,-0.02005234629375032
governor_3,-0.020055160068009736
house_15,-0.020057492736181404
returns_15,-0.020063575765741228
growth_11,-0.02007348308739354
fed_2,-0.02007880268361757
college_18,-0.020090368549442305
freedom_18,-0.02010827012716614
york_18,-0.020114704238412707
service_13,-0.020120653736587467
oil_11,-0.020127756513137675
ring_7,-0.020128178009644927
profit_3,-0.020128668412395224
restaurant_7,-0.020129953097382924
kentucky_6,-0.020142620177675097
returns_5,-0.02015319549587591
happy_10,-0.02015726060407159
train_10,-0.020167554849693837
color_8,-0.02016958736951182
dividend_14,-0.02017256789665387
rights_20,-0.02017652302516746
lifestyle_15,-0.020180958776448522
war_11,-0.020182019885293667
industry_5,-0.020190066684539577
DOW_JONES_5,-0.02019221401423261
fed_18,-0.020195990120503216
metals_1,-0.02021102397986323
cancer_2,-0.02021362775167008
health_7,-0.020215464980045717
ohio_14,-0.02021793477604237
social_4,-0.02022586908388504
industry_20,-0.02023338319754775
development_20,-0.02023375627639936
bank_7,-0.020246418110047328
profit_7,-0.020250284440464394
movie_18,-0.020259768229772646
tennessee_6,-0.020264875369462552
community_18,-0.020272961996379225
environment_13,-0.020292938330396006
wisconsin_13,-0.02029441942674164
legal_20,-0.02030045939448699
cash_2,-0.020332788017593372
missouri_1,-0.020365365847156446
federal_13,-0.020380100708689074
police_19,-0.020384961291216232
freedom_3,-0.020395333728205744
william_15,-0.020395661404833954
million_19,-0.02039646572604663
seats_19,-0.02040330400326309
legal_14,-0.020403905656429334
committee_18,-0.020405209339409945
minister_13,-0.02040536073334003
freedom_6,-0.02040843168123261
financial_3,-0.020413619680954453
loss_9,-0.02043769383754932
home_18,-0.020455885822410425
train_16,-0.02046144042976039
development_5,-0.020463245898858708
earnings_11,-0.02046735298161182
rights_5,-0.02047625699334239
minister_11,-0.02048086995787326
wisconsin_5,-0.02049007067977915
judge_16,-0.020496843255579367
dow_jones_1,-0.020500245947830908
crisis_14,-0.020500859933074024
war_6,-0.02050126365926739
car_6,-0.020510070978129825
stock_market_18,-0.0205161924890473
members_5,-0.020527674101108027
house_20,-0.020534930934207683
million_4,-0.020540991772303174
legal_12,-0.020557054930438114
york_15,-0.02056116303783251
technology_18,-0.020579651091434625
house_8,-0.020598400074749758
gain_7,-0.02061150884312768
sell_11,-0.020619858337115972
corporation_8,-0.020631640751258097
return_8,-0.02064137340081549
ring_6,-0.020644069673414655
committee_15,-0.020649114334580256
oil_2,-0.020651365587771454
legal_11,-0.020652105297736378
war_17,-0.020652111763371273
health_5,-0.020657751428460536
food_6,-0.020660397503569163
republican_6,-0.020661389488977687
politics_10,-0.020665708475734058
project_5,-0.020669772994945924
democratic_11,-0.020671127296655677
banking_5,-0.020672689393832867
global_1,-0.020699489293275763
rich_6,-0.020712078417119285
color_19,-0.020712811995686288
judge_15,-0.020719119158975997
development_13,-0.020725767919297033
case_17,-0.020729311907955794
religion_1,-0.020746562296318417
travel_19,-0.020753182452466358
fine_11,-0.020762388939196085
portfolio_1,-0.020775050486805946
corporation_14,-0.02078187927802737
nyse_11,-0.020792714957778145
water_20,-0.0207961289773682
rights_3,-0.02079827016118061
profit_18,-0.020838156870977276
hedge_8,-0.02085441581569687
democratic_16,-0.020855892160594046
earnings_2,-0.020858470917668837
return_7,-0.020869943217717603
texas_18,-0.020870946483971854
wisconsin_9,-0.020887471018254056
movie_5,-0.02089166629611554
loss_7,-0.020898400301149957
federal_3,-0.020916650885783185
growth_13,-0.020925015812785563
culture_20,-0.020933541803136224
return_18,-0.02094452935972979
stock_market_14,-0.020951417201367683
train_3,-0.02095276925284788
loss_3,-0.020952970890002188
present_11,-0.020960495369724753
dow_jones_18,-0.02096482292795594
governor_13,-0.020978996765270087
marriage_18,-0.020979503208574356
development_14,-0.021001972311499983
kitchen_7,-0.021019739091684086
religion_7,-0.02102279851600657
economy_10,-0.021047299127867715
default_2,-0.02106677672896482
stocks_4,-0.02107330629259001
project_20,-0.021075041899721536
unemployment_15,-0.02110460557031313
banking_9,-0.021127490439299755
portfolio_12,-0.021136236584269396
police_1,-0.021147059769915332
stock_market_19,-0.02115205085631522
bonds_5,-0.021153944573622675
justice_11,-0.021159195691010057
carolina_11,-0.021159290145133847
bank_20,-0.021169715388531185
members_20,-0.021175518831630047
investment_1,-0.021178324335549715
rich_13,-0.021180506248514596
revenue_9,-0.021182916346961324
government_16,-0.021191504087230095
garden_16,-0.021207240046561493
secretary_19,-0.021208669188995798
politics_19,-0.02122956106341676
party_4,-0.02123017514783234
office_20,-0.021257047691883968
carolina_9,-0.021270258296499443
economics_6,-0.021273574564233132
market_17,-0.021274971443332857
finance_7,-0.021286106521700064
million_14,-0.021293183321754273
growth_10,-0.02130585701062777
federal_20,-0.021318853896654798
unemployment_13,-0.02131945819196577
house_9,-0.021327850719784002
pennsylvania_7,-0.02133074380694284
party_16,-0.021342378362359925
cancer_4,-0.021355578903722174
culture_10,-0.021384757512281527
bank_14,-0.021407585924234397
law_18,-0.02142032444519464
growth_2,-0.02145158181377569
religion_11,-0.021465160718916066
sell_15,-0.021465806338760073
county_7,-0.021469906893309944
marriage_20,-0.02148321577715433
conflict_5,-0.021486693492581012
texas_1,-0.021491867754183568
ceo_20,-0.021504596570028678
present_15,-0.021511217666073
services_14,-0.02154960494234113
members_4,-0.021555325929257664
freedom_4,-0.021558161775901686
social_5,-0.021565403302424957
rich_7,-0.02159223031709665
court_9,-0.02159350828200981
crash_11,-0.021593752880601724
development_3,-0.021602795837882584
carolina_15,-0.02161302679273025
service_18,-0.02162577906010508
ohio_20,-0.0216272470640271
county_9,-0.021630866173478824
police_11,-0.021653910422283727
stats_2,-0.021657628606989898
finance_19,-0.0216630807176446
health_3,-0.021665948564134684
politics_4,-0.02167278021337802
court_18,-0.021675644198336765
markets_2,-0.02168797959144251
business_5,-0.021688731724357146
banking_14,-0.021691644688128342
economics_8,-0.02170628535607815
economy_13,-0.021715560286565204
culture_3,-0.021717707653518704
illinois_12,-0.021718779515931753
holiday_9,-0.021730431959587283
committee_9,-0.02173978808574628
democratic_13,-0.02175322636956505
hedge_20,-0.02176563904046025
return_3,-0.021783914778038295
social_13,-0.021803767379757068
court_14,-0.02182348743222513
travel_8,-0.021843896531925266
economics_18,-0.021866732863155658
companies_8,-0.021877374215206323
million_10,-0.02188509598777555
kitchen_5,-0.0218946223498236
conflict_15,-0.021919891120793355
housing_19,-0.02193306718589567
party_18,-0.021947241678983542
kitchen_20,-0.02202383487056838
bonds_20,-0.022034920100067867
security_9,-0.022044370107795343
gold_9,-0.02205774857213625
garden_15,-0.02206168298953768
virginia_18,-0.022067190684130877
government_6,-0.02207062658348764
kentucky_10,-0.02207673095566176
cancer_14,-0.022081196317498254
gold_20,-0.02208419867935456
war_16,-0.022109579119897547
case_12,-0.02216672964062043
revenue_18,-0.022181348292273563
management_9,-0.022189127874566394
DOW_JONES_18,-0.022203944372694705
restaurant_13,-0.022204557273822513
finance_9,-0.0222611901037977
holiday_13,-0.02227676978747708
act_1,-0.02230868505463677
garden_14,-0.022308775424070414
law_1,-0.022316630725912168
georgia_6,-0.022319884459281125
health_9,-0.02233041524701591
freedom_13,-0.02234078560075814
dow_jones_20,-0.022359588237169103
culture_1,-0.022363210713637248
kentucky_18,-0.022385477667703314
financial_7,-0.022386528758783063
garden_5,-0.022389362318781525
carolina_8,-0.022414015595107317
default_1,-0.022416467832298448
blacklist_16,-0.02241913273687135
case_13,-0.0224221296863484
minister_9,-0.022430994586317476
virginia_20,-0.022444173631737473
DOW_JONES_19,-0.022451191933907478
portfolio_5,-0.02245522182426114
companies_13,-0.022459511285705048
gain_20,-0.022466779226802402
credit_14,-0.022491817011051206
earnings_20,-0.02251392666730938
police_15,-0.022572053003864934
federal_18,-0.022586071015053034
rights_18,-0.022591031088783353
district_14,-0.022598601402319528
garden_20,-0.022668198387727666
seats_6,-0.02269294083309139
society_1,-0.022713642207171935
college_9,-0.02272885704089984
sell_20,-0.022734527191074206
profit_20,-0.022734904165335478
texas_4,-0.022774377156777638
dow_jones_13,-0.02279626041636229
default_14,-0.022832602562549997
ring_14,-0.022838993947521535
nyse_16,-0.022843139494437503
chance_20,-0.022846573956359185
banking_8,-0.02286340286738129
credit_8,-0.022867176869690576
dow_jones_16,-0.022911678799716718
dow_jones_5,-0.02292236380839967
security_8,-0.022939841320403765
arts_4,-0.022945770062252492
credit_18,-0.023035021153555824
happy_1,-0.023052601040619923
products_20,-0.023055662230734474
water_5,-0.023057624350825368
war_15,-0.023067061991296288
present_14,-0.02307974570478564
hedge_3,-0.02308966403591959
sell_14,-0.023107320600504088
politics_17,-0.02317144031482197
growth_18,-0.02317938957216714
present_1,-0.023245606872668613
fed_7,-0.02326357131501757
management_14,-0.023296441900147992
train_8,-0.023300078512971844
market_20,-0.02330430577491216
judge_17,-0.02330439294485078
metals_2,-0.023304520765974758
democratic_15,-0.023341901383551057
DOW_JONES_20,-0.02336209423382387
governor_10,-0.023408569192580497
holiday_12,-0.023419541962890887
technology_14,-0.023423820617355706
stats_18,-0.023427693231486503
stocks_1,-0.02344353889824182
legal_10,-0.023479362239216317
federal_8,-0.023486342803886062
office_13,-0.023493992560924527
growth_5,-0.023496899611799748
law_5,-0.023518645190040034
texas_8,-0.023556742632142136
companies_9,-0.02360862219376445
politics_18,-0.023627393119762162
dow_jones_14,-0.023630099302353623
kentucky_1,-0.023633240496018292
union_7,-0.023635984106670872
bubble_20,-0.02365770006962986
fine_3,-0.023673370624981892
law_14,-0.023677520063462288
governor_8,-0.02367999591559855
car_10,-0.02368015426625978
virginia_7,-0.023695711925013872
justice_16,-0.023699416958539787
housing_13,-0.023699643188658602
metals_15,-0.02371359127439383
water_3,-0.023730294182180468
war_14,-0.023732857680730503
food_20,-0.02374677359747923
wisconsin_1,-0.023746801366417093
buy_14,-0.023759311724960618
profit_12,-0.023775031507177812
county_14,-0.023807385661496448
sell_6,-0.023828145779114497
politics_13,-0.02384216636714085
cash_9,-0.023881982392036073
train_15,-0.023883471891460183
freedom_16,-0.0238892573371011
missouri_2,-0.02389690743992272
credit_20,-0.023938875675569227
holiday_8,-0.023975457107158916
kentucky_11,-0.023977517490300814
office_18,-0.023986369876907387
missouri_4,-0.024007131386220838
government_2,-0.02401340338235334
financial_18,-0.02404171174979961
management_18,-0.024107597565507732
movement_19,-0.024108862078336936
missouri_17,-0.02411181506532305
dow_jones_3,-0.02412278097478786
economics_5,-0.024133741060783698
bubble_14,-0.024153800829484706
world_1,-0.024156507485508683
carolina_2,-0.024156804951083122
politics_14,-0.024164887741292863
bubble_4,-0.024168918377497482
crash_12,-0.02418761481727394
returns_14,-0.024191275986008454
health_18,-0.024198145324281127
happy_9,-0.024207745598150022
police_14,-0.024217175306069726
federal_1,-0.024228710632553142
gold_2,-0.024231255661485606
democratic_18,-0.024237385479647953
color_15,-0.024247094840144222
metals_17,-0.024250143605993202
culture_17,-0.024257073186819845
products_8,-0.024264490379362846
metals_9,-0.024276459008115193
oil_13,-0.024303611496570475
water_8,-0.024306358753961366
carolina_18,-0.024313267394635175
business_9,-0.024325703313406978
blacklist_9,-0.024333769591434785
movement_15,-0.024342899290110465
markets_13,-0.024350609827394298
virginia_8,-0.02435484643643704
portfolio_3,-0.0243772143632079
economic_20,-0.02437931356868157
products_13,-0.024402861986817827
markets_11,-0.024532419469046052
house_14,-0.0245666739005709
chance_5,-0.02456812570946465
wisconsin_12,-0.024616985686942216
crisis_6,-0.024628372484876326
gain_6,-0.024632606856198856
judge_2,-0.024716877132111126
freedom_14,-0.024731857806637624
money_18,-0.024732483247773728
present_20,-0.024733262152838775
car_14,-0.024741588893445
office_14,-0.02474561808660818
returns_4,-0.024752664363586297
carolina_5,-0.024760505047755243
union_20,-0.02478618854971646
gains_14,-0.024786810797442983
chance_8,-0.024840843507917022
car_19,-0.02485744507431622
district_18,-0.024860286975012125
present_18,-0.02487969180629972
religion_8,-0.02488597318051866
conflict_20,-0.024908666746566645
development_8,-0.024913091219108986
market_8,-0.024938723819190222
illinois_18,-0.02494992100331812
ohio_7,-0.02500507197712929
marketing_8,-0.025035241566988886
sell_5,-0.025035667124143558
bonds_3,-0.025038242870744565
opportunity_10,-0.025047844203937443
million_18,-0.02506101021835272
happy_15,-0.025075503381725994
conflict_19,-0.02509106387493947
car_9,-0.025096906533655483
gold_3,-0.025110324572572784
blacklist_10,-0.025112806741713588
blacklist_11,-0.025115772884362418
chance_9,-0.0251440149430197
economics_20,-0.025152195753076013
crisis_20,-0.02523082329462889
kentucky_17,-0.02523330019423444
virginia_15,-0.025236485406174625
earnings_15,-0.0252720708058471
energy_5,-0.02527276560463778
william_19,-0.02528060567050212
present_13,-0.025284243818494524
movie_14,-0.02530128618494141
war_18,-0.02530863693030667
district_9,-0.025334124514597312
finance_14,-0.025336920840222387
media_18,-0.02533846534649269
opportunity_9,-0.025362344074648123
loss_1,-0.02540234836825759
metals_16,-0.025407389633235057
stock_market_8,-0.02541654442095149
council_8,-0.025479424704411113
marriage_8,-0.025486951632718923
finance_3,-0.025496509386659105
federal_14,-0.025538201348373014
georgia_5,-0.025545942656426134
nyse_19,-0.025551760973847436
train_1,-0.02561681506983604
act_13,-0.025632993674928328
media_8,-0.02565912981152767
ceo_18,-0.02566039187627749
nyse_14,-0.0256780643380921
bonds_14,-0.02568848614288659
crisis_7,-0.025711713479475606
development_17,-0.0257444606616146
missouri_11,-0.025755152007032468
community_9,-0.025793805840781326
world_3,-0.02579769612284888
return_2,-0.025816806608613917
service_14,-0.02584821051097961
inc_9,-0.025861721721801522
cancer_9,-0.02588882929602514
finance_20,-0.025897098271643014
tennessee_4,-0.025996701909798414
stock_market_20,-0.026006099626830648
law_9,-0.026023677118635135
law_8,-0.026032694725301654
growth_6,-0.026037506716255977
ohio_5,-0.02604497448033083
revenue_20,-0.026080740805490145
case_8,-0.026095566743134225
carolina_12,-0.026166994783851226
dow_jones_12,-0.026191891365646525
service_8,-0.026199473610957136
crisis_13,-0.02621849693841378
kentucky_15,-0.02622170724382733
train_7,-0.02630956152321968
committee_4,-0.026322837507674036
social_18,-0.026328906870903966
massachusetts_19,-0.02633430034246571
wisconsin_17,-0.02634326592406431
housing_8,-0.026348385400121986
arts_13,-0.026359172748768468
blacklist_5,-0.026401539251574912
housing_9,-0.02640594720006848
buy_9,-0.026434912208314554
house_5,-0.026456253052738087
development_9,-0.02646585569799844
cancer_17,-0.026485182034381483
trader_9,-0.02648786746129341
society_16,-0.02649584177933968
missouri_20,-0.026517403459326693
return_11,-0.0265442470514869
committee_8,-0.026544945597040126
carolina_20,-0.026569714372155363
conflict_13,-0.026586969361786728
wisconsin_19,-0.026604882043880163
rights_14,-0.02663996159678712
sell_17,-0.02666284780562116
fine_14,-0.026667570006149298
kitchen_9,-0.026704250051738952
social_8,-0.026720951896946253
missouri_8,-0.026762476263153846
energy_9,-0.026785888088011366
house_18,-0.02682557665181482
train_5,-0.02686754533976963
carolina_19,-0.02689466310373918
act_8,-0.026950519555798923
gains_6,-0.02696448431855396
ring_19,-0.027013711372689597
conflict_10,-0.027016481882695696
return_6,-0.027066034824276962
technology_9,-0.02716446963686405
culture_14,-0.027167348170101246
restaurant_18,-0.027174623803127428
metals_4,-0.027196759566001805
markets_5,-0.027220060060234186
ceo_3,-0.027235947956612085
georgia_2,-0.027395134992334348
garden_2,-0.027445147842694605
chance_4,-0.027530873295584256
media_4,-0.027558512098357912
returns_18,-0.02766923566304238
economic_18,-0.027695286827486277
inc_14,-0.027706638258735317
investment_18,-0.02770760223005808
market_18,-0.027719757592812665
loss_4,-0.027722112860125003
oil_17,-0.027828919760507786
cancer_8,-0.02791735082022879
oil_18,-0.027924447795398953
bonds_17,-0.027943803078226925
services_8,-0.027964944155743243
trader_18,-0.028070611666664958
sell_13,-0.028119422264944505
technology_1,-0.028185762933931824
loss_18,-0.028186536772567616
conflict_3,-0.028232994173426083
home_9,-0.028283391855545424
markets_9,-0.028293283403403313
kentucky_13,-0.028342576653071428
default_15,-0.028391887257565585
markets_4,-0.028425611464591837
cash_8,-0.028474308839808747
oil_19,-0.02849190561783055
happy_7,-0.028578555911902948
revenue_8,-0.02859467996482603
democratic_20,-0.02861532247069354
development_18,-0.028705620724768077
religion_6,-0.028708041450879594
return_5,-0.028732860511593163
investment_13,-0.028749443752332814
environment_8,-0.02883836628686103
market_7,-0.02884555099025212
crisis_17,-0.028879375315794497
missouri_3,-0.028944160729024837
office_8,-0.029062245612512028
markets_17,-0.029107751330917343
media_3,-0.029113032307270116
inc_8,-0.029129044747137088
DOW_JONES_11,-0.02913743306154608
color_1,-0.029198646785772598
market_9,-0.029223725258668544
missouri_5,-0.029226908106666793
political_14,-0.029376876833995813
portfolio_16,-0.029377858774748345
million_2,-0.029425496795699214
business_14,-0.029519938674460722
sell_18,-0.029681571482145074
garden_6,-0.02981676268928011
housing_14,-0.02984104230048088
minister_18,-0.029846926481511726
gold_18,-0.02988917873236905
management_8,-0.029889405309158533
culture_8,-0.029911055414942943
DOW_JONES_12,-0.029932027420859632
kitchen_8,-0.030004898546953408
social_14,-0.03008269164691857
county_8,-0.030113273970879352
stats_1,-0.030156380533060134
college_8,-0.030200038750243463
politics_1,-0.03022464625432302
returns_20,-0.03035984481299181
color_17,-0.030422193701448254
missouri_14,-0.030433395409012375
republican_19,-0.03057039800583239
crisis_11,-0.03059832763675534
fed_20,-0.03062742383786321
war_13,-0.03074924142510165
restaurant_9,-0.03082894865915069
sell_3,-0.03086068750283528
project_2,-0.030878326910097554
stocks_18,-0.03097682249229412
health_14,-0.03101541442562237
tennessee_8,-0.03103757238983331
loss_19,-0.031175528135453677
ltd_20,-0.031279559009167304
crisis_4,-0.03129661981483356
million_3,-0.03130673351783135
happy_6,-0.03136329024996003
growth_14,-0.031452598610857765
marriage_19,-0.0315630242734346
portfolio_4,-0.031586922380852124
missouri_12,-0.03164619058494915
committee_19,-0.031648770907732125
growth_20,-0.031661722133193446
missouri_15,-0.03169515976320565
banking_13,-0.03172436285049076
blacklist_8,-0.03186235268554076
court_8,-0.03193539348575085
dow_jones_15,-0.03194536736495066
media_5,-0.03206646996036742
garden_9,-0.03213917235743293
government_4,-0.032215551672086694
ltd_18,-0.03228954841724929
global_8,-0.032302143057476605
seats_5,-0.032344596368898415
carolina_6,-0.03234672153356537
society_19,-0.03242720527739342
case_20,-0.032474592253771625
financial_8,-0.03255124629318536
earnings_19,-0.03267746438841503
profit_14,-0.03271333249995969
district_8,-0.032893195805679024
markets_3,-0.03295240758037352
profit_4,-0.033012470383219215
color_13,-0.03326182784604852
movie_9,-0.033316700934124976
energy_14,-0.03333002938750083
gold_12,-0.03347667785390156
companies_14,-0.03352391784130104
returns_19,-0.03358503347075832
economics_13,-0.03381070844069896
kentucky_9,-0.03384937757714472
conflict_18,-0.03404451642301256
kentucky_3,-0.034100710927157565
act_14,-0.03412413780758152
environment_14,-0.03433680894374149
world_9,-0.03444404343793117
texas_15,-0.034521968938160195
culture_18,-0.03458255438350728
chance_6,-0.03462454620831643
oil_3,-0.03468274207978721
movie_8,-0.03471419344327016
dow_jones_8,-0.03471931597132973
profit_17,-0.034724938742196024
republican_11,-0.034743965245612206
wisconsin_18,-0.034748927368631666
gold_11,-0.034824401023427584
health_8,-0.034857612577841104
garden_18,-0.0348798416805967
revenue_4,-0.03512584963562908
restaurant_14,-0.03545441495455777
technology_8,-0.03555478973984714
earnings_8,-0.035572584432151055
technology_5,-0.035659728839109596
minister_19,-0.03567519904666898
bonds_4,-0.035681014259507184
government_17,-0.03583895636592256
returns_6,-0.03600699411589505
community_8,-0.036177261294059695
holiday_17,-0.03620510184404935
profit_9,-0.03623203521162573
arts_9,-0.03639873283918389
bonds_10,-0.03651254723430184
conflict_8,-0.03653046311340182
DOW_JONES_8,-0.036818621404019126
cancer_18,-0.03686543574064869
business_8,-0.03687449896205934
chance_15,-0.03694258536735506
products_14,-0.036988140478656374
energy_8,-0.03730406597444362
economics_14,-0.03736383079998029
ohio_17,-0.03736581189542332
missouri_18,-0.03758262315545728
council_9,-0.03785980190114548
growth_8,-0.03841514294041237
arts_18,-0.03841562166338634
chance_7,-0.03843131432324283
revenue_7,-0.038504212671958936
DOW_JONES_3,-0.03866545176017204
bonds_8,-0.03866746495325098
economic_14,-0.03874230929426146
democratic_10,-0.03877778669054881
restaurant_8,-0.03886237840398734
color_2,-0.03892617599601487
chance_2,-0.039205789874462924
gold_6,-0.03935010422825234
travel_3,-0.03954999876944636
color_20,-0.040017821164267865
loss_13,-0.04023004921903519
growth_3,-0.04027109796338411
act_9,-0.04035123528432558
loss_8,-0.04069085230989962
missouri_10,-0.04114094299126312
stocks_13,-0.04119786115922983
revenue_3,-0.04132965446860724
republican_13,-0.041337095156033656
missouri_7,-0.04151915720866768
finance_18,-0.04158685941790965
nyse_12,-0.042103126560718865
crash_20,-0.042109025872380544
missouri_9,-0.04248805415278376
arts_14,-0.04268163869582979
color_4,-0.04278160144685854
democratic_8,-0.043070249016000005
kentucky_16,-0.04331775846215711
culture_9,-0.043406495991549596
governor_14,-0.043503502535474727
nyse_15,-0.04360234300396073
arts_20,-0.043786557710634846
million_20,-0.044297888248459774
republican_14,-0.04436664869083782
investment_15,-0.04456391174658991
war_19,-0.045039863002374655
returns_11,-0.04515784213543628
revenue_13,-0.04639547081847399
union_19,-0.04672357683966018
investment_11,-0.04686962172010776
markets_10,-0.04705435167080892
revenue_14,-0.04737395552876873
loss_14,-0.047394875586313036
ceo_14,-0.047769084445842824
seats_10,-0.04865944120877406
wisconsin_8,-0.048665160239075925
garden_8,-0.048667565898783
finance_8,-0.04867128888520866
return_20,-0.049419843459162706
kentucky_19,-0.049606609455749705
chance_16,-0.049862376350631885
war_8,-0.05001115139929395
crash_17,-0.05013614901388823
democratic_14,-0.05045955509160442
trader_8,-0.05054343802245502
growth_9,-0.05103423307712973
gold_14,-0.0513279654897818
chance_18,-0.0525952671400961
stocks_15,-0.052917684242551964
ltd_14,-0.05294760153992082
unemployment_8,-0.05309993209858781
wisconsin_20,-0.05434830578956815
color_3,-0.054477058668942924
democratic_7,-0.05513950885587582
democratic_9,-0.055528056829171765
conflict_9,-0.05592688110704795
bonds_11,-0.0565153151919906
investment_10,-0.057210844615749656
democratic_6,-0.05759620144818833
gold_17,-0.057844101323770755
investment_9,-0.060532999433216064
gold_15,-0.06053818979914534
holiday_16,-0.06221023114239477
world_18,-0.0642290118453718
garden_19,-0.06560936025089785
stocks_9,-0.06574709766907638
happy_16,-0.06641417618771597
ltd_3,-0.06681925103270361
world_19,-0.06693478810002869
kentucky_8,-0.06696773061349763
stocks_11,-0.06763147444696822
nyse_13,-0.06780380199116569
crash_19,-0.06859725925817473
ltd_10,-0.06955768077796218
sell_9,-0.06998154911601513
bonds_18,-0.07010954325154292
bonds_13,-0.07264913858562543
kentucky_20,-0.07424830250077652
stocks_10,-0.07577346229227391
world_11,-0.07623404476907128
bonds_16,-0.07693892223337455
chance_19,-0.0773119947041645
world_16,-0.08031443195565713
crash_13,-0.08240990075938082
investment_16,-0.08327153629256263
arts_8,-0.08578161204415062
ltd_13,-0.08693943270765755
investment_20,-0.08758311068612934
sell_10,-0.09010493919714521
government_19,-0.09136629570266692
happy_19,-0.10061281857404361
world_14,-0.10769664911725066
stocks_20,-0.10903471047000846
investment_19,-0.11494178914779085
government_3,-0.1150510824552053
stocks_16,-0.12419499985807851
investment_17,-0.12571257650136067
sell_19,-0.12631412033545333
government_15,-0.1269089006689336
government_18,-0.1388433774933821
investment_14,-0.15420539781562853
government_9,-0.15643141662648155
government_12,-0.15918416126337967
stocks_17,-0.16438555597546686
stocks_19,-0.16639665582895138
happy_18,-0.16726582145195687
stocks_14,-0.19128874854067
world_17,-0.19657675452185533
government_10,-0.20655077989205733
government_11,-0.2782465117418324
government_8,-0.319569773984567
government_1,-0.33513133584815424
government_14,-1.164616809017154
