feature,feature_score
elections_16,0.05605056147177332
world_2,0.03889041887995037
elections_17,0.032483334567457445
voters_17,0.014960831572760003
senate_17,0.011713738998294998
short_selling_16,0.009981958671207814
portfolio_14,0.0067031509912304
garden_17,0.0048306179653065055
secretary_16,0.0036767740254797674
senate_16,0.0020679338885686294
oil_17,0.0011622409658485378
democratic_16,0.000913525541235427
trader_17,-0.0005561873879244894
rich_17,-0.0008041954752388891
economy_19,-0.001922458403657279
market_17,-0.0025310788776377715
governor_19,-0.0026894991066293674
home_17,-0.002819289061193264
dividend_19,-0.0028483018849936093
economics_19,-0.0035854921821730557
portfolio_16,-0.004126719857090233
gold_19,-0.004434107717220281
rare_earths_19,-0.004688735340147199
default_5,-0.0047715772468339916
blacklist_19,-0.004928951011458915
present_20,-0.004948413228171811
BUY_AND_HOLD_19,-0.004978468746751674
short_selling_19,-0.00508013175070865
voters_16,-0.0051679947277241565
derivatives_19,-0.005173373247288527
rich_20,-0.005295982004783739
transaction_19,-0.005361785830420995
virginia_17,-0.005782283124196685
served_20,-0.00592959913257487
blacklist_8,-0.006008292467712973
firm_19,-0.006037709629166499
freedom_4,-0.006073834974044723
train_17,-0.006121933249703915
train_19,-0.006130234029336212
democratic_17,-0.006152611940464925
members_19,-0.006289238635087591
ore_17,-0.0066237606867467266
invest_19,-0.006736413293342469
default_14,-0.006749244019452605
car_17,-0.00676342209676164
ore_19,-0.006894574237560192
bonds_16,-0.007111851400808588
travel_17,-0.007177034748035794
crash_17,-0.007273490374724689
marriage_19,-0.0074476915044282554
growth_19,-0.0075667794970735395
bubble_19,-0.007626858252119661
metals_19,-0.007721607620045967
dow_jones_19,-0.007851740226543159
holiday_19,-0.008009752182781039
fond_16,-0.008017309839302999
movement_19,-0.008144979452134415
democratic_19,-0.008177434802976235
consume_16,-0.008240122936660543
fed_1,-0.008371378476888913
unemployment_19,-0.00864976975060423
stats_17,-0.008764910227468725
york_16,-0.008771785178453183
media_16,-0.00908116736385951
missouri_20,-0.009114896754773439
pennsylvania_16,-0.009179867511227213
rare_earths_16,-0.009284036395799578
return_16,-0.009512427875058838
party_16,-0.009522476444686867
labor_6,-0.009536395230385986
growth_20,-0.009577666446913912
georgia_16,-0.009692989223387816
gold_17,-0.009702618071106128
derivatives_17,-0.009737612314919297
gold_16,-0.009785831667060796
world_16,-0.009843372374112591
travel_16,-0.009849015927890115
social_17,-0.00990547741045016
freedom_16,-0.009925146294816578
house_16,-0.009934470839925935
industry_16,-0.009943699564105435
inflation_14,-0.009990541930968665
project_16,-0.010104399106519724
office_20,-0.010108354164887534
ring_16,-0.010133290712417687
car_16,-0.010200663271465338
carolina_17,-0.010203512897646871
fed_19,-0.010219105413504214
massachusetts_19,-0.01022979158910533
kitchen_19,-0.01024224067699948
global_20,-0.010269303098203775
legal_16,-0.010307842911061127
banking_16,-0.010309758583058604
garden_19,-0.010314133623613598
community_16,-0.010361048484983159
elections_19,-0.010383832723187613
movie_19,-0.010444817622922532
arts_16,-0.01044744949017289
texas_16,-0.010527498120544964
william_16,-0.010552388492217447
stocks_19,-0.010588958822440975
elected_16,-0.010600729238734985
bubble_20,-0.010704344023538792
present_16,-0.010712785115226619
market_16,-0.010730770166601577
money_17,-0.010731563908288399
massachusetts_16,-0.01073335375529858
growth_16,-0.010918807734685166
portfolio_19,-0.01092909901271677
ore_20,-0.010985956803966967
conflict_20,-0.011130133983660273
happy_17,-0.011134872093959403
nyse_16,-0.011144188731508265
county_20,-0.01117789952497561
pennsylvania_20,-0.011213915168406707
politics_20,-0.011223565848725059
carolina_16,-0.011253696439077943
greed_20,-0.011270377431850841
members_20,-0.011274344664790825
marketing_16,-0.011320835041076394
rare_earths_20,-0.011330928274731634
water_19,-0.011448045800064154
firm_20,-0.011474907150500303
war_20,-0.01158529211855197
cancer_20,-0.011602939753124075
cash_17,-0.011608187461138408
movie_16,-0.011656482763549292
act_16,-0.011665463433470035
government_19,-0.011778920990854869
food_16,-0.011793446027522036
marriage_16,-0.01179568271997138
house_20,-0.01182626500263062
market_20,-0.011835586100728879
BUY_AND_HOLD_20,-0.011883879314383528
money_16,-0.011902438094882627
fun_17,-0.01191120252062241
office_16,-0.01201466120949135
war_16,-0.012059210858739178
restaurant_20,-0.012115959896434703
business_20,-0.01221443739498045
police_20,-0.012223885953187352
college_20,-0.012247926207178784
companies_16,-0.012271474999779475
case_20,-0.012341861184208014
nasdaq_16,-0.012384735059222819
served_16,-0.012439069353425291
security_16,-0.012439684405121842
million_16,-0.012492853840555141
inflation_10,-0.012538681534272466
missouri_19,-0.012567312103421569
home_16,-0.012617510628735595
carolina_20,-0.012638185958340098
social_16,-0.012668798060591157
markets_16,-0.012674216018574946
political_20,-0.012681292420870637
risk_5,-0.01272773178860862
ohio_19,-0.012790544248002411
tourism_16,-0.012832987910021609
georgia_19,-0.012838548034499731
college_19,-0.012859772398259039
media_20,-0.012882427217887548
color_20,-0.012983554199400272
president_20,-0.01305636190247359
massachusetts_20,-0.013103022381747454
served_2,-0.013120348540696969
derivatives_20,-0.013158583420650304
crisis_5,-0.013164305866307836
headlines_20,-0.013191962363674481
loss_16,-0.01329269929464394
food_17,-0.013314488088230903
founded_19,-0.013375173114686412
garden_20,-0.01338787077429282
kentucky_20,-0.013413677538392288
gain_16,-0.013414315215378347
buy_20,-0.01343042777362613
market_19,-0.013437620074212541
water_16,-0.013460184022852761
service_20,-0.013461669779385076
freedom_20,-0.013532520992008034
governor_20,-0.013566727387323896
kentucky_16,-0.013597493351870948
opportunity_20,-0.013611754370918971
government_16,-0.013663421003815946
credit_20,-0.01368110093892203
legal_19,-0.01368635912995908
york_20,-0.01370942709500167
religion_20,-0.013717376616233623
short_sell_19,-0.013766641186656292
william_20,-0.013767763177800929
present_2,-0.013799264205060169
founded_20,-0.013850149102395659
DOW_JONES_19,-0.01385839531737183
ohio_20,-0.013894403861266702
economic_19,-0.013901068332054534
color_17,-0.013967856526147581
rights_20,-0.014018416513135979
buy_16,-0.014058476097616901
industry_20,-0.014058881638157338
virginia_20,-0.014137589673061468
government_20,-0.0141952627678126
committee_3,-0.014196596496809887
seats_20,-0.014277082091751625
unemployment_20,-0.014278472933414643
buy_17,-0.014294983670840833
case_19,-0.01434293473528192
legal_20,-0.014347057201138491
debt_1,-0.014402030697565826
unemployment_17,-0.01445488066479279
vermont_16,-0.014479126504276851
act_20,-0.014490163807288448
bank_16,-0.014537150747657757
election_20,-0.014572634314080356
economics_20,-0.014587230705055031
leverage_19,-0.014612657287336028
georgia_20,-0.014661814946540952
judge_20,-0.014736398718858058
justice_20,-0.014780875896562073
county_19,-0.01480618115252288
dow_jones_16,-0.014838986374708573
travel_20,-0.014846524639554937
health_16,-0.014879464651943319
food_20,-0.014893054030270636
train_16,-0.014893253889702019
washington_20,-0.014904724815639803
services_20,-0.014993622819583918
movie_17,-0.015018564068650852
chance_17,-0.01506275193756148
derivatives_3,-0.015130791004725053
stats_16,-0.015155765650070974
development_20,-0.015164812856124366
wisconsin_20,-0.015171564738954845
profit_20,-0.015197447957669929
arts_20,-0.015203405725013507
office_19,-0.015216530967848784
cash_20,-0.015253349927830406
missouri_16,-0.015328503515602998
political_19,-0.015368001184729007
chance_16,-0.015630722122128703
community_6,-0.015651519281478586
culture_5,-0.01566561826806061
party_17,-0.01568209421897071
metals_20,-0.01568839672510496
fond_19,-0.01571384346331941
health_20,-0.015714685504910775
dividend_20,-0.015848101664731162
default_4,-0.015854354591507747
derivatives_16,-0.015885003481533367
minister_19,-0.015924401410371568
district_20,-0.015931900790629984
case_17,-0.015937256312132542
county_16,-0.01594769514512262
greed_5,-0.015966278872269247
vermont_3,-0.015988760463184582
tourism_1,-0.016020297896242708
holiday_16,-0.016083028902722417
car_20,-0.016096383248981862
debt_17,-0.016103490374422956
minister_20,-0.0161815455444315
court_19,-0.01620299824124871
loss_19,-0.016235379195165288
missouri_5,-0.016307508484411027
restaurant_16,-0.01634398821698275
housing_16,-0.01643214661207517
DOW_JONES_16,-0.016532153078491207
law_20,-0.016570084744956227
unemployment_16,-0.01659589561305692
garden_16,-0.016617802100242773
texas_20,-0.01663004117881266
act_6,-0.01665472234922909
cash_16,-0.016749976313148295
world_20,-0.01675945190874357
greed_16,-0.01676937338288729
trader_20,-0.016815130737146154
management_20,-0.01684056079090379
bank_20,-0.016908113227845068
movement_16,-0.016977490854077383
tennessee_16,-0.017013267901591723
nyse_20,-0.017061336056549803
present_3,-0.01709651539977768
arts_19,-0.017105892547612724
bank_19,-0.01712146846489142
court_20,-0.01722079558607701
wisconsin_16,-0.01736221459450533
products_16,-0.01740553693414504
sell_4,-0.017457487311734177
earnings_3,-0.01745985834125985
minister_17,-0.01753380412320853
court_6,-0.01755901548549339
fine_16,-0.01758728754771006
virginia_16,-0.01759896667290297
color_16,-0.017666662163194236
fun_20,-0.017807406413340554
nasdaq_19,-0.01785669727607526
success_11,-0.01788612680045214
economics_6,-0.018018960065850485
risk_16,-0.0180582942191869
lifestyle_20,-0.018065068808913853
kitchen_16,-0.0181100012819674
success_19,-0.01811124719018318
community_20,-0.018120451437813
fond_20,-0.018214747144054598
short_sell_17,-0.018242153524655434
corporation_16,-0.01841914507797162
washington_16,-0.01843875917706388
representatives_20,-0.01843891951662897
banking_20,-0.01848699604924984
ltd_17,-0.018497479969619722
products_20,-0.018499299261947866
college_5,-0.018514797271622575
culture_20,-0.018595949816347046
founded_16,-0.018619739754952503
happy_19,-0.018627972529070825
investment_16,-0.018712888911101476
crisis_9,-0.018741604154723923
dividend_16,-0.0188120533729798
arts_6,-0.01891098177860211
industry_19,-0.018945244020564432
federal_20,-0.018953624809465254
ceo_5,-0.018997225551606434
wisconsin_17,-0.0190444586686352
happy_20,-0.01918907332714994
profit_16,-0.019229344689952542
nasdaq_20,-0.019331419458092268
inc_16,-0.019332696006982175
kitchen_20,-0.019427803208622075
financial_20,-0.019440255682846574
act_5,-0.01946176239570969
social_19,-0.01955206023347964
economic_20,-0.01957550712421554
cash_1,-0.019599024159939128
seats_16,-0.019599179238182284
tourism_19,-0.019624778280480103
returns_16,-0.01963474497628668
house_19,-0.01969589931731015
kitchen_17,-0.01970758289987038
pennsylvania_19,-0.019780663771353436
politics_16,-0.019801064877087902
conflict_19,-0.01980124849570013
financial_markets_17,-0.0198067990003848
rare_earths_17,-0.01980930006156789
gains_20,-0.019828842135824386
ltd_16,-0.019841046064205003
health_6,-0.01985414439271236
greed_15,-0.01988760881997611
pennsylvania_6,-0.019996304348403115
college_16,-0.020054457709482932
gold_20,-0.020193198017159863
success_16,-0.020193774226380422
million_8,-0.020255029140216107
rare_earths_18,-0.020264054044950065
economic_6,-0.0202693862951131
district_16,-0.020322117817488494
crisis_20,-0.020347995691553322
energy_16,-0.020373687032723374
elected_18,-0.020378210275926588
technology_20,-0.020410214541419936
world_19,-0.020438257852498733
fine_20,-0.020450732106515556
crisis_19,-0.020489004418698963
committee_20,-0.020500104381835582
corporation_2,-0.02052553714074241
development_6,-0.02053232012719013
business_5,-0.020569379076429462
vermont_17,-0.020598238835431104
fed_16,-0.02061959103592308
dividend_6,-0.020634835906224634
social_20,-0.020650580333741054
hedge_2,-0.020650723684406302
governor_2,-0.02068811495428835
portfolio_20,-0.020753007989155293
house_17,-0.02079829110125473
fun_19,-0.020899723686114056
banking_6,-0.020932149709485114
democratic_20,-0.02096168288925595
virginia_19,-0.020972878015344885
council_5,-0.02102807942074314
county_6,-0.021033225827522605
college_6,-0.02104026615079657
BUY_AND_HOLD_18,-0.021104112909983687
dow_jones_20,-0.021115198786425537
william_19,-0.021124952690392385
water_17,-0.021129483189103147
court_5,-0.021147651935504608
banking_17,-0.02124932405978768
justice_1,-0.021263930414076992
short_selling_18,-0.02133071815650356
ring_20,-0.021353446938000387
credit_16,-0.02136265400305737
carolina_1,-0.02136279208670615
bank_17,-0.021391415789033696
stocks_16,-0.021436944743448573
world_17,-0.02147052474196951
sell_16,-0.021543468025818878
chance_19,-0.02156209024560336
environment_20,-0.021596359926944374
finance_17,-0.021625503425056248
marketing_5,-0.02163944924419514
housing_20,-0.021711841950964296
health_5,-0.021726452447383315
sell_5,-0.021750817730438254
union_20,-0.021751997381319766
district_19,-0.021767807474267365
debt_6,-0.02191290331626212
returns_19,-0.021914285623554176
risk_6,-0.021925654162662345
federal_19,-0.021930696908602366
movie_3,-0.02195119305899833
hedge_16,-0.021968490573271528
cancer_2,-0.021971855353912016
blacklist_20,-0.022040167233253083
industry_7,-0.02208020708872709
business_19,-0.02209917779846291
cancer_19,-0.02210098001220151
justice_17,-0.02210498228113058
management_19,-0.022129835890516803
inc_20,-0.02213602931310763
companies_5,-0.02214818003057606
tourism_15,-0.022178187473959544
law_16,-0.022209268072438327
inflation_17,-0.022232526629279083
representatives_16,-0.02228206035170872
service_16,-0.022296412929832376
global_19,-0.02232622019121544
earnings_16,-0.02232672679924892
ohio_16,-0.022329548404096688
movie_20,-0.022330552731147126
invest_3,-0.02235107892376531
kentucky_17,-0.022404785017697826
million_9,-0.02241833229222412
consumption_3,-0.0224577659443862
members_4,-0.022466547184581277
illinois_16,-0.02247592991502041
blacklist_17,-0.022494907169348342
secretary_20,-0.022505562642185596
union_16,-0.022549531814978475
movement_20,-0.02256670597658168
conflict_5,-0.022616356822543836
fed_2,-0.022626081095631755
holiday_6,-0.022680716746026362
short_sell_16,-0.02268794432953185
crash_16,-0.022717393210356752
wisconsin_6,-0.0227399219530235
politics_5,-0.022740108752602704
society_20,-0.022766131428721192
labor_20,-0.022785369905956986
travel_3,-0.022786130256518388
corporation_17,-0.022797727903785224
rich_19,-0.02281228340337389
happy_3,-0.02281643287540174
present_17,-0.02281801010803077
kitchen_3,-0.022827458951066682
blacklist_1,-0.022908057548062112
marriage_20,-0.022939796300837402
war_19,-0.02298066202393756
district_6,-0.02300325867197166
forex_1,-0.023019363199058396
revenue_5,-0.02303240923234
investment_19,-0.023190966847640104
world_1,-0.023233036646284445
union_19,-0.02323487181986781
leverage_20,-0.0232639760610734
york_6,-0.02328703139308965
council_20,-0.023290443205545297
inc_17,-0.023298675899297173
stats_5,-0.023324254629543816
default_20,-0.023347945985125663
committee_16,-0.023418677608327186
tennessee_5,-0.023425927556036695
success_6,-0.023431363250283964
success_2,-0.02343159797833343
bubble_16,-0.023436821435666742
county_5,-0.02354711373405216
financial_markets_20,-0.023589554164253745
present_19,-0.023623022036501684
rights_19,-0.023640384727680507
social_6,-0.023647492133105685
energy_20,-0.023650520454729217
financial_markets_16,-0.023695404188977552
kentucky_10,-0.023820279583842897
markets_20,-0.023835683416057952
police_6,-0.023883082398455113
risk_17,-0.02391357593366572
governor_3,-0.02391577860193852
success_20,-0.023958823452264254
arts_17,-0.023970010492582315
loss_6,-0.023970436072830604
transaction_1,-0.0239912822899359
services_5,-0.023993632274949595
illinois_17,-0.024002288352822476
dividend_1,-0.024027905505140355
energy_5,-0.024047372201881866
services_19,-0.024064740667987583
political_3,-0.024088368223053845
technology_5,-0.024102096736604794
management_5,-0.024103833787358586
short_selling_17,-0.024157425447168812
cancer_5,-0.024308060232446204
color_4,-0.024331513799245984
corporation_6,-0.024334450352570224
products_7,-0.02451244703527904
nyse_17,-0.024549857471310575
forex_16,-0.024556097891143526
war_5,-0.024636186853831777
profit_2,-0.024651489654671965
government_5,-0.024654792901734956
served_19,-0.02468884584842066
debt_3,-0.024694061911124776
economics_4,-0.02469601895564879
transaction_6,-0.024729641331756126
development_5,-0.02474927428453304
growth_6,-0.02476726946500065
york_17,-0.024784550487318025
gain_8,-0.024835998221576207
business_16,-0.024839428370868166
dow_jones_18,-0.02484068701158133
case_6,-0.024894460481602508
color_3,-0.024912566948587633
blacklist_16,-0.02492604771863649
blacklist_18,-0.02492782569768188
political_2,-0.024928197448427513
media_19,-0.024939157838179238
district_5,-0.024966719949319337
corporation_5,-0.024972250319084698
georgia_17,-0.025009783029995368
legal_7,-0.025017109947578352
rare_earths_2,-0.02502164653392356
marketing_2,-0.025087302404405244
governor_18,-0.02509544379516866
lifestyle_19,-0.02510378601518004
holiday_20,-0.02514220626942403
fond_18,-0.025152700253950534
million_20,-0.025159907205492882
leverage_1,-0.02525359950134065
federal_5,-0.025261940251394277
success_10,-0.025284154626735788
loss_3,-0.025322388956172514
ring_19,-0.025342175752747154
technology_19,-0.025372826937011372
financial_6,-0.02537670188975698
fine_5,-0.025382134483515097
fed_20,-0.025400487612317325
opportunity_18,-0.025429204802581908
marriage_6,-0.025472618891526033
rare_earths_3,-0.025494582982492096
fond_9,-0.02550023696005963
elections_2,-0.025540874387252367
DOW_JONES_5,-0.02554396021373149
kitchen_10,-0.025574684538631785
committee_4,-0.025598155768007058
invest_2,-0.025608760026181863
world_3,-0.02562217992695053
environment_5,-0.025667560505671892
economy_6,-0.025716393033042496
BUY_AND_HOLD_2,-0.025722029576118577
society_1,-0.02573905050159715
car_3,-0.02577655348892318
security_6,-0.025819935421331718
service_5,-0.02582426918265255
ring_7,-0.025829239796877436
returns_2,-0.025831532467486974
profit_17,-0.02583976987233798
governor_6,-0.0258455648667262
project_17,-0.025846648394470706
environment_16,-0.025852383284105773
ceo_16,-0.02587373979680536
home_20,-0.025883483735048562
party_20,-0.02589484815365104
fun_5,-0.025922346173004616
culture_3,-0.025949589738537625
return_6,-0.025973016092173062
rare_earths_4,-0.02598116796453396
money_20,-0.025990034396108763
economic_5,-0.02599189081080282
stocks_18,-0.025991911027502358
holiday_17,-0.0260083418616875
stock_market_8,-0.026008351290153796
development_19,-0.026056994524688792
cancer_3,-0.026102217571223486
security_1,-0.026107883674594823
washington_6,-0.0261087054288597
republican_14,-0.02614258401807663
home_6,-0.02615110510444032
train_20,-0.026180062884091894
success_14,-0.02620383356696847
housing_5,-0.026212525926053765
BUY_AND_HOLD_3,-0.026215439844544886
financial_5,-0.026255595178476643
management_6,-0.026311736088692174
gain_6,-0.02631314638960842
loss_20,-0.02632202321986834
holiday_5,-0.02634115909681454
water_6,-0.0263467126748413
transaction_4,-0.026358866116028466
invest_6,-0.026372470253656233
markets_5,-0.02637604211883817
tourism_20,-0.02638812908781807
case_3,-0.026392921235208266
finance_5,-0.02640091653789243
stats_20,-0.02640847706869707
travel_6,-0.026412376365420265
buy_7,-0.026419827106780813
council_16,-0.026425509726599315
massachusetts_17,-0.026455989573591875
law_5,-0.026474933881241246
rare_earths_5,-0.02648206846476875
massachusetts_6,-0.02649805850706042
fine_17,-0.026499970155980667
buy_3,-0.026526381169517044
religion_4,-0.02654103601909319
chance_20,-0.026560676875346356
debt_20,-0.026603882064204075
pennsylvania_17,-0.026619032318032844
society_16,-0.02667834337187578
consumption_7,-0.0266828516723423
legal_6,-0.026706422875495895
BUY_AND_HOLD_4,-0.026723315909654443
cancer_16,-0.02673441773451819
technology_7,-0.02674642548971795
car_7,-0.02677318032514737
justice_8,-0.026848851966881894
finance_2,-0.026862617294382374
environment_6,-0.02687088934365207
political_6,-0.02687229237016726
religion_5,-0.02687545670892213
color_6,-0.026944610846127138
republican_13,-0.02694803294924426
politics_3,-0.026968024915388477
technology_2,-0.02697398834614422
health_7,-0.026975415674775415
rare_earths_6,-0.026998000992206794
illinois_5,-0.027002234902387845
return_1,-0.027017987679767087
management_2,-0.027061841413975208
legal_1,-0.027064849975549077
tourism_7,-0.027092576128771716
portfolio_5,-0.027119250240715174
market_8,-0.0271417308873805
labor_19,-0.02715083075100353
lifestyle_17,-0.027207063892433304
ring_3,-0.027211899052271525
wisconsin_1,-0.027234984095927527
texas_5,-0.027270681171222222
short_sell_5,-0.02729492756158023
rights_2,-0.027326822972281506
georgia_8,-0.02733806417538922
blacklist_11,-0.027348692141082754
marketing_20,-0.0273615105155365
trader_6,-0.02736271988087402
case_16,-0.027384337427361037
law_19,-0.027385203221119436
companies_6,-0.027389930917894968
travel_5,-0.027407269296549953
opportunity_10,-0.027414956576165196
profit_3,-0.02744184779332608
movement_4,-0.02746496269408032
dow_jones_9,-0.027498765886187337
missouri_6,-0.027517021362936524
crisis_17,-0.027521567911049094
arts_7,-0.027524248351556
rare_earths_7,-0.02752973650607369
management_7,-0.027534811901012923
world_6,-0.027543092581257443
inc_19,-0.0275532952008092
credit_19,-0.027573900334440783
ceo_17,-0.027601814054419794
trader_16,-0.027639659677372252
bank_5,-0.027640540578410765
loss_4,-0.02766298354399026
returns_10,-0.02766535018667069
market_7,-0.02770621003296645
georgia_1,-0.027722241024726025
energy_7,-0.02772802268976522
freedom_3,-0.027755376353302674
office_6,-0.027780766039659
law_8,-0.02780577629377068
ltd_2,-0.027809599569407227
fine_19,-0.027818529142680282
banking_2,-0.0278325899703288
kentucky_9,-0.027839980115230235
management_14,-0.027865342650541015
media_6,-0.02787576745871525
opportunity_6,-0.02789107288444479
revenue_20,-0.02791060546116144
home_3,-0.027925417660157124
environment_2,-0.027925663835916437
vermont_20,-0.027947148301313417
seats_17,-0.027954159285986768
cancer_7,-0.02795804790482397
transaction_20,-0.027968116654067156
union_2,-0.02798689218410553
garden_6,-0.028015478684478755
energy_8,-0.028016423817114666
inc_5,-0.028019104733079957
gains_4,-0.028024654108329328
elected_1,-0.028029698142529934
service_1,-0.02806636526650739
car_8,-0.028075395066226406
rare_earths_8,-0.028078105946261346
returns_9,-0.028120574047085213
members_16,-0.02812412809809637
economics_5,-0.028130725396645073
crash_3,-0.02813349375888665
short_selling_20,-0.028140647816718167
greed_2,-0.028146124027853613
food_5,-0.028146616806591786
ltd_20,-0.028155504768886775
illinois_8,-0.028171311206070415
fine_6,-0.028174745508973233
portfolio_1,-0.02817536075178273
marriage_7,-0.028178753992274652
dow_jones_6,-0.028186498057420416
president_2,-0.02818690261126877
stock_market_1,-0.02821004582170743
texas_17,-0.028213000682903645
present_1,-0.028215970593783602
office_7,-0.028226746992792196
service_8,-0.028228398337467486
consumption_17,-0.0282464242481296
massachusetts_5,-0.028252198467267852
headlines_19,-0.0282883620727409
marriage_2,-0.02831412514345224
election_10,-0.028328573525142797
earnings_4,-0.028343112774455094
william_17,-0.028351341428524468
texas_6,-0.02836614471273873
home_5,-0.028375602443719884
minister_6,-0.028378879377850375
companies_20,-0.02839111267874923
police_19,-0.028400296960937134
products_5,-0.028403582555866835
unemployment_6,-0.028407736138296148
house_8,-0.028420870427617873
debt_16,-0.02842454062982447
unemployment_5,-0.028433388772560676
ceo_14,-0.028450046614772417
bonds_1,-0.028455142274547505
pennsylvania_1,-0.028459024024930522
oil_9,-0.028461960188232816
global_8,-0.028462806257491625
holiday_3,-0.028462923020055465
food_8,-0.02849793588638063
stocks_17,-0.028502934244950585
movement_5,-0.02850598830978195
community_17,-0.02850607880910889
virginia_5,-0.02850783392961522
house_6,-0.02851755334836108
DOW_JONES_20,-0.02852186105184551
security_5,-0.028522708299498722
returns_6,-0.028526962455414417
global_14,-0.028550352558739122
freedom_6,-0.02856025065497636
security_20,-0.028578245541499948
home_8,-0.0285788004596673
crash_20,-0.02859202956233444
law_3,-0.02860357482570486
credit_6,-0.028614531660422514
hedge_9,-0.028623850155724218
nasdaq_7,-0.028636015645281045
rare_earths_9,-0.02864400645581855
william_5,-0.02864485753393813
world_8,-0.02866098023630481
washington_7,-0.028673519326200835
stocks_20,-0.028674559344521944
services_6,-0.028703781703417343
water_10,-0.02870838528409887
rights_9,-0.02871464413518947
environment_3,-0.028719430739740436
stock_market_5,-0.02873062104807711
metals_5,-0.028734545021727963
committee_9,-0.028736395763077516
dividend_8,-0.028759286130381322
world_9,-0.02876553054020583
inc_7,-0.028771484444612284
law_2,-0.028772161093967363
loss_5,-0.028773820897728508
trader_4,-0.028787332315635926
metals_6,-0.02881189319544315
political_10,-0.02882797030913651
union_7,-0.028864848859280378
community_1,-0.028883512939054133
short_selling_7,-0.0288932051202762
tourism_6,-0.02889503092510808
technology_8,-0.02889550326257042
elected_6,-0.02889604092024851
vermont_5,-0.028906821437353503
conflict_2,-0.02891058878094621
carolina_5,-0.02891871136948849
ohio_14,-0.02893218023423718
texas_7,-0.02893335704146649
union_17,-0.028942271616743252
party_7,-0.028948843673902803
gain_4,-0.028955699286248127
holiday_7,-0.02896047728741078
project_20,-0.028965569320901774
crash_5,-0.028969217767918786
stats_8,-0.028982766881997902
rights_6,-0.028988012150988406
portfolio_3,-0.028995875896164904
secretary_5,-0.02899744596169209
conflict_3,-0.029016650553285128
ohio_5,-0.02901860721727134
buy_8,-0.029047396212554498
arts_3,-0.02905444515902402
returns_3,-0.0291138263393945
crash_6,-0.02912993531781367
community_7,-0.029161366917064103
georgia_5,-0.02918804182391004
success_15,-0.029194114331267573
senate_14,-0.02919618074519481
missouri_14,-0.02919794239394342
movement_1,-0.02920070179986183
office_5,-0.029212473382543937
BUY_AND_HOLD_8,-0.029218469590192385
illinois_19,-0.02922293085469698
rare_earths_10,-0.02922840839757703
return_3,-0.029239969201430415
trader_3,-0.02925598033530501
environment_9,-0.029263111072810453
economy_5,-0.029271323544207185
buy_9,-0.029272534703730903
president_6,-0.02928181900819915
gold_7,-0.029294109671195324
color_8,-0.02930454908134994
project_5,-0.029335270688518045
party_19,-0.0293388066903298
fun_6,-0.029345946587813598
cash_6,-0.02934829364470053
justice_5,-0.029362281930437616
dividend_18,-0.029386066225484297
inflation_2,-0.02939201719520179
political_5,-0.02940011189072096
world_7,-0.029406366411713923
case_10,-0.02941535533661057
tourism_2,-0.029437095106866963
served_10,-0.0294382082876693
credit_17,-0.029441354471533333
home_9,-0.02944151682193654
derivatives_13,-0.029477244664840453
kitchen_9,-0.029495553649293127
york_5,-0.029506123462094202
senate_9,-0.029528360077613815
community_5,-0.02953540841695983
court_7,-0.029552394680215643
illinois_20,-0.029554666578522192
ministry_9,-0.029563112607109178
restaurant_6,-0.029565134049335674
house_10,-0.029566827454370715
present_10,-0.02957175519279489
religion_2,-0.02957620811139754
happy_9,-0.029580166421474187
democratic_1,-0.029635446102425144
greed_7,-0.029641806193643115
environment_15,-0.029670132527446012
tennessee_1,-0.029679673477129763
water_1,-0.029681346464132695
tennessee_9,-0.02969838473856399
governor_5,-0.02970284980253073
industry_5,-0.029703571169668708
law_7,-0.0297124677931496
media_9,-0.029722298854742424
lifestyle_3,-0.029729890160842043
train_6,-0.02974692437103057
risk_7,-0.029770732123643385
justice_6,-0.029775679008883827
william_6,-0.029781184624560076
ministry_8,-0.02978764085735399
pennsylvania_10,-0.02979741356274639
police_1,-0.029812889511025543
BUY_AND_HOLD_9,-0.029813875155342527
car_10,-0.029820362491852583
movie_7,-0.029824021490356768
banking_8,-0.029824645576601493
gold_9,-0.02982624880481526
short_selling_4,-0.029839628283074626
media_7,-0.02987842052292975
greed_6,-0.02988397813935586
oil_10,-0.029884123104289895
religion_6,-0.02989313308560009
house_7,-0.02991108059114762
markets_1,-0.02993054316121473
car_9,-0.029932411283421723
travel_9,-0.029936781512664278
society_5,-0.02995187308446714
fond_12,-0.029980703412135302
consumption_18,-0.029981012172898745
housing_19,-0.029998135194406972
invest_4,-0.03000777011768918
arts_8,-0.030029792536053847
environment_7,-0.030054721029434118
million_6,-0.03006774396881038
council_14,-0.03007245039071782
rare_earths_1,-0.030080687436347196
york_9,-0.030090022435474782
secretary_7,-0.030101797333515055
consume_13,-0.030135687409533207
seats_3,-0.03017269803200371
products_1,-0.030172935176070427
hedge_6,-0.030174442376548337
invest_20,-0.03018005672317061
media_1,-0.03019715951607811
credit_3,-0.03019791529671485
default_9,-0.030200028747996564
police_16,-0.030223483600955524
legal_5,-0.03022443716699317
community_19,-0.03023364356508449
home_7,-0.030234687008570148
car_5,-0.030236217273221854
tennessee_8,-0.030265594641033223
marketing_19,-0.030266835527195845
economics_7,-0.0302678546106099
ohio_10,-0.030272397500464576
committee_2,-0.03027534097013389
services_2,-0.03027893531393766
garden_8,-0.030302783476392682
tennessee_10,-0.030304344807524287
project_9,-0.030308878282855424
tourism_8,-0.03031281630657905
transaction_8,-0.030321310108095068
arts_5,-0.03033618705114609
house_9,-0.030349669453028215
debt_4,-0.030350915721185246
forex_10,-0.030352178969068278
transaction_7,-0.030370789328050884
short_selling_10,-0.030381492744769756
returns_8,-0.030382925780790382
short_selling_5,-0.030421029147212852
federal_16,-0.030425457133688917
BUY_AND_HOLD_10,-0.030428884547756496
environment_17,-0.030443737032371576
services_14,-0.030457537684537718
ore_1,-0.03045810801351212
travel_8,-0.030460694109095066
republican_9,-0.03047455043620373
invest_7,-0.03049851103207344
society_6,-0.03051709386793753
color_5,-0.030528113978393168
project_10,-0.030531441149780368
development_16,-0.030563051362873093
wisconsin_19,-0.030565803714648943
rich_4,-0.030620172863779983
happy_6,-0.03063019270441447
tourism_3,-0.03063716212788916
freedom_1,-0.030639390896336383
firm_10,-0.030656631162935356
vermont_8,-0.030682598044181365
project_1,-0.0307177392308976
religion_8,-0.03072623220734394
culture_9,-0.030726506395220766
georgia_9,-0.030736273743199493
vermont_10,-0.03073703632112603
members_10,-0.03075759627821275
credit_7,-0.03076069606516274
marriage_3,-0.030776214746039355
war_1,-0.030777201754493055
inflation_7,-0.03080257320795734
technology_6,-0.030820561773159682
return_8,-0.030859813340190213
stats_6,-0.030866998827930536
BUY_AND_HOLD_1,-0.030896387288230874
politics_17,-0.030908486603823105
act_1,-0.030919195719870583
finance_16,-0.030962209488789316
york_7,-0.030976468943774038
ring_6,-0.03098996777588159
college_8,-0.030990713489908672
texas_1,-0.0309921867329807
crash_4,-0.0310023426568365
economy_3,-0.031007819035560713
movement_2,-0.031040981541802237
president_16,-0.031046787864427116
short_sell_10,-0.031048313595829158
movie_6,-0.03104885496453815
york_10,-0.031050027500439635
restaurant_9,-0.031053801980978003
movement_6,-0.0310673019417808
election_8,-0.03107187398597666
project_8,-0.03107232371904465
blacklist_7,-0.031078099941328263
market_1,-0.031080988407580223
carolina_7,-0.031097573474401653
conflict_6,-0.031099815903837903
judge_11,-0.031106102886602982
holiday_8,-0.03111381757346694
ceo_10,-0.031133997761906174
financial_markets_19,-0.031141680272563543
william_1,-0.03114543763839961
lifestyle_8,-0.031157673351579086
culture_2,-0.03116809902904427
kentucky_5,-0.03117480367117966
consumption_13,-0.03121309021632148
kentucky_8,-0.031215440378461756
unemployment_1,-0.031226003752915045
religion_10,-0.03122779721828477
global_10,-0.03122834124892935
secretary_8,-0.03123998207537069
marriage_9,-0.031249784118169678
vermont_9,-0.0312752963447331
case_9,-0.03127558973901232
pennsylvania_9,-0.03130105595315467
trader_9,-0.03130644055188907
bubble_3,-0.03132204121830022
world_10,-0.031333124628206546
investment_9,-0.0313664101927813
transaction_3,-0.031391154444952066
secretary_9,-0.03139549489800238
republican_6,-0.031399099739584435
food_3,-0.031425455443811166
york_1,-0.03143518051601115
oil_7,-0.031438459210499946
technology_9,-0.031440062956234936
president_1,-0.031483214835613074
returns_1,-0.03148677361694936
companies_3,-0.031491363723332035
act_3,-0.031500482076936766
return_5,-0.03151855359216642
firm_5,-0.03152351806123521
credit_2,-0.03152662510231759
ring_10,-0.03153035047780186
vermont_7,-0.03153783723483663
blacklist_5,-0.031545536321677045
cash_19,-0.031577550959457176
chance_18,-0.031584630210042874
garden_7,-0.03159953064855168
virginia_1,-0.03160261656118883
fine_3,-0.03161870999527707
return_20,-0.031634186506318905
nyse_10,-0.03168564026769834
debt_9,-0.031688925770087306
bank_7,-0.03171959538079026
economic_16,-0.031733514612256306
leverage_18,-0.03173369201589053
legal_17,-0.031743051113153634
travel_7,-0.03175736245577154
house_1,-0.03176937432257245
industry_9,-0.03177808314111123
growth_1,-0.03177845181035197
security_7,-0.031789957242780865
freedom_10,-0.03181176259425833
members_2,-0.03181514668716303
home_10,-0.03181893355724792
president_10,-0.031833210363114615
dividend_5,-0.03183789028823876
water_2,-0.031911560757446875
short_selling_9,-0.031948980668103144
products_9,-0.031967363925782324
elections_9,-0.03197633773712283
industry_1,-0.03198307062404353
headlines_2,-0.031991271589717776
oil_5,-0.03199421499365165
water_5,-0.03202507037111235
founded_4,-0.03203055440944889
food_9,-0.032060686290179954
car_6,-0.03206627823823207
growth_17,-0.032069767007679696
market_6,-0.03207003813414009
war_9,-0.032071528611584466
culture_10,-0.03207437590966535
lifestyle_2,-0.03207780231597344
investment_17,-0.03208365591528872
minister_7,-0.032091136517004126
gold_6,-0.032091771150987936
forex_9,-0.03210137746182555
politics_9,-0.03210147446287008
color_19,-0.03211958213635213
tourism_17,-0.03212086456081546
crash_9,-0.032121914320490184
members_5,-0.03213375800587932
marriage_5,-0.03214252549412555
risk_8,-0.03215909832184274
ceo_9,-0.03218672749474645
justice_10,-0.03221528827872235
labor_7,-0.03223406884282738
government_10,-0.03226176761182031
governor_16,-0.03226622452792967
revenue_19,-0.03227914109277992
greed_3,-0.03229047905996944
default_17,-0.03229629245325756
service_7,-0.03229838193573924
oil_6,-0.03230110578913705
firm_3,-0.03230461152427846
money_5,-0.0323206482854286
loss_13,-0.03233337756934647
fine_7,-0.03238647599358753
william_10,-0.03240118198498365
media_3,-0.03242111587611407
risk_9,-0.03244494860522791
money_1,-0.03244755682864582
movement_8,-0.03245684290398789
loss_1,-0.03246532402007159
crisis_8,-0.03246644808363817
bonds_6,-0.032479203241243426
profit_11,-0.032481658149806816
energy_6,-0.032498157120035676
consumption_9,-0.03250328811578942
elections_7,-0.03250682532017588
judge_3,-0.03252450056433413
vermont_4,-0.032528651254784546
car_19,-0.032533667033680345
stock_market_20,-0.03255912614241334
court_2,-0.03256606871203231
chance_4,-0.032595710151187916
dow_jones_7,-0.032601987485720206
restaurant_10,-0.03260374938562458
restaurant_17,-0.03262661597366627
services_17,-0.03262741966635487
oil_1,-0.032659349381674765
rich_6,-0.032687147853728615
financial_markets_18,-0.03271750693023656
car_1,-0.032740681667011516
stats_13,-0.03276124986991831
economy_1,-0.03277561590673232
case_1,-0.032806656860494735
ltd_5,-0.03282481203082153
carolina_10,-0.03283101107294724
economic_8,-0.032843781620141274
massachusetts_1,-0.032855765886937685
products_19,-0.032857682523573926
president_19,-0.03291304733690512
texas_8,-0.032928862220885625
culture_6,-0.03292976189937702
short_sell_3,-0.032932195011179055
markets_8,-0.03295799995691413
project_6,-0.032982758022325954
missouri_7,-0.032991758731291745
served_1,-0.03303024902906395
development_7,-0.03304346024235798
train_8,-0.0330776644738225
cancer_15,-0.03308091556929347
cash_5,-0.033086968522103286
chance_10,-0.03308839291213124
federal_6,-0.033107318842469605
fond_4,-0.03311397733247214
gold_1,-0.033114931726170305
founded_2,-0.03312026400245016
bonds_17,-0.033122593452035096
political_4,-0.03312682085095964
party_8,-0.033135157979299626
representatives_1,-0.0331352831080189
republican_10,-0.03313643555711558
gold_8,-0.03314114634285177
housing_2,-0.03314206102240047
minister_1,-0.033150703523659786
arts_1,-0.033150837829835966
virginia_7,-0.03315448142100415
court_8,-0.03319421311080324
home_19,-0.0332671335621352
rich_8,-0.033276885633302444
invest_8,-0.03328242926377922
ore_7,-0.0333166768898824
secretary_1,-0.03332945681830644
freedom_5,-0.033344683490625006
economy_2,-0.03335177542498802
cash_9,-0.03335654401162942
county_1,-0.033363153271324886
carolina_9,-0.03336752272187364
party_6,-0.033386856386384854
cancer_6,-0.03340007635389346
seats_8,-0.033422296599553
development_17,-0.03342811828535068
happy_7,-0.033429602892011134
kentucky_1,-0.03343270929621047
sell_7,-0.03344593419018098
markets_3,-0.03351133326260573
banking_19,-0.033513469434892286
served_4,-0.0335226732968247
college_7,-0.033546352791217246
ohio_11,-0.033561418725038906
industry_6,-0.03357704237995836
restaurant_4,-0.033578764156502
act_11,-0.0335813924473501
chance_7,-0.03358762843974463
buy_6,-0.03358941476767548
labor_11,-0.033618900348407685
banking_1,-0.03362654376941028
buy_4,-0.03364219324093156
society_15,-0.03365715644843777
money_9,-0.033674151293064766
garden_9,-0.033675433505539545
ltd_8,-0.03368399122636241
water_11,-0.03369775539218267
present_7,-0.03372472863162261
wisconsin_7,-0.03373401225171464
financial_17,-0.033737272096519846
color_1,-0.033737813283725694
restaurant_5,-0.03374501984819691
short_selling_15,-0.03375545741947348
stats_10,-0.03375834701118981
ltd_7,-0.033790785456136715
war_17,-0.033812556437232286
conflict_14,-0.03383926657687917
rich_7,-0.03389956549410524
illinois_1,-0.03392676171067066
trader_5,-0.03394037521784623
success_9,-0.033945409158024444
profit_5,-0.03394669600397462
crash_7,-0.03397669121747375
georgia_10,-0.03398865376351849
representatives_5,-0.03400979951762171
consume_6,-0.03401123000815274
arts_13,-0.03402513838004799
politics_2,-0.034044052951485895
return_17,-0.034049908330218016
trader_7,-0.034053549985560295
law_9,-0.03406671734526197
wisconsin_5,-0.03407853389756952
ltd_11,-0.03408834854284344
washington_10,-0.03409689249942793
bubble_11,-0.03411237591018605
served_6,-0.03412394897363937
economic_2,-0.034129862408250444
served_5,-0.03415253644031171
holiday_9,-0.034230976767669195
dow_jones_10,-0.03423574551554742
georgia_6,-0.03425528880854758
william_9,-0.034257951774646564
DOW_JONES_18,-0.03426084419551154
environment_1,-0.03429195378551031
credit_5,-0.034302135578146695
pennsylvania_7,-0.03430909161643503
sell_17,-0.034314081377189345
portfolio_6,-0.034321727166329086
ohio_1,-0.034346474250937974
housing_6,-0.03436245207387136
services_7,-0.03436861236267756
law_6,-0.03437023643613111
risk_20,-0.03438473909349238
economy_20,-0.034394799326043966
kentucky_6,-0.03439951134233839
cancer_10,-0.03442528074487352
security_17,-0.03442686780697686
war_6,-0.0344538469557937
returns_17,-0.03449046190777387
william_15,-0.03451076636260479
committee_11,-0.03451941724635801
industry_11,-0.03453033265907166
district_2,-0.03454280313931886
culture_19,-0.034577130995080196
return_7,-0.03458258179690303
georgia_14,-0.03461765156308039
movie_4,-0.0346453657328049
crash_11,-0.03465365099778086
ohio_7,-0.03466895873918807
million_7,-0.03468419730405441
debt_11,-0.03469609051070839
train_9,-0.03470008772943274
tourism_9,-0.03473490351882429
marriage_1,-0.034746832046289346
republican_8,-0.03474926065403152
growth_5,-0.034750964983563205
corporation_20,-0.034754437463875944
inc_14,-0.034775198341371286
consumption_16,-0.03478169276566976
marriage_10,-0.03478401540322189
county_10,-0.03479985090743458
virginia_8,-0.03480436147869266
health_8,-0.03480641738091703
religion_19,-0.03480831547210739
water_9,-0.03481561123004888
travel_1,-0.03483777643790011
companies_19,-0.03484464514820516
portfolio_7,-0.03485161355677087
finance_7,-0.03488324480562457
washington_5,-0.03489532875436665
party_10,-0.034898919577317965
ore_4,-0.0348994888072798
pennsylvania_5,-0.034912375666747986
illinois_7,-0.03493293315633017
judge_4,-0.03493441294959643
york_11,-0.03493530751561589
movement_7,-0.034947212860006974
hedge_1,-0.03495163851473402
government_15,-0.03496672533246594
car_11,-0.035039069139762694
bank_11,-0.035039655795732226
million_17,-0.03504924225581345
law_17,-0.03505676529178301
transaction_5,-0.03506799454373222
rare_earths_11,-0.03509710488944049
transaction_2,-0.03510198394533639
world_5,-0.035178003835766546
economy_9,-0.03518633944811258
corporation_1,-0.035197399275696026
party_11,-0.03520009103144879
gains_16,-0.03520253930260775
train_13,-0.03520706999949545
happy_16,-0.03521744173940198
ore_3,-0.03522555480803722
companies_7,-0.03524589996683727
election_11,-0.03526258330380849
ore_16,-0.03528615080059738
business_11,-0.035304170529183845
forex_5,-0.03530933783247223
returns_7,-0.03530944782016778
movement_9,-0.03531551947708951
office_1,-0.03532276499516755
consume_3,-0.03532641247926904
rights_11,-0.03533172213584699
consumption_11,-0.035349751643063046
government_9,-0.03535093557927447
headlines_15,-0.03539822698228297
movement_3,-0.035401609237250706
marketing_17,-0.035408911269242685
ministry_14,-0.03541010707077567
environment_8,-0.03542055560893396
return_11,-0.03542552624979785
invest_10,-0.035454605867840126
nyse_5,-0.03549766979900093
seats_15,-0.035498080014735735
rights_10,-0.0355111973487088
tennessee_11,-0.035529800768444496
president_11,-0.03554087821537546
finance_20,-0.03554386293242504
energy_19,-0.03554571424690134
technology_16,-0.03555687731917143
political_9,-0.035568959654501395
conflict_17,-0.03557536267212482
act_17,-0.035580205629956584
global_7,-0.035581158535736915
lifestyle_6,-0.035594379683437635
markets_6,-0.035603968982998516
tennessee_17,-0.03560404736794105
governor_1,-0.035639252995850114
growth_8,-0.035645639056024005
york_8,-0.03567665872314396
unemployment_18,-0.03569846075071996
health_19,-0.035712600548946025
media_8,-0.03574021061282917
loss_8,-0.035742429593942936
rights_3,-0.03574493671327663
social_7,-0.035764881752000724
travel_10,-0.0357805459650119
credit_11,-0.035798686704929736
police_11,-0.035849104017023306
metals_1,-0.03585875836753667
carolina_6,-0.035866487559162975
food_4,-0.035869377309191555
management_11,-0.03587536733687775
vermont_1,-0.03589365152782498
market_5,-0.0359021461195147
companies_1,-0.035923549379595944
money_8,-0.03593041412702749
nyse_2,-0.03594867863540483
fond_8,-0.03595659433580982
banking_3,-0.03598122750379349
garden_10,-0.036000302178777165
consume_10,-0.03601526816747298
revenue_14,-0.03601869096784325
blacklist_10,-0.0360293244579013
risk_1,-0.03607350448956388
ministry_10,-0.036075242042300594
invest_5,-0.036081695412245526
secretary_14,-0.03609063029287722
court_11,-0.03609367097354401
crisis_11,-0.036119056107915104
committee_10,-0.036238404926886146
security_10,-0.036244651747921484
risk_3,-0.03624822927250049
nasdaq_6,-0.03628098362127532
ring_11,-0.03628471954843071
missouri_9,-0.03628950527690211
virginia_9,-0.0363015278576827
war_3,-0.03631326723251369
fun_7,-0.03631367338481881
products_8,-0.036347632354117046
services_16,-0.03635314407047441
food_11,-0.03635769950755334
greed_4,-0.03637210506810262
financial_14,-0.03638090950707536
college_3,-0.03638228202786311
case_7,-0.036390507074793785
food_1,-0.03639550091563348
buy_10,-0.03641378390912844
texas_9,-0.036420665407723596
leverage_17,-0.036439258331231496
fine_4,-0.03646842397651544
party_9,-0.0364696048912978
district_11,-0.036497386396638506
economics_8,-0.0364988969110299
arts_4,-0.036506339281144884
BUY_AND_HOLD_11,-0.036506920215758944
restaurant_7,-0.03651634348891919
nyse_9,-0.03653152150699359
finance_11,-0.03653457772832962
media_11,-0.03655452557623577
federal_11,-0.03655474304127142
rare_earths_13,-0.03658902193459805
stats_7,-0.03661004055939192
society_11,-0.03661447111777607
banking_7,-0.036616078395800986
fun_16,-0.0366196504129944
representatives_7,-0.0366317831252948
democratic_9,-0.03663639261266956
return_10,-0.03667421694700905
firm_9,-0.03667535525199335
politics_6,-0.03669940070833013
gain_11,-0.03671542492773596
tourism_10,-0.03672570827819337
financial_19,-0.036749293147414416
garden_1,-0.036777540147053436
pennsylvania_11,-0.03680103141824551
technology_10,-0.036802207346808835
movie_11,-0.03681283632551928
health_17,-0.03683200881170832
georgia_11,-0.036843765409235174
nyse_6,-0.03686730148541917
act_10,-0.03687863774423912
forex_2,-0.036890236189331425
house_3,-0.03689292232215333
members_3,-0.036900127687752526
ring_5,-0.036916622092383666
carolina_11,-0.03691960010810451
bubble_10,-0.0369211871452612
ltd_9,-0.036939823190286256
gains_14,-0.03695467997336168
banking_11,-0.036956961108376984
virginia_11,-0.03696745795308696
elections_14,-0.03698520400749574
investment_11,-0.03698964043191681
council_19,-0.03699201061468105
economic_7,-0.03699438632184697
college_11,-0.037001204720727474
money_3,-0.03700323323732211
business_17,-0.03701610350563371
election_9,-0.03704649212738602
democratic_11,-0.037053969197467486
minister_8,-0.03705524924593351
election_13,-0.03707838143772577
politics_19,-0.03707881025002988
william_8,-0.03709963682667827
water_3,-0.037123116746662535
nasdaq_14,-0.037124785337929664
served_8,-0.0371484980131485
carolina_19,-0.037164219925512665
nasdaq_5,-0.037171530631313954
ring_9,-0.03718706504769065
religion_15,-0.03719521161834529
nyse_7,-0.03726168283788291
carolina_8,-0.03727427565977361
nyse_8,-0.037274743181457626
home_1,-0.03729188839980226
stats_3,-0.03732190476634556
financial_markets_9,-0.037336225844078565
ohio_9,-0.03734253277072301
seats_13,-0.03734712042135195
members_6,-0.037368054572239996
rare_earths_14,-0.037375940853850785
media_10,-0.03741208845035673
products_11,-0.0374141807319134
markets_4,-0.037436078993677825
act_7,-0.037454600009580896
economic_1,-0.03745495167688564
economic_9,-0.03745868834911761
seats_11,-0.037532492304332664
travel_11,-0.037543247098407326
party_1,-0.03754531257173364
management_9,-0.037569574206553755
massachusetts_11,-0.0375862970005393
community_8,-0.037638927095256604
opportunity_17,-0.0376595539472576
headlines_7,-0.037662717724854945
global_9,-0.03766704677155959
founded_7,-0.037673788056021354
crash_10,-0.03767876641022581
success_7,-0.03770435369839664
metals_11,-0.03770578018984065
union_11,-0.03771367640860914
county_14,-0.03776765993388478
business_7,-0.0377719684640833
case_8,-0.037803954812947495
garden_5,-0.03780872364477583
act_9,-0.03782301607718286
management_16,-0.037846770044903444
nasdaq_11,-0.0378571645189705
federal_2,-0.03785953851572086
william_7,-0.037873203466394154
service_9,-0.03788968652371736
business_1,-0.03789885092819103
party_15,-0.03791751913456096
investment_20,-0.03793026721776409
earnings_17,-0.037968378533970504
oil_11,-0.03798843260877749
ring_4,-0.03799040016912105
investment_4,-0.038007713096369855
labor_16,-0.038011227171352704
blacklist_2,-0.03802087735914248
million_11,-0.038025734055090264
home_11,-0.03803043514952129
william_3,-0.038041043881009665
nyse_18,-0.03804553878306083
earnings_7,-0.0380574055415424
religion_7,-0.03805754455826873
stats_1,-0.03806092752058974
marketing_13,-0.03806726354144736
economy_8,-0.03811530976519857
financial_16,-0.03812651138030676
marriage_8,-0.038142272184349756
texas_10,-0.038153937208369904
governor_7,-0.03815708581696795
crisis_14,-0.038159018157371064
court_14,-0.038176422048544545
revenue_6,-0.03819248630079051
rare_earths_15,-0.03819250456521117
success_5,-0.03821114905303831
metals_17,-0.03822769759092526
train_3,-0.038239902321101235
governor_15,-0.03827101597468794
DOW_JONES_10,-0.038326416441917054
economics_11,-0.03834294931202338
happy_13,-0.03838087154773031
chance_6,-0.038387156826890666
DOW_JONES_9,-0.03841048872635215
lifestyle_9,-0.03841551057005617
chance_11,-0.03842004348909012
portfolio_2,-0.03846005613635044
security_11,-0.038480644456916326
marriage_13,-0.03848271662491491
democratic_2,-0.038491807868351956
rights_5,-0.038572064069226794
products_10,-0.038586681005493784
lifestyle_16,-0.0385901440706425
court_17,-0.038596858316959894
gain_9,-0.038603425876732975
firm_8,-0.03864940720864318
nyse_12,-0.03865378746242561
act_2,-0.03865414187189746
gains_3,-0.038659581057169136
ceo_8,-0.038671721534737566
political_1,-0.03868077887101753
food_6,-0.038685390795603694
legal_11,-0.038692574602060034
georgia_15,-0.03870771252160206
rights_7,-0.0387374685354591
sell_3,-0.038745823891229866
loss_7,-0.03875373653267642
short_sell_20,-0.038766822165134385
development_11,-0.038796129930293466
vermont_6,-0.038830979192172224
federal_7,-0.03883425030896519
college_2,-0.03883916311414086
development_9,-0.038864367440441416
kentucky_15,-0.038869815958036624
housing_9,-0.03887405874812082
headlines_1,-0.038895874122637106
holiday_1,-0.03889963870151294
present_6,-0.038909771658971734
energy_11,-0.03891335900645816
buy_11,-0.03892843353450339
growth_7,-0.03893913741215878
leverage_3,-0.03894303820913527
crash_1,-0.03894796561424738
dow_jones_5,-0.03895243882791453
market_9,-0.038954180055047936
election_14,-0.03897867509577759
ministry_16,-0.039006520561264676
council_6,-0.03901228857400063
texas_19,-0.039045863203190964
blacklist_6,-0.03906632974334998
illinois_11,-0.03907452956235693
financial_11,-0.039091076694372354
election_16,-0.03909766680344022
car_4,-0.03912200281744951
society_19,-0.03914134083835843
labor_8,-0.03914678941166501
service_10,-0.03914793972099406
case_5,-0.03915636380288423
products_3,-0.03916499692592532
service_6,-0.03918772451305399
consumption_20,-0.03919297222342757
college_10,-0.03922606617578726
social_11,-0.03923618022340232
project_3,-0.039249201511186535
freedom_7,-0.03925278952068534
chance_9,-0.039285987426187316
act_15,-0.03928976288206278
happy_5,-0.03929152375937721
derivatives_15,-0.039314029477473575
gold_10,-0.039327260192821734
served_11,-0.03932735276930097
rights_15,-0.039340158592859754
market_15,-0.03934691771751708
project_7,-0.039347919185304336
buy_5,-0.03935317664969555
college_9,-0.039354667553317645
ohio_8,-0.039379027492776573
corporation_7,-0.03942886587268
texas_11,-0.039443493089805416
companies_2,-0.039445958983006804
gain_5,-0.03946624108319905
kentucky_7,-0.03947834056613324
nyse_13,-0.03948724092504121
law_11,-0.03951898161988514
unemployment_15,-0.03952559587208297
served_18,-0.03954755340892298
democratic_18,-0.03956869750407695
elections_15,-0.03957100990483671
labor_5,-0.039577074049251634
secretary_6,-0.03957787380709592
BUY_AND_HOLD_7,-0.0396017918855631
county_11,-0.03961937370017079
members_9,-0.03962185926132915
ore_9,-0.03963447922613199
social_2,-0.03965266409471875
office_17,-0.03966296391343151
lifestyle_13,-0.039682390557437316
office_11,-0.03969026594024496
stock_market_9,-0.03973638514374238
security_8,-0.0397370280129562
federal_17,-0.03974243825833719
house_5,-0.039757174088208225
nasdaq_1,-0.03978761830829651
energy_9,-0.03979773573380243
movie_9,-0.039825978456079006
crash_8,-0.039830986630568124
rich_15,-0.03983843914031422
legal_3,-0.039918235077131436
health_2,-0.039932120848189576
environment_11,-0.03994222055755938
investment_1,-0.03995451788222308
BUY_AND_HOLD_15,-0.03999277554733891
economy_16,-0.039997073116588
buy_1,-0.040001797340816325
representatives_8,-0.04002452497627833
massachusetts_4,-0.04004045491577109
economics_17,-0.04004999945079295
cash_3,-0.04006391981765658
seats_10,-0.04007322182738029
profit_1,-0.04009617457733552
labor_10,-0.04009987485121125
representatives_9,-0.0401221442445517
metals_7,-0.040126527618031774
loss_2,-0.04018076559821708
headlines_6,-0.040197695671375634
home_4,-0.04020625780687812
judge_8,-0.040240526789823663
freedom_13,-0.0402485370997171
short_selling_14,-0.04024944191712374
federal_9,-0.04027727320972339
dividend_14,-0.04028131610354992
case_2,-0.04029893991967788
fond_6,-0.04032942093479639
blacklist_14,-0.040353709317073605
companies_15,-0.04036124728359671
missouri_2,-0.040396312658949274
economics_15,-0.040396981269053465
firm_17,-0.04039721246543
transaction_10,-0.04040054781782718
default_6,-0.04040130518360561
fun_11,-0.040407497470309986
william_14,-0.040415093441905345
labor_9,-0.040467220173409535
rich_9,-0.0405005982559357
consume_2,-0.0405413496120824
culture_11,-0.04055108742752182
short_sell_18,-0.040552871871123865
products_6,-0.04057008498761585
return_4,-0.04057608389399052
media_5,-0.040587202568348135
companies_9,-0.04066784708560156
illinois_10,-0.04067043068256513
court_16,-0.04067319353137442
social_5,-0.040680373626665454
crisis_4,-0.040694763946293434
service_19,-0.04069859196453698
stats_11,-0.04069993789852715
sell_11,-0.04070514177790803
profit_13,-0.04072130584483082
kitchen_4,-0.04074741954696994
office_14,-0.040766643905111775
council_11,-0.040781135284872726
energy_15,-0.04081374600866829
tourism_11,-0.04082728585801203
garden_15,-0.0408280551845386
office_9,-0.0408421145041622
color_15,-0.04084542019076405
office_10,-0.04085943100552014
members_11,-0.040859981800273705
tennessee_7,-0.04086934648583529
short_sell_15,-0.04087603174946173
marriage_15,-0.04087704031609156
federal_15,-0.040891339853487495
development_8,-0.04089413147894574
greed_1,-0.04089611333300895
credit_1,-0.040916397202955125
sell_15,-0.040931171646772756
oil_8,-0.040983451178174014
society_3,-0.04100683810347181
headlines_16,-0.0410164763853081
washington_19,-0.0410438400244979
republican_16,-0.04104610462507454
finance_19,-0.0410463972774396
money_11,-0.04104872334256715
portfolio_17,-0.04104933594374962
minister_13,-0.04107971355451663
fine_12,-0.04110853441085334
credit_9,-0.04111199757296251
world_4,-0.04111638429633844
political_11,-0.04116264537952106
fond_3,-0.04117870858074339
security_9,-0.041181371882341056
social_10,-0.0411839600501307
cancer_4,-0.04123146671858009
restaurant_11,-0.0412416059695657
bubble_8,-0.041242456313748274
rich_16,-0.041262707547418384
pennsylvania_14,-0.04126751028210167
industry_13,-0.04128038155187619
election_2,-0.0412911419192481
oil_16,-0.04131411692870397
stocks_15,-0.04132036372729002
housing_3,-0.04134174753144502
economic_15,-0.04135312204309014
union_3,-0.04135956470153927
technology_11,-0.041379804371424925
firm_7,-0.04138716504009432
DOW_JONES_11,-0.041397628142269306
massachusetts_7,-0.041436011172584955
community_11,-0.04143939477713985
government_1,-0.04145285085132202
cash_15,-0.04145809096355966
governor_17,-0.04146179874139742
opportunity_7,-0.04146239606826398
wisconsin_10,-0.041465153471541075
office_8,-0.04150217969465111
investment_5,-0.04150282728995878
political_8,-0.04156354264274018
headlines_17,-0.04157201504547607
society_9,-0.041577696674728194
marketing_15,-0.04159661940744867
greed_19,-0.04163000369010579
inflation_9,-0.041640144236843965
greed_13,-0.04164662119645166
politics_8,-0.04172697060452764
marriage_11,-0.041744697141790056
hedge_3,-0.04178972098123599
management_10,-0.04179796890615188
unemployment_11,-0.04185991639628106
global_16,-0.041881318873166574
garden_11,-0.041883905628274556
invest_11,-0.04195575967378022
gains_6,-0.04196001081112406
earnings_15,-0.04198925428163791
massachusetts_8,-0.04202339331108555
william_13,-0.04203833855785719
economics_10,-0.04204008855039687
credit_10,-0.04204148671368861
missouri_8,-0.042054947083413355
technology_1,-0.04208517483484242
society_10,-0.042114658446794406
political_7,-0.04211554238218311
fond_1,-0.042138726632281465
religion_11,-0.042168888009339114
election_1,-0.042183075277548034
seats_14,-0.04221059752315899
stock_market_17,-0.04222880185493518
metals_9,-0.04223413097969837
ceo_19,-0.042238127353305656
washington_11,-0.04226473253452876
return_9,-0.042275261785963546
georgia_7,-0.042283338141237636
crisis_6,-0.04228434974937782
profit_7,-0.042288677476797834
default_10,-0.0423090558164952
present_11,-0.04233709178559937
ring_13,-0.04234955048061091
inc_1,-0.042355869205746924
ore_10,-0.04237071730654085
economy_10,-0.04238874463687634
police_17,-0.04239571034688121
sell_6,-0.042396418097754074
war_2,-0.042409153818401976
lifestyle_7,-0.042426151242275376
dividend_7,-0.042495708325508266
tourism_5,-0.042497311261450135
health_1,-0.042516895503492226
service_15,-0.042532881748231444
ohio_15,-0.0425418815398803
movie_8,-0.042549802279698845
chance_1,-0.04257142548830917
members_15,-0.042574079053552524
washington_2,-0.04259943007851337
pennsylvania_8,-0.04262199331329477
transaction_9,-0.0426715756158309
economy_11,-0.04267388793166767
gains_5,-0.042685610080745694
media_17,-0.04269268378589499
fed_7,-0.042694114519878854
headlines_14,-0.042713727353983134
revenue_1,-0.042725532525178966
marketing_6,-0.04274535081676998
gain_3,-0.04276288189979453
president_5,-0.042792621337913596
development_10,-0.04280865239932028
fine_1,-0.04281447887620131
washington_9,-0.042839232119580475
leverage_13,-0.042846165172275553
inflation_3,-0.04284944578900276
debt_10,-0.04285954731294213
movement_11,-0.0428662605263771
election_15,-0.042872203462446246
wisconsin_2,-0.042879379802689764
derivatives_8,-0.042881505359685934
health_9,-0.042892932767765624
legal_10,-0.04291824607455326
court_3,-0.04292507375863312
government_11,-0.04293716863432691
metals_4,-0.04297752519493654
environment_10,-0.04298456334619758
founded_8,-0.042997629777807654
corporation_11,-0.042998827859849854
markets_15,-0.04301418464659952
money_4,-0.04301902305514611
gain_7,-0.043021002626827155
happy_1,-0.04307458775548365
inc_8,-0.04307590168441797
marketing_7,-0.043091839891457616
health_11,-0.04309527431810434
society_14,-0.04309845996182069
firm_6,-0.0431171100908966
train_7,-0.04313331185636478
gold_13,-0.04314072655931613
growth_9,-0.04314157510107479
metals_8,-0.04318801028837558
seats_1,-0.043206467566467996
housing_13,-0.043213278551687107
marketing_11,-0.043217750254865364
arts_15,-0.04322267641013518
industry_3,-0.04322651440973524
dow_jones_14,-0.04324970232818317
law_15,-0.043255271099290525
corporation_19,-0.043291051964253535
social_15,-0.04332530029869393
kentucky_11,-0.043335660645428244
success_3,-0.04340857551252066
minister_18,-0.043415519469994515
food_7,-0.04342892509985261
culture_7,-0.043447449147570726
environment_14,-0.04346135715566331
market_11,-0.04352719085606423
stats_9,-0.04353799263515743
dow_jones_8,-0.0435467864193114
business_15,-0.04359085497243933
committee_14,-0.04361515696182157
short_selling_8,-0.0436328196151833
house_11,-0.0436485823500673
default_8,-0.04372242612114263
bank_1,-0.043730390384630315
finance_14,-0.0437615410719826
trader_10,-0.04376241688529323
ceo_2,-0.043779890586229574
house_4,-0.04378736687214524
global_2,-0.043797953428614034
profit_9,-0.04380790235406198
federal_8,-0.043838403444402284
firm_11,-0.04386255758807589
religion_1,-0.04387130367136725
companies_8,-0.043872547360104416
metals_14,-0.04388031242603692
cancer_9,-0.04388173387865997
stocks_2,-0.043915176065670816
sell_19,-0.04392234882727908
legal_18,-0.04393285581443276
restaurant_8,-0.04395261343929868
development_2,-0.04395937570199644
technology_15,-0.043963392825302615
environment_4,-0.04396465780086465
bubble_9,-0.044003501692895505
ring_1,-0.04401073917223821
william_4,-0.04404884586999782
tourism_13,-0.04405783104857745
justice_11,-0.04408087681774271
world_14,-0.04411844289147053
politics_11,-0.04411897813544476
color_13,-0.04413941593248474
bubble_7,-0.044143555673353374
representatives_6,-0.04414550640535644
gold_5,-0.04415598116841764
blacklist_3,-0.044174241537406636
kentucky_4,-0.044214264793207156
rights_8,-0.04422028138224521
short_sell_4,-0.04426110580234295
economics_16,-0.0442779778555588
marriage_14,-0.04428047037423499
BUY_AND_HOLD_5,-0.04429816763375201
political_15,-0.04433278352956902
massachusetts_15,-0.04433290942743835
companies_11,-0.044341738008083095
kitchen_11,-0.044356232533810915
stocks_8,-0.04436915752938975
bonds_20,-0.04439812867752815
water_20,-0.044421594233329455
profit_4,-0.0444267786233381
default_13,-0.044439394247401086
markets_9,-0.04452673889692236
firm_13,-0.04454194807398446
media_2,-0.044585151373362296
social_1,-0.04459011640912529
bubble_1,-0.044596747129023596
pennsylvania_15,-0.044671831538050856
voters_19,-0.04468566322588898
ministry_6,-0.044688440394869966
economics_9,-0.044695134477979126
crash_2,-0.0447371979466177
management_3,-0.04473913062764352
kitchen_6,-0.04477139196270152
society_2,-0.04477639615753699
served_13,-0.04479990322174758
train_10,-0.0448787032500928
fed_5,-0.044899523494995
washington_8,-0.044911217476079644
illinois_6,-0.04491188220340532
industry_15,-0.044922265199511945
color_9,-0.04493221760090797
present_9,-0.04493346155059601
justice_7,-0.04496848815138048
stocks_5,-0.04497636417229707
representatives_11,-0.04499406668472743
nasdaq_8,-0.044994919578974765
fed_11,-0.04499962168409346
judge_10,-0.04500520443309728
management_8,-0.04501493452444252
judge_1,-0.04502180219309153
ohio_6,-0.04502731748487572
water_7,-0.04503680911333752
greed_17,-0.04506518352451694
social_9,-0.04507353671952434
success_8,-0.0450744522244239
companies_17,-0.045087531233556154
food_19,-0.045096508690953184
gold_3,-0.04511351189147039
fine_11,-0.045113790546406386
government_8,-0.045127756489082495
financial_7,-0.04512992554771411
community_15,-0.04517230234670862
wisconsin_9,-0.04518231339322243
stock_market_18,-0.045199215112961835
gain_15,-0.045204286689853476
bonds_5,-0.04527828362323696
lifestyle_5,-0.045333178864307454
washington_3,-0.04533814096723761
movie_10,-0.04536221609016979
tourism_14,-0.04537513196458378
food_10,-0.045391253580525225
dow_jones_4,-0.04539129812170608
gains_19,-0.045421024953757175
services_11,-0.045446753747829624
county_9,-0.04546059608968915
buy_19,-0.04546959315275208
ore_18,-0.045474648130401495
fun_4,-0.04550934380695917
society_17,-0.045529244926706916
founded_15,-0.04553062066522753
virginia_6,-0.04554500188249484
BUY_AND_HOLD_6,-0.04559282509088378
market_10,-0.045595145687647574
economy_15,-0.045614537753520756
founded_5,-0.04562934949329138
rich_3,-0.04565014789521769
union_14,-0.0456729997163263
fine_8,-0.04567678989364472
stocks_3,-0.045700052323173625
justice_3,-0.04571498135354217
dow_jones_3,-0.045729643132956
government_17,-0.0457412952768431
law_10,-0.04577940120039616
financial_2,-0.04578709302128638
forex_19,-0.04580109028445005
fond_2,-0.045818420194124874
council_9,-0.04582955445284838
carolina_15,-0.04584279117869346
service_11,-0.0458586448535897
york_15,-0.04588183255353977
invest_18,-0.04589072626943576
consumption_19,-0.04590311633110287
fed_17,-0.045917243055093815
senate_5,-0.04592328316349019
labor_15,-0.04592633922900642
court_12,-0.0459286780763974
served_3,-0.04593165843221982
council_13,-0.04595828954342844
default_11,-0.04597265951888259
virginia_14,-0.045987145282301654
opportunity_13,-0.04603480757663294
committee_15,-0.046037012137953436
governor_10,-0.04604076691029024
bank_6,-0.04604445236201331
democratic_14,-0.04604904042803613
opportunity_11,-0.04605226865654277
dow_jones_11,-0.046066766545571694
district_7,-0.0460823452926236
cash_7,-0.046102053473010864
opportunity_3,-0.04612885082095901
massachusetts_10,-0.046131176929549066
ministry_11,-0.04613241125687293
district_8,-0.046138048105464846
BUY_AND_HOLD_14,-0.04614913721152243
inc_15,-0.046172266814699145
stats_4,-0.04618258688930419
garden_3,-0.04618538594194958
oil_3,-0.04619691849631517
nasdaq_17,-0.04621239880635512
business_2,-0.04624112401283387
industry_8,-0.04624379082673795
industry_17,-0.046259258417134276
business_6,-0.046272067799292896
holiday_15,-0.046273931943635535
police_5,-0.04627582187060157
labor_17,-0.046285909557565084
members_8,-0.04629270232874634
economic_12,-0.0463005808397573
world_13,-0.046314599219482534
holiday_14,-0.04633927585561641
rich_5,-0.04636959216305174
members_13,-0.04638174878395105
tennessee_6,-0.046405776110052324
council_2,-0.04642223802540861
hedge_8,-0.046443978979924846
investment_8,-0.04645274323106632
markets_17,-0.04647158594381937
color_2,-0.04653248455514565
business_9,-0.04654139549638434
risk_10,-0.04654230031468778
gains_17,-0.04654489283492247
texas_15,-0.04655357912528233
security_19,-0.046553633280912776
district_1,-0.04659429590333035
global_11,-0.0466008125952649
chance_5,-0.046631521929050776
products_17,-0.046653251984216125
inflation_16,-0.046657455735599075
revenue_7,-0.04665820481509046
cash_2,-0.04668558386704982
union_5,-0.04669635099338025
default_15,-0.04673123925063634
blacklist_4,-0.04677039336842892
ring_8,-0.046773519680813405
headlines_12,-0.046783856225321996
nasdaq_13,-0.04679334069775019
housing_11,-0.04681278504677642
union_4,-0.046848617135585593
health_10,-0.046863127735404665
bonds_10,-0.04689655301844635
earnings_6,-0.046898066712715306
william_11,-0.046904121037857835
labor_2,-0.04690853858424713
massachusetts_9,-0.046936173432986596
rights_13,-0.046959850685757254
inc_13,-0.04698874392660435
products_15,-0.046994867797812964
fun_13,-0.046996064387521574
dow_jones_1,-0.04700874397776948
DOW_JONES_14,-0.047030260970919516
project_15,-0.04709247225228645
missouri_1,-0.047107540685379944
health_15,-0.04712745111274581
risk_11,-0.0471692507323354
fed_6,-0.047182575730342166
governor_9,-0.047203109674945475
ministry_18,-0.04721066215044427
justice_19,-0.04723106276335141
global_5,-0.047256436146161596
consumption_2,-0.04725973608361043
world_15,-0.04726343018020851
stock_market_6,-0.04726693431539582
minister_5,-0.04731044732112355
travel_13,-0.04735727845865716
virginia_10,-0.04736348591335928
short_selling_3,-0.04738045149788435
forex_13,-0.04738121069707506
housing_1,-0.047384997230460704
ministry_15,-0.04738649201296341
council_12,-0.047388252423861396
crisis_10,-0.04742866101078027
million_19,-0.047460876861469735
seats_7,-0.047480806373682086
returns_11,-0.04749140030961674
inc_9,-0.047496621292391
ltd_6,-0.04755046362140967
virginia_15,-0.047553186435998616
companies_14,-0.04756518974592801
security_15,-0.04758225976163868
missouri_3,-0.047586817007934566
growth_11,-0.047608602290717505
district_15,-0.047645186747836396
derivatives_2,-0.047663628019169325
million_10,-0.04768796194623568
members_1,-0.047730031150032784
house_15,-0.04773775850870303
bubble_15,-0.047744767591061964
governor_14,-0.04777493024955568
committee_8,-0.04778030618798046
firm_2,-0.047780623543031586
global_3,-0.04778080769908468
law_1,-0.04781785038902955
returns_5,-0.04784399496002099
revenue_2,-0.04784477585523996
crisis_12,-0.04791566396101825
media_15,-0.047917893406605926
ministry_13,-0.047932067057127714
banking_14,-0.04796672766749042
case_4,-0.04801077725212381
senate_2,-0.048015875399660124
forex_11,-0.04802656987739431
labor_14,-0.0480410481539123
metals_18,-0.04804526854301081
fed_15,-0.04807714768118028
happy_8,-0.04807808082429406
economic_10,-0.048080776119504634
return_13,-0.04808210835106723
nyse_19,-0.048146927136258656
fond_5,-0.04817263627263797
economy_7,-0.04824774311058529
revenue_8,-0.04828668448905795
short_sell_11,-0.04829929951795857
housing_17,-0.04831214499944318
corporation_14,-0.04831719095838534
loss_17,-0.04832332604936947
massachusetts_2,-0.04835077381623476
conflict_13,-0.04835311860139888
investment_10,-0.04835702695789974
ministry_5,-0.04837649624616893
ore_2,-0.048388426621794586
water_15,-0.04838996257587591
consume_8,-0.04841911416410209
inflation_8,-0.048422999374099995
color_7,-0.04842762336931812
housing_14,-0.04848195029715689
virginia_4,-0.0485305145047145
ceo_13,-0.048530622420915194
william_2,-0.0485872903522838
college_15,-0.048605496678687854
county_7,-0.048647720429858765
party_3,-0.04871708914394919
growth_2,-0.04873409093641943
opportunity_9,-0.048734485211075526
seats_2,-0.048810688402027805
judge_7,-0.0488118650314292
stocks_9,-0.04883894852661737
oil_20,-0.04890340409766425
seats_12,-0.04890843852218703
growth_12,-0.049003075417852135
community_2,-0.04903155561138202
financial_markets_4,-0.04905613854374331
invest_9,-0.04907253619415906
industry_2,-0.049094263049375544
sell_13,-0.04910014292608487
banking_9,-0.04913967824804133
banking_15,-0.04914043083890398
short_sell_13,-0.04915846301523121
served_7,-0.04918174288212387
ltd_19,-0.04918249147149747
media_12,-0.04918613890851418
service_17,-0.049206607083478036
consumption_10,-0.04922932522218171
pennsylvania_12,-0.049233693218907804
technology_3,-0.04924978513010079
senate_20,-0.04926183155294941
travel_15,-0.04931559709261644
metals_12,-0.04931727978014091
bonds_9,-0.04934216290452522
greed_14,-0.04940149934623119
investment_7,-0.049412748195258316
kitchen_5,-0.04942516100112533
economics_3,-0.04943040793859976
act_19,-0.049463324269991914
ring_14,-0.04947209313235525
million_15,-0.049486139194963384
legal_2,-0.04954667960158003
financial_markets_15,-0.049554028179104995
religion_3,-0.049575334398051306
government_2,-0.04957658670073828
business_8,-0.049630683469415904
project_4,-0.04964162273393295
rights_16,-0.04971313582984906
earnings_8,-0.04971437584468321
services_13,-0.049730964334647056
credit_12,-0.04976082470489607
judge_9,-0.04977138221265749
kentucky_14,-0.04980677092065122
management_17,-0.049813349803929
headlines_9,-0.049820202533976586
portfolio_11,-0.049821427263320436
stocks_10,-0.04987865867255727
york_3,-0.04988941182078397
industry_10,-0.049907715152146225
nyse_11,-0.0499317900626268
bonds_11,-0.04995883169737405
election_19,-0.049959756398035224
loss_15,-0.0499612399515361
corporation_3,-0.0499741063589453
business_3,-0.049986585063356695
cash_8,-0.050004156690102074
financial_markets_6,-0.05001058115337951
chance_8,-0.05002707747259394
world_11,-0.05002758805583061
holiday_4,-0.05003081746533402
bank_15,-0.050090590741431004
party_13,-0.050096407617287377
stock_market_7,-0.05009691105507532
consume_20,-0.05012689777358235
politics_13,-0.050181806287656096
investment_14,-0.05019427539754653
office_15,-0.05022558813706275
products_4,-0.05022892074950096
council_7,-0.05023732143834274
ohio_13,-0.050258430151060685
security_3,-0.05026308663599186
revenue_10,-0.050263987410333444
dow_jones_17,-0.050296509825027445
transaction_18,-0.050299748010212066
transaction_15,-0.050328911646680276
federal_12,-0.05033435180685597
financial_1,-0.05034137128560123
sell_10,-0.05034483497709978
revenue_11,-0.05035345016234225
transaction_17,-0.05035710720370703
garden_4,-0.05039117046857318
ministry_17,-0.05042209112177263
gain_10,-0.050426496528327605
inc_2,-0.05046445410748568
wisconsin_11,-0.050498958869544405
home_15,-0.05056017183449339
york_19,-0.05059208729414351
invest_15,-0.0506375757978579
security_12,-0.05066428971358457
million_13,-0.05066771946697766
portfolio_13,-0.050693627262688355
leverage_12,-0.050706579887828805
party_5,-0.05083734118515013
travel_19,-0.050864636771857506
arts_9,-0.05088221430452655
legal_15,-0.050902454472835326
consume_5,-0.05092553787441954
unemployment_7,-0.05094417066242596
religion_9,-0.05102065326459744
financial_markets_2,-0.051021282428933355
crash_15,-0.05105364731802884
products_12,-0.05107369147291194
ring_15,-0.051079448823524685
union_15,-0.05110202691087777
earnings_1,-0.0511387263805966
DOW_JONES_13,-0.05115228573292463
war_12,-0.051185818048000334
investment_15,-0.05119196060115747
rare_earths_12,-0.051223828110306166
home_12,-0.05126462992674206
global_4,-0.05127208951120939
missouri_17,-0.051303770410828384
missouri_15,-0.05131325153230761
dividend_11,-0.051325208280823875
car_15,-0.05135294611261223
car_12,-0.05135406422694564
republican_20,-0.051359541390956734
credit_14,-0.0513631660779343
growth_15,-0.051388044167738546
marketing_9,-0.05138811088824442
hedge_10,-0.051404964411446444
council_15,-0.05143038116060363
members_17,-0.05148492163752989
election_3,-0.05148588632008642
derivatives_9,-0.051491630826209334
representatives_13,-0.05149310780463294
investment_12,-0.051512626929728314
cancer_12,-0.051515931116617585
case_13,-0.051518522367287975
short_selling_6,-0.051555041711501895
revenue_12,-0.05156836583697353
federal_1,-0.0515757244039587
virginia_12,-0.051577862898429784
illinois_15,-0.051581073163124255
society_12,-0.05160545269919412
carolina_12,-0.051623561120492004
travel_12,-0.05166191009666408
crash_12,-0.05166956555808642
success_17,-0.051681819499027656
missouri_11,-0.05170174407665593
arts_11,-0.05170958133551491
energy_2,-0.051723527943830575
finance_3,-0.05176337879845829
social_13,-0.051792459937486934
illinois_12,-0.05179807545812436
buy_15,-0.05180402462609683
marketing_14,-0.05180688957926451
vermont_2,-0.05181132801484363
cancer_11,-0.05184194973079661
community_9,-0.05184735122634887
freedom_2,-0.051860297003191794
forex_20,-0.05186703069587313
restaurant_12,-0.051935278806488336
community_10,-0.051950606266384834
bank_10,-0.051965719344745476
water_12,-0.05197846801276749
firm_1,-0.05198977937395051
missouri_10,-0.05200344560127144
conflict_11,-0.05204429026354711
gains_1,-0.05205964700853638
revenue_9,-0.05206086844576145
republican_15,-0.052061148486036844
greed_8,-0.05208541548396153
financial_markets_5,-0.05209769604976786
illinois_4,-0.05211822512627322
service_14,-0.05212256457429507
revenue_16,-0.05212742882548784
justice_12,-0.05213546467383214
economic_3,-0.05215752743308122
president_15,-0.05215940716799816
culture_8,-0.05217505984537345
profit_6,-0.05217813075368116
legal_13,-0.05219903869861533
energy_12,-0.05226295203162683
act_12,-0.05227410515995814
social_8,-0.05227445778952087
court_9,-0.05231434906480788
governor_13,-0.05231671889990015
food_12,-0.0523175838634826
texas_12,-0.052321711122420476
risk_19,-0.05233103296603649
financial_markets_13,-0.052339965450424034
lifestyle_11,-0.05236762380519968
opportunity_14,-0.05237928343707474
college_13,-0.052400042990503895
global_1,-0.05244451017123726
profit_10,-0.05250018932057254
party_12,-0.05251611058444754
loss_11,-0.05252956724214275
portfolio_18,-0.05255286100195753
union_6,-0.05255978525109106
chance_14,-0.05257339252472708
rich_1,-0.052587518591859436
religion_12,-0.0525882060897654
vermont_14,-0.052606654152859054
money_10,-0.05261080090285077
dividend_9,-0.0526882782428757
security_2,-0.05272426366206138
law_12,-0.05272454972159448
environment_12,-0.05272644412242735
market_12,-0.05274989645200321
court_15,-0.0528048312014124
fun_1,-0.052815946715586315
wisconsin_8,-0.052835922045847104
inflation_5,-0.05283651126454223
religion_13,-0.05289203003543885
opportunity_12,-0.052918096898593725
money_12,-0.05293565038265868
representatives_4,-0.05293985950054627
inc_6,-0.052980761702766575
DOW_JONES_7,-0.05298200512635722
marriage_17,-0.052993991275389306
illinois_9,-0.052996528736824186
consumption_1,-0.0530067891902261
financial_12,-0.05301171776426918
arts_10,-0.05310337090117201
financial_9,-0.053109051421635176
trader_12,-0.053123233157827784
bank_8,-0.05314123479176549
fond_17,-0.05314972540348184
hedge_14,-0.05322784782198227
union_12,-0.05324825172529037
credit_15,-0.053272220855757245
unemployment_12,-0.05327993741609667
loss_14,-0.053285525017318716
financial_markets_12,-0.053317551459427556
gain_13,-0.05331992012500615
ltd_15,-0.053323627239660755
unemployment_14,-0.05334035344280934
project_2,-0.05334112739839354
bank_9,-0.05339778307117984
business_10,-0.053407421088171515
case_12,-0.05341381107765806
color_12,-0.053474764276605316
ltd_10,-0.05350634275732713
credit_8,-0.053518954970665854
earnings_2,-0.053558810907906304
default_19,-0.053565078981323365
labor_12,-0.05365796135165415
stock_market_19,-0.053664221372671704
georgia_12,-0.05367209261825563
crisis_2,-0.05373351416229812
global_17,-0.05375261908986062
energy_10,-0.05376478290418822
forex_15,-0.053789056231635324
hedge_15,-0.05381283182660172
gain_1,-0.05382094398259809
kitchen_12,-0.0538350921869835
voters_13,-0.05384226185644214
kentucky_19,-0.05384452481453968
firm_18,-0.053852915437035985
society_13,-0.05386151337058176
leverage_6,-0.05387787311572112
york_12,-0.05388773984695914
trader_1,-0.053948977927818144
society_7,-0.054002461382230346
revenue_17,-0.05400748833089131
service_12,-0.05414124124212829
consume_4,-0.054143999336497314
government_12,-0.0541780260020599
companies_10,-0.05417851126855007
risk_12,-0.05421885663020078
firm_12,-0.0542515374736708
justice_4,-0.05428044315249412
DOW_JONES_17,-0.05429718976265339
markets_11,-0.054342215144326175
oil_12,-0.05435244126976879
fond_7,-0.05437935931119244
culture_4,-0.05438668172313525
wisconsin_13,-0.05440994973187459
culture_12,-0.054445268531535376
consume_19,-0.05445931104180801
governor_4,-0.05449738066253116
consume_18,-0.054509273893120234
ring_12,-0.05452273900374845
cash_10,-0.05456516956878101
services_9,-0.05460946953440897
default_1,-0.054618145907095815
republican_5,-0.05463187308819519
default_12,-0.05465079986187042
derivatives_14,-0.05465439050941549
investment_13,-0.054662245263963724
district_10,-0.054676574622027574
pennsylvania_13,-0.054699581161684566
buy_12,-0.05470594365373684
judge_6,-0.05476007330561124
government_14,-0.05482538449918952
kentucky_12,-0.054840679078796015
stats_12,-0.05487117801473369
million_12,-0.054886972627849764
travel_4,-0.054987604026106765
ore_15,-0.05503087224917924
rights_12,-0.05504939246484466
fun_12,-0.05510429333061475
served_15,-0.055127399507877775
management_15,-0.055137809354416145
technology_12,-0.05516312790544346
vermont_12,-0.055193766050052995
short_sell_8,-0.05520089334682991
economics_14,-0.055201134073003574
energy_17,-0.055254180227851515
war_8,-0.05525559447393198
tennessee_12,-0.055265425195221374
energy_1,-0.055280185713101074
ore_13,-0.05529537337084578
council_3,-0.055309999466761364
committee_17,-0.05532020378186864
derivatives_18,-0.0553314331866368
served_9,-0.05533860157294237
elections_10,-0.05534140730907018
greed_18,-0.0553536612476031
corporation_9,-0.05539256961444035
risk_2,-0.05539941507220216
portfolio_4,-0.05542366742225828
health_3,-0.055426868428440954
profit_8,-0.055440668028408434
consume_15,-0.05545626318845982
financial_markets_11,-0.05546875032484586
dow_jones_13,-0.05549949470363378
housing_10,-0.055500235785291396
legal_4,-0.05550070260121413
washington_12,-0.05551719452628297
metals_10,-0.05552064249332791
project_19,-0.05553608946820419
illinois_3,-0.05555647375279895
corporation_15,-0.05557210142911888
crisis_16,-0.05557526433670632
stocks_13,-0.055645614735465275
train_12,-0.05566495768056665
services_1,-0.05569717026551655
corporation_10,-0.05573631947068116
leverage_7,-0.05578232781866077
development_12,-0.0558032767754457
default_3,-0.05584791212054838
culture_16,-0.05587534779028443
rights_1,-0.05589619529381347
financial_markets_14,-0.055936693729316936
freedom_11,-0.05596472387237359
founded_17,-0.05599263431531025
firm_4,-0.056038818801597154
restaurant_1,-0.056044338390051365
short_sell_12,-0.056047896680664386
movement_10,-0.05609821949149536
freedom_15,-0.056114155384179985
social_3,-0.0561228700880025
political_12,-0.056172123567595156
government_3,-0.05618221804541244
cash_11,-0.05619293287667555
fine_13,-0.05621038841410064
hedge_11,-0.05621674777510997
consumption_8,-0.05621971860573223
earnings_14,-0.056245364965263646
community_3,-0.056275956909769276
returns_12,-0.05627714566820572
dow_jones_15,-0.05629133546828517
voters_15,-0.05629251189895294
college_12,-0.0563040510984113
inflation_13,-0.05632732897708255
bank_12,-0.05635938445747737
economics_12,-0.05641649262466255
movie_15,-0.05643160785438226
justice_9,-0.05644662804950253
management_13,-0.0564645923523782
missouri_13,-0.056498336595672626
union_1,-0.056506815935018426
rights_18,-0.0566658209070704
money_6,-0.056680621882433946
ring_17,-0.056689109045211204
community_12,-0.05669975698194938
election_17,-0.05671088866874889
travel_2,-0.05673876370198736
services_3,-0.05681752476824797
travel_14,-0.05682336637332046
environment_13,-0.056828178984139145
founded_18,-0.05687319947515619
cancer_1,-0.05688194340098636
nasdaq_15,-0.05690476691177897
minister_14,-0.05696329928773669
crisis_3,-0.05703897799038371
bubble_5,-0.05706585259200603
revenue_13,-0.05707536490978389
consume_11,-0.05707758533629805
culture_13,-0.0571027741869506
case_15,-0.05712742839412625
health_12,-0.05714727885715447
wisconsin_3,-0.05715336113079552
markets_14,-0.05715772335517701
present_12,-0.05716473733496659
county_13,-0.057168932978276785
banking_10,-0.057220752101656
short_sell_6,-0.05734436305691666
seats_4,-0.05734482191258259
lifestyle_12,-0.05736383964105951
bonds_3,-0.05743503520274986
ohio_12,-0.05755383406833947
trader_8,-0.05756284319620797
elected_15,-0.057604894392881856
government_6,-0.05761426196140755
technology_17,-0.057622739330912665
district_14,-0.05778483091403515
union_10,-0.05780057738726967
case_18,-0.05781036275787162
district_3,-0.05781674956075502
loss_9,-0.05781695838921404
served_12,-0.05782147599893468
tennessee_20,-0.05783435683054035
cancer_8,-0.05784944466275521
greed_9,-0.057903753285225235
society_4,-0.05797152175513147
war_11,-0.057980081459915914
texas_3,-0.05809229928139918
leverage_11,-0.05810273886564712
politics_10,-0.05814966865337536
management_12,-0.05815001874123098
leverage_15,-0.05817339455422312
housing_12,-0.05817903052693858
products_13,-0.05822150591600188
fed_3,-0.058247438471166556
stats_19,-0.05825022487921019
massachusetts_3,-0.05825319760743208
financial_10,-0.05828910891822694
governor_8,-0.05833868893692244
marketing_10,-0.05846798295834201
office_12,-0.05847039911201326
lifestyle_15,-0.05847178460553646
markets_13,-0.05855397277972152
police_12,-0.058587449953115336
chance_12,-0.058622968072060244
money_15,-0.05867761677064187
act_8,-0.05873889930811491
house_2,-0.05874868597224092
debt_2,-0.05877310504830304
economic_17,-0.05878106078710281
lifestyle_4,-0.0588996511999875
minister_10,-0.05891063006888755
marriage_12,-0.05892835454083571
labor_1,-0.05894098081989012
project_11,-0.05894402842047619
inc_11,-0.05894653517269168
DOW_JONES_12,-0.05898827394335275
economic_11,-0.05899679392802015
war_4,-0.05900582216728125
consumption_15,-0.05902261670449083
services_10,-0.05903302759746036
members_7,-0.0590641621595898
consume_12,-0.059074203038762804
law_4,-0.059111331579148364
tourism_4,-0.059138465103271184
federal_10,-0.059183448432554166
metals_16,-0.059188423301238705
transaction_11,-0.05921691942327327
wisconsin_12,-0.0592341961004307
crisis_1,-0.05923739141072111
opportunity_15,-0.059254315793336246
district_9,-0.05927776059897163
technology_14,-0.05930862177743521
rich_13,-0.05933280149724005
seats_19,-0.05934028458570697
council_17,-0.05936264304489665
holiday_10,-0.05938306141200642
politics_4,-0.05944748377390339
washington_15,-0.05945257920360998
ceo_18,-0.0594628471074929
committee_12,-0.05946590734028301
labor_13,-0.0595447918960643
washington_1,-0.059571607077374786
war_13,-0.05957360346843712
development_15,-0.059597172830591294
massachusetts_14,-0.05961732758566387
political_16,-0.05963629496133867
arts_2,-0.059669741605313575
seats_9,-0.05968250318540167
stats_2,-0.05971852066340131
debt_8,-0.059732399889363255
council_10,-0.059755669429511826
dividend_15,-0.05984759500132264
carolina_4,-0.05987240430545364
services_12,-0.05990715640826265
county_17,-0.05993422084268889
fun_3,-0.059940936131211986
headlines_10,-0.059942978135220384
global_12,-0.059981654479802526
freedom_19,-0.059998064803416164
marketing_3,-0.06003614756590057
stocks_7,-0.06005347873273259
fed_8,-0.06007410264973625
industry_14,-0.060104085898846124
dividend_13,-0.06016082655655821
society_8,-0.06016590822880703
inflation_19,-0.06016643803684196
health_14,-0.06019321331609813
success_13,-0.06028968674295456
kitchen_1,-0.06029507971385808
sell_1,-0.06033280139621124
stocks_6,-0.060334446516352426
dividend_2,-0.06033914572756509
invest_1,-0.06038184501092345
investment_3,-0.060384998165931104
college_1,-0.0603919066625155
government_7,-0.06039875225716209
hedge_4,-0.06041065992639725
committee_19,-0.060480669104260976
hedge_7,-0.06053077833086466
fine_2,-0.060573959566120106
house_13,-0.060622186568294587
illinois_2,-0.06064633805542021
happy_10,-0.06065753322747551
bonds_12,-0.0606701798266069
secretary_15,-0.060676052346895215
massachusetts_12,-0.060691356790624894
opportunity_2,-0.060738290910580514
legal_12,-0.060761829190278435
president_12,-0.06077045494863165
earnings_20,-0.0608278098236952
stocks_4,-0.06085236282103059
service_13,-0.060858764921991625
culture_14,-0.06088646488217011
restaurant_3,-0.06096199897956436
ceo_15,-0.06097228280908858
food_2,-0.060972967910792784
finance_8,-0.06099933938352651
holiday_2,-0.06100762491064819
housing_7,-0.061010563361666346
seats_5,-0.061069388334735165
district_12,-0.06107427198672451
georgia_4,-0.06108795954486397
debt_19,-0.06110238451143757
culture_17,-0.061117529501511746
train_11,-0.061129814415674645
inc_10,-0.0612120842219797
movie_1,-0.06129673472834827
crisis_13,-0.06133973502260202
votes_18,-0.06137125652550453
president_3,-0.06140661622574086
voters_14,-0.06147144168777707
success_18,-0.06147214663782197
corporation_4,-0.06150208638946499
dividend_10,-0.06151415522697359
services_8,-0.06157310069160467
restaurant_15,-0.0616176502608754
forex_3,-0.0616231011226845
train_1,-0.06175523970381962
marriage_18,-0.061768761207042756
tourism_12,-0.061789274020942274
police_3,-0.06187916220736602
invest_12,-0.06196471586861023
case_11,-0.061977771830730985
house_12,-0.061991788935132554
portfolio_10,-0.062058146384135274
return_14,-0.06211181566294419
DOW_JONES_6,-0.06215817990851367
politics_15,-0.06217366718521471
committee_5,-0.06223843015007095
culture_15,-0.06224752795559594
banking_5,-0.06225555317073243
pennsylvania_3,-0.06230852694507945
war_15,-0.06231271086413692
legal_8,-0.06233123108574723
representatives_15,-0.06236224198876961
corporation_12,-0.06241604536013097
industry_12,-0.06244299950976848
train_5,-0.06244804652045453
arts_14,-0.06247317529746803
movie_12,-0.06248053822527544
bank_2,-0.06251119755647001
office_2,-0.06253255047354397
bubble_14,-0.06254617960299333
york_13,-0.06260440410574926
elections_11,-0.0626094206215817
gold_4,-0.06261643824413177
present_5,-0.06263293539277659
tennessee_19,-0.06266478183172482
security_4,-0.06268335989131886
stock_market_13,-0.06275232687515495
finance_6,-0.06277840504456178
president_9,-0.06279683169389609
crash_19,-0.06283353995198007
success_4,-0.06285966727240941
inflation_11,-0.06287660165458257
secretary_19,-0.06297891893259921
media_4,-0.06300460580243054
committee_6,-0.06305517344086316
car_13,-0.0631066198260086
happy_12,-0.06314232014413235
sell_12,-0.06318340021919608
gold_15,-0.06319957678367091
development_1,-0.06323690720732682
holiday_11,-0.06324150177878818
stocks_1,-0.06325691839185754
growth_3,-0.06338900654236321
energy_14,-0.06339922582745768
rights_17,-0.06346661300620242
freedom_9,-0.06348512164624014
short_selling_13,-0.06356484671796672
court_10,-0.06361693076822302
conflict_7,-0.0636562650780016
fine_9,-0.06369496309040194
inflation_6,-0.06371030611269832
justice_2,-0.06374747388818858
political_17,-0.06375761177588732
kentucky_2,-0.06379446330631733
economy_17,-0.06381034117697934
portfolio_9,-0.0638282466382116
freedom_17,-0.06393572724880384
minister_11,-0.06396900711300865
technology_4,-0.06415506368192977
stock_market_16,-0.06415773038078114
gain_12,-0.06420156914415891
products_14,-0.064235204294012
marriage_4,-0.06426009956988173
gains_13,-0.0643246715395583
carolina_14,-0.06440105779011603
companies_12,-0.06446589230888358
unemployment_10,-0.06451688110966736
massachusetts_18,-0.06455218606524907
social_14,-0.06464257060912126
police_7,-0.06464658224942814
firm_14,-0.06465871293166592
movie_5,-0.0646990113538349
dividend_3,-0.06472448941469307
movie_13,-0.06474664341540341
dividend_17,-0.06479425482366888
BUY_AND_HOLD_17,-0.06487834892320635
return_12,-0.06488817142205808
trader_19,-0.06490170183710446
development_14,-0.06490447779902793
conflict_8,-0.0649504185289242
service_2,-0.06497725456439567
money_7,-0.0650336753917928
legal_14,-0.06503391256428707
cancer_17,-0.0650910197446122
representatives_2,-0.06514090679891169
economics_1,-0.06515121825244907
served_17,-0.06516184200028192
bank_18,-0.06517651650017822
project_14,-0.06519966551673877
gain_14,-0.06521191204624421
minister_9,-0.0652399419368972
consume_7,-0.06525598912442825
chance_15,-0.06533484960799978
election_7,-0.06534064814519187
bank_14,-0.06537189305181275
rich_12,-0.0653915261276179
movement_18,-0.06548426204756877
headlines_4,-0.06553806728115082
credit_13,-0.06557401866600063
william_12,-0.06558297380498987
council_18,-0.065593988874186
freedom_12,-0.06559933547931326
labor_18,-0.06572407480644922
leverage_4,-0.06575005458082235
media_13,-0.06578982520209356
ltd_12,-0.0658220926326993
million_14,-0.06589441044127756
tennessee_15,-0.06594140141633051
county_8,-0.06598645083421954
markets_7,-0.06606020294335083
members_12,-0.06610582411319925
global_13,-0.06617392999353082
security_13,-0.06622474761069826
services_15,-0.06625131007340405
BUY_AND_HOLD_13,-0.06630266014590284
gains_18,-0.06633234758749149
earnings_19,-0.06634443887469829
justice_16,-0.06637162393441623
return_15,-0.06637999852790015
ministry_3,-0.06639168361995504
district_4,-0.06650581506555162
gains_2,-0.06651320541292476
gold_12,-0.06655265415999934
ceo_1,-0.06658507694629587
crisis_7,-0.06664001076515938
wisconsin_15,-0.06666640825637873
elections_12,-0.06672207355859014
gains_11,-0.06672870511477155
nasdaq_10,-0.06677831710911475
finance_12,-0.06681879694365471
earnings_5,-0.06682535040527744
council_8,-0.06684539412428492
default_16,-0.06684890246175927
buy_13,-0.06685634610846483
success_12,-0.06688364578403923
government_4,-0.06689434299326072
unemployment_9,-0.06690361242057138
sell_20,-0.0669174068282534
politics_1,-0.0669768084248689
headlines_5,-0.06701472478766586
kitchen_14,-0.06709283969368447
act_14,-0.06716255569976197
kentucky_3,-0.06718505691469437
leverage_2,-0.06725171091665905
vermont_15,-0.06726601695388083
default_7,-0.06736999543188786
county_15,-0.0674436343179942
conflict_18,-0.06744502833190383
council_1,-0.06757951258868626
freedom_14,-0.06759328705834919
ceo_3,-0.06763350625113432
movement_15,-0.06768030355186057
political_13,-0.06769626224423494
nasdaq_12,-0.06776748906858206
fond_13,-0.0678116646014058
elected_2,-0.0678342109955276
finance_4,-0.06785941618844682
ministry_2,-0.0679108514290313
freedom_8,-0.06793771418162702
profit_15,-0.06796917738154858
oil_4,-0.06796934224553826
kentucky_13,-0.06803337454672183
elected_19,-0.06804631875949516
cash_12,-0.0681169725715783
food_13,-0.06817549745540877
leverage_16,-0.06825561101900308
gain_17,-0.06825848316414163
fun_14,-0.06826781947111867
vermont_11,-0.0683754194724054
metals_15,-0.06837829507012431
headlines_8,-0.06839105349130026
buy_2,-0.06839505086546463
college_14,-0.0684524594382943
stock_market_15,-0.06849573010891205
conflict_1,-0.06851448082037896
inc_12,-0.0685909202205341
politics_12,-0.06859329532056462
development_13,-0.06861808761894683
returns_4,-0.06863721072399195
community_13,-0.06867586469899038
investment_6,-0.06869198861785046
garden_12,-0.06870929946369694
act_4,-0.06877451622605683
elections_20,-0.06881409073010178
business_12,-0.0688278462601249
financial_markets_3,-0.06899344269406707
washington_17,-0.06918401848298354
holiday_12,-0.0692081879209699
york_4,-0.06925618858891791
bank_13,-0.06943329858716314
forex_7,-0.0694471881391733
BUY_AND_HOLD_16,-0.06946624526935914
ltd_3,-0.06951317893208508
leverage_14,-0.06961393011600325
war_7,-0.06963687370935782
office_13,-0.06968692221509039
nasdaq_4,-0.06969377534583159
debt_5,-0.06970745630999253
headlines_18,-0.06982605565487063
banking_4,-0.06985019111401089
water_4,-0.06985489915775978
gains_12,-0.06991189628509191
chance_13,-0.06994671126073804
rich_18,-0.06999035426730586
loss_12,-0.07008031059235371
unemployment_8,-0.07009762020802554
massachusetts_13,-0.07013386196411948
law_13,-0.07017493717861592
fed_12,-0.07018123378343186
gains_7,-0.0702178154414517
risk_4,-0.0702383212714948
kitchen_7,-0.07032014433127891
office_3,-0.07032831122832839
ceo_11,-0.07034212625758055
gold_11,-0.07035204006040192
representatives_3,-0.07037250697482282
world_12,-0.07038162153670872
founded_1,-0.07042700803613537
train_15,-0.07043364518781492
district_17,-0.07048928089218214
ore_8,-0.07056141233285887
bubble_13,-0.0706244706622277
finance_10,-0.07062518471092927
tennessee_14,-0.07065704983525145
business_14,-0.0707090526826375
fed_13,-0.07073049106514376
ohio_3,-0.07078518286853494
council_4,-0.07079374704057906
home_13,-0.07080592167232365
products_2,-0.07088564157245267
water_8,-0.07090087703805345
forex_12,-0.07090587271220221
committee_1,-0.07105262616304944
project_12,-0.07108888501580948
water_13,-0.07110349759616394
economics_13,-0.07114413921456067
gold_2,-0.07119345683467607
democratic_12,-0.07120072465948624
ohio_2,-0.07121114368226919
party_2,-0.07124054936151096
metals_2,-0.07124872701483556
hedge_5,-0.07125263734260834
profit_19,-0.07126168448101271
BUY_AND_HOLD_12,-0.0712714627376948
inc_18,-0.07135301746089309
portfolio_12,-0.07137029671618463
federal_3,-0.0713829630455289
short_selling_11,-0.07145845396162509
opportunity_19,-0.07147440625707971
police_15,-0.0716405349743234
ltd_18,-0.0716605438868579
ore_5,-0.07173957590584353
return_19,-0.07190892363975916
served_14,-0.07203846526482902
bonds_8,-0.0721519426311074
present_8,-0.07226783231701886
secretary_11,-0.07228000822964005
inc_3,-0.0722823662422755
kitchen_13,-0.0723218458475654
war_10,-0.07240223631864548
bonds_13,-0.07245758227436028
secretary_18,-0.07252001238823072
oil_15,-0.07264974626962824
judge_5,-0.07265105897441529
justice_14,-0.07268548040390492
dividend_12,-0.07269139402293637
present_13,-0.0727456984812476
carolina_13,-0.07278148782083445
vermont_13,-0.07282464627784098
happy_4,-0.07285988836300264
management_1,-0.07287615363336646
court_1,-0.07300571861460485
project_13,-0.07308675830997383
missouri_12,-0.07309874698586094
investment_2,-0.07312254516304957
happy_11,-0.07314203271726541
trader_15,-0.07317280000822143
judge_15,-0.07317579973536141
tennessee_13,-0.07320297238763793
police_2,-0.07320777679651518
security_14,-0.07324017614106522
finance_9,-0.07334792196157167
bonds_14,-0.0734795415191899
rights_14,-0.07357415283703721
invest_16,-0.07361612895298261
virginia_3,-0.07369423026873574
food_15,-0.07369440981480209
consume_1,-0.0737168958144981
vermont_19,-0.07373651451056007
housing_15,-0.07374610945080291
management_4,-0.0738055986371708
trader_13,-0.07382117688210006
profit_12,-0.07382246738842883
food_14,-0.07388490632826768
consumption_12,-0.07390291359492143
investment_18,-0.07390525074394234
headlines_13,-0.0739523692268818
technology_13,-0.07399096037883753
chance_3,-0.07402435834539793
economic_13,-0.07403501573504354
gold_18,-0.07413093983715224
management_18,-0.07430745848035039
county_12,-0.07431226020312107
lifestyle_1,-0.07433806442565882
opportunity_8,-0.07434680360631658
nyse_15,-0.07435223752987634
bubble_12,-0.07441088469606935
judge_12,-0.07453969675455518
ring_2,-0.07467833600426144
stocks_11,-0.07470574867007385
government_13,-0.07472390992355953
opportunity_5,-0.07473139030347593
service_3,-0.07477441882395439
gains_8,-0.07480376719126751
marketing_8,-0.07483600640471569
gains_10,-0.07485578519472617
corporation_8,-0.0749545017191566
economy_12,-0.07501402302793803
forex_14,-0.07503430671912374
fed_10,-0.0750416203204892
york_2,-0.07507982268020164
washington_13,-0.07515939476053139
social_12,-0.0751794644793187
secretary_17,-0.0752175820429947
present_4,-0.07534874882422762
senate_1,-0.07539387907240883
opportunity_4,-0.0753945758966827
economic_4,-0.07546697708422775
ministry_7,-0.0755795179083947
tennessee_4,-0.07570758931188278
cash_13,-0.07577612736069939
voters_12,-0.07582588343011243
labor_3,-0.07588547909612775
party_4,-0.07590578061345514
movement_17,-0.07598707464752322
revenue_15,-0.07602475583893849
car_2,-0.07609418380495689
founded_6,-0.07617454461561705
revenue_4,-0.07620884263421994
carolina_3,-0.07629073692402315
ltd_4,-0.07632221745879535
elected_17,-0.07637878066332468
global_6,-0.0764225880505602
firm_16,-0.07649982057230975
community_14,-0.07657318115301781
elected_3,-0.07668450587378894
services_18,-0.07670710636778699
million_5,-0.07672781154647948
banking_12,-0.07685896217769098
banking_13,-0.07691770148760127
earnings_10,-0.07692099499561267
housing_8,-0.07699041964814606
seats_18,-0.07716640746320384
stocks_12,-0.07718371262526424
politics_14,-0.07718904348240867
senate_11,-0.07736487630736069
stock_market_2,-0.07739980560997886
federal_14,-0.07740218998499364
case_14,-0.07749538815294799
global_15,-0.077528577103172
gain_20,-0.07759433070808808
forex_8,-0.07770312580172636
rich_10,-0.07778389025093875
finance_13,-0.0777964317473567
loss_10,-0.07785742879204541
economic_18,-0.07792069977129315
money_2,-0.07830419982647001
financial_15,-0.0783069276313487
secretary_13,-0.07833864513650649
finance_15,-0.07838746144947144
DOW_JONES_8,-0.07843195040663373
short_selling_12,-0.07845803316286053
president_17,-0.07847113477181329
pennsylvania_2,-0.07848256850160765
conflict_15,-0.07849610182525128
county_2,-0.07878663514722044
community_4,-0.07883949428128487
judge_19,-0.07885862853740333
short_selling_2,-0.07893775948458581
headlines_11,-0.0789739123029088
world_18,-0.07899850850805265
movie_2,-0.07902476177333824
georgia_13,-0.07913417377158338
invest_13,-0.07919258727281353
business_4,-0.07921811004151172
york_14,-0.0792389144755998
sell_8,-0.07930157807234306
union_13,-0.07938770194449159
election_12,-0.0794970680265561
elections_13,-0.07953669670336165
republican_7,-0.07956360950196639
texas_2,-0.07961462811631506
gold_14,-0.07971538667506695
hedge_18,-0.08007533012175479
services_4,-0.08012753943186723
minister_3,-0.08013761831815425
legal_9,-0.08021220272965794
earnings_9,-0.08025300179305742
hedge_13,-0.08027142476658707
kitchen_8,-0.08028482732306383
judge_17,-0.08049549506124827
derivatives_1,-0.08056839208689293
marketing_18,-0.08057108266515862
ltd_14,-0.0807354651637556
court_18,-0.0807849949882439
million_1,-0.08082964533047714
pennsylvania_18,-0.08084626924931707
illinois_13,-0.08087097843679039
texas_13,-0.08092545669017351
conflict_12,-0.08102722696730347
health_13,-0.08105137946845031
democratic_13,-0.08109714337228383
success_1,-0.08119579826690974
ministry_12,-0.08127202281537411
democratic_5,-0.081319706444166
portfolio_15,-0.08135561259034163
arts_12,-0.08137891579860398
money_19,-0.08140019188491873
voters_11,-0.08157589201153219
ore_12,-0.08158643146005869
cash_4,-0.08161828236723159
conflict_9,-0.08165950290105586
water_18,-0.08174428200581574
restaurant_13,-0.08182754257776377
home_2,-0.08183184889175643
corporation_13,-0.0818333447940548
ore_6,-0.08188884370939213
republican_1,-0.08193173424258673
earnings_11,-0.08203799915410086
court_13,-0.08211541307705968
minister_12,-0.0821841603560941
fed_4,-0.08221708757394974
representatives_10,-0.0822331994899046
happy_2,-0.0822574618388209
texas_4,-0.08227285345214796
federal_18,-0.08296472214961732
nasdaq_18,-0.08303339395334368
stocks_14,-0.08306790189786721
corporation_18,-0.08307927504367521
tennessee_3,-0.08310903037506115
greed_12,-0.0832321693003113
ceo_20,-0.08332022304258938
headlines_3,-0.08332327106926263
fond_14,-0.08352101506225118
garden_13,-0.0835350202684964
return_2,-0.08359170000840761
industry_4,-0.0837507392271191
consume_9,-0.083813166555102
opportunity_16,-0.0838564002560779
market_13,-0.0839092430267832
financial_markets_1,-0.0839234805682993
conflict_16,-0.08393106829391059
earnings_12,-0.08397887822161616
economy_18,-0.08400472079609347
service_4,-0.08408689582622657
elected_14,-0.08422887563275312
health_4,-0.08423257004862775
leverage_8,-0.0843038930199563
wisconsin_4,-0.08432563488770255
democratic_15,-0.08432761988133593
county_3,-0.08436045934343765
dow_jones_2,-0.08469981206243045
risk_15,-0.08470516292770047
district_13,-0.08472305896848531
political_14,-0.08472516119694426
wisconsin_14,-0.08508089371771685
ceo_4,-0.08525039717413929
global_18,-0.0855624826617261
georgia_18,-0.08568163849222513
nyse_14,-0.08574794988519407
fine_15,-0.08584206441896054
energy_3,-0.08586009808935136
derivatives_11,-0.0860030543201761
ceo_12,-0.08605161690548738
fun_10,-0.08605245772464835
sell_14,-0.08606399312681201
virginia_2,-0.08615383146514403
leverage_5,-0.08630186910747692
finance_18,-0.08644904932386
lifestyle_14,-0.08649102229624554
debt_15,-0.08650625502016247
police_13,-0.08652868477141114
democratic_10,-0.08655026534519702
financial_13,-0.08657965445361156
law_14,-0.08659829100943015
ltd_1,-0.08677041171300773
judge_13,-0.08690851006028955
DOW_JONES_15,-0.08705436501138789
marketing_12,-0.08720405830376934
conflict_10,-0.0872205840768463
ore_11,-0.08740786408015966
trader_11,-0.08745903464882783
act_13,-0.08750324814037869
elected_5,-0.08758334212608329
cash_14,-0.08768527027694181
forex_4,-0.0881198467144784
fine_10,-0.0881556417067699
fed_14,-0.0882390273502857
train_14,-0.08832803599648476
nasdaq_9,-0.08849852492996013
senate_12,-0.08870659328551056
ore_14,-0.08876284078589429
environment_19,-0.088825010478778
financial_8,-0.08883119248126925
bonds_4,-0.0888332321049226
blacklist_15,-0.08884381449910694
court_4,-0.08884592293636195
stats_14,-0.08890980473750285
bubble_17,-0.08890986701517505
fed_18,-0.0889241103498132
district_18,-0.08893465494693638
kitchen_2,-0.08897001442865296
money_13,-0.08897821017106129
virginia_13,-0.0890876907751447
restaurant_19,-0.08921894095368263
short_sell_9,-0.08948323114211987
founded_12,-0.0894839432302961
minister_2,-0.08948644164561932
seats_6,-0.08953608281011005
gain_19,-0.08956004299685602
inflation_20,-0.08970283032262534
risk_13,-0.08981944889519047
consume_17,-0.08992577392287471
market_3,-0.08997198823296315
bubble_6,-0.09020234364002092
founded_9,-0.09023189299409791
ceo_6,-0.0903400047239458
republican_2,-0.09058850954641737
judge_14,-0.09077648029131469
water_14,-0.09080561259418778
secretary_12,-0.09105336835246303
rich_14,-0.09112887012576938
crash_14,-0.09114469335640178
nasdaq_3,-0.09115988615674635
inflation_18,-0.09118399614174952
inflation_12,-0.09124147294055726
bubble_2,-0.09138298632010508
companies_4,-0.09150360674461722
pennsylvania_4,-0.09154329117627061
stats_15,-0.09159010299050234
president_18,-0.09172731883108509
financial_markets_10,-0.09173702413783366
earnings_13,-0.09183978545337841
federal_4,-0.09192967892408055
government_18,-0.09197161238683135
texas_14,-0.09201458230942587
derivatives_10,-0.0920223739066299
founded_11,-0.09207498832321306
senate_3,-0.09209474060010717
DOW_JONES_1,-0.09221474434634289
inc_4,-0.0922833432283102
debt_12,-0.0923149194165167
president_13,-0.09232674447423501
elected_7,-0.09233188203726997
kitchen_15,-0.09233307648339002
buy_14,-0.09270134423208023
consumption_4,-0.09295753850733476
representatives_12,-0.09321633719431441
party_14,-0.09322114990687706
arts_18,-0.09326628819677799
technology_18,-0.09346756762910988
train_2,-0.09355690634041644
debt_18,-0.0937616411767583
markets_2,-0.09405799684858167
credit_4,-0.09432450199912286
political_18,-0.09444470537621777
derivatives_12,-0.09447689498194003
elected_20,-0.09452186551975691
minister_16,-0.09453349701857383
ohio_18,-0.09466811301124722
fond_15,-0.09488450279084706
economy_13,-0.095639230029862
financial_3,-0.09568397864743627
forex_17,-0.09585970750030492
bonds_7,-0.09601627054898412
happy_15,-0.09624158313838074
rights_4,-0.09632012526044194
office_4,-0.09638593479464093
economics_2,-0.09657869251687894
secretary_10,-0.09664552481399429
virginia_18,-0.09665591084696672
returns_14,-0.096780848899617
trader_2,-0.096883577625929
market_2,-0.09695644917146277
police_14,-0.09702467155838417
companies_13,-0.09716664582137773
banking_18,-0.09753865054655061
dividend_4,-0.09781835505563345
washington_14,-0.09792466093529487
justice_13,-0.09793798797739584
bonds_15,-0.09806512248427583
hedge_12,-0.0983215166359775
elections_1,-0.09846251293418704
present_15,-0.09848358831341561
elected_8,-0.09850736370446567
georgia_2,-0.0985919348044236
voters_9,-0.09879088180793338
representatives_17,-0.0988207537362215
color_14,-0.09890055222562828
markets_19,-0.09894954231985587
hedge_17,-0.09915125972208272
movement_13,-0.09934311712190322
economy_4,-0.09937972821943361
fine_14,-0.09942111874028377
senate_15,-0.09951162230033599
illinois_14,-0.09972701283875911
car_14,-0.099989730547356
federal_13,-0.10003361293766173
unemployment_2,-0.10017998140647481
social_18,-0.10029881849466227
revenue_3,-0.10039273570112414
million_3,-0.10057334584525439
ohio_4,-0.10080751530805154
governor_12,-0.10087644845315473
washington_4,-0.10090584307526096
culture_1,-0.10091373523291784
consumption_6,-0.10094970293414925
holiday_18,-0.10119977563061378
restaurant_14,-0.10149682428960276
members_14,-0.10149885418660405
committee_13,-0.10162391838301821
house_14,-0.10187252910181266
blacklist_9,-0.10232316245798792
justice_15,-0.10235761179647591
garden_2,-0.10254042919479663
million_2,-0.10275040129146207
representatives_14,-0.10282383533366624
tourism_18,-0.10293122661338623
movie_18,-0.10349060351161458
office_18,-0.10373810777947907
loss_18,-0.10392146200695065
growth_10,-0.10405819673208447
metals_13,-0.10427413907245002
committee_7,-0.10433312235556876
energy_13,-0.10446431640523798
growth_4,-0.10450762626758996
missouri_18,-0.10452733647432141
firm_15,-0.10475414952714368
ministry_20,-0.10506555683805323
founded_13,-0.10507463561949497
missouri_4,-0.10515870323354677
transaction_16,-0.10516051674820197
inflation_15,-0.10527118046901289
police_10,-0.10535579934976977
consumption_14,-0.10558280542202254
police_4,-0.10572899419430618
short_selling_1,-0.10593213212488131
financial_18,-0.10615838094204526
fond_10,-0.1061913651500584
conflict_4,-0.10640586114623254
forex_6,-0.10646845005075078
color_11,-0.10660006203928765
present_18,-0.10664565379838656
color_10,-0.10668080622169
economic_14,-0.10673338099879144
short_sell_14,-0.10684562400586159
risk_14,-0.10717629321617261
train_4,-0.10731697137828564
fed_9,-0.10738160116209812
nasdaq_2,-0.10740380608773117
development_4,-0.1075118423962214
judge_18,-0.10831782339291432
republican_11,-0.10844234319585913
invest_14,-0.10845578156008681
social_4,-0.10875257068853658
market_4,-0.10883130618707448
business_13,-0.10894074573239394
trader_14,-0.10897386802490854
marketing_1,-0.10915124335925316
founded_14,-0.10919455994762639
community_18,-0.10920736123280406
companies_18,-0.10932404570901073
garden_14,-0.1095905500932028
elected_9,-0.10962609342612953
illinois_18,-0.10989297408281276
college_17,-0.10995245938912832
fun_8,-0.11002086603231305
movie_14,-0.1100875660884966
representatives_18,-0.11021532640717349
DOW_JONES_4,-0.1103559392904879
stock_market_11,-0.11048647923819215
bank_3,-0.11048977764072962
oil_2,-0.11063133152193035
politics_7,-0.1107084216059959
happy_14,-0.11090107571552994
transaction_14,-0.11090906068262837
bonds_19,-0.1109186829183421
georgia_3,-0.11102053865084885
republican_17,-0.11131796438344466
founded_3,-0.11151433920243252
sell_9,-0.11156138249825413
home_14,-0.11160929222200469
ceo_7,-0.11181181170335175
fun_9,-0.11182369128196416
development_18,-0.11182927516203689
democratic_6,-0.11193052267144746
portfolio_8,-0.11206582503457115
development_3,-0.11214907280079497
wisconsin_18,-0.11215911418640363
tennessee_2,-0.11235297211713054
short_sell_1,-0.11244619182855722
returns_15,-0.11245889585403235
market_18,-0.1126362915577741
secretary_4,-0.11264694126480126
marketing_4,-0.11271552540136506
cancer_14,-0.11290116868251225
lifestyle_18,-0.11310715754905756
cancer_13,-0.11360418298394866
business_18,-0.11361514935183092
representatives_19,-0.11394557461695207
train_18,-0.11396768055313242
profit_14,-0.11397033986386548
unemployment_4,-0.11409348076040433
senate_10,-0.11477748603263582
nyse_1,-0.11493143640644662
media_14,-0.11540437043695242
default_2,-0.11545619699151236
dow_jones_12,-0.11579583157893032
kitchen_18,-0.1158634678032308
invest_17,-0.11607914057076037
union_18,-0.11608959312145883
bubble_18,-0.11609807492571464
debt_7,-0.11616091190087996
crisis_15,-0.11629957408775538
union_8,-0.11641488705786732
crash_13,-0.11643698852899673
growth_18,-0.11687337528326944
county_18,-0.11776142387823418
religion_16,-0.11791831853668067
financial_4,-0.11810532882997918
law_18,-0.11822610642908193
religion_14,-0.1186051988512578
finance_1,-0.11888355858257249
default_18,-0.11901839084584201
fun_2,-0.1192887671933838
fond_11,-0.1199610157458827
rich_11,-0.12006331541260584
police_18,-0.12019064876845102
industry_18,-0.12023666826852038
health_18,-0.12034224401196383
stock_market_4,-0.1205712566200667
market_14,-0.120696646293966
stock_market_12,-0.12091554215322955
republican_19,-0.12092764739414197
rich_2,-0.12109507177850207
leverage_10,-0.12129506502642755
hedge_20,-0.12142826834189183
movement_12,-0.12211050617731285
short_sell_2,-0.12230654800969647
labor_4,-0.12330697918996976
markets_12,-0.12331159854152826
lifestyle_10,-0.12340449716994914
college_4,-0.12412982597734508
inflation_1,-0.12415346436907397
gains_9,-0.1257320648781722
short_sell_7,-0.12582382699860137
fun_18,-0.12589598595018217
energy_4,-0.12684304644810243
security_18,-0.12712604255727972
derivatives_7,-0.12716382549717548
unemployment_3,-0.12774496931502982
blacklist_13,-0.12783596489871346
election_5,-0.12810341387178667
sell_18,-0.1283048969072504
unemployment_13,-0.12845718130099523
william_18,-0.12872102066354413
senate_6,-0.12877596786523252
secretary_3,-0.12903432318666258
environment_18,-0.1293565008521667
financial_markets_8,-0.13037294104219865
consume_14,-0.1304423221075251
economics_18,-0.13056550230440772
metals_3,-0.13108704589114395
fun_15,-0.1314683646275816
returns_13,-0.1315810129242752
travel_18,-0.131690793208359
president_8,-0.13177485121761756
energy_18,-0.13218467506019038
greed_10,-0.13254853315977339
voters_8,-0.13268902394283177
garden_18,-0.13332481735786383
ltd_13,-0.1334274158517911
money_14,-0.13391617952033066
color_18,-0.13402781974232952
ministry_4,-0.13407138530074122
bonds_2,-0.13411679011833622
union_9,-0.134306015965372
gains_15,-0.1343848376698381
fine_18,-0.13474610413034446
restaurant_2,-0.13480698582253003
revenue_18,-0.13540664424357313
house_18,-0.13553194926205797
movement_14,-0.13645952146146942
war_18,-0.13744144895460292
oil_14,-0.13762750079780922
society_18,-0.13798124110413973
housing_4,-0.13831554821782427
holiday_13,-0.1383935893808552
elections_18,-0.13849084686501142
products_18,-0.13889630639836828
carolina_2,-0.13911011695024939
oil_19,-0.13935316264837555
nyse_3,-0.1405781310803533
judge_16,-0.1411209209613996
derivatives_6,-0.14163041796273373
chance_2,-0.14165040991644848
cash_18,-0.1417474717347865
ohio_17,-0.14179645984816802
oil_13,-0.1418206447962683
members_18,-0.14217872640851498
politics_18,-0.14229117461214622
judge_2,-0.14293846970864202
president_7,-0.14354513340115496
economy_14,-0.1436711471161575
war_14,-0.1439594600567736
stock_market_14,-0.1440596843143604
bubble_4,-0.14431202195336465
secretary_2,-0.1444283403523314
republican_18,-0.14466932945561162
sell_2,-0.14488140381157125
nyse_4,-0.1458251756533887
ministry_19,-0.14650808469785429
bank_4,-0.14652066328588126
committee_18,-0.14686390583763828
washington_18,-0.14690030826517173
act_18,-0.1469413250882476
crisis_18,-0.1475922722185205
voters_18,-0.14762118370632102
debt_13,-0.1480482854088295
culture_18,-0.14821891160642842
derivatives_5,-0.14838663119672818
carolina_18,-0.1486978233291504
election_18,-0.15034811875292714
police_8,-0.15117565783547063
gain_2,-0.151341010545592
elected_10,-0.1519505880846837
leverage_9,-0.1520178889434502
minister_4,-0.1522619570565809
markets_10,-0.15227702928941012
president_14,-0.15252714907945739
credit_18,-0.15264955787234197
cancer_18,-0.15296872070815282
crash_18,-0.1537759427347328
million_18,-0.1542520283751135
stock_market_10,-0.15935407698788606
earnings_18,-0.15977664582154463
inflation_4,-0.16140273700162727
tennessee_18,-0.16156799022198712
hedge_19,-0.16201786189563164
housing_18,-0.16247707447845908
elected_12,-0.1626900158524855
happy_18,-0.1628965343138872
financial_markets_7,-0.16335704764055423
transaction_12,-0.16446610914846402
consumption_5,-0.16588312246858286
kentucky_18,-0.16674553361521843
growth_13,-0.16757990393033623
buy_18,-0.16956638669278618
ring_18,-0.16986591748762464
DOW_JONES_2,-0.17235966699293753
religion_17,-0.17391137777323826
elected_13,-0.1761140649944699
elections_8,-0.17727478128119187
votes_10,-0.17897037162416604
service_18,-0.17923703907592353
markets_18,-0.18017259755763088
republican_3,-0.18106629799268867
growth_14,-0.18140935850587564
college_18,-0.18188819688752372
ministry_1,-0.183654058188278
profit_18,-0.1837898830382966
stock_market_3,-0.18431746718963504
media_18,-0.18432202911957074
county_4,-0.18725783626955347
home_18,-0.18831030082622993
texas_18,-0.1917486652950233
million_4,-0.19304509661563485
founded_10,-0.1937052458840532
debt_14,-0.1940217062448395
governor_11,-0.19407444932468493
minister_15,-0.19444651007012714
york_18,-0.1953669427890539
forex_18,-0.19653998715865728
elections_3,-0.1978425422458209
car_18,-0.19926296645782138
police_9,-0.19966807953162838
food_18,-0.2015649069489346
vermont_18,-0.20247371748212376
elected_4,-0.20261703712302825
democratic_8,-0.20509159845120822
risk_18,-0.2055285321150025
senate_13,-0.20616601674653873
returns_18,-0.20670988569435061
election_6,-0.2089539367906886
elected_11,-0.20942245500594509
justice_18,-0.21263779194572016
DOW_JONES_3,-0.21272796684135514
president_4,-0.2136979344257409
restaurant_18,-0.22023890269930435
transaction_13,-0.22149674262849417
party_18,-0.22208292781908043
present_14,-0.22297396573346567
opportunity_1,-0.22336194326397188
republican_12,-0.22541651934900572
bonds_18,-0.228686693052394
senate_18,-0.2315152057431144
project_18,-0.23176897965501198
voters_10,-0.2328542412215814
trader_18,-0.23661222497950293
senate_4,-0.23805633431420933
gain_18,-0.2404183860583339
senate_19,-0.2427733995123062
oil_18,-0.2507593998293912
voters_2,-0.25539829156790317
votes_9,-0.2591707699116518
money_18,-0.26205291263648145
religion_18,-0.2638957238285301
derivatives_4,-0.2648636407825923
democratic_3,-0.265583545642484
senate_8,-0.285066513052208
votes_14,-0.2985770813330086
voters_3,-0.3019157277235846
voters_20,-0.3139523993081982
blacklist_12,-0.3176736169919226
freedom_18,-0.318068651322429
return_18,-0.33952373331402635
stats_18,-0.34665439641800316
returns_20,-0.3573410328515669
republican_4,-0.36155273617248324
greed_11,-0.3650270629466855
senate_7,-0.36993664476058974
election_4,-0.45264622074005273
elections_5,-0.47262755625671576
voters_1,-0.5307557428819647
elections_6,-0.5558156878027994
votes_13,-0.5940725331463814
voters_4,-0.5971721107824856
democratic_4,-0.6081757554611328
votes_3,-0.6914158493510622
democratic_7,-0.7696361316905137
votes_11,-0.7976355317869989
votes_4,-1.0654853838494707
voters_7,-1.2794911302296537
voters_6,-1.4729340007240732
votes_16,-1.6599128977317839
voters_5,-1.677512543244737
votes_15,-2.0086691232709986
votes_17,-2.218599729598713
elections_4,-2.2194917696706398
votes_12,-3.3265412634657396
votes_5,-3.4444096698822193
votes_1,-3.7029652127914177
votes_8,-3.715821316335964
votes_6,-4.684290285976426
votes_19,-4.69248356678284
votes_20,-5.300166885255479
votes_2,-6.330697686306161
votes_7,-19.1122765085389
