date,DOW JONES,google,isPartial
2004-01-01,1.0,40.0,False
2004-01-02,3.0,36.0,False
2004-01-03,2.0,37.0,False
2004-01-04,1.0,35.0,False
2004-01-05,2.0,41.0,False
2004-01-06,2.0,35.0,False
2004-01-07,1.0,40.0,False
2004-01-08,3.0,37.0,False
2004-01-09,2.0,32.0,False
2004-01-10,1.0,45.0,False
2004-01-11,1.0,40.0,False
2004-01-12,3.0,36.0,False
2004-01-13,2.0,35.0,False
2004-01-14,1.0,37.0,False
2004-01-15,2.0,38.0,False
2004-01-16,1.0,36.0,False
2004-01-17,1.0,39.0,False
2004-01-18,1.0,41.0,False
2004-01-19,1.0,37.0,False
2004-01-20,2.0,34.0,False
2004-01-21,2.0,33.0,False
2004-01-22,2.0,37.0,False
2004-01-23,1.0,38.0,False
2004-01-24,2.0,42.0,False
2004-01-25,1.0,39.0,False
2004-01-26,1.0,31.0,False
2004-01-27,2.0,32.0,False
2004-01-28,1.0,35.0,False
2004-01-29,1.0,33.0,False
2004-01-30,0.0,34.0,False
2004-01-31,1.0,37.0,False
2004-02-01,1.0,43.0,False
2004-02-02,1.0,30.0,False
2004-02-03,1.0,41.0,False
2004-02-04,1.0,34.0,False
2004-02-05,1.0,39.0,False
2004-02-06,1.0,34.0,False
2004-02-07,2.0,49.0,False
2004-02-08,1.0,36.0,False
2004-02-09,1.0,35.0,False
2004-02-10,1.0,30.0,False
2004-02-11,1.0,40.0,False
2004-02-12,1.0,34.0,False
2004-02-13,1.0,35.0,False
2004-02-14,1.0,36.0,False
2004-02-15,2.0,27.0,False
2004-02-16,1.0,28.0,False
2004-02-17,1.0,25.0,False
2004-02-18,2.0,34.0,False
2004-02-19,1.0,34.0,False
2004-02-20,1.0,34.0,False
2004-02-21,1.0,47.0,False
2004-02-22,2.0,37.0,False
2004-02-23,1.0,40.0,False
2004-02-24,1.0,35.0,False
2004-02-25,1.0,30.0,False
2004-02-26,2.0,31.0,False
2004-02-27,1.0,36.0,False
2004-02-28,1.0,34.0,False
2004-02-29,0.0,32.0,False
2004-03-01,2.0,38.0,False
2004-03-02,1.0,34.0,False
2004-03-03,1.0,36.0,False
2004-03-04,1.0,38.0,False
2004-03-05,1.0,38.0,False
2004-03-06,4.0,33.0,False
2004-03-07,0.0,47.0,False
2004-03-08,0.0,0.0,True
2004-03-09,0.0,0.0,True
2004-03-10,2.0,30.0,False
2004-03-11,0.0,38.0,False
2004-03-12,1.0,36.0,False
2004-03-13,1.0,37.0,False
2004-03-14,1.0,34.0,False
2004-03-15,2.0,33.0,False
2004-03-16,1.0,32.0,False
2004-03-17,2.0,39.0,False
2004-03-18,1.0,41.0,False
2004-03-19,2.0,41.0,False
2004-03-20,1.0,48.0,False
2004-03-21,1.0,45.0,False
2004-03-22,0.0,31.0,False
2004-03-23,0.0,0.0,True
2004-03-24,3.0,35.0,False
2004-03-25,2.0,37.0,False
2004-03-26,1.0,33.0,False
2004-03-27,1.0,45.0,False
2004-03-28,1.0,42.0,False
2004-03-29,2.0,44.0,False
2004-03-30,1.0,42.0,False
2004-03-31,1.0,31.0,False
2004-04-01,1.0,100.0,False
2004-04-02,1.0,70.0,False
2004-04-03,1.0,50.0,False
2004-04-04,0.0,54.0,False
2004-04-05,2.0,43.0,False
2004-04-06,1.0,46.0,False
2004-04-07,2.0,41.0,False
2004-04-08,2.0,45.0,False
2004-04-09,1.0,43.0,False
2004-04-10,1.0,47.0,False
2004-04-11,0.0,43.0,False
2004-04-12,0.0,0.0,True
2004-04-13,0.0,0.0,True
2004-04-14,1.0,39.0,False
2004-04-15,0.0,40.0,False
2004-04-16,0.0,44.0,False
2004-04-17,1.0,52.0,False
2004-04-18,1.0,46.0,False
2004-04-19,1.0,40.0,False
2004-04-20,2.0,38.0,False
2004-04-21,0.0,41.0,False
2004-04-22,1.0,50.0,False
2004-04-23,1.0,43.0,False
2004-04-24,0.0,42.0,False
2004-04-25,1.0,45.0,False
2004-04-26,1.0,45.0,False
2004-04-27,1.0,44.0,False
2004-04-28,1.0,51.0,False
2004-04-29,1.0,66.0,False
2004-04-30,1.0,88.0,False
2004-05-01,1.0,68.0,False
2004-05-02,0.0,64.0,False
2004-05-03,1.0,56.0,False
2004-05-04,0.0,50.0,False
2004-05-05,1.0,53.0,False
2004-05-06,1.0,48.0,False
2004-05-07,1.0,47.0,False
2004-05-08,1.0,49.0,False
2004-05-09,1.0,50.0,False
2004-05-10,2.0,39.0,False
2004-05-11,1.0,42.0,False
2004-05-12,1.0,44.0,False
2004-05-13,1.0,39.0,False
2004-05-14,1.0,40.0,False
2004-05-15,1.0,46.0,False
2004-05-16,0.0,42.0,False
2004-05-17,2.0,40.0,False
2004-05-18,1.0,47.0,False
2004-05-19,2.0,47.0,False
2004-05-20,1.0,40.0,False
2004-05-21,1.0,43.0,False
2004-05-22,1.0,50.0,False
2004-05-23,2.0,44.0,False
2004-05-24,1.0,45.0,False
2004-05-25,1.0,40.0,False
2004-05-26,1.0,38.0,False
2004-05-27,1.0,38.0,False
2004-05-28,1.0,43.0,False
2004-05-29,0.0,44.0,False
2004-05-30,0.0,44.0,False
2004-05-31,1.0,48.0,False
2004-06-01,1.0,36.0,False
2004-06-02,1.0,39.0,False
2004-06-03,1.0,36.0,False
2004-06-04,0.0,40.0,False
2004-06-05,1.0,43.0,False
2004-06-06,1.0,34.0,False
2004-06-07,2.0,39.0,False
2004-06-08,2.0,42.0,False
2004-06-09,1.0,36.0,False
2004-06-10,3.0,39.0,False
2004-06-11,0.0,42.0,False
2004-06-12,0.0,46.0,False
2004-06-13,1.0,46.0,False
2004-06-14,2.0,36.0,False
2004-06-15,1.0,59.0,False
2004-06-16,1.0,45.0,False
2004-06-17,1.0,42.0,False
2004-06-18,1.0,43.0,False
2004-06-19,1.0,47.0,False
2004-06-20,0.0,47.0,False
2004-06-21,0.0,45.0,False
2004-06-22,1.0,41.0,False
2004-06-23,2.0,45.0,False
2004-06-24,1.0,44.0,False
2004-06-25,1.0,40.0,False
2004-06-26,0.0,45.0,False
2004-06-27,1.0,49.0,False
2004-06-28,0.0,37.0,False
2004-06-29,1.0,47.5,False
2004-06-30,1.0,53.0,False
2004-07-01,1.0,55.0,False
2004-07-02,1.0,60.0,False
2004-07-03,1.0,63.0,False
2004-07-04,1.0,69.0,False
2004-07-05,1.0,61.0,False
2004-07-06,2.0,53.0,False
2004-07-07,1.0,51.0,False
2004-07-08,1.0,47.0,False
2004-07-09,2.0,54.0,False
2004-07-10,2.0,67.0,False
2004-07-11,1.0,58.0,False
2004-07-12,1.0,56.0,False
2004-07-13,2.0,53.0,False
2004-07-14,2.0,60.0,False
2004-07-15,1.0,51.0,False
2004-07-16,1.0,57.0,False
2004-07-17,1.0,59.0,False
2004-07-18,1.0,63.0,False
2004-07-19,1.0,55.0,False
2004-07-20,1.0,52.0,False
2004-07-21,1.0,51.0,False
2004-07-22,2.0,53.0,False
2004-07-23,1.0,53.0,False
2004-07-24,1.0,49.0,False
2004-07-25,1.0,56.0,False
2004-07-26,1.0,74.0,False
2004-07-27,2.0,62.0,False
2004-07-28,1.0,56.0,False
2004-07-29,2.0,55.0,False
2004-07-30,2.0,53.0,False
2004-07-31,1.0,70.0,False
2004-08-01,0.0,71.0,False
2004-08-02,2.0,52.0,False
2004-08-03,1.0,49.0,False
2004-08-04,1.0,46.0,False
2004-08-05,1.0,55.0,False
2004-08-06,2.0,52.0,False
2004-08-07,1.0,54.0,False
2004-08-08,1.0,56.0,False
2004-08-09,1.0,50.0,False
2004-08-10,1.0,61.0,False
2004-08-11,1.0,55.0,False
2004-08-12,2.0,56.0,False
2004-08-13,1.0,73.0,False
2004-08-14,1.0,73.0,False
2004-08-15,0.0,59.0,False
2004-08-16,1.0,55.0,False
2004-08-17,1.0,67.0,False
2004-08-18,2.0,73.0,False
2004-08-19,1.0,100.0,False
2004-08-20,1.0,77.0,False
2004-08-21,1.0,69.0,False
2004-08-22,1.0,68.0,False
2004-08-23,1.0,57.0,False
2004-08-24,2.0,59.0,False
2004-08-25,1.0,55.0,False
2004-08-26,1.0,59.0,False
2004-08-27,1.0,58.0,False
2004-08-28,0.0,64.0,False
2004-08-29,1.0,61.0,False
2004-08-30,1.0,49.0,False
2004-08-31,1.0,51.0,False
2004-09-01,1.0,60.0,False
2004-09-02,2.0,60.0,False
2004-09-03,1.0,63.0,False
2004-09-04,1.0,63.0,False
2004-09-05,1.0,65.0,False
2004-09-06,1.0,59.0,False
2004-09-07,2.0,64.0,False
2004-09-08,1.0,59.0,False
2004-09-09,1.0,57.0,False
2004-09-10,1.0,56.0,False
2004-09-11,1.0,63.0,False
2004-09-12,1.0,59.0,False
2004-09-13,1.0,50.0,False
2004-09-14,2.0,56.0,False
2004-09-15,2.0,53.0,False
2004-09-16,1.0,58.0,False
2004-09-17,1.0,53.0,False
2004-09-18,1.0,67.0,False
2004-09-19,0.0,60.0,False
2004-09-20,1.0,53.0,False
2004-09-21,1.0,56.0,False
2004-09-22,2.0,54.0,False
2004-09-23,1.0,63.0,False
2004-09-24,1.0,63.0,False
2004-09-25,1.0,64.0,False
2004-09-26,1.0,57.0,False
2004-09-27,1.0,54.0,False
2004-09-28,1.0,57.0,False
2004-09-29,1.0,62.0,False
2004-09-30,2.0,53.0,False
2004-10-01,2.0,55.0,False
2004-10-02,1.0,54.0,False
2004-10-03,1.0,59.0,False
2004-10-04,1.0,56.0,False
2004-10-05,1.0,58.0,False
2004-10-06,1.0,60.0,False
2004-10-07,2.0,61.0,False
2004-10-08,2.0,63.0,False
2004-10-09,1.0,69.0,False
2004-10-10,1.0,55.0,False
2004-10-11,1.0,56.0,False
2004-10-12,2.0,49.0,False
2004-10-13,2.0,53.0,False
2004-10-14,2.0,70.0,False
2004-10-15,2.0,92.0,False
2004-10-16,1.0,83.0,False
2004-10-17,1.0,78.0,False
2004-10-18,1.0,67.0,False
2004-10-19,1.0,62.0,False
2004-10-20,1.0,63.0,False
2004-10-21,2.0,69.0,False
2004-10-22,2.0,73.0,False
2004-10-23,2.0,70.0,False
2004-10-24,1.0,64.0,False
2004-10-25,1.0,55.0,False
2004-10-26,2.0,60.0,False
2004-10-27,3.0,62.0,False
2004-10-28,1.0,62.0,False
2004-10-29,2.0,61.0,False
2004-10-30,1.0,60.0,False
2004-10-31,1.0,65.0,False
2004-11-01,2.0,58.0,False
2004-11-02,2.0,61.0,False
2004-11-03,3.0,57.0,False
2004-11-04,2.0,63.0,False
2004-11-05,2.0,60.0,False
2004-11-06,1.0,70.0,False
2004-11-07,1.0,53.0,False
2004-11-08,1.0,56.0,False
2004-11-09,0.0,0.0,False
2004-11-10,2.0,66.0,False
2004-11-11,1.0,63.0,False
2004-11-12,1.0,58.0,False
2004-11-13,2.0,65.0,False
2004-11-14,1.0,64.0,False
2004-11-15,2.0,58.0,False
2004-11-16,1.0,55.0,False
2004-11-17,2.0,57.0,False
2004-11-18,2.0,65.0,False
2004-11-19,1.0,69.0,False
2004-11-20,2.0,63.0,False
2004-11-21,0.0,74.0,False
2004-11-22,2.0,61.0,False
2004-11-23,1.0,64.0,False
2004-11-24,1.0,60.0,False
2004-11-25,1.0,68.0,False
2004-11-26,1.0,63.0,False
2004-11-27,1.0,56.0,False
2004-11-28,2.0,58.0,False
2004-11-29,2.0,59.0,False
2004-11-30,2.0,58.0,False
2004-12-01,1.0,59.0,False
2004-12-02,2.0,62.0,False
2004-12-03,1.0,61.0,False
2004-12-04,1.0,59.0,False
2004-12-05,1.0,65.0,False
2004-12-06,2.0,54.0,False
2004-12-07,1.0,54.0,False
2004-12-08,1.0,61.0,False
2004-12-09,2.0,67.0,False
2004-12-10,2.0,68.0,False
2004-12-11,1.0,68.0,False
2004-12-12,1.0,62.0,False
2004-12-13,1.0,55.0,False
2004-12-14,1.0,75.0,False
2004-12-15,2.0,67.0,False
2004-12-16,1.0,67.0,False
2004-12-17,1.0,65.0,False
2004-12-18,1.0,72.0,False
2004-12-19,1.0,64.0,False
2004-12-20,2.0,63.0,False
2004-12-21,2.0,65.0,False
2004-12-22,2.0,64.0,False
2004-12-23,2.0,64.0,False
2004-12-24,2.0,66.0,False
2004-12-25,1.0,81.0,False
2004-12-26,1.0,56.0,False
2004-12-27,1.0,46.0,False
2004-12-28,2.0,43.0,False
2004-12-29,1.0,41.0,False
2004-12-30,2.0,42.0,False
2004-12-31,2.0,44.0,False
2005-01-01,2.0,47.0,False
2005-01-02,1.0,47.0,False
2005-01-03,1.0,92.0,False
2005-01-04,1.0,51.0,False
2005-01-05,1.0,51.0,False
2005-01-06,1.0,45.0,False
2005-01-07,1.0,46.0,False
2005-01-08,1.0,43.0,False
2005-01-09,0.0,46.0,False
2005-01-10,1.0,45.0,False
2005-01-11,1.0,44.0,False
2005-01-12,1.0,47.0,False
2005-01-13,1.0,47.0,False
2005-01-14,1.0,46.0,False
2005-01-15,1.0,52.0,False
2005-01-16,0.0,43.0,False
2005-01-17,1.0,41.0,False
2005-01-18,1.0,44.0,False
2005-01-19,1.0,44.0,False
2005-01-20,1.0,44.0,False
2005-01-21,1.0,44.0,False
2005-01-22,0.0,48.0,False
2005-01-23,2.0,44.0,False
2005-01-24,1.0,44.0,False
2005-01-25,1.0,49.0,False
2005-01-26,1.0,49.0,False
2005-01-27,1.0,47.0,False
2005-01-28,1.0,45.0,False
2005-01-29,1.0,47.0,False
2005-01-30,1.0,40.0,False
2005-01-31,2.0,43.0,False
2005-02-01,1.0,44.0,False
2005-02-02,1.0,45.0,False
2005-02-03,1.0,46.0,False
2005-02-04,1.0,46.0,False
2005-02-05,1.0,45.0,False
2005-02-06,1.0,45.0,False
2005-02-07,1.0,43.0,False
2005-02-08,1.0,47.0,False
2005-02-09,1.0,54.0,False
2005-02-10,1.0,58.0,False
2005-02-11,1.0,56.0,False
2005-02-12,1.0,54.0,False
2005-02-13,1.0,51.0,False
2005-02-14,1.0,49.0,False
2005-02-15,1.0,54.0,False
2005-02-16,1.0,49.0,False
2005-02-17,1.0,50.0,False
2005-02-18,1.0,49.0,False
2005-02-19,1.0,56.0,False
2005-02-20,0.0,52.0,False
2005-02-21,1.0,48.0,False
2005-02-22,1.0,49.0,False
2005-02-23,1.0,50.0,False
2005-02-24,1.0,50.0,False
2005-02-25,1.0,53.0,False
2005-02-26,2.0,52.0,False
2005-02-27,1.0,48.0,False
2005-02-28,1.0,48.0,False
2005-03-01,1.0,48.0,False
2005-03-02,1.0,48.0,False
2005-03-03,1.0,49.0,False
2005-03-04,1.0,55.0,False
2005-03-05,1.0,59.0,False
2005-03-06,1.0,56.0,False
2005-03-07,2.0,50.0,False
2005-03-08,1.0,56.0,False
2005-03-09,1.0,52.0,False
2005-03-10,1.0,52.0,False
2005-03-11,0.0,57.0,False
2005-03-12,1.0,53.0,False
2005-03-13,0.0,46.0,False
2005-03-14,1.0,50.0,False
2005-03-15,1.0,52.0,False
2005-03-16,1.0,52.0,False
2005-03-17,1.0,60.0,False
2005-03-18,1.0,57.0,False
2005-03-19,1.0,64.0,False
2005-03-20,1.0,53.0,False
2005-03-21,1.0,53.0,False
2005-03-22,1.0,53.0,False
2005-03-23,1.0,56.0,False
2005-03-24,1.0,54.0,False
2005-03-25,1.0,50.0,False
2005-03-26,1.0,51.0,False
2005-03-27,0.0,52.0,False
2005-03-28,1.0,48.0,False
2005-03-29,1.0,52.0,False
2005-03-30,1.0,56.0,False
2005-03-31,1.0,52.0,False
2005-04-01,1.0,75.0,False
2005-04-02,0.0,71.0,False
2005-04-03,1.0,53.0,False
2005-04-04,1.0,49.0,False
2005-04-05,0.0,0.0,True
2005-04-06,1.0,90.0,False
2005-04-07,1.0,93.0,False
2005-04-08,1.0,100.0,False
2005-04-09,1.0,89.0,False
2005-04-10,1.0,73.0,False
2005-04-11,1.0,71.0,False
2005-04-12,1.0,71.0,False
2005-04-13,1.0,71.0,False
2005-04-14,1.0,75.0,False
2005-04-15,2.0,72.0,False
2005-04-16,1.0,81.0,False
2005-04-17,1.0,74.0,False
2005-04-18,2.0,76.0,False
2005-04-19,2.0,70.0,False
2005-04-20,1.0,72.0,False
2005-04-21,2.0,76.0,False
2005-04-22,2.0,80.0,False
2005-04-23,1.0,84.0,False
2005-04-24,1.0,78.0,False
2005-04-25,1.0,71.0,False
2005-04-26,1.0,66.0,False
2005-04-27,1.0,70.0,False
2005-04-28,1.0,73.0,False
2005-04-29,1.0,76.0,False
2005-04-30,0.0,78.0,False
2005-05-01,0.0,68.0,False
2005-05-02,1.0,65.0,False
2005-05-03,1.0,74.0,False
2005-05-04,1.0,72.0,False
2005-05-05,1.0,73.0,False
2005-05-06,1.0,83.0,False
2005-05-07,1.0,84.0,False
2005-05-08,1.0,80.0,False
2005-05-09,1.0,67.0,False
2005-05-10,1.0,65.0,False
2005-05-11,1.0,62.0,False
2005-05-12,1.0,61.0,False
2005-05-13,1.0,64.0,False
2005-05-14,1.0,70.0,False
2005-05-15,1.0,64.0,False
2005-05-16,1.0,60.0,False
2005-05-17,1.0,62.0,False
2005-05-18,1.0,67.0,False
2005-05-19,1.0,65.0,False
2005-05-20,1.0,81.0,False
2005-05-21,1.0,87.0,False
2005-05-22,0.0,72.0,False
2005-05-23,1.0,68.0,False
2005-05-24,1.0,75.0,False
2005-05-25,1.0,67.0,False
2005-05-26,1.0,67.0,False
2005-05-27,1.0,70.0,False
2005-05-28,0.0,73.0,False
2005-05-29,0.0,66.0,False
2005-05-30,1.0,67.0,False
2005-05-31,1.0,61.0,False
2005-06-01,1.0,66.0,False
2005-06-02,1.0,64.0,False
2005-06-03,1.0,64.0,False
2005-06-04,0.0,74.0,False
2005-06-05,1.0,71.0,False
2005-06-06,1.0,62.0,False
2005-06-07,1.0,66.0,False
2005-06-08,1.0,69.0,False
2005-06-09,1.0,71.0,False
2005-06-10,1.0,72.0,False
2005-06-11,1.0,75.0,False
2005-06-12,1.0,72.0,False
2005-06-13,1.0,57.0,False
2005-06-14,0.0,64.0,False
2005-06-15,1.0,66.0,False
2005-06-16,1.0,64.0,False
2005-06-17,1.0,61.0,False
2005-06-18,1.0,72.0,False
2005-06-19,0.0,66.0,False
2005-06-20,1.0,61.0,False
2005-06-21,1.0,68.0,False
2005-06-22,1.0,62.0,False
2005-06-23,1.0,64.0,False
2005-06-24,1.0,52.0,False
2005-06-25,1.0,43.0,False
2005-06-26,0.0,43.0,False
2005-06-27,0.0,38.0,False
2005-06-28,0.0,55.0,False
2005-06-29,1.0,63.0,False
2005-06-30,0.0,59.0,False
2005-07-01,0.0,57.0,False
2005-07-02,0.0,61.0,False
2005-07-03,0.0,56.0,False
2005-07-04,0.0,58.0,False
2005-07-05,1.0,51.0,False
2005-07-06,1.0,51.0,False
2005-07-07,1.0,55.0,False
2005-07-08,0.0,59.0,False
2005-07-09,1.0,62.0,False
2005-07-10,0.0,59.0,False
2005-07-11,0.0,54.0,False
2005-07-12,1.0,53.0,False
2005-07-13,1.0,60.0,False
2005-07-14,0.0,56.0,False
2005-07-15,0.0,57.0,False
2005-07-16,1.0,66.0,False
2005-07-17,0.0,61.0,False
2005-07-18,1.0,51.0,False
2005-07-19,1.0,55.0,False
2005-07-20,1.0,60.0,False
2005-07-21,1.0,64.0,False
2005-07-22,0.0,65.0,False
2005-07-23,0.0,63.0,False
2005-07-24,0.0,61.0,False
2005-07-25,0.0,56.0,False
2005-07-26,1.0,60.0,False
2005-07-27,1.0,55.0,False
2005-07-28,1.0,59.0,False
2005-07-29,0.0,60.0,False
2005-07-30,1.0,64.0,False
2005-07-31,0.0,56.0,False
2005-08-01,1.0,54.0,False
2005-08-02,1.0,55.0,False
2005-08-03,1.0,55.0,False
2005-08-04,0.0,59.0,False
2005-08-05,0.0,61.0,False
2005-08-06,0.0,66.0,False
2005-08-07,0.0,63.0,False
2005-08-08,1.0,56.0,False
2005-08-09,1.0,55.0,False
2005-08-10,1.0,56.0,False
2005-08-11,0.0,68.0,False
2005-08-12,0.0,68.0,False
2005-08-13,0.0,72.0,False
2005-08-14,0.0,62.0,False
2005-08-15,1.0,54.0,False
2005-08-16,1.0,53.0,False
2005-08-17,1.0,58.0,False
2005-08-18,1.0,61.0,False
2005-08-19,0.0,61.0,False
2005-08-20,1.0,62.0,False
2005-08-21,0.0,62.0,False
2005-08-22,0.0,64.0,False
2005-08-23,1.0,70.0,False
2005-08-24,1.0,100.0,False
2005-08-25,1.0,86.0,False
2005-08-26,1.0,78.0,False
2005-08-27,0.0,82.0,False
2005-08-28,0.0,74.0,False
2005-08-29,0.0,72.0,False
2005-08-30,1.0,72.0,False
2005-08-31,0.0,80.0,False
2005-09-01,1.0,82.0,False
2005-09-02,1.0,80.0,False
2005-09-03,0.0,87.0,False
2005-09-04,0.0,79.0,False
2005-09-05,0.0,76.0,False
2005-09-06,0.0,71.0,False
2005-09-07,1.0,63.0,False
2005-09-08,1.0,70.0,False
2005-09-09,0.0,70.0,False
2005-09-10,0.0,81.0,False
2005-09-11,0.0,72.0,False
2005-09-12,0.0,62.0,False
2005-09-13,0.0,68.0,False
2005-09-14,0.0,70.0,False
2005-09-15,1.0,66.0,False
2005-09-16,1.0,72.0,False
2005-09-17,1.0,74.0,False
2005-09-18,0.0,68.0,False
2005-09-19,1.0,63.0,False
2005-09-20,1.0,68.0,False
2005-09-21,1.0,73.0,False
2005-09-22,0.0,78.0,False
2005-09-23,1.0,79.0,False
2005-09-24,1.0,87.0,False
2005-09-25,0.0,71.0,False
2005-09-26,1.0,64.0,False
2005-09-27,1.0,80.0,False
2005-09-28,1.0,71.0,False
2005-09-29,0.0,67.0,False
2005-09-30,1.0,72.0,False
2005-10-01,0.0,75.0,False
2005-10-02,1.0,67.0,False
2005-10-03,0.0,63.0,False
2005-10-04,0.0,64.0,False
2005-10-05,1.0,66.0,False
2005-10-06,1.0,66.0,False
2005-10-07,1.0,67.0,False
2005-10-08,1.0,66.0,False
2005-10-09,0.0,65.0,False
2005-10-10,1.0,61.0,False
2005-10-11,0.0,61.0,False
2005-10-12,0.0,63.0,False
2005-10-13,1.0,64.0,False
2005-10-14,1.0,65.0,False
2005-10-15,0.0,71.0,False
2005-10-16,0.0,74.0,False
2005-10-17,1.0,64.0,False
2005-10-18,1.0,62.0,False
2005-10-19,1.0,64.0,False
2005-10-20,1.0,66.0,False
2005-10-21,1.0,68.0,False
2005-10-22,1.0,75.0,False
2005-10-23,0.0,62.0,False
2005-10-24,1.0,63.0,False
2005-10-25,0.0,60.0,False
2005-10-26,0.0,68.0,False
2005-10-27,1.0,70.0,False
2005-10-28,1.0,63.0,False
2005-10-29,0.0,72.0,False
2005-10-30,0.0,62.0,False
2005-10-31,1.0,63.0,False
2005-11-01,1.0,61.0,False
2005-11-02,1.0,61.0,False
2005-11-03,1.0,66.0,False
2005-11-04,0.0,70.0,False
2005-11-05,1.0,72.0,False
2005-11-06,0.0,62.0,False
2005-11-07,0.0,62.0,False
2005-11-08,1.0,61.0,False
2005-11-09,0.0,57.0,False
2005-11-10,1.0,67.0,False
2005-11-11,0.0,62.0,False
2005-11-12,0.0,67.0,False
2005-11-13,0.0,66.0,False
2005-11-14,1.0,59.0,False
2005-11-15,1.0,64.0,False
2005-11-16,0.0,67.0,False
2005-11-17,1.0,71.0,False
2005-11-18,1.0,68.0,False
2005-11-19,0.0,68.0,False
2005-11-20,0.0,63.0,False
2005-11-21,1.0,60.0,False
2005-11-22,1.0,61.0,False
2005-11-23,1.0,67.0,False
2005-11-24,0.0,82.0,False
2005-11-25,1.0,72.0,False
2005-11-26,1.0,67.0,False
2005-11-27,0.0,63.0,False
2005-11-28,1.0,62.0,False
2005-11-29,0.0,61.0,False
2005-11-30,1.0,62.0,False
2005-12-01,1.0,63.0,False
2005-12-02,1.0,66.0,False
2005-12-03,0.0,64.0,False
2005-12-04,0.0,60.0,False
2005-12-05,0.0,56.0,False
2005-12-06,1.0,59.0,False
2005-12-07,1.0,60.0,False
2005-12-08,1.0,61.0,False
2005-12-09,0.0,64.0,False
2005-12-10,0.0,68.0,False
2005-12-11,0.0,64.0,False
2005-12-12,0.0,60.0,False
2005-12-13,1.0,61.0,False
2005-12-14,0.0,63.0,False
2005-12-15,0.0,65.0,False
2005-12-16,1.0,67.0,False
2005-12-17,1.0,72.0,False
2005-12-18,0.0,68.0,False
2005-12-19,0.0,61.0,False
2005-12-20,0.0,75.0,False
2005-12-21,0.5,75.0,False
2005-12-22,1.0,80.0,False
2005-12-23,1.0,76.0,False
2005-12-24,0.0,83.0,False
2005-12-25,0.0,95.0,False
2005-12-26,0.0,79.0,False
2005-12-27,1.0,66.0,False
2005-12-28,1.0,65.0,False
2005-12-29,1.0,69.0,False
2005-12-30,1.0,72.0,False
2005-12-31,1.0,72.0,False
2006-01-01,0.0,86.0,False
2006-01-02,0.0,71.0,False
2006-01-03,1.0,69.0,False
2006-01-04,1.0,76.0,False
2006-01-05,1.0,77.0,False
2006-01-06,1.0,81.0,False
2006-01-07,0.0,100.0,False
2006-01-08,0.0,85.0,False
2006-01-09,1.0,75.0,False
2006-01-10,1.0,78.0,False
2006-01-11,1.0,76.0,False
2006-01-12,1.0,80.0,False
2006-01-13,1.0,82.0,False
2006-01-14,1.0,83.0,False
2006-01-15,0.0,81.0,False
2006-01-16,1.0,75.0,False
2006-01-17,1.0,73.0,False
2006-01-18,1.0,76.0,False
2006-01-19,1.0,81.0,False
2006-01-20,1.0,85.0,False
2006-01-21,0.0,94.0,False
2006-01-22,1.0,80.0,False
2006-01-23,1.0,74.0,False
2006-01-24,1.0,71.0,False
2006-01-25,1.0,81.0,False
2006-01-26,1.0,78.0,False
2006-01-27,0.0,100.0,False
2006-01-28,1.0,97.0,False
2006-01-29,1.0,86.0,False
2006-01-30,1.0,79.0,False
2006-01-31,1.0,80.0,False
2006-02-01,1.0,80.0,False
2006-02-02,1.0,80.0,False
2006-02-03,1.0,80.0,False
2006-02-04,0.0,84.0,False
2006-02-05,0.0,77.0,False
2006-02-06,0.0,73.0,False
2006-02-07,1.0,76.0,False
2006-02-08,1.0,78.0,False
2006-02-09,1.0,80.0,False
2006-02-10,1.0,86.0,False
2006-02-11,0.0,93.0,False
2006-02-12,0.0,81.0,False
2006-02-13,0.0,73.0,False
2006-02-14,0.0,73.0,False
2006-02-15,1.0,81.0,False
2006-02-16,1.0,78.0,False
2006-02-17,1.0,83.0,False
2006-02-18,0.0,86.0,False
2006-02-19,0.0,80.0,False
2006-02-20,1.0,73.0,False
2006-02-21,0.0,73.0,False
2006-02-22,1.0,71.0,False
2006-02-23,1.0,79.0,False
2006-02-24,0.0,83.0,False
2006-02-25,0.0,93.0,False
2006-02-26,0.0,82.0,False
2006-02-27,1.0,78.0,False
2006-02-28,1.0,79.0,False
2006-03-01,1.0,74.0,False
2006-03-02,0.0,75.0,False
2006-03-03,1.0,79.0,False
2006-03-04,1.0,87.0,False
2006-03-05,0.0,80.0,False
2006-03-06,1.0,71.0,False
2006-03-07,0.0,73.0,False
2006-03-08,1.0,75.0,False
2006-03-09,1.0,77.0,False
2006-03-10,1.0,84.0,False
2006-03-11,0.0,86.0,False
2006-03-12,0.0,80.0,False
2006-03-13,1.0,77.0,False
2006-03-14,1.0,95.0,False
2006-03-15,1.0,85.0,False
2006-03-16,1.0,78.0,False
2006-03-17,1.0,86.0,False
2006-03-18,1.0,86.0,False
2006-03-19,0.0,77.0,False
2006-03-20,1.0,73.0,False
2006-03-21,1.0,80.0,False
2006-03-22,1.0,82.0,False
2006-03-23,1.0,79.0,False
2006-03-24,0.0,82.0,False
2006-03-25,0.0,85.0,False
2006-03-26,0.0,82.0,False
2006-03-27,0.0,73.0,False
2006-03-28,1.0,72.0,False
2006-03-29,0.0,74.0,False
2006-03-30,1.0,79.0,False
2006-03-31,1.0,79.0,False
2006-04-01,0.0,88.0,False
2006-04-02,0.0,83.0,False
2006-04-03,1.0,74.0,False
2006-04-04,1.0,74.0,False
2006-04-05,1.0,77.0,False
2006-04-06,1.0,75.0,False
2006-04-07,1.0,83.0,False
2006-04-08,0.0,88.0,False
2006-04-09,1.0,80.0,False
2006-04-10,1.0,75.0,False
2006-04-11,1.0,76.0,False
2006-04-12,1.0,73.0,False
2006-04-13,1.0,92.0,False
2006-04-14,0.0,90.0,False
2006-04-15,0.0,91.0,False
2006-04-16,0.0,89.0,False
2006-04-17,0.0,76.0,False
2006-04-18,1.0,72.0,False
2006-04-19,1.0,74.0,False
2006-04-20,1.0,82.0,False
2006-04-21,1.0,78.0,False
2006-04-22,0.0,84.0,False
2006-04-23,0.0,80.0,False
2006-04-24,0.0,71.0,False
2006-04-25,1.0,76.0,False
2006-04-26,1.0,78.0,False
2006-04-27,1.0,79.0,False
2006-04-28,1.0,81.0,False
2006-04-29,1.0,83.0,False
2006-04-30,0.0,78.0,False
2006-05-01,1.0,69.0,False
2006-05-02,1.0,73.0,False
2006-05-03,1.0,78.0,False
2006-05-04,1.0,77.0,False
2006-05-05,1.0,79.0,False
2006-05-06,0.0,81.0,False
2006-05-07,1.0,72.0,False
2006-05-08,1.0,70.0,False
2006-05-09,1.0,75.0,False
2006-05-10,1.0,81.0,False
2006-05-11,1.0,84.0,False
2006-05-12,1.0,85.0,False
2006-05-13,0.0,82.0,False
2006-05-14,0.0,79.0,False
2006-05-15,1.0,74.0,False
2006-05-16,1.0,78.0,False
2006-05-17,1.0,81.0,False
2006-05-18,1.0,76.0,False
2006-05-19,1.0,79.0,False
2006-05-20,0.0,82.0,False
2006-05-21,0.0,73.0,False
2006-05-22,1.0,72.0,False
2006-05-23,1.0,76.0,False
2006-05-24,0.0,74.0,False
2006-05-25,0.0,73.0,False
2006-05-26,0.0,76.0,False
2006-05-27,0.0,84.0,False
2006-05-28,0.0,77.0,False
2006-05-29,0.0,74.0,False
2006-05-30,1.0,67.0,False
2006-05-31,1.0,69.0,False
2006-06-01,1.0,72.0,False
2006-06-02,0.0,74.0,False
2006-06-03,0.0,76.0,False
2006-06-04,0.0,71.0,False
2006-06-05,1.0,65.0,False
2006-06-06,1.0,83.0,False
2006-06-07,1.0,74.0,False
2006-06-08,1.0,72.0,False
2006-06-09,1.0,75.0,False
2006-06-10,0.0,80.0,False
2006-06-11,0.0,75.0,False
2006-06-12,1.0,71.0,False
2006-06-13,1.0,77.0,False
2006-06-14,1.0,78.0,False
2006-06-15,1.0,75.0,False
2006-06-16,1.0,76.0,False
2006-06-17,1.0,84.0,False
2006-06-18,0.0,81.0,False
2006-06-19,1.0,74.0,False
2006-06-20,1.0,78.0,False
2006-06-21,1.0,82.0,False
2006-06-22,0.0,83.0,False
2006-06-23,0.0,89.0,False
2006-06-24,0.0,93.0,False
2006-06-25,0.0,87.0,False
2006-06-26,1.0,76.0,False
2006-06-27,1.0,76.0,False
2006-06-28,0.0,84.0,False
2006-06-29,1.0,87.0,False
2006-06-30,1.0,82.0,False
2006-07-01,0.0,83.0,False
2006-07-02,1.0,91.0,False
2006-07-03,1.0,80.0,False
2006-07-04,0.0,83.0,False
2006-07-05,1.0,75.0,False
2006-07-06,1.0,82.0,False
2006-07-07,1.0,80.0,False
2006-07-08,0.0,88.0,False
2006-07-09,0.0,85.0,False
2006-07-10,1.0,73.0,False
2006-07-11,1.0,83.0,False
2006-07-12,1.0,82.0,False
2006-07-13,1.0,78.0,False
2006-07-14,1.0,83.0,False
2006-07-15,1.0,83.0,False
2006-07-16,0.0,88.0,False
2006-07-17,1.0,74.0,False
2006-07-18,0.0,79.0,False
2006-07-19,1.0,84.0,False
2006-07-20,1.0,82.0,False
2006-07-21,1.0,81.0,False
2006-07-22,0.0,88.0,False
2006-07-23,0.0,86.0,False
2006-07-24,0.0,77.0,False
2006-07-25,1.0,77.0,False
2006-07-26,1.0,80.0,False
2006-07-27,1.0,90.0,False
2006-07-28,1.0,87.0,False
2006-07-29,0.0,89.0,False
2006-07-30,0.0,92.0,False
2006-07-31,1.0,78.0,False
2006-08-01,1.0,74.0,False
2006-08-02,0.0,76.0,False
2006-08-03,1.0,79.0,False
2006-08-04,1.0,81.0,False
2006-08-05,0.0,87.0,False
2006-08-06,0.0,83.0,False
2006-08-07,1.0,75.0,False
2006-08-08,1.0,78.0,False
2006-08-09,1.0,78.0,False
2006-08-10,1.0,76.0,False
2006-08-11,1.0,75.0,False
2006-08-12,0.0,85.0,False
2006-08-13,1.0,83.0,False
2006-08-14,0.0,73.0,False
2006-08-15,1.0,76.0,False
2006-08-16,0.0,74.0,False
2006-08-17,1.0,79.0,False
2006-08-18,0.0,82.0,False
2006-08-19,0.0,85.0,False
2006-08-20,0.0,83.0,False
2006-08-21,1.0,71.0,False
2006-08-22,1.0,71.0,False
2006-08-23,1.0,80.0,False
2006-08-24,1.0,77.0,False
2006-08-25,1.0,79.0,False
2006-08-26,0.0,83.0,False
2006-08-27,0.0,81.0,False
2006-08-28,1.0,77.0,False
2006-08-29,1.0,77.0,False
2006-08-30,1.0,76.0,False
2006-08-31,1.0,80.0,False
2006-09-01,0.0,79.0,False
2006-09-02,0.0,84.0,False
2006-09-03,0.0,81.0,False
2006-09-04,0.0,78.0,False
2006-09-05,1.0,72.0,False
2006-09-06,0.0,77.0,False
2006-09-07,1.0,75.0,False
2006-09-08,1.0,79.0,False
2006-09-09,0.0,88.0,False
2006-09-10,0.0,79.0,False
2006-09-11,1.0,75.0,False
2006-09-12,1.0,80.0,False
2006-09-13,1.0,80.0,False
2006-09-14,0.0,78.0,False
2006-09-15,1.0,79.0,False
2006-09-16,1.0,90.0,False
2006-09-17,1.0,79.0,False
2006-09-18,1.0,76.0,False
2006-09-19,1.0,79.0,False
2006-09-20,1.0,77.0,False
2006-09-21,1.0,80.0,False
2006-09-22,1.0,86.0,False
2006-09-23,0.0,88.0,False
2006-09-24,0.0,77.0,False
2006-09-25,1.0,73.0,False
2006-09-26,1.0,84.0,False
2006-09-27,2.0,93.0,False
2006-09-28,2.0,86.0,False
2006-09-29,1.0,83.0,False
2006-09-30,0.0,96.0,False
2006-10-01,1.0,85.0,False
2006-10-02,1.0,77.0,False
2006-10-03,1.0,80.0,False
2006-10-04,2.0,82.0,False
2006-10-05,1.0,86.0,False
2006-10-06,2.0,87.0,False
2006-10-07,0.0,93.0,False
2006-10-08,0.0,85.0,False
2006-10-09,1.0,85.0,False
2006-10-10,1.0,88.0,False
2006-10-11,1.0,89.0,False
2006-10-12,1.0,87.0,False
2006-10-13,1.0,86.0,False
2006-10-14,1.0,87.0,False
2006-10-15,1.0,87.0,False
2006-10-16,1.0,74.0,False
2006-10-17,1.0,83.0,False
2006-10-18,1.0,83.0,False
2006-10-19,2.0,87.0,False
2006-10-20,1.0,86.0,False
2006-10-21,0.0,87.0,False
2006-10-22,0.0,86.0,False
2006-10-23,2.0,82.0,False
2006-10-24,1.0,87.0,False
2006-10-25,1.0,84.0,False
2006-10-26,1.0,85.0,False
2006-10-27,1.0,95.0,False
2006-10-28,0.0,89.0,False
2006-10-29,0.0,83.0,False
2006-10-30,1.0,79.0,False
2006-10-31,1.0,85.0,False
2006-11-01,0.0,87.0,False
2006-11-02,1.0,88.0,False
2006-11-03,1.0,89.0,False
2006-11-04,0.0,84.0,False
2006-11-05,0.0,85.0,False
2006-11-06,1.0,82.0,False
2006-11-07,1.0,83.0,False
2006-11-08,2.0,79.0,False
2006-11-09,0.0,89.0,False
2006-11-10,0.0,84.0,False
2006-11-11,0.0,85.0,False
2006-11-12,0.0,86.0,False
2006-11-13,0.0,82.0,False
2006-11-14,0.0,86.0,False
2006-11-15,1.0,87.0,False
2006-11-16,1.0,84.0,False
2006-11-17,1.0,88.0,False
2006-11-18,0.0,89.0,False
2006-11-19,0.0,83.0,False
2006-11-20,1.0,78.0,False
2006-11-21,1.0,83.0,False
2006-11-22,1.0,85.0,False
2006-11-23,0.0,100.0,False
2006-11-24,1.0,91.0,False
2006-11-25,0.0,90.0,False
2006-11-26,0.0,83.0,False
2006-11-27,1.0,76.0,False
2006-11-28,1.0,86.0,False
2006-11-29,1.0,85.0,False
2006-11-30,1.0,87.0,False
2006-12-01,1.0,86.0,False
2006-12-02,1.0,87.0,False
2006-12-03,0.0,85.0,False
2006-12-04,1.0,80.0,False
2006-12-05,1.0,86.0,False
2006-12-06,1.0,84.0,False
2006-12-07,0.0,87.0,False
2006-12-08,0.0,87.0,False
2006-12-09,0.0,89.0,False
2006-12-10,0.0,87.0,False
2006-12-11,1.0,79.0,False
2006-12-12,0.0,82.0,False
2006-12-13,1.0,92.0,False
2006-12-14,1.0,89.0,False
2006-12-15,1.0,89.0,False
2006-12-16,0.0,77.5,False
2006-12-17,0.0,67.0,False
2006-12-18,0.0,60.0,False
2006-12-19,0.0,62.0,False
2006-12-20,1.0,65.0,False
2006-12-21,0.0,64.0,False
2006-12-22,1.0,65.0,False
2006-12-23,1.0,67.0,False
2006-12-24,0.0,74.0,False
2006-12-25,0.0,76.0,False
2006-12-26,0.0,62.0,False
2006-12-27,0.0,60.0,False
2006-12-28,1.0,57.0,False
2006-12-29,1.0,61.0,False
2006-12-30,0.0,65.0,False
2006-12-31,0.0,65.0,False
2007-01-01,0.0,69.0,False
2007-01-02,0.0,62.0,False
2007-01-03,1.0,60.0,False
2007-01-04,1.0,62.0,False
2007-01-05,0.0,64.0,False
2007-01-06,0.0,70.0,False
2007-01-07,0.0,65.0,False
2007-01-08,1.0,63.0,False
2007-01-09,0.0,66.0,False
2007-01-10,1.0,67.0,False
2007-01-11,0.0,67.0,False
2007-01-12,1.0,64.0,False
2007-01-13,0.0,70.0,False
2007-01-14,0.0,66.0,False
2007-01-15,0.0,61.0,False
2007-01-16,1.0,62.0,False
2007-01-17,1.0,66.0,False
2007-01-18,1.0,69.0,False
2007-01-19,0.0,69.0,False
2007-01-20,0.0,70.0,False
2007-01-21,0.0,70.0,False
2007-01-22,0.0,63.0,False
2007-01-23,1.0,63.0,False
2007-01-24,1.0,66.0,False
2007-01-25,1.0,65.0,False
2007-01-26,1.0,66.0,False
2007-01-27,0.0,70.0,False
2007-01-28,0.0,69.0,False
2007-01-29,1.0,64.0,False
2007-01-30,0.0,67.0,False
2007-01-31,1.0,71.0,False
2007-02-01,1.0,70.0,False
2007-02-02,0.0,68.0,False
2007-02-03,0.0,70.0,False
2007-02-04,0.0,70.0,False
2007-02-05,0.0,65.0,False
2007-02-06,0.0,65.0,False
2007-02-07,1.0,64.0,False
2007-02-08,0.0,68.0,False
2007-02-09,0.0,69.0,False
2007-02-10,0.0,69.0,False
2007-02-11,0.0,68.0,False
2007-02-12,0.0,64.0,False
2007-02-13,0.0,63.0,False
2007-02-14,1.0,65.0,False
2007-02-15,0.0,67.0,False
2007-02-16,0.0,66.0,False
2007-02-17,0.0,70.0,False
2007-02-18,0.0,67.0,False
2007-02-19,0.0,64.0,False
2007-02-20,0.0,62.0,False
2007-02-21,1.0,65.0,False
2007-02-22,0.0,72.0,False
2007-02-23,1.0,76.0,False
2007-02-24,0.0,73.0,False
2007-02-25,0.0,68.0,False
2007-02-26,0.0,65.0,False
2007-02-27,3.0,68.0,False
2007-02-28,4.0,65.0,False
2007-03-01,2.0,69.0,False
2007-03-02,2.0,67.0,False
2007-03-03,1.0,71.0,False
2007-03-04,0.0,69.0,False
2007-03-05,1.0,63.0,False
2007-03-06,1.0,67.0,False
2007-03-07,1.0,67.0,False
2007-03-08,1.0,69.0,False
2007-03-09,1.0,68.0,False
2007-03-10,0.0,73.0,False
2007-03-11,0.0,69.0,False
2007-03-12,1.0,66.0,False
2007-03-13,1.0,67.0,False
2007-03-14,1.0,67.0,False
2007-03-15,1.0,67.0,False
2007-03-16,1.0,68.0,False
2007-03-17,0.0,71.0,False
2007-03-18,0.0,67.0,False
2007-03-19,1.0,64.0,False
2007-03-20,1.0,67.0,False
2007-03-21,1.0,69.0,False
2007-03-22,1.0,69.0,False
2007-03-23,1.0,69.0,False
2007-03-24,0.0,71.0,False
2007-03-25,0.0,67.0,False
2007-03-26,0.0,66.0,False
2007-03-27,1.0,69.0,False
2007-03-28,1.0,67.0,False
2007-03-29,0.0,66.0,False
2007-03-30,1.0,70.0,False
2007-03-31,0.0,74.0,False
2007-04-01,0.0,77.0,False
2007-04-02,1.0,74.0,False
2007-04-03,0.0,68.0,False
2007-04-04,1.0,69.0,False
2007-04-05,1.0,70.0,False
2007-04-06,0.0,67.0,False
2007-04-07,0.0,67.0,False
2007-04-08,0.0,71.0,False
2007-04-09,1.0,66.0,False
2007-04-10,0.0,74.0,False
2007-04-11,1.0,76.0,False
2007-04-12,0.0,76.0,False
2007-04-13,1.0,76.0,False
2007-04-14,0.0,76.0,False
2007-04-15,0.0,72.0,False
2007-04-16,1.0,66.0,False
2007-04-17,1.0,70.0,False
2007-04-18,1.0,71.0,False
2007-04-19,1.0,72.0,False
2007-04-20,1.0,72.0,False
2007-04-21,0.0,75.0,False
2007-04-22,0.0,74.0,False
2007-04-23,1.0,71.0,False
2007-04-24,1.0,68.0,False
2007-04-25,1.0,73.0,False
2007-04-26,1.0,72.0,False
2007-04-27,1.0,73.0,False
2007-04-28,0.0,68.0,False
2007-04-29,0.0,70.0,False
2007-04-30,1.0,67.0,False
2007-05-01,1.0,71.0,False
2007-05-02,2.0,71.0,False
2007-05-03,1.0,71.0,False
2007-05-04,1.0,74.0,False
2007-05-05,1.0,76.0,False
2007-05-06,0.0,70.0,False
2007-05-07,1.0,66.0,False
2007-05-08,1.0,71.0,False
2007-05-09,1.0,72.0,False
2007-05-10,1.0,74.0,False
2007-05-11,1.0,73.0,False
2007-05-12,0.0,74.0,False
2007-05-13,0.0,73.0,False
2007-05-14,1.0,69.0,False
2007-05-15,1.0,69.0,False
2007-05-16,1.0,74.0,False
2007-05-17,1.0,81.0,False
2007-05-18,1.0,83.0,False
2007-05-19,0.0,85.0,False
2007-05-20,1.0,79.0,False
2007-05-21,1.0,75.0,False
2007-05-22,1.0,77.0,False
2007-05-23,1.0,76.0,False
2007-05-24,1.0,78.0,False
2007-05-25,1.0,78.0,False
2007-05-26,0.0,77.0,False
2007-05-27,0.0,77.0,False
2007-05-28,0.0,75.0,False
2007-05-29,1.0,74.0,False
2007-05-30,1.0,78.0,False
2007-05-31,1.0,83.0,False
2007-06-01,1.0,91.0,False
2007-06-02,0.0,100.0,False
2007-06-03,0.0,86.0,False
2007-06-04,1.0,80.0,False
2007-06-05,1.0,78.0,False
2007-06-06,1.0,81.0,False
2007-06-07,1.0,82.0,False
2007-06-08,1.0,81.0,False
2007-06-09,1.0,89.0,False
2007-06-10,0.0,87.0,False
2007-06-11,1.0,79.0,False
2007-06-12,1.0,82.0,False
2007-06-13,1.0,77.0,False
2007-06-14,1.0,75.5,False
2007-06-15,1.0,80.0,False
2007-06-16,0.0,87.0,False
2007-06-17,0.0,79.0,False
2007-06-18,1.0,77.0,False
2007-06-19,1.0,78.0,False
2007-06-20,1.0,77.0,False
2007-06-21,1.0,77.0,False
2007-06-22,1.0,78.0,False
2007-06-23,0.0,85.0,False
2007-06-24,0.0,84.0,False
2007-06-25,0.0,75.0,False
2007-06-26,0.0,73.0,False
2007-06-27,1.0,75.0,False
2007-06-28,1.0,77.0,False
2007-06-29,0.0,78.0,False
2007-06-30,0.0,82.0,False
2007-07-01,0.0,79.0,False
2007-07-02,0.0,77.0,False
2007-07-03,1.0,72.0,False
2007-07-04,0.0,81.0,False
2007-07-05,1.0,73.0,False
2007-07-06,1.0,78.0,False
2007-07-07,0.0,83.0,False
2007-07-08,0.0,81.0,False
2007-07-09,0.0,88.0,False
2007-07-10,1.0,87.0,False
2007-07-11,1.0,86.0,False
2007-07-12,1.0,85.0,False
2007-07-13,1.0,79.0,False
2007-07-14,1.0,88.0,False
2007-07-15,0.0,80.0,False
2007-07-16,1.0,72.0,False
2007-07-17,2.0,77.0,False
2007-07-18,2.0,75.0,False
2007-07-19,1.0,77.0,False
2007-07-20,1.0,80.0,False
2007-07-21,1.0,84.0,False
2007-07-22,0.0,81.0,False
2007-07-23,1.0,72.0,False
2007-07-24,1.0,78.0,False
2007-07-25,1.0,73.0,False
2007-07-26,2.0,78.0,False
2007-07-27,2.0,79.0,False
2007-07-28,1.0,84.0,False
2007-07-29,0.0,76.0,False
2007-07-30,2.0,73.0,False
2007-07-31,2.0,73.0,False
2007-08-01,2.0,79.0,False
2007-08-02,1.0,79.0,False
2007-08-03,1.0,81.0,False
2007-08-04,1.0,80.0,False
2007-08-05,1.0,78.0,False
2007-08-06,1.0,75.0,False
2007-08-07,1.0,72.0,False
2007-08-08,1.0,76.0,False
2007-08-09,2.0,77.0,False
2007-08-10,3.0,77.0,False
2007-08-11,1.0,85.0,False
2007-08-12,0.0,79.0,False
2007-08-13,1.0,73.0,False
2007-08-14,1.0,77.0,False
2007-08-15,2.0,76.0,False
2007-08-16,3.0,83.0,False
2007-08-17,2.0,83.0,False
2007-08-18,1.0,82.0,False
2007-08-19,0.0,83.0,False
2007-08-20,1.0,77.0,False
2007-08-21,1.0,77.0,False
2007-08-22,1.0,90.0,False
2007-08-23,1.0,100.0,False
2007-08-24,1.0,92.0,False
2007-08-25,0.0,94.0,False
2007-08-26,0.0,90.0,False
2007-08-27,1.0,79.0,False
2007-08-28,1.0,81.0,False
2007-08-29,1.0,80.0,False
2007-08-30,1.0,81.0,False
2007-08-31,1.0,84.0,False
2007-09-01,0.0,83.0,False
2007-09-02,0.0,88.0,False
2007-09-03,0.0,84.0,False
2007-09-04,1.0,80.0,False
2007-09-05,1.0,83.0,False
2007-09-06,1.0,85.0,False
2007-09-07,1.0,82.0,False
2007-09-08,0.0,87.0,False
2007-09-09,0.0,83.0,False
2007-09-10,1.0,79.0,False
2007-09-11,1.0,83.0,False
2007-09-12,1.0,82.0,False
2007-09-13,1.0,87.0,False
2007-09-14,1.0,87.0,False
2007-09-15,0.0,90.0,False
2007-09-16,1.0,87.0,False
2007-09-17,1.0,80.0,False
2007-09-18,1.0,83.0,False
2007-09-19,1.0,80.0,False
2007-09-20,1.0,85.0,False
2007-09-21,1.0,85.0,False
2007-09-22,0.0,89.0,False
2007-09-23,0.0,82.0,False
2007-09-24,0.0,81.0,False
2007-09-25,1.0,82.0,False
2007-09-26,0.0,87.0,False
2007-09-27,1.0,98.0,False
2007-09-28,1.0,90.0,False
2007-09-29,0.0,89.0,False
2007-09-30,0.0,85.0,False
2007-10-01,1.0,82.0,False
2007-10-02,1.0,81.0,False
2007-10-03,1.0,82.0,False
2007-10-04,1.0,83.0,False
2007-10-05,1.0,83.0,False
2007-10-06,0.0,91.0,False
2007-10-07,0.0,81.0,False
2007-10-08,1.0,80.0,False
2007-10-09,1.0,86.0,False
2007-10-10,1.0,87.0,False
2007-10-11,1.0,89.0,False
2007-10-12,0.0,87.0,False
2007-10-13,0.0,89.0,False
2007-10-14,0.0,81.0,False
2007-10-15,1.0,80.0,False
2007-10-16,1.0,80.0,False
2007-10-17,1.0,83.0,False
2007-10-18,1.0,86.0,False
2007-10-19,1.0,88.0,False
2007-10-20,0.0,85.0,False
2007-10-21,0.0,82.0,False
2007-10-22,1.0,86.0,False
2007-10-23,1.0,91.0,False
2007-10-24,1.0,96.0,False
2007-10-25,1.0,89.0,False
2007-10-26,1.0,91.0,False
2007-10-27,0.0,90.0,False
2007-10-28,0.0,83.0,False
2007-10-29,1.0,79.0,False
2007-10-30,1.0,86.0,False
2007-10-31,1.0,90.0,False
2007-11-01,1.0,88.0,False
2007-11-02,2.0,88.0,False
2007-11-03,0.0,87.0,False
2007-11-04,0.0,82.0,False
2007-11-05,1.0,87.0,False
2007-11-06,1.0,88.0,False
2007-11-07,1.0,88.0,False
2007-11-08,1.0,89.0,False
2007-11-09,1.0,87.0,False
2007-11-10,0.0,85.0,False
2007-11-11,0.0,83.0,False
2007-11-12,1.0,78.0,False
2007-11-13,1.0,83.0,False
2007-11-14,1.0,87.0,False
2007-11-15,1.0,89.0,False
2007-11-16,1.0,87.0,False
2007-11-17,0.0,88.0,False
2007-11-18,0.0,82.0,False
2007-11-19,1.0,80.0,False
2007-11-20,1.0,81.0,False
2007-11-21,1.0,84.0,False
2007-11-22,0.0,94.0,False
2007-11-23,0.0,84.0,False
2007-11-24,0.0,83.0,False
2007-11-25,0.0,84.0,False
2007-11-26,1.0,76.0,False
2007-11-27,1.0,86.0,False
2007-11-28,1.0,92.0,False
2007-11-29,1.0,91.0,False
2007-11-30,1.0,90.0,False
2007-12-01,0.0,90.0,False
2007-12-02,0.0,83.0,False
2007-12-03,1.0,79.0,False
2007-12-04,1.0,81.0,False
2007-12-05,1.0,83.0,False
2007-12-06,1.0,85.0,False
2007-12-07,1.0,88.0,False
2007-12-08,1.0,87.0,False
2007-12-09,0.0,83.0,False
2007-12-10,1.0,81.0,False
2007-12-11,1.0,82.0,False
2007-12-12,1.0,83.0,False
2007-12-13,1.0,85.0,False
2007-12-14,1.0,84.0,False
2007-12-15,0.0,85.0,False
2007-12-16,0.0,81.0,False
2007-12-17,1.0,79.0,False
2007-12-18,1.0,82.0,False
2007-12-19,1.0,82.0,False
2007-12-20,1.0,83.0,False
2007-12-21,1.0,82.0,False
2007-12-22,0.0,86.0,False
2007-12-23,0.0,84.0,False
2007-12-24,1.0,86.0,False
2007-12-25,0.0,93.0,False
2007-12-26,0.0,79.0,False
2007-12-27,1.0,77.0,False
2007-12-28,0.0,79.0,False
2007-12-29,0.0,82.0,False
2007-12-30,0.0,80.0,False
2007-12-31,0.0,77.0,False
2008-01-01,0.0,83.0,False
2008-01-02,1.0,77.0,False
2008-01-03,1.0,80.0,False
2008-01-04,1.0,79.0,False
2008-01-05,0.0,79.0,False
2008-01-06,0.0,80.0,False
2008-01-07,1.0,81.0,False
2008-01-08,1.0,79.0,False
2008-01-09,1.0,80.0,False
2008-01-10,1.0,82.0,False
2008-01-11,1.0,83.0,False
2008-01-12,1.0,84.0,False
2008-01-13,0.0,81.0,False
2008-01-14,1.0,77.0,False
2008-01-15,1.0,80.0,False
2008-01-16,1.0,84.0,False
2008-01-17,1.0,81.0,False
2008-01-18,2.0,83.0,False
2008-01-19,1.0,86.0,False
2008-01-20,0.0,83.0,False
2008-01-21,1.0,76.0,False
2008-01-22,6.0,81.0,False
2008-01-23,3.0,81.0,False
2008-01-24,2.0,84.0,False
2008-01-25,1.0,84.0,False
2008-01-26,1.0,86.0,False
2008-01-27,0.0,83.0,False
2008-01-28,1.0,83.0,False
2008-01-29,1.0,85.0,False
2008-01-30,1.0,84.0,False
2008-01-31,1.0,88.0,False
2008-02-01,1.0,86.0,False
2008-02-02,1.0,88.0,False
2008-02-03,0.0,82.0,False
2008-02-04,1.0,81.0,False
2008-02-05,1.0,80.0,False
2008-02-06,1.0,84.0,False
2008-02-07,1.0,84.0,False
2008-02-08,1.0,89.0,False
2008-02-09,0.0,88.0,False
2008-02-10,0.0,82.0,False
2008-02-11,1.0,80.0,False
2008-02-12,1.0,84.0,False
2008-02-13,1.0,84.0,False
2008-02-14,1.0,88.0,False
2008-02-15,1.0,88.0,False
2008-02-16,0.0,86.0,False
2008-02-17,0.0,85.0,False
2008-02-18,0.0,81.0,False
2008-02-19,1.0,80.0,False
2008-02-20,1.0,84.0,False
2008-02-21,1.0,84.0,False
2008-02-22,1.0,87.0,False
2008-02-23,0.0,86.0,False
2008-02-24,0.0,84.0,False
2008-02-25,1.0,81.0,False
2008-02-26,1.0,84.0,False
2008-02-27,1.0,85.0,False
2008-02-28,1.0,92.0,False
2008-02-29,1.0,88.0,False
2008-03-01,1.0,89.0,False
2008-03-02,0.0,85.0,False
2008-03-03,1.0,83.0,False
2008-03-04,1.0,84.0,False
2008-03-05,1.0,86.0,False
2008-03-06,1.0,88.0,False
2008-03-07,1.0,91.0,False
2008-03-08,0.0,89.0,False
2008-03-09,0.0,84.0,False
2008-03-10,1.0,83.0,False
2008-03-11,1.0,85.0,False
2008-03-12,1.0,89.0,False
2008-03-13,1.0,89.0,False
2008-03-14,1.0,91.0,False
2008-03-15,0.0,89.0,False
2008-03-16,0.0,85.0,False
2008-03-17,2.0,85.0,False
2008-03-18,2.0,86.0,False
2008-03-19,2.0,83.0,False
2008-03-20,1.0,85.0,False
2008-03-21,1.0,81.0,False
2008-03-22,0.0,87.0,False
2008-03-23,0.0,86.0,False
2008-03-24,1.0,81.0,False
2008-03-25,1.0,83.0,False
2008-03-26,1.0,84.0,False
2008-03-27,1.0,88.0,False
2008-03-28,1.0,86.0,False
2008-03-29,0.0,100.0,False
2008-03-30,0.0,92.0,False
2008-03-31,1.0,83.0,False
2008-04-01,1.0,93.0,False
2008-04-02,1.0,93.0,False
2008-04-03,1.0,86.0,False
2008-04-04,1.0,94.0,False
2008-04-05,0.0,95.0,False
2008-04-06,0.0,91.0,False
2008-04-07,1.0,85.0,False
2008-04-08,1.0,91.0,False
2008-04-09,1.0,90.0,False
2008-04-10,1.0,93.0,False
2008-04-11,1.0,90.0,False
2008-04-12,0.0,90.0,False
2008-04-13,0.0,86.0,False
2008-04-14,1.0,86.0,False
2008-04-15,1.0,86.0,False
2008-04-16,1.0,90.0,False
2008-04-17,1.0,91.0,False
2008-04-18,1.0,94.0,False
2008-04-19,1.0,93.0,False
2008-04-20,0.0,88.0,False
2008-04-21,1.0,85.0,False
2008-04-22,1.0,91.0,False
2008-04-23,1.0,91.0,False
2008-04-24,1.0,91.0,False
2008-04-25,1.0,90.0,False
2008-04-26,0.0,90.0,False
2008-04-27,0.0,87.0,False
2008-04-28,1.0,83.0,False
2008-04-29,1.0,85.0,False
2008-04-30,1.0,92.0,False
2008-05-01,1.0,90.0,False
2008-05-02,1.0,92.0,False
2008-05-03,0.0,89.0,False
2008-05-04,0.0,89.0,False
2008-05-05,1.0,86.0,False
2008-05-06,1.0,88.0,False
2008-05-07,1.0,88.0,False
2008-05-08,1.0,87.0,False
2008-05-09,1.0,91.0,False
2008-05-10,0.0,93.0,False
2008-05-11,0.0,88.0,False
2008-05-12,1.0,87.0,False
2008-05-13,1.0,92.0,False
2008-05-14,1.0,92.0,False
2008-05-15,1.0,92.0,False
2008-05-16,1.0,98.0,False
2008-05-17,0.0,92.0,False
2008-05-18,0.0,91.0,False
2008-05-19,1.0,92.0,False
2008-05-20,1.0,93.0,False
2008-05-21,1.0,94.0,False
2008-05-22,0.0,96.0,False
2008-05-23,1.0,93.0,False
2008-05-24,0.0,93.0,False
2008-05-25,0.0,90.0,False
2008-05-26,0.0,87.0,False
2008-05-27,0.0,86.0,False
2008-05-28,1.0,90.0,False
2008-05-29,1.0,89.0,False
2008-05-30,1.0,90.0,False
2008-05-31,0.0,92.0,False
2008-06-01,0.0,90.0,False
2008-06-02,1.0,86.0,False
2008-06-03,1.0,88.0,False
2008-06-04,1.0,86.0,False
2008-06-05,1.0,89.0,False
2008-06-06,1.0,93.0,False
2008-06-07,0.0,94.0,False
2008-06-08,0.0,66.0,False
2008-06-09,0.0,44.0,False
2008-06-10,0.0,45.0,False
2008-06-11,0.0,45.0,False
2008-06-12,0.0,47.0,False
2008-06-13,0.0,48.0,False
2008-06-14,0.0,49.0,False
2008-06-15,0.0,46.0,False
2008-06-16,0.0,44.0,False
2008-06-17,0.0,46.0,False
2008-06-18,0.0,47.0,False
2008-06-19,0.0,46.0,False
2008-06-20,0.0,47.0,False
2008-06-21,0.0,49.0,False
2008-06-22,0.0,48.0,False
2008-06-23,0.0,45.0,False
2008-06-24,0.0,45.0,False
2008-06-25,0.0,45.0,False
2008-06-26,1.0,45.0,False
2008-06-27,1.0,45.0,False
2008-06-28,0.0,49.0,False
2008-06-29,0.0,48.0,False
2008-06-30,1.0,44.0,False
2008-07-01,1.0,44.0,False
2008-07-02,0.0,44.0,False
2008-07-03,1.0,46.0,False
2008-07-04,0.0,50.0,False
2008-07-05,0.0,48.0,False
2008-07-06,0.0,46.0,False
2008-07-07,1.0,44.0,False
2008-07-08,0.0,45.0,False
2008-07-09,0.0,47.0,False
2008-07-10,1.0,46.0,False
2008-07-11,1.0,46.0,False
2008-07-12,0.0,50.0,False
2008-07-13,0.0,47.0,False
2008-07-14,1.0,44.0,False
2008-07-15,1.0,44.0,False
2008-07-16,1.0,46.0,False
2008-07-17,1.0,47.0,False
2008-07-18,1.0,47.0,False
2008-07-19,0.0,48.0,False
2008-07-20,0.0,46.0,False
2008-07-21,0.0,43.0,False
2008-07-22,0.0,44.0,False
2008-07-23,0.0,46.0,False
2008-07-24,0.0,45.0,False
2008-07-25,0.0,45.0,False
2008-07-26,0.0,48.0,False
2008-07-27,0.0,48.0,False
2008-07-28,0.0,44.0,False
2008-07-29,0.0,48.0,False
2008-07-30,1.0,49.0,False
2008-07-31,0.0,46.0,False
2008-08-01,0.0,45.0,False
2008-08-02,0.0,48.0,False
2008-08-03,0.0,46.0,False
2008-08-04,0.0,43.0,False
2008-08-05,0.0,44.0,False
2008-08-06,0.0,45.0,False
2008-08-07,0.0,45.0,False
2008-08-08,0.0,47.0,False
2008-08-09,0.0,48.0,False
2008-08-10,0.0,46.0,False
2008-08-11,0.0,45.0,False
2008-08-12,0.0,45.0,False
2008-08-13,0.0,47.0,False
2008-08-14,0.0,47.0,False
2008-08-15,0.0,47.0,False
2008-08-16,0.0,48.0,False
2008-08-17,0.0,47.0,False
2008-08-18,0.0,46.0,False
2008-08-19,0.0,47.0,False
2008-08-20,0.0,47.0,False
2008-08-21,0.0,48.0,False
2008-08-22,0.0,48.0,False
2008-08-23,0.0,49.0,False
2008-08-24,0.0,47.0,False
2008-08-25,0.0,45.0,False
2008-08-26,0.0,48.0,False
2008-08-27,0.0,48.0,False
2008-08-28,0.0,49.0,False
2008-08-29,0.0,49.0,False
2008-08-30,0.0,49.0,False
2008-08-31,0.0,51.0,False
2008-09-01,0.0,49.0,False
2008-09-02,0.0,100.0,False
2008-09-03,0.0,86.0,False
2008-09-04,1.0,64.0,False
2008-09-05,1.0,60.0,False
2008-09-06,0.0,60.0,False
2008-09-07,0.0,55.0,False
2008-09-08,0.0,55.0,False
2008-09-09,1.0,54.0,False
2008-09-10,0.0,55.0,False
2008-09-11,0.0,55.0,False
2008-09-12,0.0,55.0,False
2008-09-13,0.0,55.0,False
2008-09-14,0.0,53.0,False
2008-09-15,3.0,52.0,False
2008-09-16,3.0,52.0,False
2008-09-17,3.0,54.0,False
2008-09-18,3.0,55.0,False
2008-09-19,2.0,54.0,False
2008-09-20,1.0,54.0,False
2008-09-21,0.0,49.0,False
2008-09-22,1.0,50.0,False
2008-09-23,2.0,57.0,False
2008-09-24,1.0,58.0,False
2008-09-25,1.0,58.0,False
2008-09-26,2.0,56.0,False
2008-09-27,0.0,63.0,False
2008-09-28,0.0,54.0,False
2008-09-29,7.0,53.0,False
2008-09-30,6.0,53.0,False
2008-10-01,3.0,53.0,False
2008-10-02,2.0,52.0,False
2008-10-03,3.0,54.0,False
2008-10-04,1.0,52.0,False
2008-10-05,0.0,50.0,False
2008-10-06,6.0,50.0,False
2008-10-07,5.0,51.0,False
2008-10-08,5.0,50.0,False
2008-10-09,6.0,51.0,False
2008-10-10,11.0,54.0,False
2008-10-11,2.0,55.0,False
2008-10-12,1.0,50.0,False
2008-10-13,6.0,53.0,False
2008-10-14,5.0,52.0,False
2008-10-15,4.0,52.0,False
2008-10-16,5.0,53.0,False
2008-10-17,3.0,53.0,False
2008-10-18,1.0,52.0,False
2008-10-19,0.0,49.0,False
2008-10-20,2.0,48.0,False
2008-10-21,2.0,50.0,False
2008-10-22,2.0,54.0,False
2008-10-23,2.0,54.0,False
2008-10-24,4.0,55.0,False
2008-10-25,1.0,52.0,False
2008-10-26,0.0,48.0,False
2008-10-27,3.0,51.0,False
2008-10-28,3.0,53.0,False
2008-10-29,3.0,52.0,False
2008-10-30,2.0,52.0,False
2008-10-31,2.0,54.0,False
2008-11-01,1.0,52.0,False
2008-11-02,0.0,50.0,False
2008-11-03,1.0,51.0,False
2008-11-04,2.0,54.0,False
2008-11-05,3.0,51.0,False
2008-11-06,3.0,52.0,False
2008-11-07,2.0,53.0,False
2008-11-08,1.0,51.0,False
2008-11-09,0.0,49.0,False
2008-11-10,1.0,50.0,False
2008-11-11,2.0,50.0,False
2008-11-12,2.0,54.0,False
2008-11-13,2.0,55.0,False
2008-11-14,2.0,54.0,False
2008-11-15,1.0,52.0,False
2008-11-16,0.0,51.0,False
2008-11-17,2.0,52.0,False
2008-11-18,2.0,52.0,False
2008-11-19,2.0,51.0,False
2008-11-20,3.0,55.0,False
2008-11-21,3.0,56.0,False
2008-11-22,1.0,53.0,False
2008-11-23,0.0,50.0,False
2008-11-24,2.0,53.0,False
2008-11-25,2.0,53.0,False
2008-11-26,2.0,50.0,False
2008-11-27,1.0,52.0,False
2008-11-28,1.0,50.0,False
2008-11-29,0.0,51.0,False
2008-11-30,0.0,49.0,False
2008-12-01,2.0,49.0,False
2008-12-02,2.0,51.0,False
2008-12-03,2.0,53.0,False
2008-12-04,2.0,52.0,False
2008-12-05,2.0,68.5,False
2008-12-06,1.0,79.0,False
2008-12-07,0.0,75.0,False
2008-12-08,2.0,75.0,False
2008-12-09,3.0,78.0,False
2008-12-10,2.0,80.0,False
2008-12-11,2.0,84.0,False
2008-12-12,3.0,85.0,False
2008-12-13,1.0,80.0,False
2008-12-14,0.0,78.0,False
2008-12-15,2.0,78.0,False
2008-12-16,2.0,80.0,False
2008-12-17,2.0,81.0,False
2008-12-18,2.0,80.0,False
2008-12-19,2.0,78.0,False
2008-12-20,0.0,79.0,False
2008-12-21,0.0,79.0,False
2008-12-22,1.0,77.0,False
2008-12-23,1.0,76.0,False
2008-12-24,1.0,81.0,False
2008-12-25,0.0,88.0,False
2008-12-26,1.0,80.0,False
2008-12-27,1.0,79.0,False
2008-12-28,0.0,78.0,False
2008-12-29,1.0,73.0,False
2008-12-30,2.0,74.0,False
2008-12-31,2.0,73.0,False
2009-01-01,1.0,81.0,False
2009-01-02,2.0,76.0,False
2009-01-03,0.0,77.0,False
2009-01-04,0.0,76.0,False
2009-01-05,2.0,77.0,False
2009-01-06,2.0,80.0,False
2009-01-07,2.0,80.0,False
2009-01-08,2.0,82.0,False
2009-01-09,2.0,84.0,False
2009-01-10,1.0,83.0,False
2009-01-11,0.0,78.0,False
2009-01-12,1.0,77.0,False
2009-01-13,2.0,81.0,False
2009-01-14,2.0,84.0,False
2009-01-15,2.0,84.0,False
2009-01-16,2.0,81.0,False
2009-01-17,0.0,82.0,False
2009-01-18,0.0,80.0,False
2009-01-19,1.0,77.0,False
2009-01-20,2.0,80.0,False
2009-01-21,3.0,80.0,False
2009-01-22,2.0,82.0,False
2009-01-23,2.0,85.0,False
2009-01-24,1.0,81.0,False
2009-01-25,0.0,75.0,False
2009-01-26,1.0,81.0,False
2009-01-27,1.0,84.0,False
2009-01-28,2.0,85.0,False
2009-01-29,2.0,85.0,False
2009-01-30,2.0,90.0,False
2009-01-31,0.0,95.0,False
2009-02-01,0.0,82.0,False
2009-02-02,2.0,85.0,False
2009-02-03,2.0,98.0,False
2009-02-04,2.0,99.0,False
2009-02-05,2.0,100.0,False
2009-02-06,1.0,96.0,False
2009-02-07,1.0,90.0,False
2009-02-08,0.0,87.0,False
2009-02-09,1.0,86.0,False
2009-02-10,2.0,88.0,False
2009-02-11,2.0,91.0,False
2009-02-12,2.0,90.0,False
2009-02-13,2.0,89.0,False
2009-02-14,1.0,90.0,False
2009-02-15,0.0,85.0,False
2009-02-16,1.0,80.0,False
2009-02-17,2.0,83.0,False
2009-02-18,2.0,84.0,False
2009-02-19,3.0,86.0,False
2009-02-20,4.0,89.0,False
2009-02-21,1.0,91.0,False
2009-02-22,1.0,85.0,False
2009-02-23,3.0,83.0,False
2009-02-24,3.0,86.0,False
2009-02-25,3.0,87.0,False
2009-02-26,3.0,86.0,False
2009-02-27,3.0,90.0,False
2009-02-28,1.0,86.0,False
2009-03-01,1.0,82.0,False
2009-03-02,5.0,83.0,False
2009-03-03,4.0,84.0,False
2009-03-04,4.0,87.0,False
2009-03-05,4.0,87.0,False
2009-03-06,5.0,87.0,False
2009-03-07,1.0,86.0,False
2009-03-08,1.0,83.0,False
2009-03-09,3.0,83.0,False
2009-03-10,4.0,87.0,False
2009-03-11,4.0,87.0,False
2009-03-12,4.0,93.0,False
2009-03-13,4.0,94.0,False
2009-03-14,1.0,90.0,False
2009-03-15,0.0,87.0,False
2009-03-16,3.0,86.0,False
2009-03-17,4.0,89.0,False
2009-03-18,3.0,89.0,False
2009-03-19,3.0,87.0,False
2009-03-20,3.0,92.0,False
2009-03-21,1.0,88.0,False
2009-03-22,0.0,84.0,False
2009-03-23,3.0,86.0,False
2009-03-24,4.0,87.0,False
2009-03-25,4.0,89.0,False
2009-03-26,3.0,93.0,False
2009-03-27,3.0,90.0,False
2009-03-28,1.0,89.0,False
2009-03-29,0.0,85.0,False
2009-03-30,3.0,83.0,False
2009-03-31,3.0,91.0,False
2009-04-01,2.0,95.0,False
2009-04-02,3.0,91.0,False
2009-04-03,3.0,92.0,False
2009-04-04,1.0,92.0,False
2009-04-05,1.0,84.0,False
2009-04-06,2.0,85.0,False
2009-04-07,2.0,86.0,False
2009-04-08,2.0,87.0,False
2009-04-09,3.0,86.0,False
2009-04-10,2.0,85.0,False
2009-04-11,1.0,86.0,False
2009-04-12,0.0,83.0,False
2009-04-13,2.0,83.0,False
2009-04-14,2.0,83.0,False
2009-04-15,2.0,82.0,False
2009-04-16,2.0,90.0,False
2009-04-17,2.0,90.0,False
2009-04-18,1.0,88.0,False
2009-04-19,0.0,84.0,False
2009-04-20,2.0,85.0,False
2009-04-21,2.0,88.0,False
2009-04-22,2.0,94.0,False
2009-04-23,2.0,92.0,False
2009-04-24,2.0,89.0,False
2009-04-25,1.0,89.0,False
2009-04-26,0.0,84.0,False
2009-04-27,1.0,92.0,False
2009-04-28,2.0,91.0,False
2009-04-29,2.0,89.0,False
2009-04-30,2.0,90.0,False
2009-05-01,2.0,90.0,False
2009-05-02,0.0,85.0,False
2009-05-03,0.0,83.0,False
2009-05-04,2.0,85.0,False
2009-05-05,2.0,86.0,False
2009-05-06,2.0,86.0,False
2009-05-07,2.0,90.0,False
2009-05-08,2.0,91.0,False
2009-05-09,1.0,86.0,False
2009-05-10,0.0,85.0,False
2009-05-11,2.0,87.0,False
2009-05-12,2.0,87.0,False
2009-05-13,2.0,89.0,False
2009-05-14,1.0,94.0,False
2009-05-15,2.0,93.0,False
2009-05-16,0.0,85.0,False
2009-05-17,0.0,80.0,False
2009-05-18,2.0,86.0,False
2009-05-19,2.0,87.0,False
2009-05-20,2.0,91.0,False
2009-05-21,2.0,91.0,False
2009-05-22,2.0,93.0,False
2009-05-23,1.0,87.0,False
2009-05-24,0.0,82.0,False
2009-05-25,0.0,83.0,False
2009-05-26,2.0,85.0,False
2009-05-27,2.0,86.0,False
2009-05-28,2.0,90.0,False
2009-05-29,2.0,89.0,False
2009-05-30,1.0,90.0,False
2009-05-31,0.0,84.0,False
2009-06-01,2.0,82.0,False
2009-06-02,3.0,83.0,False
2009-06-03,2.0,81.5,False
2009-06-04,2.0,82.0,False
2009-06-05,2.0,79.0,False
2009-06-06,0.0,86.0,False
2009-06-07,0.0,80.0,False
2009-06-08,1.0,76.0,False
2009-06-09,2.0,78.0,False
2009-06-10,1.0,79.0,False
2009-06-11,1.0,80.0,False
2009-06-12,1.0,78.0,False
2009-06-13,0.0,81.0,False
2009-06-14,0.0,77.0,False
2009-06-15,1.0,75.0,False
2009-06-16,2.0,77.0,False
2009-06-17,1.0,77.0,False
2009-06-18,1.0,79.0,False
2009-06-19,1.0,79.0,False
2009-06-20,0.0,82.0,False
2009-06-21,0.0,78.0,False
2009-06-22,1.0,77.0,False
2009-06-23,1.0,75.0,False
2009-06-24,2.0,78.0,False
2009-06-25,1.0,78.0,False
2009-06-26,1.0,81.0,False
2009-06-27,0.0,82.0,False
2009-06-28,0.0,76.0,False
2009-06-29,1.0,76.0,False
2009-06-30,1.0,73.0,False
2009-07-01,1.0,75.0,False
2009-07-02,1.0,76.0,False
2009-07-03,1.0,77.0,False
2009-07-04,0.0,80.0,False
2009-07-05,0.0,79.0,False
2009-07-06,1.0,73.0,False
2009-07-07,1.0,75.0,False
2009-07-08,1.0,84.0,False
2009-07-09,1.0,83.0,False
2009-07-10,1.0,83.0,False
2009-07-11,0.0,81.0,False
2009-07-12,0.0,79.0,False
2009-07-13,2.0,75.0,False
2009-07-14,1.0,77.0,False
2009-07-15,2.0,79.0,False
2009-07-16,1.0,78.0,False
2009-07-17,1.0,79.0,False
2009-07-18,0.0,81.0,False
2009-07-19,0.0,79.0,False
2009-07-20,1.0,78.0,False
2009-07-21,2.0,81.0,False
2009-07-22,1.0,82.0,False
2009-07-23,2.0,82.0,False
2009-07-24,2.0,82.0,False
2009-07-25,0.0,81.0,False
2009-07-26,0.0,78.0,False
2009-07-27,2.0,73.0,False
2009-07-28,1.0,77.0,False
2009-07-29,1.0,78.0,False
2009-07-30,2.0,78.0,False
2009-07-31,2.0,77.0,False
2009-08-01,1.0,83.0,False
2009-08-02,0.0,79.0,False
2009-08-03,1.0,77.0,False
2009-08-04,2.0,79.0,False
2009-08-05,2.0,79.0,False
2009-08-06,1.0,79.0,False
2009-08-07,2.0,83.0,False
2009-08-08,0.0,79.0,False
2009-08-09,0.0,77.0,False
2009-08-10,1.0,74.0,False
2009-08-11,1.0,78.0,False
2009-08-12,1.0,80.0,False
2009-08-13,1.0,80.0,False
2009-08-14,2.0,82.0,False
2009-08-15,0.0,82.0,False
2009-08-16,0.0,78.0,False
2009-08-17,1.0,76.0,False
2009-08-18,1.0,76.0,False
2009-08-19,1.0,76.0,False
2009-08-20,1.0,79.0,False
2009-08-21,2.0,78.0,False
2009-08-22,0.0,79.0,False
2009-08-23,0.0,78.0,False
2009-08-24,1.0,77.0,False
2009-08-25,1.0,81.0,False
2009-08-26,1.0,82.0,False
2009-08-27,2.0,85.0,False
2009-08-28,1.0,82.0,False
2009-08-29,0.0,82.0,False
2009-08-30,0.0,82.0,False
2009-08-31,1.0,79.0,False
2009-09-01,1.0,85.0,False
2009-09-02,1.0,81.0,False
2009-09-03,1.0,83.0,False
2009-09-04,1.0,80.0,False
2009-09-05,0.0,79.0,False
2009-09-06,0.0,76.0,False
2009-09-07,0.0,78.0,False
2009-09-08,1.0,78.0,False
2009-09-09,1.0,82.0,False
2009-09-10,1.0,84.0,False
2009-09-11,1.0,84.0,False
2009-09-12,0.0,78.0,False
2009-09-13,0.0,77.0,False
2009-09-14,1.0,76.0,False
2009-09-15,1.0,85.0,False
2009-09-16,1.0,85.0,False
2009-09-17,1.0,82.0,False
2009-09-18,1.0,84.0,False
2009-09-19,0.0,81.0,False
2009-09-20,0.0,81.0,False
2009-09-21,1.0,84.0,False
2009-09-22,1.0,85.0,False
2009-09-23,1.0,86.0,False
2009-09-24,1.0,87.0,False
2009-09-25,1.0,83.0,False
2009-09-26,0.0,83.0,False
2009-09-27,0.0,83.0,False
2009-09-28,1.0,83.0,False
2009-09-29,1.0,84.0,False
2009-09-30,1.0,91.0,False
2009-10-01,1.0,93.0,False
2009-10-02,1.0,93.0,False
2009-10-03,0.0,88.0,False
2009-10-04,0.0,80.0,False
2009-10-05,1.0,83.0,False
2009-10-06,2.0,86.0,False
2009-10-07,1.0,100.0,False
2009-10-08,2.0,92.0,False
2009-10-09,1.0,88.0,False
2009-10-10,0.0,85.0,False
2009-10-11,0.0,83.0,False
2009-10-12,1.0,84.0,False
2009-10-13,1.0,90.0,False
2009-10-14,2.0,91.0,False
2009-10-15,2.0,91.0,False
2009-10-16,2.0,89.0,False
2009-10-17,0.0,83.0,False
2009-10-18,0.0,82.0,False
2009-10-19,1.0,85.0,False
2009-10-20,1.0,86.0,False
2009-10-21,1.0,88.0,False
2009-10-22,1.0,86.0,False
2009-10-23,1.0,85.0,False
2009-10-24,0.0,85.0,False
2009-10-25,0.0,82.0,False
2009-10-26,1.0,83.0,False
2009-10-27,1.0,92.0,False
2009-10-28,1.0,91.0,False
2009-10-29,1.0,96.0,False
2009-10-30,1.0,93.0,False
2009-10-31,0.0,85.0,False
2009-11-01,0.0,85.0,False
2009-11-02,1.0,87.0,False
2009-11-03,1.0,88.0,False
2009-11-04,1.0,92.0,False
2009-11-05,1.0,98.0,False
2009-11-06,1.0,98.0,False
2009-11-07,0.0,91.0,False
2009-11-08,0.0,85.0,False
2009-11-09,1.0,91.0,False
2009-11-10,1.0,93.0,False
2009-11-11,1.0,94.0,False
2009-11-12,1.0,94.0,False
2009-11-13,1.0,96.0,False
2009-11-14,1.0,95.0,False
2009-11-15,0.0,86.0,False
2009-11-16,1.0,91.0,False
2009-11-17,1.0,90.0,False
2009-11-18,1.0,92.0,False
2009-11-19,1.0,92.0,False
2009-11-20,1.0,96.0,False
2009-11-21,0.0,88.0,False
2009-11-22,0.0,86.0,False
2009-11-23,1.0,90.0,False
2009-11-24,1.0,92.0,False
2009-11-25,1.0,92.0,False
2009-11-26,1.0,90.0,False
2009-11-27,1.0,89.0,False
2009-11-28,0.0,88.0,False
2009-11-29,0.0,87.0,False
2009-11-30,1.0,78.0,False
2009-12-01,1.0,65.0,False
2009-12-02,1.0,65.0,False
2009-12-03,1.0,64.0,False
2009-12-04,1.0,65.0,False
2009-12-05,0.0,61.0,False
2009-12-06,0.0,58.0,False
2009-12-07,1.0,59.0,False
2009-12-08,1.0,66.0,False
2009-12-09,1.0,63.0,False
2009-12-10,1.0,63.0,False
2009-12-11,1.0,63.0,False
2009-12-12,0.0,61.0,False
2009-12-13,0.0,59.0,False
2009-12-14,1.0,62.0,False
2009-12-15,1.0,64.0,False
2009-12-16,1.0,62.0,False
2009-12-17,1.0,61.0,False
2009-12-18,1.0,60.0,False
2009-12-19,0.0,59.0,False
2009-12-20,0.0,55.0,False
2009-12-21,0.0,55.0,False
2009-12-22,1.0,57.0,False
2009-12-23,1.0,57.0,False
2009-12-24,0.0,59.0,False
2009-12-25,0.0,66.0,False
2009-12-26,0.0,60.0,False
2009-12-27,0.0,57.0,False
2009-12-28,1.0,55.0,False
2009-12-29,1.0,55.0,False
2009-12-30,1.0,56.0,False
2009-12-31,1.0,58.0,False
2010-01-01,0.0,56.5,False
2010-01-02,0.0,56.0,False
2010-01-03,0.0,55.0,False
2010-01-04,1.0,58.0,False
2010-01-05,1.0,69.0,False
2010-01-06,1.0,69.0,False
2010-01-07,1.0,63.0,False
2010-01-08,1.0,63.0,False
2010-01-09,0.0,62.0,False
2010-01-10,0.0,59.0,False
2010-01-11,1.0,58.0,False
2010-01-12,1.0,62.0,False
2010-01-13,1.0,67.0,False
2010-01-14,1.0,66.0,False
2010-01-15,1.0,65.0,False
2010-01-16,0.0,60.0,False
2010-01-17,0.0,59.0,False
2010-01-18,0.0,57.0,False
2010-01-19,1.0,60.0,False
2010-01-20,1.0,60.0,False
2010-01-21,1.0,62.0,False
2010-01-22,1.0,61.0,False
2010-01-23,0.0,62.0,False
2010-01-24,0.0,57.0,False
2010-01-25,1.0,58.0,False
2010-01-26,1.0,59.0,False
2010-01-27,1.0,62.0,False
2010-01-28,1.0,61.0,False
2010-01-29,1.0,62.0,False
2010-01-30,0.0,58.0,False
2010-01-31,0.0,57.0,False
2010-02-01,1.0,57.0,False
2010-02-02,1.0,59.0,False
2010-02-03,1.0,61.0,False
2010-02-04,1.0,59.0,False
2010-02-05,1.0,62.0,False
2010-02-06,0.0,58.0,False
2010-02-07,0.0,54.0,False
2010-02-08,1.0,62.0,False
2010-02-09,1.0,66.0,False
2010-02-10,1.0,71.0,False
2010-02-11,1.0,67.0,False
2010-02-12,1.0,65.0,False
2010-02-13,0.0,61.0,False
2010-02-14,0.0,58.0,False
2010-02-15,0.0,58.0,False
2010-02-16,1.0,59.0,False
2010-02-17,1.0,62.0,False
2010-02-18,1.0,62.0,False
2010-02-19,1.0,62.0,False
2010-02-20,0.0,60.0,False
2010-02-21,0.0,56.0,False
2010-02-22,1.0,59.0,False
2010-02-23,1.0,62.0,False
2010-02-24,1.0,62.0,False
2010-02-25,1.0,60.0,False
2010-02-26,1.0,60.0,False
2010-02-27,0.0,63.0,False
2010-02-28,0.0,56.0,False
2010-03-01,0.0,60.0,False
2010-03-02,1.0,62.0,False
2010-03-03,1.0,62.0,False
2010-03-04,1.0,67.0,False
2010-03-05,1.0,61.0,False
2010-03-06,0.0,59.0,False
2010-03-07,0.0,57.0,False
2010-03-08,1.0,57.0,False
2010-03-09,1.0,62.0,False
2010-03-10,1.0,62.0,False
2010-03-11,1.0,63.0,False
2010-03-12,1.0,63.0,False
2010-03-13,0.0,59.0,False
2010-03-14,0.0,60.0,False
2010-03-15,1.0,61.0,False
2010-03-16,1.0,62.0,False
2010-03-17,1.0,63.0,False
2010-03-18,1.0,62.0,False
2010-03-19,1.0,64.0,False
2010-03-20,0.0,60.0,False
2010-03-21,0.0,57.0,False
2010-03-22,1.0,63.0,False
2010-03-23,1.0,63.0,False
2010-03-24,1.0,64.0,False
2010-03-25,1.0,62.0,False
2010-03-26,1.0,62.0,False
2010-03-27,0.0,62.0,False
2010-03-28,0.0,54.0,False
2010-03-29,1.0,59.0,False
2010-03-30,1.0,60.0,False
2010-03-31,1.0,61.0,False
2010-04-01,1.0,100.0,False
2010-04-02,1.0,75.0,False
2010-04-03,0.0,62.0,False
2010-04-04,0.0,60.0,False
2010-04-05,1.0,60.0,False
2010-04-06,1.0,61.0,False
2010-04-07,1.0,61.0,False
2010-04-08,1.0,63.0,False
2010-04-09,1.0,63.0,False
2010-04-10,0.0,58.0,False
2010-04-11,0.0,58.0,False
2010-04-12,1.0,60.0,False
2010-04-13,1.0,61.0,False
2010-04-14,1.0,63.0,False
2010-04-15,1.0,63.0,False
2010-04-16,1.0,62.0,False
2010-04-17,0.0,62.0,False
2010-04-18,0.0,59.0,False
2010-04-19,1.0,60.0,False
2010-04-20,1.0,63.0,False
2010-04-21,1.0,61.0,False
2010-04-22,1.0,63.0,False
2010-04-23,1.0,63.0,False
2010-04-24,0.0,60.0,False
2010-04-25,0.0,60.0,False
2010-04-26,1.0,60.0,False
2010-04-27,1.0,61.0,False
2010-04-28,1.0,63.0,False
2010-04-29,1.0,63.0,False
2010-04-30,1.0,64.0,False
2010-05-01,0.0,62.0,False
2010-05-02,0.0,59.0,False
2010-05-03,1.0,61.0,False
2010-05-04,1.0,61.0,False
2010-05-05,1.0,64.0,False
2010-05-06,3.0,68.0,False
2010-05-07,3.0,67.0,False
2010-05-08,1.0,62.0,False
2010-05-09,0.0,59.0,False
2010-05-10,1.0,62.0,False
2010-05-11,1.0,64.0,False
2010-05-12,1.0,64.0,False
2010-05-13,1.0,64.0,False
2010-05-14,1.0,64.0,False
2010-05-15,0.0,62.0,False
2010-05-16,0.0,59.0,False
2010-05-17,1.0,62.0,False
2010-05-18,1.0,63.0,False
2010-05-19,1.0,65.0,False
2010-05-20,1.0,71.0,False
2010-05-21,1.0,87.0,False
2010-05-22,0.0,83.0,False
2010-05-23,0.0,76.0,False
2010-05-24,1.0,70.0,False
2010-05-25,2.0,70.0,False
2010-05-26,1.0,68.0,False
2010-05-27,1.0,71.0,False
2010-05-28,1.0,67.0,False
2010-05-29,0.0,63.0,False
2010-05-30,0.0,61.0,False
2010-05-31,0.0,62.0,False
2010-06-01,1.0,64.0,False
2010-06-02,1.0,63.0,False
2010-06-03,1.0,63.0,False
2010-06-04,1.0,63.0,False
2010-06-05,0.0,65.0,False
2010-06-06,0.0,61.0,False
2010-06-07,1.0,60.0,False
2010-06-08,1.0,62.0,False
2010-06-09,1.0,63.0,False
2010-06-10,1.0,70.0,False
2010-06-11,1.0,62.0,False
2010-06-12,0.0,59.0,False
2010-06-13,0.0,59.0,False
2010-06-14,1.0,57.0,False
2010-06-15,1.0,59.0,False
2010-06-16,1.0,59.0,False
2010-06-17,1.0,60.0,False
2010-06-18,1.0,59.0,False
2010-06-19,0.0,59.0,False
2010-06-20,0.0,59.0,False
2010-06-21,1.0,58.0,False
2010-06-22,1.0,61.0,False
2010-06-23,1.0,61.0,False
2010-06-24,1.0,59.0,False
2010-06-25,1.0,61.0,False
2010-06-26,0.0,61.0,False
2010-06-27,0.0,60.0,False
2010-06-28,1.0,57.0,False
2010-06-29,1.0,58.0,False
2010-06-30,1.0,65.0,False
2010-07-01,1.0,71.0,False
2010-07-02,1.0,70.0,False
2010-07-03,0.0,69.0,False
2010-07-04,0.0,70.0,False
2010-07-05,0.0,70.0,False
2010-07-06,1.0,69.0,False
2010-07-07,1.0,69.0,False
2010-07-08,1.0,70.0,False
2010-07-09,1.0,69.0,False
2010-07-10,0.0,71.0,False
2010-07-11,0.0,69.0,False
2010-07-12,1.0,69.0,False
2010-07-13,1.0,71.0,False
2010-07-14,1.0,71.0,False
2010-07-15,1.0,72.0,False
2010-07-16,1.0,73.0,False
2010-07-17,0.0,70.0,False
2010-07-18,0.0,69.0,False
2010-07-19,1.0,69.0,False
2010-07-20,1.0,68.0,False
2010-07-21,1.0,71.0,False
2010-07-22,1.0,71.0,False
2010-07-23,1.0,71.0,False
2010-07-24,0.0,73.0,False
2010-07-25,0.0,69.0,False
2010-07-26,1.0,69.0,False
2010-07-27,1.0,69.0,False
2010-07-28,1.0,71.0,False
2010-07-29,1.0,70.0,False
2010-07-30,1.0,70.0,False
2010-07-31,0.0,70.0,False
2010-08-01,0.0,69.0,False
2010-08-02,1.0,69.0,False
2010-08-03,1.0,68.0,False
2010-08-04,1.0,70.0,False
2010-08-05,1.0,72.0,False
2010-08-06,1.0,71.0,False
2010-08-07,0.0,71.0,False
2010-08-08,0.0,68.0,False
2010-08-09,1.0,68.0,False
2010-08-10,1.0,72.0,False
2010-08-11,1.0,69.0,False
2010-08-12,1.0,72.0,False
2010-08-13,1.0,73.0,False
2010-08-14,0.0,70.0,False
2010-08-15,0.0,71.0,False
2010-08-16,1.0,68.0,False
2010-08-17,1.0,68.0,False
2010-08-18,1.0,71.0,False
2010-08-19,1.0,72.0,False
2010-08-20,1.0,70.0,False
2010-08-21,0.0,72.0,False
2010-08-22,0.0,71.0,False
2010-08-23,1.0,72.0,False
2010-08-24,1.0,71.0,False
2010-08-25,1.0,74.0,False
2010-08-26,1.0,79.0,False
2010-08-27,1.0,78.0,False
2010-08-28,0.0,77.0,False
2010-08-29,0.0,73.0,False
2010-08-30,1.0,73.0,False
2010-08-31,1.0,74.0,False
2010-09-01,1.0,75.0,False
2010-09-02,1.0,75.0,False
2010-09-03,1.0,75.0,False
2010-09-04,0.0,75.0,False
2010-09-05,0.0,70.0,False
2010-09-06,0.0,70.0,False
2010-09-07,1.0,98.0,False
2010-09-08,1.0,100.0,False
2010-09-09,1.0,87.0,False
2010-09-10,1.0,81.0,False
2010-09-11,0.0,75.0,False
2010-09-12,0.0,73.0,False
2010-09-13,1.0,76.0,False
2010-09-14,1.0,76.0,False
2010-09-15,1.0,78.0,False
2010-09-16,1.0,78.0,False
2010-09-17,1.0,78.0,False
2010-09-18,0.0,74.0,False
2010-09-19,0.0,71.0,False
2010-09-20,1.0,75.0,False
2010-09-21,1.0,76.0,False
2010-09-22,1.0,78.0,False
2010-09-23,1.0,80.0,False
2010-09-24,1.0,76.0,False
2010-09-25,0.0,76.0,False
2010-09-26,0.0,71.0,False
2010-09-27,1.0,83.0,False
2010-09-28,1.0,78.0,False
2010-09-29,1.0,76.0,False
2010-09-30,1.0,81.0,False
2010-10-01,1.0,79.0,False
2010-10-02,0.0,73.0,False
2010-10-03,0.0,71.0,False
2010-10-04,1.0,78.0,False
2010-10-05,1.0,80.0,False
2010-10-06,1.0,81.0,False
2010-10-07,1.0,80.0,False
2010-10-08,1.0,82.0,False
2010-10-09,0.0,78.0,False
2010-10-10,0.0,72.0,False
2010-10-11,1.0,75.0,False
2010-10-12,1.0,76.0,False
2010-10-13,1.0,77.0,False
2010-10-14,1.0,79.0,False
2010-10-15,1.0,78.0,False
2010-10-16,0.0,74.0,False
2010-10-17,0.0,70.0,False
2010-10-18,1.0,74.0,False
2010-10-19,1.0,78.0,False
2010-10-20,1.0,78.0,False
2010-10-21,1.0,80.0,False
2010-10-22,1.0,80.0,False
2010-10-23,0.0,73.0,False
2010-10-24,0.0,73.0,False
2010-10-25,1.0,77.0,False
2010-10-26,1.0,78.0,False
2010-10-27,1.0,77.0,False
2010-10-28,1.0,78.0,False
2010-10-29,1.0,78.0,False
2010-10-30,0.0,73.0,False
2010-10-31,0.0,76.0,False
2010-11-01,1.0,77.0,False
2010-11-02,1.0,79.0,False
2010-11-03,1.0,82.0,False
2010-11-04,1.0,85.0,False
2010-11-05,1.0,87.0,False
2010-11-06,0.0,77.0,False
2010-11-07,0.0,72.0,False
2010-11-08,1.0,81.0,False
2010-11-09,1.0,83.0,False
2010-11-10,1.0,82.0,False
2010-11-11,1.0,82.0,False
2010-11-12,1.0,83.0,False
2010-11-13,0.0,75.0,False
2010-11-14,0.0,73.0,False
2010-11-15,1.0,78.0,False
2010-11-16,1.0,78.0,False
2010-11-17,1.0,82.0,False
2010-11-18,1.0,83.0,False
2010-11-19,1.0,83.0,False
2010-11-20,0.0,79.0,False
2010-11-21,0.0,74.0,False
2010-11-22,1.0,79.0,False
2010-11-23,1.0,79.0,False
2010-11-24,1.0,78.0,False
2010-11-25,0.0,78.0,False
2010-11-26,0.0,73.0,False
2010-11-27,0.0,73.0,False
2010-11-28,0.0,73.0,False
2010-11-29,1.0,77.0,False
2010-11-30,1.0,80.0,False
2010-12-01,1.0,83.0,False
2010-12-02,1.0,84.0,False
2010-12-03,1.0,83.0,False
2010-12-04,0.0,79.0,False
2010-12-05,0.0,74.0,False
2010-12-06,1.0,80.0,False
2010-12-07,1.0,83.0,False
2010-12-08,1.0,83.0,False
2010-12-09,1.0,81.0,False
2010-12-10,1.0,83.0,False
2010-12-11,0.0,77.0,False
2010-12-12,0.0,73.0,False
2010-12-13,1.0,77.0,False
2010-12-14,1.0,78.0,False
2010-12-15,1.0,80.0,False
2010-12-16,1.0,80.0,False
2010-12-17,1.0,82.0,False
2010-12-18,0.0,77.0,False
2010-12-19,0.0,74.0,False
2010-12-20,1.0,76.0,False
2010-12-21,1.0,75.0,False
2010-12-22,1.0,75.0,False
2010-12-23,1.0,78.0,False
2010-12-24,0.0,91.0,False
2010-12-25,0.0,89.0,False
2010-12-26,0.0,78.0,False
2010-12-27,0.0,66.0,False
2010-12-28,1.0,59.0,False
2010-12-29,1.0,57.0,False
2010-12-30,0.0,58.0,False
2010-12-31,0.0,58.0,False
2011-01-01,0.0,58.0,False
2011-01-02,0.0,55.0,False
2011-01-03,1.0,57.0,False
2011-01-04,1.0,60.0,False
2011-01-05,1.0,60.0,False
2011-01-06,1.0,62.0,False
2011-01-07,1.0,61.0,False
2011-01-08,0.0,59.0,False
2011-01-09,0.0,56.0,False
2011-01-10,0.0,58.0,False
2011-01-11,0.0,60.0,False
2011-01-12,1.0,60.0,False
2011-01-13,1.0,60.0,False
2011-01-14,1.0,61.0,False
2011-01-15,0.0,58.0,False
2011-01-16,0.0,57.0,False
2011-01-17,0.0,60.0,False
2011-01-18,1.0,61.0,False
2011-01-19,1.0,65.0,False
2011-01-20,0.0,66.0,False
2011-01-21,1.0,65.0,False
2011-01-22,0.0,60.0,False
2011-01-23,0.0,57.0,False
2011-01-24,1.0,59.0,False
2011-01-25,1.0,63.0,False
2011-01-26,1.0,62.0,False
2011-01-27,1.0,62.0,False
2011-01-28,1.0,63.0,False
2011-01-29,0.0,60.0,False
2011-01-30,0.0,58.0,False
2011-01-31,1.0,61.0,False
2011-02-01,1.0,63.0,False
2011-02-02,1.0,62.0,False
2011-02-03,1.0,66.0,False
2011-02-04,1.0,64.0,False
2011-02-05,0.0,60.0,False
2011-02-06,0.0,57.0,False
2011-02-07,1.0,62.0,False
2011-02-08,1.0,69.0,False
2011-02-09,1.0,65.0,False
2011-02-10,1.0,63.0,False
2011-02-11,1.0,65.0,False
2011-02-12,0.0,60.0,False
2011-02-13,0.0,59.0,False
2011-02-14,1.0,63.0,False
2011-02-15,1.0,62.0,False
2011-02-16,0.0,64.0,False
2011-02-17,1.0,65.0,False
2011-02-18,1.0,63.0,False
2011-02-19,0.0,60.0,False
2011-02-20,0.0,58.0,False
2011-02-21,0.0,60.0,False
2011-02-22,1.0,62.0,False
2011-02-23,1.0,63.0,False
2011-02-24,1.0,62.0,False
2011-02-25,1.0,62.0,False
2011-02-26,0.0,59.0,False
2011-02-27,0.0,56.0,False
2011-02-28,1.0,60.0,False
2011-03-01,1.0,63.0,False
2011-03-02,1.0,66.0,False
2011-03-03,1.0,67.0,False
2011-03-04,1.0,68.0,False
2011-03-05,0.0,67.0,False
2011-03-06,0.0,66.0,False
2011-03-07,1.0,66.0,False
2011-03-08,1.0,68.0,False
2011-03-09,1.0,68.0,False
2011-03-10,1.0,69.0,False
2011-03-11,1.0,70.0,False
2011-03-12,0.0,69.0,False
2011-03-13,0.0,65.0,False
2011-03-14,1.0,69.0,False
2011-03-15,1.0,68.0,False
2011-03-16,1.0,69.0,False
2011-03-17,1.0,69.0,False
2011-03-18,1.0,70.0,False
2011-03-19,0.0,67.0,False
2011-03-20,0.0,64.0,False
2011-03-21,1.0,67.0,False
2011-03-22,1.0,70.0,False
2011-03-23,1.0,68.0,False
2011-03-24,1.0,72.0,False
2011-03-25,1.0,71.0,False
2011-03-26,0.0,68.0,False
2011-03-27,0.0,65.0,False
2011-03-28,1.0,67.0,False
2011-03-29,1.0,68.0,False
2011-03-30,1.0,70.0,False
2011-03-31,1.0,73.0,False
2011-04-01,1.0,78.0,False
2011-04-02,0.0,72.0,False
2011-04-03,0.0,67.0,False
2011-04-04,0.0,67.0,False
2011-04-05,1.0,67.0,False
2011-04-06,1.0,66.0,False
2011-04-07,0.0,69.0,False
2011-04-08,0.0,68.0,False
2011-04-09,0.0,68.0,False
2011-04-10,0.0,65.0,False
2011-04-11,0.0,67.0,False
2011-04-12,1.0,70.0,False
2011-04-13,0.0,70.0,False
2011-04-14,0.0,69.0,False
2011-04-15,0.0,70.0,False
2011-04-16,0.0,69.0,False
2011-04-17,0.0,67.0,False
2011-04-18,1.0,65.0,False
2011-04-19,1.0,67.0,False
2011-04-20,1.0,68.0,False
2011-04-21,1.0,66.0,False
2011-04-22,0.0,68.0,False
2011-04-23,0.0,67.0,False
2011-04-24,0.0,67.0,False
2011-04-25,1.0,66.0,False
2011-04-26,1.0,71.0,False
2011-04-27,1.0,68.0,False
2011-04-28,0.0,68.0,False
2011-04-29,1.0,69.0,False
2011-04-30,0.0,67.0,False
2011-05-01,0.0,68.0,False
2011-05-02,1.0,68.0,False
2011-05-03,0.0,70.0,False
2011-05-04,1.0,70.0,False
2011-05-05,1.0,71.0,False
2011-05-06,1.0,71.0,False
2011-05-07,0.0,68.0,False
2011-05-08,0.0,68.0,False
2011-05-09,0.0,72.0,False
2011-05-10,0.0,76.0,False
2011-05-11,1.0,79.0,False
2011-05-12,0.0,75.0,False
2011-05-13,1.0,73.0,False
2011-05-14,0.0,71.0,False
2011-05-15,0.0,68.0,False
2011-05-16,0.0,70.0,False
2011-05-17,0.0,71.0,False
2011-05-18,0.0,71.0,False
2011-05-19,0.0,72.0,False
2011-05-20,0.0,100.0,False
2011-05-21,0.0,79.0,False
2011-05-22,0.0,68.0,False
2011-05-23,0.0,69.0,False
2011-05-24,0.0,71.0,False
2011-05-25,0.0,69.0,False
2011-05-26,0.0,71.0,False
2011-05-27,0.0,74.0,False
2011-05-28,0.0,70.0,False
2011-05-29,0.0,67.0,False
2011-05-30,0.0,68.0,False
2011-05-31,0.0,69.0,False
2011-06-01,1.0,70.0,False
2011-06-02,1.0,70.0,False
2011-06-03,1.0,71.0,False
2011-06-04,0.0,70.0,False
2011-06-05,0.0,70.0,False
2011-06-06,0.0,69.0,False
2011-06-07,0.0,70.0,False
2011-06-08,0.0,73.0,False
2011-06-09,0.0,93.0,False
2011-06-10,1.0,93.0,False
2011-06-11,0.0,83.0,False
2011-06-12,0.0,73.0,False
2011-06-13,1.0,69.0,False
2011-06-14,1.0,70.0,False
2011-06-15,1.0,72.0,False
2011-06-16,1.0,74.0,False
2011-06-17,1.0,71.0,False
2011-06-18,0.0,71.0,False
2011-06-19,0.0,72.0,False
2011-06-20,0.0,69.0,False
2011-06-21,0.0,70.0,False
2011-06-22,1.0,69.0,False
2011-06-23,1.0,71.0,False
2011-06-24,1.0,70.0,False
2011-06-25,0.0,70.0,False
2011-06-26,0.0,65.0,False
2011-06-27,0.0,63.0,False
2011-06-28,0.0,66.0,False
2011-06-29,0.0,72.0,False
2011-06-30,0.0,75.0,False
2011-07-01,0.0,71.0,False
2011-07-02,0.0,71.0,False
2011-07-03,0.0,68.0,False
2011-07-04,0.0,71.0,False
2011-07-05,0.0,68.0,False
2011-07-06,0.0,70.0,False
2011-07-07,0.0,71.0,False
2011-07-08,0.0,75.0,False
2011-07-09,0.0,77.0,False
2011-07-10,0.0,74.0,False
2011-07-11,1.0,76.0,False
2011-07-12,0.0,77.0,False
2011-07-13,0.0,75.0,False
2011-07-14,1.0,77.0,False
2011-07-15,1.0,74.0,False
2011-07-16,0.0,73.0,False
2011-07-17,0.0,69.0,False
2011-07-18,0.0,70.0,False
2011-07-19,1.0,70.0,False
2011-07-20,1.0,74.0,False
2011-07-21,1.0,70.0,False
2011-07-22,1.0,74.0,False
2011-07-23,0.0,70.0,False
2011-07-24,0.0,68.0,False
2011-07-25,1.0,65.0,False
2011-07-26,1.0,66.0,False
2011-07-27,1.0,67.0,False
2011-07-28,1.0,66.0,False
2011-07-29,1.0,67.0,False
2011-07-30,0.0,68.0,False
2011-07-31,0.0,68.0,False
2011-08-01,1.0,66.0,False
2011-08-02,1.0,64.0,False
2011-08-03,1.0,66.0,False
2011-08-04,3.0,66.0,False
2011-08-05,4.0,68.0,False
2011-08-06,1.0,72.0,False
2011-08-07,0.0,68.0,False
2011-08-08,6.0,66.0,False
2011-08-09,5.0,67.0,False
2011-08-10,4.0,67.0,False
2011-08-11,4.0,69.0,False
2011-08-12,3.0,68.0,False
2011-08-13,1.0,66.0,False
2011-08-14,0.0,66.0,False
2011-08-15,1.0,67.0,False
2011-08-16,1.0,67.0,False
2011-08-17,1.0,69.0,False
2011-08-18,2.0,70.0,False
2011-08-19,2.0,69.0,False
2011-08-20,1.0,68.0,False
2011-08-21,0.0,64.0,False
2011-08-22,1.0,66.0,False
2011-08-23,1.0,66.0,False
2011-08-24,1.0,70.0,False
2011-08-25,1.0,67.0,False
2011-08-26,1.0,68.0,False
2011-08-27,0.0,69.0,False
2011-08-28,0.0,67.0,False
2011-08-29,1.0,65.0,False
2011-08-30,1.0,68.0,False
2011-08-31,1.0,68.0,False
2011-09-01,1.0,66.0,False
2011-09-02,1.0,70.0,False
2011-09-03,0.0,67.0,False
2011-09-04,0.0,66.0,False
2011-09-05,0.0,68.0,False
2011-09-06,1.0,69.0,False
2011-09-07,1.0,69.0,False
2011-09-08,1.0,70.0,False
2011-09-09,1.0,71.0,False
2011-09-10,0.0,68.0,False
2011-09-11,0.0,68.0,False
2011-09-12,1.0,66.0,False
2011-09-13,1.0,70.0,False
2011-09-14,1.0,72.0,False
2011-09-15,1.0,71.0,False
2011-09-16,1.0,72.0,False
2011-09-17,0.0,69.0,False
2011-09-18,0.0,67.0,False
2011-09-19,1.0,68.0,False
2011-09-20,1.0,71.0,False
2011-09-21,1.0,80.0,False
2011-09-22,2.0,82.0,False
2011-09-23,2.0,80.0,False
2011-09-24,0.0,82.0,False
2011-09-25,0.0,72.0,False
2011-09-26,1.0,72.0,False
2011-09-27,1.0,100.0,False
2011-09-28,1.0,81.0,False
2011-09-29,1.0,73.0,False
2011-09-30,1.0,71.0,False
2011-10-01,0.0,68.0,False
2011-10-02,0.0,67.0,False
2011-10-03,1.0,68.0,False
2011-10-04,1.0,69.0,False
2011-10-05,1.0,70.0,False
2011-10-06,1.0,71.0,False
2011-10-07,1.0,68.0,False
2011-10-08,0.0,67.0,False
2011-10-09,0.0,66.0,False
2011-10-10,1.0,68.0,False
2011-10-11,1.0,68.0,False
2011-10-12,1.0,73.0,False
2011-10-13,1.0,70.0,False
2011-10-14,1.0,70.0,False
2011-10-15,0.0,67.0,False
2011-10-16,0.0,65.0,False
2011-10-17,1.0,68.0,False
2011-10-18,1.0,69.0,False
2011-10-19,1.0,70.0,False
2011-10-20,1.0,70.0,False
2011-10-21,1.0,71.0,False
2011-10-22,0.0,69.0,False
2011-10-23,0.0,65.0,False
2011-10-24,1.0,65.0,False
2011-10-25,1.0,69.0,False
2011-10-26,1.0,68.0,False
2011-10-27,1.0,69.0,False
2011-10-28,1.0,68.0,False
2011-10-29,0.0,67.0,False
2011-10-30,0.0,64.0,False
2011-10-31,1.0,70.0,False
2011-11-01,1.0,69.0,False
2011-11-02,1.0,70.0,False
2011-11-03,1.0,73.0,False
2011-11-04,1.0,79.0,False
2011-11-05,0.0,70.0,False
2011-11-06,0.0,67.0,False
2011-11-07,1.0,71.0,False
2011-11-08,1.0,71.0,False
2011-11-09,1.0,70.0,False
2011-11-10,1.0,70.0,False
2011-11-11,1.0,71.0,False
2011-11-12,0.0,67.0,False
2011-11-13,0.0,65.0,False
2011-11-14,1.0,66.0,False
2011-11-15,1.0,69.0,False
2011-11-16,1.0,71.0,False
2011-11-17,1.0,75.0,False
2011-11-18,1.0,74.0,False
2011-11-19,0.0,70.0,False
2011-11-20,0.0,66.0,False
2011-11-21,1.0,68.0,False
2011-11-22,1.0,70.0,False
2011-11-23,1.0,70.0,False
2011-11-24,0.0,67.0,False
2011-11-25,0.0,64.0,False
2011-11-26,0.0,67.0,False
2011-11-27,0.0,65.0,False
2011-11-28,1.0,66.0,False
2011-11-29,1.0,69.0,False
2011-11-30,1.0,73.0,False
2011-12-01,1.0,72.0,False
2011-12-02,1.0,71.0,False
2011-12-03,0.0,67.0,False
2011-12-04,0.0,66.0,False
2011-12-05,1.0,68.0,False
2011-12-06,1.0,70.0,False
2011-12-07,1.0,69.0,False
2011-12-08,1.0,71.0,False
2011-12-09,1.0,71.0,False
2011-12-10,0.0,67.0,False
2011-12-11,0.0,64.0,False
2011-12-12,1.0,67.0,False
2011-12-13,1.0,69.0,False
2011-12-14,1.0,70.0,False
2011-12-15,1.0,70.0,False
2011-12-16,1.0,71.0,False
2011-12-17,0.0,71.0,False
2011-12-18,0.0,83.0,False
2011-12-19,0.0,79.0,False
2011-12-20,1.0,76.0,False
2011-12-21,1.0,72.0,False
2011-12-22,0.5,73.0,False
2011-12-23,1.0,78.0,False
2011-12-24,0.0,88.0,False
2011-12-25,0.0,91.0,False
2011-12-26,0.0,81.0,False
2011-12-27,1.0,76.0,False
2011-12-28,1.0,73.0,False
2011-12-29,1.0,74.0,False
2011-12-30,1.0,73.0,False
2011-12-31,0.0,75.0,False
2012-01-01,0.0,75.0,False
2012-01-02,0.0,73.0,False
2012-01-03,1.0,73.0,False
2012-01-04,1.0,75.0,False
2012-01-05,0.0,77.0,False
2012-01-06,0.0,75.0,False
2012-01-07,0.0,75.0,False
2012-01-08,0.0,73.0,False
2012-01-09,0.0,72.0,False
2012-01-10,0.0,75.0,False
2012-01-11,1.0,78.0,False
2012-01-12,0.0,78.0,False
2012-01-13,0.0,77.0,False
2012-01-14,0.0,76.0,False
2012-01-15,0.0,73.0,False
2012-01-16,0.0,73.0,False
2012-01-17,0.0,76.0,False
2012-01-18,0.0,100.0,False
2012-01-19,1.0,85.0,False
2012-01-20,1.0,78.0,False
2012-01-21,0.0,75.0,False
2012-01-22,0.0,72.0,False
2012-01-23,1.0,74.0,False
2012-01-24,1.0,78.0,False
2012-01-25,1.0,77.0,False
2012-01-26,1.0,79.0,False
2012-01-27,0.0,79.0,False
2012-01-28,0.0,78.0,False
2012-01-29,0.0,74.0,False
2012-01-30,0.0,76.0,False
2012-01-31,0.0,78.0,False
2012-02-01,0.0,78.0,False
2012-02-02,0.0,78.0,False
2012-02-03,1.0,77.0,False
2012-02-04,0.0,76.0,False
2012-02-05,0.0,74.0,False
2012-02-06,0.0,75.0,False
2012-02-07,1.0,79.0,False
2012-02-08,1.0,79.0,False
2012-02-09,1.0,79.0,False
2012-02-10,1.0,78.0,False
2012-02-11,0.0,73.0,False
2012-02-12,0.0,73.0,False
2012-02-13,0.0,74.0,False
2012-02-14,0.0,81.0,False
2012-02-15,1.0,81.0,False
2012-02-16,1.0,79.0,False
2012-02-17,1.0,78.0,False
2012-02-18,0.0,75.0,False
2012-02-19,0.0,72.0,False
2012-02-20,0.0,74.0,False
2012-02-21,1.0,75.0,False
2012-02-22,1.0,82.0,False
2012-02-23,0.0,80.0,False
2012-02-24,1.0,79.0,False
2012-02-25,0.0,76.0,False
2012-02-26,0.0,74.0,False
2012-02-27,0.0,76.0,False
2012-02-28,1.0,80.0,False
2012-02-29,1.0,84.0,False
2012-03-01,1.0,83.0,False
2012-03-02,0.0,80.0,False
2012-03-03,0.0,74.0,False
2012-03-04,0.0,71.0,False
2012-03-05,0.0,76.0,False
2012-03-06,1.0,78.0,False
2012-03-07,1.0,80.0,False
2012-03-08,1.0,82.0,False
2012-03-09,1.0,80.0,False
2012-03-10,0.0,77.0,False
2012-03-11,0.0,74.0,False
2012-03-12,0.0,77.0,False
2012-03-13,1.0,79.0,False
2012-03-14,1.0,79.0,False
2012-03-15,1.0,80.0,False
2012-03-16,1.0,78.0,False
2012-03-17,0.0,79.0,False
2012-03-18,0.0,75.0,False
2012-03-19,0.0,77.0,False
2012-03-20,0.0,81.0,False
2012-03-21,0.0,80.0,False
2012-03-22,0.0,78.0,False
2012-03-23,0.0,79.0,False
2012-03-24,0.0,76.0,False
2012-03-25,0.0,73.0,False
2012-03-26,0.0,76.0,False
2012-03-27,0.0,79.0,False
2012-03-28,0.0,79.0,False
2012-03-29,1.0,79.0,False
2012-03-30,0.0,77.0,False
2012-03-31,0.0,73.0,False
2012-04-01,0.0,82.0,False
2012-04-02,0.0,78.0,False
2012-04-03,0.0,76.0,False
2012-04-04,0.0,80.0,False
2012-04-05,0.0,82.0,False
2012-04-06,0.0,77.0,False
2012-04-07,0.0,76.0,False
2012-04-08,0.0,75.0,False
2012-04-09,0.0,79.0,False
2012-04-10,1.0,78.0,False
2012-04-11,1.0,78.0,False
2012-04-12,1.0,80.0,False
2012-04-13,1.0,78.0,False
2012-04-14,0.0,78.0,False
2012-04-15,0.0,75.0,False
2012-04-16,0.0,75.0,False
2012-04-17,1.0,79.0,False
2012-04-18,0.0,78.0,False
2012-04-19,0.0,78.0,False
2012-04-20,0.0,79.0,False
2012-04-21,0.0,76.0,False
2012-04-22,0.0,76.0,False
2012-04-23,0.0,76.0,False
2012-04-24,0.0,89.0,False
2012-04-25,0.0,87.0,False
2012-04-26,0.0,83.0,False
2012-04-27,0.0,83.0,False
2012-04-28,0.0,78.0,False
2012-04-29,0.0,78.0,False
2012-04-30,0.0,79.0,False
2012-05-01,1.0,81.0,False
2012-05-02,0.0,81.0,False
2012-05-03,0.0,82.0,False
2012-05-04,0.0,81.0,False
2012-05-05,0.0,77.0,False
2012-05-06,0.0,75.0,False
2012-05-07,1.0,78.0,False
2012-05-08,0.0,81.0,False
2012-05-09,1.0,82.0,False
2012-05-10,0.0,82.0,False
2012-05-11,1.0,81.0,False
2012-05-12,0.0,77.0,False
2012-05-13,0.0,78.0,False
2012-05-14,0.0,78.0,False
2012-05-15,1.0,80.0,False
2012-05-16,1.0,82.0,False
2012-05-17,1.0,83.0,False
2012-05-18,1.0,87.0,False
2012-05-19,0.0,81.0,False
2012-05-20,0.0,75.0,False
2012-05-21,1.0,80.0,False
2012-05-22,1.0,82.0,False
2012-05-23,1.0,91.0,False
2012-05-24,1.0,84.0,False
2012-05-25,0.0,80.0,False
2012-05-26,0.0,78.0,False
2012-05-27,0.0,75.0,False
2012-05-28,0.0,76.0,False
2012-05-29,0.0,76.0,False
2012-05-30,1.0,78.0,False
2012-05-31,1.0,79.0,False
2012-06-01,1.0,79.0,False
2012-06-02,0.0,76.0,False
2012-06-03,0.0,74.0,False
2012-06-04,1.0,75.0,False
2012-06-05,1.0,76.0,False
2012-06-06,1.0,80.0,False
2012-06-07,1.0,77.0,False
2012-06-08,1.0,77.0,False
2012-06-09,0.0,76.0,False
2012-06-10,0.0,74.0,False
2012-06-11,0.0,74.0,False
2012-06-12,1.0,76.0,False
2012-06-13,0.0,76.0,False
2012-06-14,0.0,75.0,False
2012-06-15,0.0,76.0,False
2012-06-16,0.0,77.0,False
2012-06-17,0.0,77.0,False
2012-06-18,1.0,76.0,False
2012-06-19,0.5,72.0,False
2012-06-20,0.0,67.0,False
2012-06-21,0.0,67.0,False
2012-06-22,1.0,67.0,False
2012-06-23,0.0,71.0,False
2012-06-24,0.0,68.0,False
2012-06-25,0.0,68.0,False
2012-06-26,0.0,67.0,False
2012-06-27,0.0,72.0,False
2012-06-28,1.0,74.0,False
2012-06-29,1.0,70.0,False
2012-06-30,0.0,71.0,False
2012-07-01,0.0,68.0,False
2012-07-02,0.0,67.0,False
2012-07-03,0.0,70.0,False
2012-07-04,0.0,70.0,False
2012-07-05,0.0,68.0,False
2012-07-06,0.0,67.0,False
2012-07-07,0.0,69.0,False
2012-07-08,0.0,70.0,False
2012-07-09,0.0,67.0,False
2012-07-10,0.0,68.0,False
2012-07-11,0.0,68.0,False
2012-07-12,0.0,68.0,False
2012-07-13,0.0,69.0,False
2012-07-14,0.0,72.0,False
2012-07-15,0.0,69.0,False
2012-07-16,0.0,68.0,False
2012-07-17,0.0,69.0,False
2012-07-18,0.0,69.0,False
2012-07-19,0.0,68.0,False
2012-07-20,0.0,67.0,False
2012-07-21,0.0,69.0,False
2012-07-22,0.0,67.0,False
2012-07-23,0.0,66.0,False
2012-07-24,0.0,67.0,False
2012-07-25,0.0,67.0,False
2012-07-26,0.0,71.0,False
2012-07-27,1.0,70.0,False
2012-07-28,0.0,68.0,False
2012-07-29,0.0,69.0,False
2012-07-30,0.0,68.0,False
2012-07-31,0.0,67.0,False
2012-08-01,0.0,69.0,False
2012-08-02,0.0,69.0,False
2012-08-03,0.0,68.0,False
2012-08-04,0.0,69.0,False
2012-08-05,0.0,69.0,False
2012-08-06,0.0,67.0,False
2012-08-07,1.0,72.0,False
2012-08-08,0.0,71.0,False
2012-08-09,0.0,71.0,False
2012-08-10,0.0,72.0,False
2012-08-11,0.0,72.0,False
2012-08-12,0.0,71.0,False
2012-08-13,0.0,68.0,False
2012-08-14,0.0,69.0,False
2012-08-15,0.0,70.0,False
2012-08-16,0.0,69.0,False
2012-08-17,0.0,72.0,False
2012-08-18,0.0,71.0,False
2012-08-19,0.0,69.0,False
2012-08-20,0.0,68.0,False
2012-08-21,0.0,70.0,False
2012-08-22,0.0,70.0,False
2012-08-23,0.0,70.0,False
2012-08-24,0.0,70.0,False
2012-08-25,0.0,70.0,False
2012-08-26,0.0,69.0,False
2012-08-27,0.0,67.0,False
2012-08-28,0.0,70.0,False
2012-08-29,0.0,75.0,False
2012-08-30,0.0,74.0,False
2012-08-31,0.0,74.0,False
2012-09-01,0.0,70.0,False
2012-09-02,0.0,70.0,False
2012-09-03,0.0,70.0,False
2012-09-04,0.0,71.0,False
2012-09-05,0.0,73.0,False
2012-09-06,1.0,73.0,False
2012-09-07,1.0,76.0,False
2012-09-08,0.0,73.0,False
2012-09-09,0.0,71.0,False
2012-09-10,0.0,73.0,False
2012-09-11,0.0,72.0,False
2012-09-12,0.0,73.0,False
2012-09-13,1.0,77.0,False
2012-09-14,1.0,76.0,False
2012-09-15,0.0,71.0,False
2012-09-16,0.0,69.0,False
2012-09-17,0.0,73.0,False
2012-09-18,0.0,72.0,False
2012-09-19,0.0,75.0,False
2012-09-20,0.0,77.0,False
2012-09-21,0.0,77.0,False
2012-09-22,0.0,75.0,False
2012-09-23,0.0,73.0,False
2012-09-24,0.0,75.0,False
2012-09-25,0.0,78.0,False
2012-09-26,0.0,78.0,False
2012-09-27,0.0,86.0,False
2012-09-28,0.0,81.0,False
2012-09-29,0.0,76.0,False
2012-09-30,0.0,73.0,False
2012-10-01,0.0,75.0,False
2012-10-02,0.0,78.0,False
2012-10-03,0.0,77.0,False
2012-10-04,0.0,80.0,False
2012-10-05,1.0,84.0,False
2012-10-06,0.0,84.0,False
2012-10-07,0.0,83.0,False
2012-10-08,0.0,83.0,False
2012-10-09,0.0,85.0,False
2012-10-10,0.0,86.0,False
2012-10-11,0.0,88.0,False
2012-10-12,0.0,86.0,False
2012-10-13,0.0,84.0,False
2012-10-14,0.0,82.0,False
2012-10-15,0.0,87.0,False
2012-10-16,0.0,87.0,False
2012-10-17,0.0,86.0,False
2012-10-18,0.0,90.0,False
2012-10-19,1.0,89.0,False
2012-10-20,0.0,85.0,False
2012-10-21,0.0,84.0,False
2012-10-22,0.0,86.0,False
2012-10-23,1.0,87.0,False
2012-10-24,1.0,87.0,False
2012-10-25,1.0,87.0,False
2012-10-26,0.0,87.0,False
2012-10-27,0.0,85.0,False
2012-10-28,0.0,81.0,False
2012-10-29,0.0,91.0,False
2012-10-30,0.0,89.0,False
2012-10-31,0.0,93.0,False
2012-11-01,1.0,92.0,False
2012-11-02,0.0,91.0,False
2012-11-03,0.0,88.0,False
2012-11-04,0.0,84.0,False
2012-11-05,0.0,86.0,False
2012-11-06,0.0,87.0,False
2012-11-07,2.0,86.0,False
2012-11-08,1.0,89.0,False
2012-11-09,1.0,89.0,False
2012-11-10,0.0,85.0,False
2012-11-11,0.0,85.0,False
2012-11-12,1.0,87.0,False
2012-11-13,1.0,89.0,False
2012-11-14,1.0,89.0,False
2012-11-15,1.0,91.0,False
2012-11-16,1.0,91.0,False
2012-11-17,0.0,89.0,False
2012-11-18,0.0,84.0,False
2012-11-19,1.0,88.0,False
2012-11-20,1.0,90.0,False
2012-11-21,1.0,88.0,False
2012-11-22,0.0,89.0,False
2012-11-23,0.0,87.0,False
2012-11-24,0.0,88.0,False
2012-11-25,0.0,87.0,False
2012-11-26,0.0,90.0,False
2012-11-27,1.0,95.0,False
2012-11-28,1.0,97.0,False
2012-11-29,0.0,96.0,False
2012-11-30,0.0,95.0,False
2012-12-01,0.0,91.0,False
2012-12-02,0.0,89.0,False
2012-12-03,0.0,93.0,False
2012-12-04,0.0,96.0,False
2012-12-05,0.0,96.0,False
2012-12-06,0.0,96.0,False
2012-12-07,0.0,98.0,False
2012-12-08,0.0,93.0,False
2012-12-09,0.0,91.0,False
2012-12-10,0.0,95.0,False
2012-12-11,1.0,95.0,False
2012-12-12,0.0,97.0,False
2012-12-13,0.0,100.0,False
2012-12-14,0.0,99.0,False
2012-12-15,0.0,98.0,False
2012-12-16,0.0,86.5,False
2012-12-17,0.0,82.0,False
2012-12-18,0.0,84.0,False
2012-12-19,0.0,83.0,False
2012-12-20,0.0,82.0,False
2012-12-21,1.0,82.0,False
2012-12-22,0.0,83.0,False
2012-12-23,0.0,82.0,False
2012-12-24,0.0,85.0,False
2012-12-25,0.0,100.0,False
2012-12-26,0.0,90.0,False
2012-12-27,0.0,85.0,False
2012-12-28,0.0,84.0,False
2012-12-29,0.0,85.0,False
2012-12-30,0.0,82.0,False
2012-12-31,0.0,80.0,False
2013-01-01,0.0,81.0,False
2013-01-02,1.0,81.0,False
2013-01-03,1.0,83.0,False
2013-01-04,1.0,84.0,False
2013-01-05,0.0,83.0,False
2013-01-06,0.0,81.0,False
2013-01-07,0.0,83.0,False
2013-01-08,0.0,84.0,False
2013-01-09,0.0,86.0,False
2013-01-10,0.0,87.0,False
2013-01-11,0.0,86.0,False
2013-01-12,0.0,83.0,False
2013-01-13,0.0,82.0,False
2013-01-14,0.0,83.0,False
2013-01-15,0.0,86.0,False
2013-01-16,0.0,90.0,False
2013-01-17,0.0,89.0,False
2013-01-18,0.0,86.0,False
2013-01-19,0.0,84.0,False
2013-01-20,0.0,81.0,False
2013-01-21,0.0,80.0,False
2013-01-22,0.0,85.0,False
2013-01-23,0.0,85.0,False
2013-01-24,0.0,86.0,False
2013-01-25,1.0,85.0,False
2013-01-26,0.0,83.0,False
2013-01-27,0.0,84.0,False
2013-01-28,0.0,84.0,False
2013-01-29,1.0,86.0,False
2013-01-30,1.0,86.0,False
2013-01-31,1.0,89.0,False
2013-02-01,1.0,86.0,False
2013-02-02,0.0,83.0,False
2013-02-03,0.0,80.0,False
2013-02-04,1.0,83.0,False
2013-02-05,1.0,87.0,False
2013-02-06,0.0,88.0,False
2013-02-07,0.0,87.0,False
2013-02-08,0.0,85.0,False
2013-02-09,0.0,83.0,False
2013-02-10,0.0,82.0,False
2013-02-11,0.0,83.0,False
2013-02-12,0.0,87.0,False
2013-02-13,0.0,87.0,False
2013-02-14,0.0,90.0,False
2013-02-15,0.0,87.0,False
2013-02-16,0.0,85.0,False
2013-02-17,0.0,82.0,False
2013-02-18,0.0,82.0,False
2013-02-19,0.0,86.0,False
2013-02-20,0.0,88.0,False
2013-02-21,1.0,90.0,False
2013-02-22,0.0,91.0,False
2013-02-23,0.0,86.0,False
2013-02-24,0.0,85.0,False
2013-02-25,0.0,85.0,False
2013-02-26,1.0,91.0,False
2013-02-27,1.0,91.0,False
2013-02-28,1.0,90.0,False
2013-03-01,1.0,89.0,False
2013-03-02,0.0,85.0,False
2013-03-03,0.0,86.0,False
2013-03-04,1.0,87.0,False
2013-03-05,1.0,88.0,False
2013-03-06,1.0,88.0,False
2013-03-07,1.0,90.0,False
2013-03-08,1.0,91.0,False
2013-03-09,0.0,87.0,False
2013-03-10,0.0,85.0,False
2013-03-11,1.0,89.0,False
2013-03-12,1.0,89.0,False
2013-03-13,1.0,88.0,False
2013-03-14,1.0,92.0,False
2013-03-15,1.0,90.0,False
2013-03-16,0.0,85.0,False
2013-03-17,0.0,85.0,False
2013-03-18,1.0,87.0,False
2013-03-19,1.0,87.0,False
2013-03-20,1.0,88.0,False
2013-03-21,0.0,90.0,False
2013-03-22,0.0,87.0,False
2013-03-23,0.0,83.0,False
2013-03-24,0.0,84.0,False
2013-03-25,0.0,85.0,False
2013-03-26,1.0,86.0,False
2013-03-27,1.0,87.0,False
2013-03-28,1.0,86.0,False
2013-03-29,0.0,85.0,False
2013-03-30,0.0,84.0,False
2013-03-31,0.0,87.0,False
2013-04-01,0.0,97.0,False
2013-04-02,0.0,92.0,False
2013-04-03,1.0,88.0,False
2013-04-04,1.0,87.0,False
2013-04-05,1.0,86.0,False
2013-04-06,0.0,83.0,False
2013-04-07,0.0,83.0,False
2013-04-08,0.0,85.0,False
2013-04-09,1.0,87.0,False
2013-04-10,1.0,88.0,False
2013-04-11,0.0,88.0,False
2013-04-12,1.0,86.0,False
2013-04-13,0.0,84.0,False
2013-04-14,0.0,82.0,False
2013-04-15,0.0,87.0,False
2013-04-16,1.0,91.0,False
2013-04-17,1.0,92.0,False
2013-04-18,1.0,90.0,False
2013-04-19,1.0,90.0,False
2013-04-20,0.0,88.0,False
2013-04-21,0.0,84.0,False
2013-04-22,0.0,88.0,False
2013-04-23,1.0,89.0,False
2013-04-24,1.0,86.0,False
2013-04-25,1.0,91.0,False
2013-04-26,1.0,87.0,False
2013-04-27,0.0,84.0,False
2013-04-28,0.0,84.0,False
2013-04-29,0.0,87.0,False
2013-04-30,1.0,90.0,False
2013-05-01,1.0,89.0,False
2013-05-02,0.0,89.0,False
2013-05-03,1.0,89.0,False
2013-05-04,0.0,84.0,False
2013-05-05,0.0,85.0,False
2013-05-06,1.0,89.0,False
2013-05-07,1.0,89.0,False
2013-05-08,1.0,93.0,False
2013-05-09,1.0,89.0,False
2013-05-10,1.0,89.0,False
2013-05-11,0.0,84.0,False
2013-05-12,0.0,88.0,False
2013-05-13,0.0,88.0,False
2013-05-14,0.0,90.0,False
2013-05-15,1.0,97.0,False
2013-05-16,1.0,94.0,False
2013-05-17,1.0,93.0,False
2013-05-18,0.0,88.0,False
2013-05-19,0.0,85.0,False
2013-05-20,0.0,88.0,False
2013-05-21,1.0,88.0,False
2013-05-22,1.0,90.0,False
2013-05-23,1.0,96.0,False
2013-05-24,1.0,92.0,False
2013-05-25,0.0,86.0,False
2013-05-26,0.0,85.0,False
2013-05-27,0.0,86.0,False
2013-05-28,1.0,88.0,False
2013-05-29,1.0,91.0,False
2013-05-30,1.0,89.0,False
2013-05-31,1.0,90.0,False
2013-06-01,0.0,85.0,False
2013-06-02,0.0,84.0,False
2013-06-03,0.0,87.0,False
2013-06-04,1.0,86.0,False
2013-06-05,1.0,87.0,False
2013-06-06,1.0,86.0,False
2013-06-07,1.0,86.0,False
2013-06-08,0.0,86.0,False
2013-06-09,0.0,85.0,False
2013-06-10,0.0,87.0,False
2013-06-11,1.0,83.0,False
2013-06-12,0.0,83.0,False
2013-06-13,1.0,85.0,False
2013-06-14,0.5,78.5,False
2013-06-15,0.0,74.0,False
2013-06-16,0.0,74.0,False
2013-06-17,0.0,72.0,False
2013-06-18,0.0,73.0,False
2013-06-19,0.0,73.0,False
2013-06-20,1.0,74.0,False
2013-06-21,1.0,75.0,False
2013-06-22,0.0,76.0,False
2013-06-23,0.0,75.0,False
2013-06-24,1.0,73.0,False
2013-06-25,1.0,75.0,False
2013-06-26,1.0,75.0,False
2013-06-27,1.0,74.0,False
2013-06-28,1.0,73.0,False
2013-06-29,0.0,75.0,False
2013-06-30,0.0,74.0,False
2013-07-01,0.0,73.0,False
2013-07-02,0.0,72.0,False
2013-07-03,0.0,75.0,False
2013-07-04,0.0,76.0,False
2013-07-05,0.0,74.0,False
2013-07-06,0.0,75.0,False
2013-07-07,0.0,74.0,False
2013-07-08,0.0,77.0,False
2013-07-09,0.0,74.0,False
2013-07-10,0.0,76.0,False
2013-07-11,0.0,76.0,False
2013-07-12,0.0,73.0,False
2013-07-13,0.0,76.0,False
2013-07-14,0.0,74.0,False
2013-07-15,1.0,75.0,False
2013-07-16,1.0,73.0,False
2013-07-17,1.0,73.0,False
2013-07-18,0.0,72.0,False
2013-07-19,0.0,70.0,False
2013-07-20,0.0,72.0,False
2013-07-21,0.0,71.0,False
2013-07-22,0.0,69.0,False
2013-07-23,0.0,70.0,False
2013-07-24,0.0,72.0,False
2013-07-25,0.0,75.0,False
2013-07-26,0.0,72.0,False
2013-07-27,0.0,74.0,False
2013-07-28,0.0,72.0,False
2013-07-29,0.0,71.0,False
2013-07-30,0.0,71.0,False
2013-07-31,0.0,72.0,False
2013-08-01,0.0,72.0,False
2013-08-02,0.0,72.0,False
2013-08-03,0.0,73.0,False
2013-08-04,0.0,72.0,False
2013-08-05,0.0,71.0,False
2013-08-06,0.0,71.0,False
2013-08-07,0.0,72.0,False
2013-08-08,0.0,70.0,False
2013-08-09,0.0,73.0,False
2013-08-10,0.0,73.0,False
2013-08-11,0.0,74.0,False
2013-08-12,0.0,73.0,False
2013-08-13,0.0,73.0,False
2013-08-14,0.0,72.0,False
2013-08-15,1.0,72.0,False
2013-08-16,0.0,74.0,False
2013-08-17,0.0,74.0,False
2013-08-18,0.0,72.0,False
2013-08-19,0.0,73.0,False
2013-08-20,0.0,73.0,False
2013-08-21,1.0,74.0,False
2013-08-22,1.0,79.0,False
2013-08-23,0.0,76.0,False
2013-08-24,0.0,76.0,False
2013-08-25,0.0,77.0,False
2013-08-26,0.0,76.0,False
2013-08-27,1.0,77.0,False
2013-08-28,1.0,79.0,False
2013-08-29,1.0,80.0,False
2013-08-30,0.0,77.0,False
2013-08-31,0.0,74.0,False
2013-09-01,0.0,73.0,False
2013-09-02,0.0,76.0,False
2013-09-03,0.0,77.0,False
2013-09-04,0.0,78.0,False
2013-09-05,0.0,80.0,False
2013-09-06,0.0,80.0,False
2013-09-07,0.0,75.0,False
2013-09-08,0.0,74.0,False
2013-09-09,0.0,79.0,False
2013-09-10,1.0,79.0,False
2013-09-11,1.0,81.0,False
2013-09-12,1.0,81.0,False
2013-09-13,1.0,80.0,False
2013-09-14,0.0,76.0,False
2013-09-15,0.0,74.0,False
2013-09-16,0.0,78.0,False
2013-09-17,0.0,81.0,False
2013-09-18,1.0,85.0,False
2013-09-19,1.0,90.0,False
2013-09-20,0.0,89.0,False
2013-09-21,0.0,85.0,False
2013-09-22,0.0,83.0,False
2013-09-23,0.0,88.0,False
2013-09-24,0.0,89.0,False
2013-09-25,0.0,89.0,False
2013-09-26,0.0,89.0,False
2013-09-27,0.0,100.0,False
2013-09-28,0.0,86.0,False
2013-09-29,0.0,82.0,False
2013-09-30,1.0,87.0,False
2013-10-01,1.0,90.0,False
2013-10-02,1.0,91.0,False
2013-10-03,1.0,93.0,False
2013-10-04,1.0,89.0,False
2013-10-05,0.0,85.0,False
2013-10-06,0.0,84.0,False
2013-10-07,0.0,88.0,False
2013-10-08,1.0,91.0,False
2013-10-09,1.0,93.0,False
2013-10-10,1.0,91.0,False
2013-10-11,1.0,88.0,False
2013-10-12,0.0,83.0,False
2013-10-13,0.0,83.0,False
2013-10-14,1.0,87.0,False
2013-10-15,1.0,89.0,False
2013-10-16,1.0,91.0,False
2013-10-17,1.0,89.0,False
2013-10-18,1.0,90.0,False
2013-10-19,0.0,85.0,False
2013-10-20,0.0,84.0,False
2013-10-21,0.0,91.0,False
2013-10-22,0.0,92.0,False
2013-10-23,0.0,92.0,False
2013-10-24,0.0,91.0,False
2013-10-25,0.0,89.0,False
2013-10-26,0.0,85.0,False
2013-10-27,0.0,83.0,False
2013-10-28,0.0,90.0,False
2013-10-29,1.0,91.0,False
2013-10-30,1.0,91.0,False
2013-10-31,1.0,96.0,False
2013-11-01,0.0,93.0,False
2013-11-02,0.0,87.0,False
2013-11-03,0.0,84.0,False
2013-11-04,0.0,91.0,False
2013-11-05,0.0,94.0,False
2013-11-06,0.0,92.0,False
2013-11-07,0.0,93.0,False
2013-11-08,0.0,92.0,False
2013-11-09,0.0,87.0,False
2013-11-10,0.0,83.0,False
2013-11-11,0.0,87.0,False
2013-11-12,0.0,91.0,False
2013-11-13,0.0,92.0,False
2013-11-14,0.0,93.0,False
2013-11-15,0.0,93.0,False
2013-11-16,0.0,86.0,False
2013-11-17,0.0,84.0,False
2013-11-18,0.0,90.0,False
2013-11-19,1.0,94.0,False
2013-11-20,0.0,93.0,False
2013-11-21,1.0,92.0,False
2013-11-22,0.0,92.0,False
2013-11-23,0.0,89.0,False
2013-11-24,0.0,84.0,False
2013-11-25,0.0,90.0,False
2013-11-26,0.0,89.0,False
2013-11-27,0.0,84.0,False
2013-11-28,0.0,86.0,False
2013-11-29,0.0,83.0,False
2013-11-30,0.0,85.0,False
2013-12-01,0.0,84.0,False
2013-12-02,0.0,90.0,False
2013-12-03,0.0,93.0,False
2013-12-04,0.0,91.0,False
2013-12-05,0.0,91.0,False
2013-12-06,0.0,89.0,False
2013-12-07,0.0,83.0,False
2013-12-08,0.0,83.0,False
2013-12-09,0.0,90.0,False
2013-12-10,0.0,89.0,False
2013-12-11,0.0,91.0,False
2013-12-12,0.0,93.0,False
2013-12-13,0.0,92.0,False
2013-12-14,0.0,87.0,False
2013-12-15,0.0,83.0,False
2013-12-16,0.0,90.0,False
2013-12-17,0.0,90.0,False
2013-12-18,1.0,89.0,False
2013-12-19,1.0,90.0,False
2013-12-20,1.0,87.0,False
2013-12-21,0.0,88.0,False
2013-12-22,0.0,83.0,False
2013-12-23,0.0,81.0,False
2013-12-24,0.0,86.0,False
2013-12-25,0.0,99.0,False
2013-12-26,1.0,89.0,False
2013-12-27,1.0,87.0,False
2013-12-28,0.0,87.0,False
2013-12-29,0.0,85.0,False
2013-12-30,0.0,82.0,False
2013-12-31,1.0,85.0,False
2014-01-01,0.0,86.0,False
2014-01-02,0.0,84.0,False
2014-01-03,1.0,82.0,False
2014-01-04,0.0,82.0,False
2014-01-05,0.0,82.0,False
2014-01-06,0.0,84.0,False
2014-01-07,0.0,85.0,False
2014-01-08,0.0,89.0,False
2014-01-09,0.0,91.0,False
2014-01-10,1.0,92.0,False
2014-01-11,0.0,86.0,False
2014-01-12,0.0,87.0,False
2014-01-13,0.0,89.0,False
2014-01-14,1.0,93.0,False
2014-01-15,0.0,93.0,False
2014-01-16,0.0,93.0,False
2014-01-17,1.0,93.0,False
2014-01-18,0.0,86.0,False
2014-01-19,0.0,82.0,False
2014-01-20,0.0,83.0,False
2014-01-21,0.0,88.0,False
2014-01-22,0.0,89.0,False
2014-01-23,0.0,90.0,False
2014-01-24,1.0,89.0,False
2014-01-25,0.0,83.0,False
2014-01-26,0.0,82.0,False
2014-01-27,1.0,86.0,False
2014-01-28,1.0,88.0,False
2014-01-29,1.0,88.0,False
2014-01-30,1.0,91.0,False
2014-01-31,1.0,91.0,False
2014-02-01,0.0,83.0,False
2014-02-02,0.0,80.0,False
2014-02-03,1.0,86.0,False
2014-02-04,1.0,88.0,False
2014-02-05,1.0,88.0,False
2014-02-06,1.0,89.0,False
2014-02-07,1.0,94.0,False
2014-02-08,0.0,84.0,False
2014-02-09,0.0,80.0,False
2014-02-10,1.0,87.0,False
2014-02-11,1.0,88.0,False
2014-02-12,1.0,88.0,False
2014-02-13,1.0,88.0,False
2014-02-14,1.0,87.0,False
2014-02-15,0.0,81.0,False
2014-02-16,0.0,82.0,False
2014-02-17,0.0,84.0,False
2014-02-18,1.0,88.0,False
2014-02-19,1.0,89.0,False
2014-02-20,1.0,91.0,False
2014-02-21,1.0,89.0,False
2014-02-22,0.0,85.0,False
2014-02-23,0.0,82.0,False
2014-02-24,1.0,90.0,False
2014-02-25,1.0,91.0,False
2014-02-26,1.0,94.0,False
2014-02-27,1.0,93.0,False
2014-02-28,1.0,92.0,False
2014-03-01,0.0,83.0,False
2014-03-02,0.0,82.0,False
2014-03-03,1.0,86.0,False
2014-03-04,1.0,91.0,False
2014-03-05,1.0,91.0,False
2014-03-06,1.0,92.0,False
2014-03-07,1.0,93.0,False
2014-03-08,0.0,86.0,False
2014-03-09,0.0,83.0,False
2014-03-10,0.0,88.0,False
2014-03-11,1.0,90.0,False
2014-03-12,0.0,91.0,False
2014-03-13,1.0,91.0,False
2014-03-14,1.0,89.0,False
2014-03-15,0.0,84.0,False
2014-03-16,0.0,81.0,False
2014-03-17,0.0,90.0,False
2014-03-18,1.0,89.0,False
2014-03-19,1.0,92.0,False
2014-03-20,1.0,97.0,False
2014-03-21,1.0,91.0,False
2014-03-22,0.0,85.0,False
2014-03-23,0.0,83.0,False
2014-03-24,0.0,88.0,False
2014-03-25,0.0,90.0,False
2014-03-26,0.0,88.0,False
2014-03-27,0.0,89.0,False
2014-03-28,0.0,88.0,False
2014-03-29,0.0,80.0,False
2014-03-30,0.0,81.0,False
2014-03-31,0.0,88.0,False
2014-04-01,0.0,100.0,False
2014-04-02,0.0,94.0,False
2014-04-03,1.0,92.0,False
2014-04-04,1.0,88.0,False
2014-04-05,0.0,81.0,False
2014-04-06,0.0,81.0,False
2014-04-07,0.0,88.0,False
2014-04-08,1.0,90.0,False
2014-04-09,1.0,89.0,False
2014-04-10,1.0,92.0,False
2014-04-11,1.0,93.0,False
2014-04-12,0.0,84.0,False
2014-04-13,0.0,84.0,False
2014-04-14,1.0,88.0,False
2014-04-15,1.0,90.0,False
2014-04-16,1.0,92.0,False
2014-04-17,1.0,88.0,False
2014-04-18,0.0,84.0,False
2014-04-19,0.0,81.0,False
2014-04-20,0.0,83.0,False
2014-04-21,0.0,87.0,False
2014-04-22,1.0,91.0,False
2014-04-23,0.0,91.0,False
2014-04-24,1.0,91.0,False
2014-04-25,0.0,91.0,False
2014-04-26,0.0,83.0,False
2014-04-27,0.0,81.0,False
2014-04-28,0.0,89.0,False
2014-04-29,0.0,91.0,False
2014-04-30,0.0,91.0,False
2014-05-01,0.0,93.0,False
2014-05-02,1.0,90.0,False
2014-05-03,0.0,80.0,False
2014-05-04,0.0,83.0,False
2014-05-05,0.0,90.0,False
2014-05-06,0.0,92.0,False
2014-05-07,0.0,91.0,False
2014-05-08,0.0,91.0,False
2014-05-09,0.0,89.0,False
2014-05-10,0.0,80.0,False
2014-05-11,0.0,82.0,False
2014-05-12,0.0,91.0,False
2014-05-13,0.0,89.0,False
2014-05-14,0.0,93.0,False
2014-05-15,0.0,92.0,False
2014-05-16,0.0,90.0,False
2014-05-17,0.0,82.0,False
2014-05-18,0.0,81.0,False
2014-05-19,0.0,94.0,False
2014-05-20,0.0,94.0,False
2014-05-21,0.0,95.0,False
2014-05-22,0.0,95.0,False
2014-05-23,0.0,92.0,False
2014-05-24,0.0,82.0,False
2014-05-25,0.0,80.0,False
2014-05-26,0.0,81.0,False
2014-05-27,0.0,92.0,False
2014-05-28,0.0,92.0,False
2014-05-29,0.0,91.0,False
2014-05-30,0.0,90.0,False
2014-05-31,0.0,84.0,False
2014-06-01,0.0,81.0,False
2014-06-02,0.0,88.0,False
2014-06-03,0.0,87.0,False
2014-06-04,0.0,88.0,False
2014-06-05,0.0,86.0,False
2014-06-06,0.0,86.0,False
2014-06-07,0.0,83.0,False
2014-06-08,0.0,81.0,False
2014-06-09,0.0,93.0,False
2014-06-10,0.0,86.0,False
2014-06-11,0.0,84.0,False
2014-06-12,0.0,83.0,False
2014-06-13,0.0,82.0,False
2014-06-14,0.0,81.0,False
2014-06-15,0.0,81.0,False
2014-06-16,0.0,83.0,False
2014-06-17,0.0,81.0,False
2014-06-18,0.0,80.0,False
2014-06-19,0.0,81.0,False
2014-06-20,0.0,81.0,False
2014-06-21,0.0,81.0,False
2014-06-22,0.0,81.0,False
2014-06-23,0.0,79.0,False
2014-06-24,1.0,79.0,False
2014-06-25,0.0,84.0,False
2014-06-26,0.0,81.0,False
2014-06-27,0.0,79.0,False
2014-06-28,0.0,79.0,False
2014-06-29,0.0,80.0,False
2014-06-30,0.0,77.0,False
2014-07-01,0.0,77.0,False
2014-07-02,1.0,77.0,False
2014-07-03,1.0,78.0,False
2014-07-04,0.0,79.0,False
2014-07-05,0.0,78.0,False
2014-07-06,0.0,77.0,False
2014-07-07,0.0,77.0,False
2014-07-08,0.0,78.0,False
2014-07-09,0.0,79.0,False
2014-07-10,1.0,81.0,False
2014-07-11,0.0,78.0,False
2014-07-12,0.0,79.0,False
2014-07-13,0.0,80.0,False
2014-07-14,0.0,79.0,False
2014-07-15,0.0,77.0,False
2014-07-16,0.0,79.0,False
2014-07-17,1.0,80.0,False
2014-07-18,1.0,81.0,False
2014-07-19,0.0,80.0,False
2014-07-20,0.0,79.0,False
2014-07-21,0.0,78.0,False
2014-07-22,0.0,80.0,False
2014-07-23,1.0,78.0,False
2014-07-24,0.0,78.0,False
2014-07-25,0.0,78.0,False
2014-07-26,0.0,82.0,False
2014-07-27,0.0,78.0,False
2014-07-28,0.0,78.0,False
2014-07-29,0.0,77.0,False
2014-07-30,0.0,79.0,False
2014-07-31,1.0,79.0,False
2014-08-01,1.0,78.0,False
2014-08-02,0.0,79.0,False
2014-08-03,0.0,77.0,False
2014-08-04,1.0,78.0,False
2014-08-05,1.0,79.0,False
2014-08-06,1.0,79.0,False
2014-08-07,1.0,78.0,False
2014-08-08,1.0,79.0,False
2014-08-09,0.0,79.0,False
2014-08-10,0.0,78.0,False
2014-08-11,0.0,78.0,False
2014-08-12,0.0,82.0,False
2014-08-13,1.0,80.0,False
2014-08-14,0.0,79.0,False
2014-08-15,0.0,81.0,False
2014-08-16,0.0,79.0,False
2014-08-17,0.0,79.0,False
2014-08-18,1.0,80.0,False
2014-08-19,1.0,82.0,False
2014-08-20,0.0,83.0,False
2014-08-21,1.0,84.0,False
2014-08-22,1.0,84.0,False
2014-08-23,0.0,80.0,False
2014-08-24,0.0,79.0,False
2014-08-25,0.0,86.0,False
2014-08-26,0.0,89.0,False
2014-08-27,1.0,90.0,False
2014-08-28,1.0,91.0,False
2014-08-29,0.0,88.0,False
2014-08-30,0.0,79.0,False
2014-08-31,0.0,78.0,False
2014-09-01,0.0,80.0,False
2014-09-02,0.0,89.0,False
2014-09-03,0.0,92.0,False
2014-09-04,0.0,93.0,False
2014-09-05,0.0,93.0,False
2014-09-06,0.0,79.0,False
2014-09-07,0.0,80.0,False
2014-09-08,0.0,93.0,False
2014-09-09,0.0,95.0,False
2014-09-10,0.0,95.0,False
2014-09-11,0.0,97.0,False
2014-09-12,0.0,94.0,False
2014-09-13,0.0,82.0,False
2014-09-14,0.0,81.0,False
2014-09-15,0.0,94.0,False
2014-09-16,0.0,95.0,False
2014-09-17,0.0,97.0,False
2014-09-18,0.0,95.0,False
2014-09-19,0.0,94.0,False
2014-09-20,0.0,80.0,False
2014-09-21,0.0,80.0,False
2014-09-22,0.0,95.0,False
2014-09-23,0.0,98.0,False
2014-09-24,0.0,94.0,False
2014-09-25,1.0,93.0,False
2014-09-26,1.0,93.0,False
2014-09-27,0.0,88.0,False
2014-09-28,0.0,82.0,False
2014-09-29,0.0,93.0,False
2014-09-30,0.0,96.0,False
2014-10-01,1.0,97.0,False
2014-10-02,1.0,96.0,False
2014-10-03,1.0,94.0,False
2014-10-04,0.0,79.0,False
2014-10-05,0.0,79.0,False
2014-10-06,1.0,95.0,False
2014-10-07,1.0,95.0,False
2014-10-08,1.0,96.0,False
2014-10-09,1.0,98.0,False
2014-10-10,1.0,94.0,False
2014-10-11,0.0,81.0,False
2014-10-12,0.0,82.0,False
2014-10-13,1.0,91.0,False
2014-10-14,1.0,96.0,False
2014-10-15,2.0,96.0,False
2014-10-16,1.0,98.0,False
2014-10-17,1.0,95.0,False
2014-10-18,0.0,84.0,False
2014-10-19,0.0,82.0,False
2014-10-20,1.0,96.0,False
2014-10-21,1.0,98.0,False
2014-10-22,1.0,100.0,False
2014-10-23,1.0,98.0,False
2014-10-24,1.0,95.0,False
2014-10-25,0.0,82.0,False
2014-10-26,0.0,84.0,False
2014-10-27,1.0,96.0,False
2014-10-28,1.0,99.0,False
2014-10-29,1.0,98.0,False
2014-10-30,1.0,96.0,False
2014-10-31,1.0,97.0,False
2014-11-01,0.0,82.0,False
2014-11-02,0.0,83.0,False
2014-11-03,1.0,95.0,False
2014-11-04,1.0,95.0,False
2014-11-05,1.0,95.0,False
2014-11-06,1.0,99.0,False
2014-11-07,1.0,95.0,False
2014-11-08,0.0,80.0,False
2014-11-09,0.0,81.0,False
2014-11-10,1.0,92.0,False
2014-11-11,1.0,89.0,False
2014-11-12,1.0,98.0,False
2014-11-13,1.0,97.0,False
2014-11-14,1.0,95.0,False
2014-11-15,0.0,78.0,False
2014-11-16,0.0,79.0,False
2014-11-17,0.0,92.0,False
2014-11-18,1.0,97.0,False
2014-11-19,1.0,96.0,False
2014-11-20,1.0,100.0,False
2014-11-21,1.0,94.0,False
2014-11-22,0.0,79.0,False
2014-11-23,0.0,79.0,False
2014-11-24,0.0,89.0,False
2014-11-25,1.0,91.0,False
2014-11-26,1.0,80.0,False
2014-11-27,0.0,78.0,False
2014-11-28,0.0,73.0,False
2014-11-29,0.0,77.0,False
2014-11-30,0.0,78.0,False
2014-12-01,0.0,89.0,False
2014-12-02,1.0,95.0,False
2014-12-03,1.0,96.0,False
2014-12-04,1.0,97.0,False
2014-12-05,1.0,94.0,False
2014-12-06,0.0,78.0,False
2014-12-07,0.0,75.0,False
2014-12-08,1.0,92.0,False
2014-12-09,1.0,94.0,False
2014-12-10,1.0,95.0,False
2014-12-11,1.0,96.0,False
2014-12-12,1.0,96.0,False
2014-12-13,0.0,80.0,False
2014-12-14,0.0,78.0,False
2014-12-15,1.0,92.0,False
2014-12-16,1.0,94.0,False
2014-12-17,1.0,93.0,False
2014-12-18,1.0,92.0,False
2014-12-19,1.0,87.0,False
2014-12-20,0.0,76.0,False
2014-12-21,0.0,77.0,False
2014-12-22,1.0,78.0,False
2014-12-23,1.0,77.0,False
2014-12-24,1.0,77.0,False
2014-12-25,0.0,88.0,False
2014-12-26,1.0,80.0,False
2014-12-27,0.0,79.0,False
2014-12-28,0.0,75.0,False
2014-12-29,1.0,75.0,False
2014-12-30,1.0,76.0,False
2014-12-31,1.0,74.0,False
2015-01-01,0.0,74.0,False
2015-01-02,1.0,75.0,False
2015-01-03,0.0,74.0,False
2015-01-04,0.0,74.0,False
2015-01-05,1.0,86.0,False
2015-01-06,1.0,87.0,False
2015-01-07,1.0,87.0,False
2015-01-08,1.0,90.0,False
2015-01-09,1.0,89.0,False
2015-01-10,0.0,75.0,False
2015-01-11,0.0,75.0,False
2015-01-12,1.0,89.0,False
2015-01-13,1.0,92.0,False
2015-01-14,1.0,93.0,False
2015-01-15,1.0,93.0,False
2015-01-16,1.0,90.0,False
2015-01-17,0.0,77.0,False
2015-01-18,0.0,73.0,False
2015-01-19,0.0,77.0,False
2015-01-20,1.0,91.0,False
2015-01-21,1.0,91.0,False
2015-01-22,1.0,91.0,False
2015-01-23,1.0,90.0,False
2015-01-24,0.0,77.0,False
2015-01-25,0.0,75.0,False
2015-01-26,1.0,85.0,False
2015-01-27,1.0,88.0,False
2015-01-28,1.0,92.0,False
2015-01-29,1.0,93.0,False
2015-01-30,1.0,92.0,False
2015-01-31,0.0,74.0,False
2015-02-01,0.0,75.0,False
2015-02-02,1.0,83.0,False
2015-02-03,1.0,91.0,False
2015-02-04,1.0,92.0,False
2015-02-05,1.0,94.0,False
2015-02-06,1.0,90.0,False
2015-02-07,0.0,76.0,False
2015-02-08,0.0,73.0,False
2015-02-09,1.0,87.0,False
2015-02-10,1.0,92.0,False
2015-02-11,1.0,93.0,False
2015-02-12,1.0,93.0,False
2015-02-13,1.0,88.0,False
2015-02-14,0.0,75.0,False
2015-02-15,0.0,75.0,False
2015-02-16,0.0,75.0,False
2015-02-17,1.0,84.0,False
2015-02-18,1.0,91.0,False
2015-02-19,1.0,90.0,False
2015-02-20,1.0,86.0,False
2015-02-21,0.0,74.0,False
2015-02-22,0.0,74.0,False
2015-02-23,1.0,87.0,False
2015-02-24,1.0,89.0,False
2015-02-25,1.0,91.0,False
2015-02-26,1.0,92.0,False
2015-02-27,1.0,91.0,False
2015-02-28,0.0,74.0,False
2015-03-01,0.0,73.0,False
2015-03-02,1.0,90.0,False
2015-03-03,1.0,88.0,False
2015-03-04,1.0,90.0,False
2015-03-05,1.0,90.0,False
2015-03-06,1.0,87.0,False
2015-03-07,0.0,75.0,False
2015-03-08,0.0,73.0,False
2015-03-09,1.0,90.0,False
2015-03-10,1.0,90.0,False
2015-03-11,1.0,89.0,False
2015-03-12,1.0,90.0,False
2015-03-13,1.0,89.0,False
2015-03-14,0.0,73.0,False
2015-03-15,0.0,73.0,False
2015-03-16,1.0,88.0,False
2015-03-17,1.0,91.0,False
2015-03-18,1.0,90.0,False
2015-03-19,1.0,91.0,False
2015-03-20,1.0,88.0,False
2015-03-21,0.0,73.0,False
2015-03-22,0.0,74.0,False
2015-03-23,1.0,90.0,False
2015-03-24,1.0,92.0,False
2015-03-25,1.0,80.0,False
2015-03-26,1.0,94.0,False
2015-03-27,1.0,87.0,False
2015-03-28,0.0,74.0,False
2015-03-29,0.0,74.0,False
2015-03-30,1.0,88.0,False
2015-03-31,1.0,92.0,False
2015-04-01,1.0,100.0,False
2015-04-02,1.0,89.0,False
2015-04-03,0.0,77.0,False
2015-04-04,0.0,73.0,False
2015-04-05,0.0,70.0,False
2015-04-06,1.0,80.0,False
2015-04-07,1.0,86.0,False
2015-04-08,1.0,89.0,False
2015-04-09,1.0,88.0,False
2015-04-10,1.0,86.0,False
2015-04-11,0.0,73.0,False
2015-04-12,0.0,73.0,False
2015-04-13,1.0,88.0,False
2015-04-14,1.0,93.0,False
2015-04-15,1.0,94.0,False
2015-04-16,1.0,92.0,False
2015-04-17,1.0,91.0,False
2015-04-18,0.0,74.0,False
2015-04-19,0.0,73.0,False
2015-04-20,1.0,91.0,False
2015-04-21,1.0,94.0,False
2015-04-22,1.0,96.0,False
2015-04-23,1.0,92.0,False
2015-04-24,1.0,91.0,False
2015-04-25,0.0,72.0,False
2015-04-26,0.0,73.0,False
2015-04-27,1.0,90.0,False
2015-04-28,1.0,91.0,False
2015-04-29,1.0,92.0,False
2015-04-30,1.0,91.0,False
2015-05-01,1.0,90.0,False
2015-05-02,0.0,69.0,False
2015-05-03,0.0,72.0,False
2015-05-04,1.0,92.0,False
2015-05-05,1.0,92.0,False
2015-05-06,1.0,91.0,False
2015-05-07,1.0,91.0,False
2015-05-08,1.0,90.0,False
2015-05-09,0.0,71.0,False
2015-05-10,0.0,71.0,False
2015-05-11,1.0,91.0,False
2015-05-12,1.0,91.0,False
2015-05-13,1.0,92.0,False
2015-05-14,1.0,92.0,False
2015-05-15,1.0,89.0,False
2015-05-16,0.0,70.0,False
2015-05-17,0.0,71.0,False
2015-05-18,1.0,89.0,False
2015-05-19,1.0,90.0,False
2015-05-20,1.0,93.0,False
2015-05-21,1.0,92.0,False
2015-05-22,1.0,86.0,False
2015-05-23,0.0,69.0,False
2015-05-24,0.0,65.0,False
2015-05-25,0.0,67.0,False
2015-05-26,1.0,89.0,False
2015-05-27,1.0,90.0,False
2015-05-28,1.0,89.0,False
2015-05-29,1.0,86.0,False
2015-05-30,0.0,67.0,False
2015-05-31,0.0,67.0,False
2015-06-01,1.0,83.0,False
2015-06-02,1.0,83.0,False
2015-06-03,1.0,82.0,False
2015-06-04,1.0,78.5,False
2015-06-05,1.0,75.0,False
2015-06-06,0.0,62.0,False
2015-06-07,0.0,62.0,False
2015-06-08,1.0,75.0,False
2015-06-09,1.0,72.0,False
2015-06-10,1.0,74.0,False
2015-06-11,1.0,71.0,False
2015-06-12,1.0,69.0,False
2015-06-13,0.0,62.0,False
2015-06-14,0.0,60.0,False
2015-06-15,1.0,67.0,False
2015-06-16,1.0,66.0,False
2015-06-17,1.0,66.0,False
2015-06-18,1.0,65.0,False
2015-06-19,1.0,65.0,False
2015-06-20,0.0,61.0,False
2015-06-21,0.0,60.0,False
2015-06-22,1.0,64.0,False
2015-06-23,1.0,66.0,False
2015-06-24,1.0,65.0,False
2015-06-25,1.0,67.0,False
2015-06-26,1.0,65.0,False
2015-06-27,0.0,62.0,False
2015-06-28,0.0,60.0,False
2015-06-29,1.0,63.0,False
2015-06-30,1.0,64.0,False
2015-07-01,1.0,65.0,False
2015-07-02,1.0,65.0,False
2015-07-03,0.0,60.0,False
2015-07-04,0.0,60.0,False
2015-07-05,0.0,60.0,False
2015-07-06,1.0,64.0,False
2015-07-07,1.0,67.0,False
2015-07-08,1.0,66.0,False
2015-07-09,1.0,65.0,False
2015-07-10,1.0,64.0,False
2015-07-11,0.0,61.0,False
2015-07-12,0.0,60.0,False
2015-07-13,1.0,65.0,False
2015-07-14,1.0,66.0,False
2015-07-15,1.0,63.0,False
2015-07-16,1.0,65.0,False
2015-07-17,1.0,65.0,False
2015-07-18,0.0,61.0,False
2015-07-19,0.0,63.0,False
2015-07-20,1.0,66.0,False
2015-07-21,1.0,64.0,False
2015-07-22,1.0,63.0,False
2015-07-23,1.0,64.0,False
2015-07-24,1.0,64.0,False
2015-07-25,0.0,62.0,False
2015-07-26,0.0,61.0,False
2015-07-27,1.0,64.0,False
2015-07-28,1.0,65.0,False
2015-07-29,1.0,64.0,False
2015-07-30,1.0,66.0,False
2015-07-31,1.0,64.0,False
2015-08-01,0.0,61.0,False
2015-08-02,0.0,60.0,False
2015-08-03,1.0,65.0,False
2015-08-04,1.0,65.0,False
2015-08-05,1.0,69.0,False
2015-08-06,1.0,65.0,False
2015-08-07,1.0,64.0,False
2015-08-08,0.0,60.0,False
2015-08-09,0.0,60.0,False
2015-08-10,1.0,67.0,False
2015-08-11,1.0,69.0,False
2015-08-12,1.0,68.0,False
2015-08-13,1.0,71.0,False
2015-08-14,1.0,69.0,False
2015-08-15,0.0,62.0,False
2015-08-16,0.0,60.0,False
2015-08-17,1.0,69.0,False
2015-08-18,1.0,72.0,False
2015-08-19,1.0,73.0,False
2015-08-20,1.0,78.0,False
2015-08-21,2.0,76.0,False
2015-08-22,1.0,62.0,False
2015-08-23,0.0,61.0,False
2015-08-24,6.0,78.0,False
2015-08-25,5.0,79.0,False
2015-08-26,4.0,82.0,False
2015-08-27,3.0,83.0,False
2015-08-28,3.0,81.0,False
2015-08-29,1.0,62.0,False
2015-08-30,0.0,64.0,False
2015-08-31,2.0,83.0,False
2015-09-01,2.0,92.0,False
2015-09-02,2.0,100.0,False
2015-09-03,2.0,97.0,False
2015-09-04,2.0,91.0,False
2015-09-05,0.0,69.0,False
2015-09-06,0.0,66.0,False
2015-09-07,0.0,68.0,False
2015-09-08,1.0,93.0,False
2015-09-09,2.0,98.0,False
2015-09-10,2.0,100.0,False
2015-09-11,1.0,92.0,False
2015-09-12,0.0,65.0,False
2015-09-13,0.0,65.0,False
2015-09-14,1.0,88.0,False
2015-09-15,1.0,94.0,False
2015-09-16,1.0,97.0,False
2015-09-17,1.0,94.0,False
2015-09-18,1.0,94.0,False
2015-09-19,0.0,64.0,False
2015-09-20,0.0,64.0,False
2015-09-21,1.0,94.0,False
2015-09-22,1.0,95.0,False
2015-09-23,1.0,92.0,False
2015-09-24,1.0,96.0,False
2015-09-25,1.0,91.0,False
2015-09-26,0.0,63.0,False
2015-09-27,0.0,63.0,False
2015-09-28,1.0,92.0,False
2015-09-29,1.0,98.0,False
2015-09-30,1.0,96.0,False
2015-10-01,1.0,95.0,False
2015-10-02,1.0,92.0,False
2015-10-03,0.0,63.0,False
2015-10-04,0.0,64.0,False
2015-10-05,1.0,93.0,False
2015-10-06,1.0,96.0,False
2015-10-07,1.0,94.0,False
2015-10-08,1.0,95.0,False
2015-10-09,1.0,93.0,False
2015-10-10,0.0,62.0,False
2015-10-11,0.0,61.0,False
2015-10-12,1.0,83.0,False
2015-10-13,1.0,92.0,False
2015-10-14,1.0,89.0,False
2015-10-15,1.0,93.0,False
2015-10-16,1.0,89.0,False
2015-10-17,0.0,61.0,False
2015-10-18,0.0,62.0,False
2015-10-19,1.0,92.0,False
2015-10-20,1.0,93.0,False
2015-10-21,1.0,96.0,False
2015-10-22,1.0,95.0,False
2015-10-23,1.0,93.0,False
2015-10-24,0.0,60.0,False
2015-10-25,0.0,62.0,False
2015-10-26,1.0,93.0,False
2015-10-27,1.0,95.0,False
2015-10-28,1.0,97.0,False
2015-10-29,1.0,96.0,False
2015-10-30,1.0,92.0,False
2015-10-31,0.0,60.0,False
2015-11-01,0.0,63.0,False
2015-11-02,1.0,92.0,False
2015-11-03,1.0,91.0,False
2015-11-04,1.0,93.0,False
2015-11-05,1.0,96.0,False
2015-11-06,1.0,91.0,False
2015-11-07,0.0,62.0,False
2015-11-08,0.0,61.0,False
2015-11-09,1.0,94.0,False
2015-11-10,1.0,93.0,False
2015-11-11,1.0,82.0,False
2015-11-12,1.0,97.0,False
2015-11-13,1.0,95.0,False
2015-11-14,0.0,61.0,False
2015-11-15,0.0,60.0,False
2015-11-16,1.0,90.0,False
2015-11-17,1.0,93.0,False
2015-11-18,1.0,97.0,False
2015-11-19,1.0,96.0,False
2015-11-20,1.0,92.0,False
2015-11-21,0.0,59.0,False
2015-11-22,0.0,59.0,False
2015-11-23,1.0,84.0,False
2015-11-24,1.0,87.0,False
2015-11-25,1.0,68.0,False
2015-11-26,0.0,57.0,False
2015-11-27,0.0,57.0,False
2015-11-28,0.0,58.0,False
2015-11-29,0.0,57.0,False
2015-11-30,0.0,86.0,False
2015-12-01,1.0,91.0,False
2015-12-02,1.0,91.0,False
2015-12-03,1.0,95.0,False
2015-12-04,1.0,92.0,False
2015-12-05,0.0,59.0,False
2015-12-06,0.0,58.0,False
2015-12-07,1.0,90.0,False
2015-12-08,1.0,91.0,False
2015-12-09,1.0,92.0,False
2015-12-10,1.0,94.0,False
2015-12-11,1.0,93.0,False
2015-12-12,0.0,58.0,False
2015-12-13,0.0,59.0,False
2015-12-14,1.0,92.0,False
2015-12-15,1.0,89.0,False
2015-12-16,1.0,88.0,False
2015-12-17,1.0,91.0,False
2015-12-18,1.0,81.0,False
2015-12-19,0.0,56.0,False
2015-12-20,0.0,54.0,False
2015-12-21,1.0,66.0,False
2015-12-22,1.0,65.0,False
2015-12-23,1.0,62.0,False
2015-12-24,1.0,59.0,False
2015-12-25,0.0,61.0,False
2015-12-26,0.0,57.0,False
2015-12-27,0.0,55.0,False
2015-12-28,1.0,55.0,False
2015-12-29,1.0,56.0,False
2015-12-30,1.0,57.0,False
2015-12-31,1.0,57.0,False
2016-01-01,0.0,50.0,False
2016-01-02,0.0,48.0,False
2016-01-03,0.0,48.0,False
2016-01-04,1.0,61.0,False
2016-01-05,1.0,68.0,False
2016-01-06,1.0,70.0,False
2016-01-07,2.0,71.0,False
2016-01-08,2.0,70.0,False
2016-01-09,0.0,50.0,False
2016-01-10,0.0,49.0,False
2016-01-11,1.0,68.0,False
2016-01-12,1.0,70.0,False
2016-01-13,1.0,73.0,False
2016-01-14,1.0,69.0,False
2016-01-15,2.0,68.0,False
2016-01-16,0.0,50.0,False
2016-01-17,0.0,47.0,False
2016-01-18,1.0,54.0,False
2016-01-19,2.0,70.0,False
2016-01-20,3.0,72.0,False
2016-01-21,2.0,72.0,False
2016-01-22,2.0,72.0,False
2016-01-23,0.0,51.0,False
2016-01-24,0.0,50.0,False
2016-01-25,1.0,67.0,False
2016-01-26,2.0,72.0,False
2016-01-27,1.0,75.0,False
2016-01-28,1.0,75.0,False
2016-01-29,1.0,71.0,False
2016-01-30,0.0,51.0,False
2016-01-31,0.0,51.0,False
2016-02-01,1.0,71.0,False
2016-02-02,1.0,73.0,False
2016-02-03,1.0,73.0,False
2016-02-04,1.0,75.0,False
2016-02-05,1.0,72.0,False
2016-02-06,0.0,51.0,False
2016-02-07,0.0,49.0,False
2016-02-08,1.0,68.0,False
2016-02-09,1.0,73.0,False
2016-02-10,1.0,74.0,False
2016-02-11,2.0,75.0,False
2016-02-12,2.0,66.0,False
2016-02-13,0.0,50.0,False
2016-02-14,0.0,49.0,False
2016-02-15,0.0,55.0,False
2016-02-16,1.0,66.0,False
2016-02-17,1.0,72.0,False
2016-02-18,1.0,73.0,False
2016-02-19,1.0,70.0,False
2016-02-20,0.0,49.0,False
2016-02-21,0.0,51.0,False
2016-02-22,1.0,73.0,False
2016-02-23,1.0,74.0,False
2016-02-24,1.0,73.0,False
2016-02-25,1.0,73.0,False
2016-02-26,1.0,71.0,False
2016-02-27,0.0,50.0,False
2016-02-28,0.0,50.0,False
2016-02-29,1.0,73.0,False
2016-03-01,1.0,73.0,False
2016-03-02,1.0,74.0,False
2016-03-03,1.0,73.0,False
2016-03-04,1.0,71.0,False
2016-03-05,0.0,51.0,False
2016-03-06,0.0,49.0,False
2016-03-07,1.0,71.0,False
2016-03-08,1.0,74.0,False
2016-03-09,1.0,75.0,False
2016-03-10,1.0,75.0,False
2016-03-11,1.0,70.0,False
2016-03-12,0.0,49.0,False
2016-03-13,0.0,51.0,False
2016-03-14,1.0,69.0,False
2016-03-15,1.0,71.0,False
2016-03-16,1.0,70.0,False
2016-03-17,1.0,71.0,False
2016-03-18,1.0,66.0,False
2016-03-19,0.0,49.0,False
2016-03-20,0.0,50.0,False
2016-03-21,1.0,88.0,False
2016-03-22,1.0,100.0,False
2016-03-23,1.0,69.0,False
2016-03-24,1.0,64.0,False
2016-03-25,1.0,54.0,False
2016-03-26,0.0,47.0,False
2016-03-27,0.0,47.0,False
2016-03-28,1.0,62.0,False
2016-03-29,1.0,65.0,False
2016-03-30,1.0,67.0,False
2016-03-31,1.0,68.0,False
2016-04-01,1.0,65.0,False
2016-04-02,0.0,49.0,False
2016-04-03,0.0,49.0,False
2016-04-04,1.0,68.0,False
2016-04-05,1.0,70.0,False
2016-04-06,1.0,70.0,False
2016-04-07,1.0,72.0,False
2016-04-08,1.0,68.0,False
2016-04-09,0.0,48.0,False
2016-04-10,0.0,50.0,False
2016-04-11,1.0,70.0,False
2016-04-12,1.0,70.0,False
2016-04-13,1.0,69.0,False
2016-04-14,1.0,69.0,False
2016-04-15,1.0,68.0,False
2016-04-16,0.0,48.0,False
2016-04-17,0.0,49.0,False
2016-04-18,1.0,69.0,False
2016-04-19,1.0,68.0,False
2016-04-20,1.0,70.0,False
2016-04-21,1.0,69.0,False
2016-04-22,1.0,68.0,False
2016-04-23,0.0,49.0,False
2016-04-24,0.0,49.0,False
2016-04-25,1.0,70.0,False
2016-04-26,1.0,69.0,False
2016-04-27,1.0,69.0,False
2016-04-28,1.0,71.0,False
2016-04-29,1.0,67.0,False
2016-04-30,0.0,48.0,False
2016-05-01,0.0,49.0,False
2016-05-02,1.0,67.0,False
2016-05-03,1.0,70.0,False
2016-05-04,1.0,70.0,False
2016-05-05,1.0,70.0,False
2016-05-06,1.0,69.0,False
2016-05-07,0.0,48.0,False
2016-05-08,0.0,48.0,False
2016-05-09,1.0,71.0,False
2016-05-10,1.0,71.0,False
2016-05-11,1.0,70.0,False
2016-05-12,1.0,70.0,False
2016-05-13,1.0,66.0,False
2016-05-14,0.0,47.0,False
2016-05-15,0.0,48.0,False
2016-05-16,1.0,69.0,False
2016-05-17,1.0,71.0,False
2016-05-18,1.0,72.0,False
2016-05-19,1.0,72.0,False
2016-05-20,1.0,66.0,False
2016-05-21,0.0,48.0,False
2016-05-22,0.0,48.0,False
2016-05-23,1.0,67.0,False
2016-05-24,1.0,66.0,False
2016-05-25,1.0,64.0,False
2016-05-26,1.0,65.0,False
2016-05-27,1.0,59.0,False
2016-05-28,0.0,46.0,False
2016-05-29,0.0,49.5,False
2016-05-30,0.0,58.0,False
2016-05-31,1.0,75.0,False
2016-06-01,1.0,74.0,False
2016-06-02,1.0,76.0,False
2016-06-03,1.0,72.0,False
2016-06-04,0.0,57.0,False
2016-06-05,0.0,57.0,False
2016-06-06,1.0,70.0,False
2016-06-07,1.0,71.0,False
2016-06-08,1.0,69.0,False
2016-06-09,1.0,70.0,False
2016-06-10,1.0,65.0,False
2016-06-11,0.0,55.0,False
2016-06-12,0.0,54.0,False
2016-06-13,1.0,65.0,False
2016-06-14,1.0,64.0,False
2016-06-15,1.0,64.0,False
2016-06-16,1.0,63.0,False
2016-06-17,1.0,61.0,False
2016-06-18,0.0,54.0,False
2016-06-19,0.0,54.0,False
2016-06-20,1.0,61.0,False
2016-06-21,1.0,63.0,False
2016-06-22,1.0,61.0,False
2016-06-23,1.0,60.0,False
2016-06-24,5.0,59.0,False
2016-06-25,1.0,53.0,False
2016-06-26,0.0,51.0,False
2016-06-27,3.0,58.0,False
2016-06-28,2.0,60.0,False
2016-06-29,2.0,61.0,False
2016-06-30,2.0,61.0,False
2016-07-01,2.0,57.0,False
2016-07-02,0.0,51.0,False
2016-07-03,0.0,49.0,False
2016-07-04,0.0,52.0,False
2016-07-05,1.0,60.0,False
2016-07-06,1.0,59.0,False
2016-07-07,1.0,59.0,False
2016-07-08,1.0,57.0,False
2016-07-09,0.0,51.0,False
2016-07-10,0.0,51.0,False
2016-07-11,1.0,58.0,False
2016-07-12,1.0,61.0,False
2016-07-13,1.0,61.0,False
2016-07-14,1.0,58.0,False
2016-07-15,1.0,59.0,False
2016-07-16,0.0,53.0,False
2016-07-17,0.0,52.0,False
2016-07-18,1.0,59.0,False
2016-07-19,1.0,59.0,False
2016-07-20,1.0,59.0,False
2016-07-21,1.0,59.0,False
2016-07-22,1.0,58.0,False
2016-07-23,0.0,51.0,False
2016-07-24,0.0,50.0,False
2016-07-25,1.0,58.0,False
2016-07-26,1.0,58.0,False
2016-07-27,1.0,58.0,False
2016-07-28,1.0,60.0,False
2016-07-29,1.0,58.0,False
2016-07-30,0.0,51.0,False
2016-07-31,0.0,51.0,False
2016-08-01,1.0,58.0,False
2016-08-02,1.0,59.0,False
2016-08-03,1.0,60.0,False
2016-08-04,1.0,59.0,False
2016-08-05,1.0,59.0,False
2016-08-06,0.0,51.0,False
2016-08-07,0.0,51.0,False
2016-08-08,1.0,60.0,False
2016-08-09,1.0,62.0,False
2016-08-10,1.0,61.0,False
2016-08-11,1.0,62.0,False
2016-08-12,1.0,60.0,False
2016-08-13,0.0,51.0,False
2016-08-14,0.0,52.0,False
2016-08-15,1.0,64.0,False
2016-08-16,1.0,67.0,False
2016-08-17,1.0,69.0,False
2016-08-18,1.0,71.0,False
2016-08-19,1.0,69.0,False
2016-08-20,0.0,53.0,False
2016-08-21,0.0,53.0,False
2016-08-22,1.0,73.0,False
2016-08-23,1.0,77.0,False
2016-08-24,1.0,78.0,False
2016-08-25,1.0,81.0,False
2016-08-26,1.0,78.0,False
2016-08-27,0.0,54.0,False
2016-08-28,0.0,54.0,False
2016-08-29,1.0,79.0,False
2016-08-30,1.0,82.0,False
2016-08-31,1.0,84.0,False
2016-09-01,1.0,86.0,False
2016-09-02,1.0,80.0,False
2016-09-03,0.0,51.0,False
2016-09-04,0.0,51.0,False
2016-09-05,0.0,57.0,False
2016-09-06,1.0,85.0,False
2016-09-07,1.0,89.0,False
2016-09-08,1.0,91.0,False
2016-09-09,1.0,87.0,False
2016-09-10,0.0,53.0,False
2016-09-11,0.0,56.0,False
2016-09-12,1.0,89.0,False
2016-09-13,1.0,95.0,False
2016-09-14,1.0,97.0,False
2016-09-15,1.0,96.0,False
2016-09-16,1.0,91.0,False
2016-09-17,0.0,54.0,False
2016-09-18,0.0,56.0,False
2016-09-19,1.0,93.0,False
2016-09-20,1.0,97.0,False
2016-09-21,1.0,97.0,False
2016-09-22,1.0,98.0,False
2016-09-23,1.0,93.0,False
2016-09-24,0.0,56.0,False
2016-09-25,0.0,58.0,False
2016-09-26,1.0,91.0,False
2016-09-27,1.0,97.0,False
2016-09-28,1.0,96.0,False
2016-09-29,1.0,99.0,False
2016-09-30,1.0,92.0,False
2016-10-01,0.0,54.0,False
2016-10-02,0.0,55.0,False
2016-10-03,1.0,87.0,False
2016-10-04,1.0,100.0,False
2016-10-05,1.0,100.0,False
2016-10-06,1.0,93.0,False
2016-10-07,1.0,87.0,False
2016-10-08,0.0,54.0,False
2016-10-09,0.0,55.0,False
2016-10-10,1.0,81.0,False
2016-10-11,1.0,93.0,False
2016-10-12,1.0,90.0,False
2016-10-13,1.0,93.0,False
2016-10-14,1.0,87.0,False
2016-10-15,0.0,55.0,False
2016-10-16,0.0,57.0,False
2016-10-17,1.0,91.0,False
2016-10-18,1.0,98.0,False
2016-10-19,1.0,90.0,False
2016-10-20,1.0,93.0,False
2016-10-21,1.0,88.0,False
2016-10-22,0.0,56.0,False
2016-10-23,0.0,57.0,False
2016-10-24,1.0,96.0,False
2016-10-25,1.0,98.0,False
2016-10-26,1.0,95.0,False
2016-10-27,1.0,97.0,False
2016-10-28,1.0,89.0,False
2016-10-29,0.0,53.0,False
2016-10-30,0.0,59.0,False
2016-10-31,1.0,93.0,False
2016-11-01,1.0,99.0,False
2016-11-02,1.0,98.0,False
2016-11-03,1.0,93.0,False
2016-11-04,1.0,94.0,False
2016-11-05,0.0,55.0,False
2016-11-06,0.0,56.0,False
2016-11-07,1.0,91.0,False
2016-11-08,1.0,86.0,False
2016-11-09,9.0,83.0,False
2016-11-10,3.0,92.0,False
2016-11-11,2.0,73.0,False
2016-11-12,1.0,54.0,False
2016-11-13,0.0,55.0,False
2016-11-14,1.0,92.0,False
2016-11-15,1.0,96.0,False
2016-11-16,1.0,99.0,False
2016-11-17,1.0,98.0,False
2016-11-18,1.0,93.0,False
2016-11-19,0.0,53.0,False
2016-11-20,0.0,56.0,False
2016-11-21,1.0,81.0,False
2016-11-22,1.0,82.0,False
2016-11-23,1.0,64.0,False
2016-11-24,0.0,52.0,False
2016-11-25,1.0,53.5,False
2016-11-26,0.0,54.0,False
2016-11-27,0.0,58.0,False
2016-11-28,1.0,89.0,False
2016-11-29,1.0,98.0,False
2016-11-30,1.0,100.0,False
2016-12-01,1.0,100.0,False
2016-12-02,1.0,96.0,False
2016-12-03,0.0,57.0,False
2016-12-04,0.0,58.0,False
2016-12-05,1.0,91.0,False
2016-12-06,1.0,96.0,False
2016-12-07,1.0,99.0,False
2016-12-08,1.0,95.0,False
2016-12-09,1.0,92.0,False
2016-12-10,0.0,56.0,False
2016-12-11,0.0,58.0,False
2016-12-12,1.0,90.0,False
2016-12-13,1.0,95.0,False
2016-12-14,1.0,94.0,False
2016-12-15,1.0,93.0,False
2016-12-16,1.0,85.0,False
2016-12-17,0.0,55.0,False
2016-12-18,0.0,55.0,False
2016-12-19,1.0,79.0,False
2016-12-20,1.0,78.0,False
2016-12-21,1.0,75.0,False
2016-12-22,1.0,66.0,False
2016-12-23,1.0,58.0,False
2016-12-24,0.0,52.0,False
2016-12-25,0.0,56.0,False
2016-12-26,0.0,54.0,False
2016-12-27,1.0,55.0,False
2016-12-28,1.0,55.0,False
2016-12-29,1.0,54.0,False
2016-12-30,1.0,52.0,False
2016-12-31,0.0,49.0,False
2017-01-01,0.0,49.0,False
2017-01-02,0.0,55.0,False
2017-01-03,1.0,75.0,False
2017-01-04,1.0,81.0,False
2017-01-05,1.0,82.0,False
2017-01-06,1.0,82.0,False
2017-01-07,0.0,54.0,False
2017-01-08,0.0,54.0,False
2017-01-09,1.0,84.0,False
2017-01-10,1.0,89.0,False
2017-01-11,1.0,90.0,False
2017-01-12,1.0,91.0,False
2017-01-13,1.0,88.0,False
2017-01-14,0.0,53.0,False
2017-01-15,0.0,51.0,False
2017-01-16,0.0,61.0,False
2017-01-17,1.0,90.0,False
2017-01-18,1.0,92.0,False
2017-01-19,1.0,93.0,False
2017-01-20,1.0,87.0,False
2017-01-21,0.0,53.0,False
2017-01-22,0.0,54.0,False
2017-01-23,1.0,89.0,False
2017-01-24,1.0,93.0,False
2017-01-25,2.0,95.0,False
2017-01-26,2.0,95.0,False
2017-01-27,1.0,91.0,False
2017-01-28,0.0,55.0,False
2017-01-29,0.0,56.0,False
2017-01-30,1.0,91.0,False
2017-01-31,2.0,93.0,False
2017-02-01,1.0,94.0,False
2017-02-02,1.0,96.0,False
2017-02-03,1.0,92.0,False
2017-02-04,0.0,54.0,False
2017-02-05,0.0,54.0,False
2017-02-06,1.0,86.0,False
2017-02-07,1.0,93.0,False
2017-02-08,1.0,94.0,False
2017-02-09,1.0,90.0,False
2017-02-10,1.0,90.0,False
2017-02-11,0.0,55.0,False
2017-02-12,0.0,57.0,False
2017-02-13,1.0,89.0,False
2017-02-14,1.0,97.0,False
2017-02-15,1.0,100.0,False
2017-02-16,1.0,96.0,False
2017-02-17,1.0,84.0,False
2017-02-18,0.0,54.0,False
2017-02-19,0.0,53.0,False
2017-02-20,0.0,66.0,False
2017-02-21,1.0,89.0,False
2017-02-22,1.0,92.0,False
2017-02-23,1.0,96.0,False
2017-02-24,1.0,91.0,False
2017-02-25,0.0,57.0,False
2017-02-26,0.0,57.0,False
2017-02-27,1.0,89.0,False
2017-02-28,1.0,94.0,False
2017-03-01,2.0,93.0,False
2017-03-02,2.0,94.0,False
2017-03-03,1.0,91.0,False
2017-03-04,0.0,55.0,False
2017-03-05,0.0,56.0,False
2017-03-06,1.0,91.0,False
2017-03-07,1.0,93.0,False
2017-03-08,1.0,96.0,False
2017-03-09,1.0,95.0,False
2017-03-10,1.0,87.0,False
2017-03-11,0.0,54.0,False
2017-03-12,0.0,55.0,False
2017-03-13,1.0,84.0,False
2017-03-14,1.0,81.0,False
2017-03-15,1.0,86.0,False
2017-03-16,1.0,88.0,False
2017-03-17,1.0,83.0,False
2017-03-18,0.0,53.0,False
2017-03-19,0.0,55.0,False
2017-03-20,1.0,87.0,False
2017-03-21,1.0,91.0,False
2017-03-22,1.0,92.0,False
2017-03-23,1.0,90.0,False
2017-03-24,1.0,84.0,False
2017-03-25,0.0,53.0,False
2017-03-26,0.0,55.0,False
2017-03-27,1.0,85.0,False
2017-03-28,1.0,88.0,False
2017-03-29,1.0,89.0,False
2017-03-30,1.0,87.0,False
2017-03-31,1.0,88.0,False
2017-04-01,0.0,59.0,False
2017-04-02,0.0,56.0,False
2017-04-03,1.0,87.0,False
2017-04-04,1.0,88.0,False
2017-04-05,1.0,87.0,False
2017-04-06,1.0,87.0,False
2017-04-07,1.0,83.0,False
2017-04-08,0.0,53.0,False
2017-04-09,0.0,52.0,False
2017-04-10,1.0,81.0,False
2017-04-11,1.0,81.0,False
2017-04-12,1.0,82.0,False
2017-04-13,1.0,79.0,False
2017-04-14,1.0,63.0,False
2017-04-15,0.0,51.0,False
2017-04-16,0.0,50.0,False
2017-04-17,1.0,77.0,False
2017-04-18,1.0,86.0,False
2017-04-19,1.0,89.0,False
2017-04-20,1.0,88.0,False
2017-04-21,1.0,84.0,False
2017-04-22,0.0,54.0,False
2017-04-23,0.0,55.0,False
2017-04-24,1.0,89.0,False
2017-04-25,1.0,91.0,False
2017-04-26,1.0,97.0,False
2017-04-27,1.0,94.0,False
2017-04-28,1.0,90.0,False
2017-04-29,0.0,54.0,False
2017-04-30,0.0,57.0,False
2017-05-01,1.0,93.0,False
2017-05-02,1.0,93.0,False
2017-05-03,1.0,96.0,False
2017-05-04,1.0,97.0,False
2017-05-05,1.0,87.0,False
2017-05-06,0.0,54.0,False
2017-05-07,0.0,55.0,False
2017-05-08,1.0,91.0,False
2017-05-09,1.0,94.0,False
2017-05-10,1.0,93.0,False
2017-05-11,1.0,93.0,False
2017-05-12,1.0,89.0,False
2017-05-13,0.0,53.0,False
2017-05-14,0.0,55.0,False
2017-05-15,1.0,93.0,False
2017-05-16,1.0,92.0,False
2017-05-17,2.0,95.0,False
2017-05-18,2.0,93.0,False
2017-05-19,1.0,85.0,False
2017-05-20,0.0,52.0,False
2017-05-21,0.0,53.0,False
2017-05-22,1.0,87.0,False
2017-05-23,1.0,86.0,False
2017-05-24,1.0,82.5,False
2017-05-25,1.0,77.0,False
2017-05-26,1.0,69.0,False
2017-05-27,0.0,46.0,False
2017-05-28,0.0,46.0,False
2017-05-29,0.0,48.0,False
2017-05-30,1.0,73.0,False
2017-05-31,1.0,73.0,False
2017-06-01,1.0,72.0,False
2017-06-02,1.0,69.0,False
2017-06-03,0.0,49.0,False
2017-06-04,0.0,49.0,False
2017-06-05,1.0,67.0,False
2017-06-06,1.0,68.0,False
2017-06-07,1.0,66.0,False
2017-06-08,1.0,63.0,False
2017-06-09,1.0,61.0,False
2017-06-10,0.0,46.0,False
2017-06-11,0.0,45.0,False
2017-06-12,1.0,59.0,False
2017-06-13,1.0,61.0,False
2017-06-14,1.0,61.0,False
2017-06-15,1.0,60.0,False
2017-06-16,1.0,56.0,False
2017-06-17,0.0,46.0,False
2017-06-18,0.0,46.0,False
2017-06-19,1.0,54.0,False
2017-06-20,1.0,56.0,False
2017-06-21,1.0,56.0,False
2017-06-22,1.0,54.0,False
2017-06-23,1.0,52.0,False
2017-06-24,0.0,45.0,False
2017-06-25,0.0,45.0,False
2017-06-26,1.0,53.0,False
2017-06-27,1.0,55.0,False
2017-06-28,1.0,55.0,False
2017-06-29,1.0,53.0,False
2017-06-30,1.0,53.0,False
2017-07-01,0.0,45.0,False
2017-07-02,0.0,43.0,False
2017-07-03,1.0,49.0,False
2017-07-04,0.0,45.0,False
2017-07-05,1.0,52.0,False
2017-07-06,1.0,52.0,False
2017-07-07,1.0,52.0,False
2017-07-08,0.0,44.0,False
2017-07-09,0.0,44.0,False
2017-07-10,1.0,53.0,False
2017-07-11,1.0,55.0,False
2017-07-12,1.0,55.0,False
2017-07-13,1.0,55.0,False
2017-07-14,1.0,52.0,False
2017-07-15,0.0,45.0,False
2017-07-16,0.0,44.0,False
2017-07-17,1.0,54.0,False
2017-07-18,1.0,55.0,False
2017-07-19,1.0,54.0,False
2017-07-20,1.0,53.0,False
2017-07-21,1.0,51.0,False
2017-07-22,0.0,44.0,False
2017-07-23,0.0,43.0,False
2017-07-24,1.0,52.0,False
2017-07-25,1.0,54.0,False
2017-07-26,1.0,54.0,False
2017-07-27,1.0,54.0,False
2017-07-28,1.0,52.0,False
2017-07-29,0.0,45.0,False
2017-07-30,0.0,44.0,False
2017-07-31,1.0,52.0,False
2017-08-01,1.0,53.0,False
2017-08-02,1.0,54.0,False
2017-08-03,1.0,55.0,False
2017-08-04,1.0,52.0,False
2017-08-05,0.0,43.0,False
2017-08-06,0.0,44.0,False
2017-08-07,1.0,54.0,False
2017-08-08,1.0,58.0,False
2017-08-09,1.0,57.0,False
2017-08-10,1.0,57.0,False
2017-08-11,1.0,58.0,False
2017-08-12,0.0,46.0,False
2017-08-13,0.0,44.0,False
2017-08-14,1.0,59.0,False
2017-08-15,1.0,63.0,False
2017-08-16,1.0,63.0,False
2017-08-17,1.0,65.0,False
2017-08-18,1.0,66.0,False
2017-08-19,0.0,46.0,False
2017-08-20,0.0,46.0,False
2017-08-21,1.0,63.0,False
2017-08-22,1.0,71.0,False
2017-08-23,1.0,73.0,False
2017-08-24,1.0,72.0,False
2017-08-25,1.0,73.0,False
2017-08-26,0.0,46.0,False
2017-08-27,0.0,47.0,False
2017-08-28,1.0,76.0,False
2017-08-29,1.0,80.0,False
2017-08-30,1.0,82.0,False
2017-08-31,1.0,83.0,False
2017-09-01,1.0,75.0,False
2017-09-02,0.0,45.0,False
2017-09-03,0.0,44.0,False
2017-09-04,0.0,50.0,False
2017-09-05,1.0,81.0,False
2017-09-06,1.0,86.0,False
2017-09-07,1.0,89.0,False
2017-09-08,1.0,84.0,False
2017-09-09,0.0,47.0,False
2017-09-10,0.0,49.0,False
2017-09-11,1.0,86.0,False
2017-09-12,1.0,88.0,False
2017-09-13,1.0,91.0,False
2017-09-14,1.0,94.0,False
2017-09-15,1.0,89.0,False
2017-09-16,0.0,48.0,False
2017-09-17,0.0,51.0,False
2017-09-18,1.0,90.0,False
2017-09-19,1.0,94.0,False
2017-09-20,1.0,93.0,False
2017-09-21,1.0,90.0,False
2017-09-22,1.0,88.0,False
2017-09-23,0.0,49.0,False
2017-09-24,0.0,51.0,False
2017-09-25,1.0,92.0,False
2017-09-26,1.0,94.0,False
2017-09-27,1.0,100.0,False
2017-09-28,1.0,97.0,False
2017-09-29,1.0,92.0,False
2017-09-30,0.0,50.0,False
2017-10-01,0.0,52.0,False
2017-10-02,1.0,89.0,False
2017-10-03,1.0,95.0,False
2017-10-04,1.0,99.0,False
2017-10-05,1.0,96.0,False
2017-10-06,1.0,88.0,False
2017-10-07,0.0,49.0,False
2017-10-08,0.0,50.0,False
2017-10-09,1.0,78.0,False
2017-10-10,1.0,91.0,False
2017-10-11,1.0,90.0,False
2017-10-12,1.0,90.0,False
2017-10-13,1.0,84.0,False
2017-10-14,0.0,49.0,False
2017-10-15,0.0,52.0,False
2017-10-16,1.0,92.0,False
2017-10-17,1.0,98.0,False
2017-10-18,1.0,93.0,False
2017-10-19,1.0,91.0,False
2017-10-20,1.0,86.0,False
2017-10-21,0.0,49.0,False
2017-10-22,0.0,51.0,False
2017-10-23,1.0,92.0,False
2017-10-24,1.0,94.0,False
2017-10-25,1.0,93.0,False
2017-10-26,1.0,91.0,False
2017-10-27,1.0,85.0,False
2017-10-28,0.0,48.0,False
2017-10-29,0.0,51.0,False
2017-10-30,1.0,87.0,False
2017-10-31,1.0,90.0,False
2017-11-01,1.0,89.0,False
2017-11-02,1.0,90.0,False
2017-11-03,1.0,84.0,False
2017-11-04,0.0,48.0,False
2017-11-05,0.0,51.0,False
2017-11-06,1.0,87.0,False
2017-11-07,1.0,88.0,False
2017-11-08,1.0,91.0,False
2017-11-09,1.0,88.0,False
2017-11-10,1.0,72.0,False
2017-11-11,0.0,48.0,False
2017-11-12,0.0,50.0,False
2017-11-13,1.0,89.0,False
2017-11-14,1.0,93.0,False
2017-11-15,1.0,94.0,False
2017-11-16,1.0,95.0,False
2017-11-17,1.0,88.0,False
2017-11-18,0.0,50.0,False
2017-11-19,0.0,49.0,False
2017-11-20,1.0,79.5,False
2017-11-21,1.0,80.0,False
2017-11-22,1.0,60.0,False
2017-11-23,0.0,50.0,False
2017-11-24,1.0,51.0,False
2017-11-25,0.0,49.0,False
2017-11-26,0.0,54.0,False
2017-11-27,1.0,90.0,False
2017-11-28,1.0,96.0,False
2017-11-29,1.0,100.0,False
2017-11-30,2.0,98.0,False
2017-12-01,2.0,93.0,False
2017-12-02,0.0,53.0,False
2017-12-03,0.0,56.0,False
2017-12-04,1.0,95.0,False
2017-12-05,1.0,98.0,False
2017-12-06,1.0,96.0,False
2017-12-07,1.0,97.0,False
2017-12-08,1.0,93.0,False
2017-12-09,0.0,54.0,False
2017-12-10,0.0,56.0,False
2017-12-11,1.0,95.0,False
2017-12-12,1.0,96.0,False
2017-12-13,1.0,92.0,False
2017-12-14,1.0,93.0,False
2017-12-15,1.0,88.0,False
2017-12-16,0.0,52.0,False
2017-12-17,0.0,52.0,False
2017-12-18,1.0,87.0,False
2017-12-19,1.0,84.0,False
2017-12-20,2.0,77.0,False
2017-12-21,1.0,71.0,False
2017-12-22,1.0,60.0,False
2017-12-23,0.0,47.0,False
2017-12-24,0.0,46.0,False
2017-12-25,0.0,54.0,False
2017-12-26,1.0,54.0,False
2017-12-27,1.0,54.0,False
2017-12-28,1.0,53.0,False
2017-12-29,1.0,52.0,False
2017-12-30,0.0,46.0,False
2017-12-31,0.0,46.0,False
2018-01-01,0.0,46.0,False
2018-01-02,1.0,62.0,False
2018-01-03,1.0,69.0,False
2018-01-04,2.0,66.0,False
2018-01-05,2.0,66.0,False
2018-01-06,0.0,48.0,False
2018-01-07,0.0,49.0,False
2018-01-08,1.0,77.0,False
2018-01-09,1.0,86.0,False
2018-01-10,1.0,91.0,False
2018-01-11,1.0,90.0,False
2018-01-12,2.0,84.0,False
2018-01-13,0.0,51.0,False
2018-01-14,0.0,51.0,False
2018-01-15,1.0,65.0,False
2018-01-16,2.0,91.0,False
2018-01-17,2.0,87.0,False
2018-01-18,2.0,92.0,False
2018-01-19,2.0,88.0,False
2018-01-20,0.0,51.0,False
2018-01-21,0.0,51.0,False
2018-01-22,1.0,88.0,False
2018-01-23,2.0,91.0,False
2018-01-24,2.0,92.0,False
2018-01-25,2.0,95.0,False
2018-01-26,2.0,88.0,False
2018-01-27,0.0,51.0,False
2018-01-28,0.0,52.0,False
2018-01-29,1.0,89.0,False
2018-01-30,2.0,92.0,False
2018-01-31,3.0,92.0,False
2018-02-01,2.0,97.0,False
2018-02-02,3.0,90.0,False
2018-02-03,1.0,50.0,False
2018-02-04,0.0,49.0,False
2018-02-05,7.0,83.0,False
2018-02-06,12.0,93.0,False
2018-02-07,6.0,88.0,False
2018-02-08,7.0,92.0,False
2018-02-09,9.0,87.0,False
2018-02-10,2.0,50.0,False
2018-02-11,1.0,52.0,False
2018-02-12,4.0,90.0,False
2018-02-13,4.0,93.0,False
2018-02-14,4.0,91.0,False
2018-02-15,4.0,92.0,False
2018-02-16,3.0,82.0,False
2018-02-17,1.0,49.0,False
2018-02-18,0.0,48.0,False
2018-02-19,1.0,62.0,False
2018-02-20,3.0,83.0,False
2018-02-21,3.0,89.0,False
2018-02-22,3.0,86.0,False
2018-02-23,3.0,85.0,False
2018-02-24,1.0,50.0,False
2018-02-25,0.0,51.0,False
2018-02-26,2.0,91.0,False
2018-02-27,3.0,95.0,False
2018-02-28,3.0,95.0,False
2018-03-01,3.0,92.0,False
2018-03-02,4.0,86.0,False
2018-03-03,1.0,49.0,False
2018-03-04,0.0,50.0,False
2018-03-05,3.0,88.0,False
2018-03-06,3.0,92.0,False
2018-03-07,4.0,88.0,False
2018-03-08,3.0,89.0,False
2018-03-09,3.0,87.0,False
2018-03-10,1.0,49.0,False
2018-03-11,0.0,51.0,False
2018-03-12,2.0,84.0,False
2018-03-13,2.0,83.0,False
2018-03-14,2.0,85.0,False
2018-03-15,2.0,85.0,False
2018-03-16,2.0,80.0,False
2018-03-17,0.0,48.0,False
2018-03-18,0.0,48.0,False
2018-03-19,2.0,85.0,False
2018-03-20,3.0,88.0,False
2018-03-21,2.0,81.0,False
2018-03-22,4.0,86.0,False
2018-03-23,5.0,84.0,False
2018-03-24,1.0,48.0,False
2018-03-25,0.0,48.0,False
2018-03-26,4.0,79.0,False
2018-03-27,4.0,81.0,False
2018-03-28,4.0,81.0,False
2018-03-29,3.0,76.0,False
2018-03-30,2.0,57.0,False
2018-03-31,0.0,45.0,False
2018-04-01,0.0,46.0,False
2018-04-02,4.0,70.0,False
2018-04-03,4.0,77.0,False
2018-04-04,5.0,78.0,False
2018-04-05,4.0,77.0,False
2018-04-06,5.0,73.0,False
2018-04-07,1.0,47.0,False
2018-04-08,0.0,49.0,False
2018-04-09,3.0,86.0,False
2018-04-10,4.0,85.0,False
2018-04-11,4.0,85.0,False
2018-04-12,3.0,86.0,False
2018-04-13,3.0,82.0,False
2018-04-14,1.0,47.0,False
2018-04-15,0.0,49.0,False
2018-04-16,2.0,82.0,False
2018-04-17,3.0,86.0,False
2018-04-18,3.0,87.0,False
2018-04-19,3.0,88.0,False
2018-04-20,2.0,81.0,False
2018-04-21,0.0,47.0,False
2018-04-22,0.0,49.0,False
2018-04-23,2.0,86.0,False
2018-04-24,3.0,88.0,False
2018-04-25,3.0,87.0,False
2018-04-26,3.0,88.0,False
2018-04-27,2.0,81.0,False
2018-04-28,0.0,46.0,False
2018-04-29,0.0,49.0,False
2018-04-30,2.0,88.0,False
2018-05-01,2.0,88.0,False
2018-05-02,2.0,87.0,False
2018-05-03,3.0,90.0,False
2018-05-04,2.0,84.0,False
2018-05-05,0.0,46.0,False
2018-05-06,0.0,49.0,False
2018-05-07,2.0,86.0,False
2018-05-08,3.0,90.0,False
2018-05-09,2.0,90.0,False
2018-05-10,2.0,90.0,False
2018-05-11,2.0,84.0,False
2018-05-12,0.0,48.0,False
2018-05-13,0.0,48.0,False
2018-05-14,2.0,87.0,False
2018-05-15,2.0,88.0,False
2018-05-16,2.0,86.0,False
2018-05-17,2.0,85.0,False
2018-05-18,2.0,81.0,False
2018-05-19,0.0,44.0,False
2018-05-20,0.0,45.0,False
2018-05-21,2.0,79.0,False
2018-05-22,2.0,79.0,False
2018-05-23,2.0,77.0,False
2018-05-24,2.0,77.0,False
2018-05-25,2.0,70.0,False
2018-05-26,0.0,42.0,False
2018-05-27,0.0,40.0,False
2018-05-28,0.0,44.0,False
2018-05-29,2.0,72.0,False
2018-05-30,2.0,70.0,False
2018-05-31,3.0,70.0,False
2018-06-01,2.0,63.0,False
2018-06-02,0.0,43.0,False
2018-06-03,0.0,44.0,False
2018-06-04,2.0,67.0,False
2018-06-05,2.0,64.0,False
2018-06-06,2.0,64.0,False
2018-06-07,2.0,63.0,False
2018-06-08,2.0,58.0,False
2018-06-09,0.0,41.0,False
2018-06-10,0.0,41.0,False
2018-06-11,2.0,57.0,False
2018-06-12,2.0,58.0,False
2018-06-13,2.0,55.0,False
2018-06-14,2.0,56.0,False
2018-06-15,2.0,52.0,False
2018-06-16,0.0,40.0,False
2018-06-17,0.0,40.0,False
2018-06-18,2.0,52.0,False
2018-06-19,3.0,51.0,False
2018-06-20,3.0,51.0,False
2018-06-21,2.0,51.0,False
2018-06-22,2.0,48.0,False
2018-06-23,0.0,40.0,False
2018-06-24,0.0,39.0,False
2018-06-25,3.0,49.0,False
2018-06-26,3.0,49.0,False
2018-06-27,3.0,50.0,False
2018-06-28,2.0,50.0,False
2018-06-29,2.0,48.0,False
2018-06-30,0.0,39.0,False
2018-07-01,0.0,40.0,False
2018-07-02,2.0,47.0,False
2018-07-03,2.0,49.0,False
2018-07-04,0.0,40.0,False
2018-07-05,2.0,48.0,False
2018-07-06,2.0,46.0,False
2018-07-07,0.0,40.0,False
2018-07-08,0.0,40.0,False
2018-07-09,2.0,50.0,False
2018-07-10,2.0,50.0,False
2018-07-11,2.0,49.0,False
2018-07-12,2.0,50.0,False
2018-07-13,2.0,46.0,False
2018-07-14,0.0,39.0,False
2018-07-15,0.0,38.0,False
2018-07-16,2.0,47.0,False
2018-07-17,2.0,49.0,False
2018-07-18,2.0,50.0,False
2018-07-19,2.0,47.0,False
2018-07-20,2.0,44.0,False
2018-07-21,0.0,38.0,False
2018-07-22,0.0,37.0,False
2018-07-23,2.0,47.0,False
2018-07-24,2.0,51.0,False
2018-07-25,2.0,50.0,False
2018-07-26,3.0,52.0,False
2018-07-27,3.0,48.0,False
2018-07-28,0.0,41.0,False
2018-07-29,0.0,40.0,False
2018-07-30,2.0,50.0,False
2018-07-31,2.0,51.0,False
2018-08-01,2.0,50.0,False
2018-08-02,2.0,49.0,False
2018-08-03,2.0,47.0,False
2018-08-04,0.0,40.0,False
2018-08-05,0.0,38.0,False
2018-08-06,2.0,48.0,False
2018-08-07,2.0,51.0,False
2018-08-08,2.0,52.0,False
2018-08-09,2.0,52.0,False
2018-08-10,2.0,51.0,False
2018-08-11,0.0,39.0,False
2018-08-12,0.0,39.0,False
2018-08-13,2.0,53.0,False
2018-08-14,2.0,57.0,False
2018-08-15,2.0,58.0,False
2018-08-16,2.0,62.0,False
2018-08-17,2.0,59.0,False
2018-08-18,0.0,41.0,False
2018-08-19,0.0,40.0,False
2018-08-20,2.0,63.0,False
2018-08-21,2.0,67.0,False
2018-08-22,2.0,71.0,False
2018-08-23,2.0,71.0,False
2018-08-24,2.0,70.0,False
2018-08-25,0.0,43.0,False
2018-08-26,0.0,44.0,False
2018-08-27,2.0,74.0,False
2018-08-28,2.0,79.0,False
2018-08-29,2.0,80.0,False
2018-08-30,2.0,81.0,False
2018-08-31,2.0,74.0,False
2018-09-01,0.0,42.0,False
2018-09-02,0.0,40.0,False
2018-09-03,0.0,46.0,False
2018-09-04,2.0,83.0,False
2018-09-05,2.0,88.0,False
2018-09-06,2.0,88.0,False
2018-09-07,2.0,81.0,False
2018-09-08,0.0,43.0,False
2018-09-09,0.0,44.0,False
2018-09-10,2.0,83.0,False
2018-09-11,2.0,85.0,False
2018-09-12,2.0,88.0,False
2018-09-13,2.0,92.0,False
2018-09-14,2.0,84.0,False
2018-09-15,0.0,43.0,False
2018-09-16,0.0,46.0,False
2018-09-17,2.0,88.0,False
2018-09-18,2.0,91.0,False
2018-09-19,2.0,86.0,False
2018-09-20,2.0,94.0,False
2018-09-21,2.0,88.0,False
2018-09-22,0.0,44.0,False
2018-09-23,0.0,46.0,False
2018-09-24,2.0,89.0,False
2018-09-25,2.0,93.0,False
2018-09-26,2.0,91.0,False
2018-09-27,2.0,93.0,False
2018-09-28,2.0,87.0,False
2018-09-29,0.0,44.0,False
2018-09-30,0.0,45.0,False
2018-10-01,2.0,88.0,False
2018-10-02,2.0,92.0,False
2018-10-03,2.0,91.0,False
2018-10-04,2.0,91.0,False
2018-10-05,2.0,81.0,False
2018-10-06,0.0,41.0,False
2018-10-07,0.0,42.0,False
2018-10-08,2.0,73.0,False
2018-10-09,2.0,91.0,False
2018-10-10,3.0,84.0,False
2018-10-11,5.0,88.0,False
2018-10-12,5.0,82.0,False
2018-10-13,1.0,43.0,False
2018-10-14,0.0,45.0,False
2018-10-15,3.0,85.0,False
2018-10-16,3.0,91.0,False
2018-10-17,3.0,87.0,False
2018-10-18,3.0,87.0,False
2018-10-19,3.0,82.0,False
2018-10-20,0.0,42.0,False
2018-10-21,0.0,45.0,False
2018-10-22,2.0,90.0,False
2018-10-23,4.0,91.0,False
2018-10-24,3.0,88.0,False
2018-10-25,4.0,90.0,False
2018-10-26,4.0,84.0,False
2018-10-27,1.0,43.0,False
2018-10-28,0.0,45.0,False
2018-10-29,3.0,87.0,False
2018-10-30,4.0,93.0,False
2018-10-31,4.0,92.0,False
2018-11-01,3.0,100.0,False
2018-11-02,3.0,90.0,False
2018-11-03,1.0,45.0,False
2018-11-04,0.0,45.0,False
2018-11-05,3.0,84.0,False
2018-11-06,3.0,82.0,False
2018-11-07,3.0,80.0,False
2018-11-08,3.0,87.0,False
2018-11-09,3.0,86.0,False
2018-11-10,1.0,43.0,False
2018-11-11,0.0,44.0,False
2018-11-12,3.0,72.0,False
2018-11-13,3.0,90.0,False
2018-11-14,3.0,92.0,False
2018-11-15,3.0,90.0,False
2018-11-16,3.0,85.0,False
2018-11-17,1.0,46.0,False
2018-11-18,0.0,47.0,False
2018-11-19,3.0,78.0,False
2018-11-20,4.0,78.0,False
2018-11-21,4.0,57.0,False
2018-11-22,1.0,45.0,False
2018-11-23,2.0,46.0,False
2018-11-24,1.0,45.0,False
2018-11-25,0.0,49.0,False
2018-11-26,3.0,89.0,False
2018-11-27,3.0,97.0,False
2018-11-28,3.0,100.0,False
2018-11-29,3.0,99.0,False
2018-11-30,3.0,92.0,False
2018-12-01,1.0,48.0,False
2018-12-02,0.0,49.0,False
2018-12-03,3.0,92.0,False
2018-12-04,4.0,97.0,False
2018-12-05,3.0,96.0,False
2018-12-06,6.0,96.0,False
2018-12-07,5.0,90.0,False
2018-12-08,1.0,46.0,False
2018-12-09,0.0,49.0,False
2018-12-10,5.0,93.0,False
2018-12-11,4.0,95.0,False
2018-12-12,4.0,96.0,False
2018-12-13,4.0,96.0,False
2018-12-14,4.0,89.0,False
2018-12-15,1.0,48.0,False
2018-12-16,0.0,48.0,False
2018-12-17,4.0,81.0,False
2018-12-18,5.0,84.0,False
2018-12-19,5.0,83.0,False
2018-12-20,6.0,77.0,False
2018-12-21,7.0,62.0,False
2018-12-22,1.0,43.0,False
2018-12-23,1.0,41.0,False
2018-12-24,6.0,42.0,False
2018-12-25,2.0,46.0,False
2018-12-26,8.0,48.0,False
2018-12-27,9.0,48.0,False
2018-12-28,7.0,46.0,False
2018-12-29,1.0,43.0,False
2018-12-30,1.0,41.0,False
2018-12-31,4.0,42.0,False
2019-01-01,1.0,40.0,False
2019-01-02,5.0,57.0,False
2019-01-03,6.0,64.0,False
2019-01-04,6.0,64.0,False
2019-01-05,1.0,43.0,False
2019-01-06,0.0,43.0,False
2019-01-07,4.0,75.0,False
2019-01-08,4.0,86.0,False
2019-01-09,5.0,90.0,False
2019-01-10,4.0,91.0,False
2019-01-11,4.0,89.0,False
2019-01-12,1.0,44.0,False
2019-01-13,0.0,45.0,False
2019-01-14,4.0,84.0,False
2019-01-15,4.0,87.0,False
2019-01-16,4.0,89.0,False
2019-01-17,4.0,88.0,False
2019-01-18,4.0,83.0,False
2019-01-19,1.0,44.0,False
2019-01-20,0.0,41.0,False
2019-01-21,1.0,52.0,False
2019-01-22,4.0,85.0,False
2019-01-23,4.0,87.0,False
2019-01-24,4.0,87.0,False
2019-01-25,4.0,85.0,False
2019-01-26,1.0,45.0,False
2019-01-27,0.0,46.0,False
2019-01-28,3.0,85.0,False
2019-01-29,4.0,87.0,False
2019-01-30,3.0,81.0,False
2019-01-31,4.0,82.0,False
2019-02-01,4.0,83.0,False
2019-02-02,1.0,45.0,False
2019-02-03,0.0,43.0,False
2019-02-04,3.0,83.0,False
2019-02-05,3.0,90.0,False
2019-02-06,3.0,89.0,False
2019-02-07,3.0,88.0,False
2019-02-08,3.0,84.0,False
2019-02-09,1.0,43.0,False
2019-02-10,0.0,45.0,False
2019-02-11,2.0,82.0,False
2019-02-12,3.0,83.0,False
2019-02-13,3.0,89.0,False
2019-02-14,3.0,89.0,False
2019-02-15,4.0,78.0,False
2019-02-16,1.0,44.0,False
2019-02-17,0.0,42.0,False
2019-02-18,1.0,57.0,False
2019-02-19,3.0,80.0,False
2019-02-20,3.0,79.0,False
2019-02-21,3.0,84.0,False
2019-02-22,3.0,82.0,False
2019-02-23,1.0,43.0,False
2019-02-24,0.0,45.0,False
2019-02-25,3.0,82.0,False
2019-02-26,3.0,87.0,False
2019-02-27,3.0,87.0,False
2019-02-28,3.0,86.0,False
2019-03-01,3.0,83.0,False
2019-03-02,1.0,43.0,False
2019-03-03,0.0,44.0,False
2019-03-04,3.0,78.0,False
2019-03-05,3.0,85.0,False
2019-03-06,3.0,82.0,False
2019-03-07,3.0,89.0,False
2019-03-08,3.0,81.0,False
2019-03-09,1.0,43.0,False
2019-03-10,0.0,43.0,False
2019-03-11,3.0,81.0,False
2019-03-12,3.0,84.0,False
2019-03-13,3.0,84.0,False
2019-03-14,3.0,81.0,False
2019-03-15,3.0,74.0,False
2019-03-16,0.0,42.0,False
2019-03-17,0.0,44.0,False
2019-03-18,3.0,84.0,False
2019-03-19,3.0,87.0,False
2019-03-20,3.0,87.0,False
2019-03-21,3.0,85.0,False
2019-03-22,3.0,79.0,False
2019-03-23,1.0,44.0,False
2019-03-24,0.0,43.0,False
2019-03-25,3.0,82.0,False
2019-03-26,3.0,86.0,False
2019-03-27,3.0,84.0,False
2019-03-28,3.0,81.0,False
2019-03-29,3.0,73.0,False
2019-03-30,1.0,41.0,False
2019-03-31,0.0,43.0,False
2019-04-01,3.0,83.0,False
2019-04-02,3.0,81.0,False
2019-04-03,3.0,81.0,False
2019-04-04,3.0,81.0,False
2019-04-05,3.0,80.0,False
2019-04-06,1.0,42.0,False
2019-04-07,0.0,43.0,False
2019-04-08,3.0,82.0,False
2019-04-09,3.0,82.0,False
2019-04-10,3.0,84.0,False
2019-04-11,3.0,84.0,False
2019-04-12,3.0,81.0,False
2019-04-13,1.0,44.0,False
2019-04-14,0.0,42.0,False
2019-04-15,2.0,77.0,False
2019-04-16,3.0,79.0,False
2019-04-17,3.0,79.0,False
2019-04-18,3.0,75.0,False
2019-04-19,2.0,57.0,False
2019-04-20,0.0,42.0,False
2019-04-21,0.0,43.0,False
2019-04-22,2.0,75.0,False
2019-04-23,3.0,85.0,False
2019-04-24,3.0,85.0,False
2019-04-25,3.0,83.0,False
2019-04-26,2.0,77.0,False
2019-04-27,0.0,44.0,False
2019-04-28,0.0,46.0,False
2019-04-29,2.0,85.0,False
2019-04-30,3.0,87.0,False
2019-05-01,2.0,89.0,False
2019-05-02,3.0,87.0,False
2019-05-03,3.0,83.0,False
2019-05-04,0.0,45.0,False
2019-05-05,0.0,45.0,False
2019-05-06,4.0,85.0,False
2019-05-07,4.0,86.0,False
2019-05-08,4.0,88.0,False
2019-05-09,4.0,86.0,False
2019-05-10,4.0,82.0,False
2019-05-11,1.0,44.0,False
2019-05-12,0.0,46.0,False
2019-05-13,6.0,88.0,False
2019-05-14,5.0,89.5,False
2019-05-15,4.0,86.0,False
2019-05-16,4.0,84.0,False
2019-05-17,4.0,80.0,False
2019-05-18,1.0,44.0,False
2019-05-19,0.0,46.0,False
2019-05-20,3.0,82.0,False
2019-05-21,3.0,84.0,False
2019-05-22,3.0,81.0,False
2019-05-23,4.0,79.0,False
2019-05-24,3.0,70.0,False
2019-05-25,1.0,42.0,False
2019-05-26,0.0,40.0,False
2019-05-27,0.0,45.0,False
2019-05-28,3.0,75.0,False
2019-05-29,3.0,75.0,False
2019-05-30,3.0,72.0,False
2019-05-31,4.0,68.0,False
2019-06-01,1.0,43.0,False
2019-06-02,0.0,46.0,False
2019-06-03,3.0,68.0,False
2019-06-04,3.0,68.0,False
2019-06-05,3.0,67.0,False
2019-06-06,3.0,65.0,False
2019-06-07,3.0,61.0,False
2019-06-08,1.0,42.0,False
2019-06-09,0.0,42.0,False
2019-06-10,3.0,61.0,False
2019-06-11,3.0,62.0,False
2019-06-12,3.0,60.0,False
2019-06-13,3.0,58.0,False
2019-06-14,3.0,52.0,False
2019-06-15,1.0,41.0,False
2019-06-16,0.0,41.0,False
2019-06-17,3.0,56.0,False
2019-06-18,3.0,58.0,False
2019-06-19,3.0,53.0,False
2019-06-20,4.0,53.0,False
2019-06-21,3.0,50.0,False
2019-06-22,1.0,40.0,False
2019-06-23,0.0,40.0,False
2019-06-24,3.0,54.0,False
2019-06-25,3.0,53.0,False
2019-06-26,3.0,53.0,False
2019-06-27,3.0,51.0,False
2019-06-28,3.0,49.0,False
2019-06-29,1.0,41.0,False
2019-06-30,0.0,39.0,False
2019-07-01,3.0,51.0,False
2019-07-02,3.0,51.0,False
2019-07-03,3.0,50.0,False
2019-07-04,1.0,39.0,False
2019-07-05,3.0,44.0,False
2019-07-06,1.0,39.0,False
2019-07-07,0.0,39.0,False
2019-07-08,3.0,53.0,False
2019-07-09,3.0,54.0,False
2019-07-10,3.0,52.0,False
2019-07-11,3.0,51.0,False
2019-07-12,3.0,50.0,False
2019-07-13,1.0,41.0,False
2019-07-14,0.0,40.0,False
2019-07-15,3.0,52.0,False
2019-07-16,3.0,53.0,False
2019-07-17,3.0,52.0,False
2019-07-18,3.0,51.0,False
2019-07-19,3.0,49.0,False
2019-07-20,0.0,39.0,False
2019-07-21,0.0,40.0,False
2019-07-22,3.0,51.0,False
2019-07-23,3.0,51.0,False
2019-07-24,3.0,52.0,False
2019-07-25,3.0,52.0,False
2019-07-26,3.0,50.0,False
2019-07-27,1.0,40.0,False
2019-07-28,0.0,39.0,False
2019-07-29,3.0,51.0,False
2019-07-30,3.0,52.0,False
2019-07-31,3.0,51.0,False
2019-08-01,3.0,49.0,False
2019-08-02,4.0,49.0,False
2019-08-03,1.0,40.0,False
2019-08-04,0.0,39.0,False
2019-08-05,6.0,52.0,False
2019-08-06,6.0,53.0,False
2019-08-07,5.0,54.0,False
2019-08-08,4.0,54.0,False
2019-08-09,4.0,51.0,False
2019-08-10,1.0,41.0,False
2019-08-11,0.0,39.0,False
2019-08-12,4.0,56.0,False
2019-08-13,4.0,62.0,False
2019-08-14,7.0,62.0,False
2019-08-15,8.0,65.0,False
2019-08-16,6.0,63.0,False
2019-08-17,1.0,42.0,False
2019-08-18,0.0,43.0,False
2019-08-19,4.0,68.0,False
2019-08-20,4.0,71.0,False
2019-08-21,4.0,74.0,False
2019-08-22,4.0,75.0,False
2019-08-23,6.0,73.0,False
2019-08-24,1.0,44.0,False
2019-08-25,0.0,45.0,False
2019-08-26,5.0,78.0,False
2019-08-27,5.0,83.0,False
2019-08-28,4.0,83.0,False
2019-08-29,4.0,84.0,False
2019-08-30,4.0,74.0,False
2019-08-31,1.0,41.0,False
2019-09-01,0.0,41.0,False
2019-09-02,1.0,48.0,False
2019-09-03,4.0,83.0,False
2019-09-04,4.0,86.0,False
2019-09-05,4.0,90.0,False
2019-09-06,4.0,86.0,False
2019-09-07,1.0,44.0,False
2019-09-08,0.0,45.0,False
2019-09-09,3.0,93.0,False
2019-09-10,3.0,95.0,False
2019-09-11,3.0,94.0,False
2019-09-12,4.0,94.0,False
2019-09-13,3.0,91.0,False
2019-09-14,1.0,49.0,False
2019-09-15,0.0,51.0,False
2019-09-16,3.0,97.0,False
2019-09-17,3.0,98.0,False
2019-09-18,3.0,97.0,False
2019-09-19,3.0,98.0,False
2019-09-20,3.0,90.0,False
2019-09-21,1.0,46.0,False
2019-09-22,0.0,49.0,False
2019-09-23,3.0,94.0,False
2019-09-24,3.0,100.0,False
2019-09-25,3.0,100.0,False
2019-09-26,3.0,99.0,False
2019-09-27,3.0,95.0,False
2019-09-28,1.0,48.0,False
2019-09-29,0.0,49.0,False
2019-09-30,3.0,91.0,False
2019-10-01,3.0,97.0,False
2019-10-02,4.0,98.0,False
2019-10-03,4.0,99.0,False
2019-10-04,4.0,90.0,False
2019-10-05,1.0,44.0,False
2019-10-06,0.0,49.0,False
2019-10-07,3.0,93.0,False
2019-10-08,3.0,96.0,False
2019-10-09,3.0,91.0,False
2019-10-10,3.0,94.0,False
2019-10-11,4.0,85.0,False
2019-10-12,1.0,44.0,False
2019-10-13,0.0,47.0,False
2019-10-14,3.0,81.0,False
2019-10-15,3.0,96.0,False
2019-10-16,3.0,91.0,False
2019-10-17,3.0,93.0,False
2019-10-18,3.0,85.0,False
2019-10-19,0.0,45.0,False
2019-10-20,0.0,48.0,False
2019-10-21,3.0,90.0,False
2019-10-22,3.0,93.0,False
2019-10-23,3.0,100.0,False
2019-10-24,3.0,97.0,False
2019-10-25,3.0,86.0,False
2019-10-26,0.0,44.0,False
2019-10-27,0.0,48.0,False
2019-10-28,3.0,89.0,False
2019-10-29,3.0,93.0,False
2019-10-30,3.0,93.0,False
2019-10-31,3.0,89.0,False
2019-11-01,3.0,82.0,False
2019-11-02,1.0,46.0,False
2019-11-03,0.0,47.0,False
2019-11-04,3.0,93.0,False
2019-11-05,3.0,90.0,False
2019-11-06,3.0,94.0,False
2019-11-07,3.0,94.0,False
2019-11-08,3.0,87.0,False
2019-11-09,1.0,46.0,False
2019-11-10,0.0,37.0,False
2019-11-11,1.0,49.0,False
2019-11-12,2.0,59.0,False
2019-11-13,2.0,61.0,False
2019-11-14,2.0,60.0,False
2019-11-15,2.0,57.0,False
2019-11-16,0.0,30.0,False
2019-11-17,0.0,31.0,False
2019-11-18,2.0,60.0,False
2019-11-19,2.0,62.0,False
2019-11-20,2.0,62.0,False
2019-11-21,2.0,61.0,False
2019-11-22,2.0,57.0,False
2019-11-23,0.0,29.0,False
2019-11-24,0.0,29.0,False
2019-11-25,1.0,49.0,False
2019-11-26,2.0,48.0,False
2019-11-27,2.0,36.0,False
2019-11-28,0.0,28.0,False
2019-11-29,1.0,29.0,False
2019-11-30,0.0,29.0,False
2019-12-01,0.0,31.0,False
2019-12-02,1.0,56.0,False
2019-12-03,2.0,59.0,False
2019-12-04,2.0,59.0,False
2019-12-05,2.0,59.0,False
2019-12-06,2.0,56.0,False
2019-12-07,0.0,29.0,False
2019-12-08,0.0,30.0,False
2019-12-09,1.0,56.0,False
2019-12-10,2.0,60.0,False
2019-12-11,2.0,57.0,False
2019-12-12,2.0,58.0,False
2019-12-13,2.0,54.0,False
2019-12-14,0.0,30.0,False
2019-12-15,0.0,30.0,False
2019-12-16,2.0,54.0,False
2019-12-17,2.0,54.0,False
2019-12-18,2.0,54.0,False
2019-12-19,2.0,51.0,False
2019-12-20,2.0,41.0,False
2019-12-21,0.0,28.0,False
2019-12-22,0.0,26.0,False
2019-12-23,2.0,30.0,False
2019-12-24,1.0,28.0,False
2019-12-25,0.0,29.0,False
2019-12-26,2.0,30.0,False
2019-12-27,2.0,29.0,False
2019-12-28,0.0,26.0,False
2019-12-29,0.0,25.0,False
2019-12-30,2.0,29.0,False
2019-12-31,2.0,28.0,False
2020-01-01,1.0,26.0,False
2020-01-02,2.0,35.0,False
2020-01-03,2.0,35.0,False
2020-01-04,0.0,27.0,False
2020-01-05,0.0,26.0,False
2020-01-06,2.0,45.0,False
2020-01-07,2.0,51.0,False
2020-01-08,2.0,52.0,False
2020-01-09,2.0,54.0,False
2020-01-10,2.0,51.0,False
2020-01-11,0.0,28.0,False
2020-01-12,0.0,28.0,False
2020-01-13,2.0,50.0,False
2020-01-14,2.0,50.0,False
2020-01-15,2.0,53.0,False
2020-01-16,2.0,53.0,False
2020-01-17,2.0,49.0,False
2020-01-18,0.0,28.0,False
2020-01-19,0.0,26.0,False
2020-01-20,1.0,33.0,False
2020-01-21,2.0,53.0,False
2020-01-22,2.0,57.0,False
2020-01-23,2.0,55.0,False
2020-01-24,2.0,53.0,False
2020-01-25,0.0,29.0,False
2020-01-26,0.0,27.0,False
2020-01-27,2.0,51.0,False
2020-01-28,2.0,57.0,False
2020-01-29,2.0,56.0,False
2020-01-30,2.0,57.0,False
2020-01-31,3.0,53.0,False
2020-02-01,1.0,28.0,False
2020-02-02,0.0,28.0,False
2020-02-03,2.0,51.0,False
2020-02-04,3.0,55.0,False
2020-02-05,3.0,55.0,False
2020-02-06,3.0,54.0,False
2020-02-07,2.0,52.0,False
2020-02-08,0.0,28.0,False
2020-02-09,0.0,30.0,False
2020-02-10,2.0,53.0,False
2020-02-11,2.0,56.0,False
2020-02-12,2.0,56.0,False
2020-02-13,2.0,54.0,False
2020-02-14,2.0,49.0,False
2020-02-15,0.0,27.0,False
2020-02-16,0.0,28.0,False
2020-02-17,1.0,37.0,False
2020-02-18,2.0,51.0,False
2020-02-19,2.0,54.0,False
2020-02-20,2.0,53.0,False
2020-02-21,2.0,50.0,False
2020-02-22,0.0,29.0,False
2020-02-23,0.0,29.0,False
2020-02-24,5.0,54.0,False
2020-02-25,6.0,56.0,False
2020-02-26,6.0,55.0,False
2020-02-27,8.0,54.0,False
2020-02-28,11.0,53.0,False
2020-02-29,2.0,30.0,False
2020-03-01,1.0,30.0,False
2020-03-02,8.0,55.0,False
2020-03-03,8.0,53.0,False
2020-03-04,6.0,54.0,False
2020-03-05,7.0,55.0,False
2020-03-06,7.0,52.0,False
2020-03-07,1.0,29.0,False
2020-03-08,1.0,29.0,False
2020-03-09,13.0,52.0,False
2020-03-10,12.0,54.0,False
2020-03-11,11.0,54.0,False
2020-03-12,16.0,53.0,False
2020-03-13,16.0,50.0,False
2020-03-14,2.0,32.0,False
2020-03-15,1.0,31.0,False
2020-03-16,15.0,48.0,False
2020-03-17,14.0,51.0,False
2020-03-18,14.0,55.0,False
2020-03-19,13.0,55.0,False
2020-03-20,11.0,50.0,False
2020-03-21,2.0,35.0,False
2020-03-22,1.0,34.0,False
2020-03-23,12.0,59.0,False
2020-03-24,12.0,61.0,False
2020-03-25,12.0,57.0,False
2020-03-26,11.0,58.0,False
2020-03-27,10.0,54.0,False
2020-03-28,2.0,37.0,False
2020-03-29,1.0,36.0,False
2020-03-30,8.0,66.0,False
2020-03-31,8.0,67.0,False
2020-04-01,7.0,63.0,False
2020-04-02,8.0,64.0,False
2020-04-03,7.0,60.0,False
2020-04-04,1.0,35.0,False
2020-04-05,1.0,35.0,False
2020-04-06,7.0,63.0,False
2020-04-07,7.0,62.0,False
2020-04-08,7.0,59.0,False
2020-04-09,7.0,57.0,False
2020-04-10,4.0,47.0,False
2020-04-11,1.0,34.0,False
2020-04-12,1.0,32.0,False
2020-04-13,6.0,58.0,False
2020-04-14,6.0,61.0,False
2020-04-15,6.0,61.0,False
2020-04-16,6.0,58.0,False
2020-04-17,5.0,55.0,False
2020-04-18,1.0,36.0,False
2020-04-19,1.0,34.0,False
2020-04-20,5.0,64.0,False
2020-04-21,6.0,63.0,False
2020-04-22,5.0,63.0,False
2020-04-23,5.0,61.0,False
2020-04-24,5.0,56.0,False
2020-04-25,1.0,34.0,False
2020-04-26,0.0,34.0,False
2020-04-27,4.0,95.0,False
2020-04-28,5.0,99.0,False
2020-04-29,5.0,98.0,False
2020-04-30,5.0,100.0,False
2020-05-01,5.0,94.0,False
2020-05-02,1.0,44.0,False
2020-05-03,0.0,34.0,False
2020-05-04,4.0,58.0,False
2020-05-05,4.0,88.0,False
2020-05-06,4.0,98.0,False
2020-05-07,4.0,97.0,False
2020-05-08,4.5,96.5,False
2020-05-09,1.0,46.0,False
2020-05-10,0.0,35.0,False
2020-05-11,4.0,61.0,False
2020-05-12,4.0,60.0,False
2020-05-13,5.0,60.0,False
2020-05-14,5.0,58.0,False
2020-05-15,5.0,54.0,False
2020-05-16,1.0,35.0,False
2020-05-17,0.0,33.0,False
2020-05-18,5.0,55.0,False
2020-05-19,5.0,55.0,False
2020-05-20,5.0,54.0,False
2020-05-21,4.0,55.0,False
2020-05-22,4.0,47.0,False
2020-05-23,1.0,33.0,False
2020-05-24,0.0,29.0,False
2020-05-25,1.0,33.0,False
2020-05-26,5.0,50.0,False
2020-05-27,5.0,49.0,False
2020-05-28,5.0,48.0,False
2020-05-29,4.0,46.0,False
2020-05-30,1.0,31.0,False
2020-05-31,0.0,29.0,False
2020-06-01,4.0,45.0,False
2020-06-02,4.0,43.0,False
2020-06-03,4.0,42.0,False
2020-06-04,5.0,42.0,False
2020-06-05,6.0,40.0,False
2020-06-06,1.0,30.0,False
2020-06-07,0.0,29.0,False
2020-06-08,5.0,41.0,False
2020-06-09,5.0,41.0,False
2020-06-10,5.0,41.0,False
2020-06-11,7.0,39.0,False
2020-06-12,7.0,37.0,False
2020-06-13,1.0,28.0,False
2020-06-14,1.0,28.0,False
2020-06-15,6.0,38.0,False
2020-06-16,6.0,38.0,False
2020-06-17,5.0,37.0,False
2020-06-18,5.0,35.0,False
2020-06-19,5.0,34.0,False
2020-06-20,1.0,28.0,False
2020-06-21,0.0,27.0,False
2020-06-22,5.0,35.0,False
2020-06-23,5.0,35.0,False
2020-06-24,5.0,34.0,False
2020-06-25,5.0,34.0,False
2020-06-26,5.0,33.0,False
2020-06-27,1.0,26.0,False
2020-06-28,0.0,26.0,False
2020-06-29,5.0,33.0,False
2020-06-30,5.0,34.0,False
2020-07-01,5.0,33.0,False
2020-07-02,5.0,32.0,False
2020-07-03,2.0,27.0,False
2020-07-04,1.0,26.0,False
2020-07-05,0.0,26.0,False
2020-07-06,4.0,33.0,False
2020-07-07,4.0,34.0,False
2020-07-08,4.0,35.0,False
2020-07-09,4.0,34.0,False
2020-07-10,4.0,32.0,False
2020-07-11,1.0,27.0,False
2020-07-12,0.0,27.0,False
2020-07-13,4.0,33.0,False
2020-07-14,5.0,34.0,False
2020-07-15,4.0,34.0,False
2020-07-16,4.0,33.0,False
2020-07-17,4.0,33.0,False
2020-07-18,1.0,27.0,False
2020-07-19,0.0,27.0,False
2020-07-20,4.0,34.0,False
2020-07-21,4.0,34.0,False
2020-07-22,4.0,34.0,False
2020-07-23,4.0,33.0,False
2020-07-24,4.0,31.0,False
2020-07-25,1.0,26.0,False
2020-07-26,0.0,27.0,False
2020-07-27,4.0,34.0,False
