feature,feature_score
management_14,0.022658610271903308
bank_19,0.020231213872832388
growth_1,0.015105740181268913
college_2,0.015105740181268913
world_7,0.014909278242495183
illinois_19,0.0132022422855946
unemployment_6,0.011560693641618588
police_10,0.010639505439812801
million_16,0.010574018126888227
color_10,0.010574018126888227
culture_8,0.010574018126888227
crash_15,0.010574018126888227
garden_14,0.00906344410876137
economic_20,0.00906344410876137
inc_15,0.00906344410876137
marketing_16,0.008997956795836677
car_5,0.008997956795836677
carolina_3,0.008670520231213914
world_8,0.008670520231213914
secretary_16,0.008670520231213914
economics_9,0.007552870090634396
virginia_20,0.007552870090634396
economy_5,0.007552870090634396
buy_12,0.007421895464785361
gold_16,0.007225433526011518
buy_3,0.007225433526011518
stocks_15,0.007225433526011518
union_8,0.007225433526011518
arts_19,0.006042296072507541
william_6,0.006042296072507541
votes_4,0.006042296072507541
buy_13,0.006042296072507541
investment_3,0.006042296072507541
texas_13,0.006042296072507541
banking_12,0.006042296072507541
management_12,0.006042296072507541
dow_jones_17,0.006042296072507541
police_11,0.006042296072507541
ceo_15,0.0058458341337338125
color_12,0.005780346820809237
bank_12,0.005780346820809237
development_6,0.005780346820809237
judge_2,0.005780346820809237
food_9,0.005780346820809237
default_6,0.005780346820809237
war_3,0.005780346820809237
county_7,0.005780346820809237
services_4,0.005780346820809237
crash_2,0.005780346820809237
movie_17,0.005780346820809237
council_1,0.005780346820809237
money_19,0.004531722054380685
freedom_10,0.004531722054380685
headlines_13,0.004531722054380685
community_10,0.004531722054380685
arts_16,0.004531722054380685
founded_4,0.004531722054380685
government_6,0.004531722054380685
headlines_6,0.004531722054380685
holiday_13,0.004531722054380685
holiday_19,0.004531722054380685
cash_3,0.004531722054380685
services_2,0.004531722054380685
president_12,0.004531722054380685
act_6,0.004531722054380685
ohio_17,0.004531722054380685
secretary_10,0.004531722054380685
society_12,0.004466234741456111
buy_8,0.004466234741456111
buy_17,0.004400747428531531
virginia_15,0.004335260115606957
dow_jones_10,0.004335260115606957
home_3,0.004335260115606957
judge_14,0.004335260115606957
dividend_3,0.004335260115606957
pennsylvania_8,0.004335260115606957
dow_jones_20,0.004335260115606957
county_12,0.004335260115606957
present_20,0.004335260115606957
loss_12,0.004335260115606957
management_2,0.004335260115606957
world_3,0.004335260115606957
money_17,0.004335260115606957
management_20,0.004335260115606957
unemployment_19,0.004335260115606957
dividend_9,0.0030211480362538298
william_19,0.0030211480362538298
court_19,0.0030211480362538298
car_7,0.0030211480362538298
union_19,0.0030211480362538298
security_9,0.0030211480362538298
default_14,0.0030211480362538298
home_9,0.0030211480362538298
dividend_10,0.0030211480362538298
college_4,0.0030211480362538298
ceo_18,0.0030211480362538298
york_13,0.0030211480362538298
crash_10,0.0030211480362538298
york_16,0.0030211480362538298
stocks_16,0.0030211480362538298
market_11,0.0030211480362538298
dow_jones_1,0.0030211480362538298
william_4,0.0030211480362538298
unemployment_2,0.0030211480362538298
transaction_3,0.0030211480362538298
markets_20,0.0030211480362538298
risk_6,0.0030211480362538298
water_11,0.0030211480362538298
tennessee_6,0.0030211480362538298
union_13,0.0030211480362538298
fine_13,0.0030211480362538298
union_6,0.0030211480362538298
york_4,0.0030211480362538298
invest_3,0.0030211480362538298
police_18,0.0030211480362538298
act_15,0.0030211480362538298
politics_11,0.0030211480362538298
college_11,0.0030211480362538298
washington_15,0.0030211480362538298
college_7,0.0029556607233291367
minister_1,0.0029556607233291367
dow_jones_4,0.0029556607233291367
inflation_14,0.0028901734104046753
marketing_5,0.0028901734104046753
inc_3,0.0028901734104046753
rights_5,0.0028901734104046753
vermont_6,0.0028901734104046753
bonds_13,0.0028901734104046753
business_19,0.0028901734104046753
global_1,0.0028901734104046753
party_18,0.0028901734104046753
business_17,0.0028901734104046753
movie_5,0.0028901734104046753
religion_9,0.0028901734104046753
lifestyle_14,0.0028901734104046753
community_4,0.0028901734104046753
founded_13,0.0028901734104046753
missouri_18,0.0028901734104046753
money_7,0.0028901734104046753
tennessee_12,0.0028901734104046753
development_17,0.0028901734104046753
world_18,0.0028901734104046753
minister_19,0.0028901734104046753
district_17,0.0028901734104046753
labor_6,0.0028901734104046753
washington_12,0.0028901734104046753
york_10,0.0028901734104046753
movie_12,0.0028901734104046753
debt_10,0.001641548643976123
corporation_14,0.0015760613310515487
ohio_14,0.0015105740181268557
buy_7,0.0015105740181268557
ohio_15,0.0015105740181268557
crisis_6,0.0015105740181268557
court_4,0.0015105740181268557
ministry_20,0.0015105740181268557
returns_14,0.0015105740181268557
sell_3,0.0015105740181268557
ore_4,0.0015105740181268557
office_11,0.0015105740181268557
stats_11,0.0015105740181268557
growth_6,0.0015105740181268557
georgia_12,0.0015105740181268557
county_10,0.0015105740181268557
gold_13,0.0015105740181268557
food_8,0.0015105740181268557
stocks_14,0.0015105740181268557
rich_6,0.0015105740181268557
trader_20,0.0015105740181268557
house_4,0.0015105740181268557
rights_16,0.0015105740181268557
house_20,0.0015105740181268557
police_14,0.0015105740181268557
trader_14,0.0015105740181268557
home_2,0.0015105740181268557
party_20,0.0015105740181268557
vermont_20,0.0015105740181268557
housing_10,0.0015105740181268557
color_6,0.0015105740181268557
development_16,0.0015105740181268557
car_2,0.0015105740181268557
travel_13,0.0015105740181268557
members_16,0.0015105740181268557
tennessee_5,0.0015105740181268557
members_19,0.0015105740181268557
members_20,0.0015105740181268557
metals_2,0.0015105740181268557
development_10,0.0015105740181268557
inc_2,0.0015105740181268557
technology_6,0.0015105740181268557
founded_20,0.0015105740181268557
success_7,0.0015105740181268557
million_4,0.0015105740181268557
house_18,0.0015105740181268557
world_17,0.0015105740181268557
restaurant_5,0.0015105740181268557
energy_8,0.0015105740181268557
federal_3,0.0015105740181268557
religion_2,0.0015105740181268557
act_17,0.0015105740181268557
law_13,0.0015105740181268557
energy_19,0.0015105740181268557
bank_20,0.0015105740181268557
world_4,0.0015105740181268557
finance_7,0.0015105740181268557
washington_9,0.0015105740181268557
william_10,0.0015105740181268557
invest_10,0.0015105740181268557
present_18,0.0015105740181268557
finance_20,0.0015105740181268557
kentucky_12,0.0015105740181268557
project_5,0.0015105740181268557
war_11,0.0015105740181268557
virginia_9,0.0015105740181268557
ltd_20,0.0015105740181268557
arts_9,0.0015105740181268557
fine_5,0.0015105740181268557
water_9,0.0015105740181268557
project_6,0.0015105740181268557
republican_5,0.0015105740181268557
kentucky_2,0.0015105740181268557
restaurant_16,0.0015105740181268557
founded_3,0.001445086705202281
party_8,0.001445086705202281
media_20,0.001445086705202281
bank_15,0.001445086705202281
leverage_1,0.001445086705202281
color_9,0.001445086705202281
bank_3,0.001445086705202281
development_15,0.001445086705202281
members_4,0.001445086705202281
district_1,0.001445086705202281
risk_7,0.001445086705202281
members_7,0.001445086705202281
fine_7,0.001445086705202281
college_13,0.001445086705202281
finance_10,0.001445086705202281
holiday_3,0.001445086705202281
president_17,0.001445086705202281
food_14,0.001445086705202281
election_10,0.001445086705202281
ceo_10,0.001445086705202281
president_18,0.001445086705202281
massachusetts_9,0.001445086705202281
home_16,0.001445086705202281
judge_10,0.001445086705202281
pennsylvania_13,0.001445086705202281
home_7,0.001445086705202281
home_6,0.001445086705202281
judge_12,0.001445086705202281
banking_9,0.001445086705202281
ring_13,0.001445086705202281
leverage_17,0.001445086705202281
banking_4,0.001445086705202281
health_14,0.001445086705202281
college_14,0.001445086705202281
forex_17,0.001445086705202281
forex_18,0.001445086705202281
college_17,0.001445086705202281
development_8,0.001445086705202281
headlines_7,0.001445086705202281
party_2,0.001445086705202281
county_17,0.001445086705202281
council_14,0.001445086705202281
movement_9,0.001445086705202281
county_1,0.001445086705202281
world_12,0.001445086705202281
world_14,0.001445086705202281
world_15,0.001445086705202281
county_11,0.001445086705202281
movement_19,0.001445086705202281
kitchen_12,0.001445086705202281
office_2,0.001445086705202281
money_13,0.001445086705202281
movie_8,0.001445086705202281
nyse_18,0.001445086705202281
service_2,0.001445086705202281
court_13,0.001445086705202281
credit_19,0.001445086705202281
credit_17,0.001445086705202281
crash_3,0.001445086705202281
credit_7,0.001445086705202281
georgia_19,0.001445086705202281
corporation_20,0.001445086705202281
wisconsin_15,0.001445086705202281
elections_17,0.001445086705202281
act_19,0.001445086705202281
derivatives_20,0.001445086705202281
products_20,0.001445086705202281
million_7,0.001445086705202281
companies_1,0.001445086705202281
election_4,0.001445086705202281
legal_10,0.001445086705202281
secretary_1,0.001445086705202281
freedom_16,0.001445086705202281
secretary_6,0.001445086705202281
stocks_8,0.001445086705202281
gain_20,0.001445086705202281
fun_3,0.001445086705202281
stock_market_19,0.001445086705202281
stock_market_10,0.001445086705202281
growth_17,0.001445086705202281
kentucky_13,0.001445086705202281
kentucky_15,0.001445086705202281
default_7,0.001445086705202281
missouri_12,0.001445086705202281
oil_4,0.001445086705202281
cash_17,0.001445086705202281
missouri_5,0.001445086705202281
political_7,0.001445086705202281
republican_18,0.001445086705202281
restaurant_8,0.001445086705202281
firm_9,0.001445086705202281
unemployment_15,0.001445086705202281
inc_8,0.001445086705202281
president_3,0.001445086705202281
police_17,0.001445086705202281
inflation_7,0.001445086705202281
car_9,0.001445086705202281
invest_16,0.001445086705202281
travel_7,0.001445086705202281
industry_11,0.001445086705202281
cancer_7,0.001445086705202281
inflation_19,0.001445086705202281
buy_4,0.001445086705202281
firm_1,0.001445086705202281
union_17,0.001445086705202281
car_4,0.001445086705202281
travel_11,0.001445086705202281
revenue_18,0.001445086705202281
return_2,0.001445086705202281
market_12,0.001445086705202281
politics_3,0.001445086705202281
buy_11,0.001445086705202281
transaction_15,0.001445086705202281
kitchen_6,6.548731292457463e-05
lifestyle_9,6.548731292457463e-05
car_13,6.548731292457463e-05
oil_6,0.0
profit_16,0.0
profit_15,0.0
oil_2,0.0
oil_5,0.0
present_4,0.0
oil_3,0.0
president_9,0.0
oil_1,0.0
ohio_20,0.0
ohio_19,0.0
oil_7,0.0
politics_18,0.0
ohio_16,0.0
profit_17,0.0
politics_19,0.0
ohio_13,0.0
ohio_12,0.0
ohio_11,0.0
ohio_10,0.0
portfolio_1,0.0
ohio_9,0.0
ohio_18,0.0
politics_17,0.0
oil_8,0.0
oil_9,0.0
opportunity_2,0.0
opportunity_3,0.0
present_7,0.0
opportunity_4,0.0
opportunity_5,0.0
opportunity_6,0.0
opportunity_7,0.0
opportunity_8,0.0
politics_16,0.0
opportunity_9,0.0
politics_15,0.0
politics_14,0.0
opportunity_10,0.0
opportunity_11,0.0
opportunity_12,0.0
opportunity_1,0.0
oil_20,0.0
profit_10,0.0
profit_14,0.0
oil_10,0.0
oil_11,0.0
oil_12,0.0
oil_13,0.0
ohio_7,0.0
oil_15,0.0
oil_16,0.0
oil_19,0.0
oil_17,0.0
profit_12,0.0
profit_11,0.0
present_5,0.0
present_6,0.0
oil_18,0.0
profit_18,0.0
present_3,0.0
ohio_6,0.0
portfolio_8,0.0
nyse_11,0.0
portfolio_12,0.0
project_9,0.0
nyse_12,0.0
portfolio_13,0.0
nyse_13,0.0
nyse_14,0.0
project_8,0.0
portfolio_14,0.0
nyse_15,0.0
nyse_16,0.0
project_7,0.0
nyse_17,0.0
portfolio_7,0.0
portfolio_6,0.0
project_10,0.0
nyse_10,0.0
nyse_20,0.0
nyse_9,0.0
project_15,0.0
project_14,0.0
portfolio_11,0.0
nasdaq_19,0.0
nyse_1,0.0
project_13,0.0
nyse_2,0.0
portfolio_9,0.0
nyse_3,0.0
nyse_4,0.0
project_12,0.0
nyse_6,0.0
project_11,0.0
nyse_7,0.0
nyse_8,0.0
nyse_19,0.0
project_4,0.0
profit_19,0.0
portfolio_3,0.0
office_13,0.0
office_14,0.0
portfolio_2,0.0
office_15,0.0
office_16,0.0
present_2,0.0
office_17,0.0
office_18,0.0
office_20,0.0
opportunity_15,0.0
ohio_1,0.0
ohio_2,0.0
ohio_3,0.0
profit_20,0.0
ohio_4,0.0
office_12,0.0
present_1,0.0
project_3,0.0
portfolio_20,0.0
office_1,0.0
portfolio_15,0.0
portfolio_16,0.0
office_4,0.0
project_2,0.0
portfolio_5,0.0
portfolio_4,0.0
portfolio_17,0.0
project_1,0.0
office_5,0.0
office_6,0.0
portfolio_19,0.0
office_7,0.0
office_8,0.0
office_10,0.0
opportunity_14,0.0
ore_1,0.0
opportunity_16,0.0
pennsylvania_10,0.0
pennsylvania_2,0.0
pennsylvania_3,0.0
products_5,0.0
pennsylvania_4,0.0
political_8,0.0
political_6,0.0
products_4,0.0
pennsylvania_5,0.0
pennsylvania_6,0.0
pennsylvania_7,0.0
political_5,0.0
products_3,0.0
products_2,0.0
pennsylvania_9,0.0
products_1,0.0
pennsylvania_1,0.0
products_6,0.0
political_9,0.0
political_16,0.0
products_10,0.0
products_9,0.0
party_16,0.0
political_18,0.0
political_17,0.0
party_17,0.0
products_8,0.0
political_10,0.0
political_14,0.0
party_19,0.0
products_7,0.0
political_13,0.0
political_12,0.0
political_11,0.0
political_4,0.0
pennsylvania_11,0.0
opportunity_17,0.0
political_3,0.0
police_15,0.0
president_7,0.0
police_13,0.0
police_2,0.0
police_3,0.0
president_16,0.0
police_5,0.0
police_6,0.0
president_14,0.0
police_12,0.0
president_13,0.0
police_7,0.0
president_8,0.0
president_11,0.0
president_10,0.0
police_1,0.0
president_5,0.0
president_4,0.0
pennsylvania_14,0.0
political_2,0.0
pennsylvania_12,0.0
president_20,0.0
political_1,0.0
police_19,0.0
president_1,0.0
pennsylvania_15,0.0
pennsylvania_20,0.0
pennsylvania_16,0.0
president_2,0.0
president_19,0.0
pennsylvania_17,0.0
pennsylvania_18,0.0
pennsylvania_19,0.0
present_19,0.0
political_19,0.0
political_20,0.0
politics_1,0.0
ore_6,0.0
ore_7,0.0
ore_8,0.0
profit_4,0.0
ore_9,0.0
ore_10,0.0
ore_11,0.0
politics_10,0.0
politics_9,0.0
present_12,0.0
ore_12,0.0
ore_13,0.0
profit_3,0.0
ore_14,0.0
ore_15,0.0
profit_5,0.0
profit_6,0.0
present_11,0.0
nasdaq_18,0.0
opportunity_18,0.0
politics_13,0.0
present_8,0.0
opportunity_19,0.0
politics_12,0.0
opportunity_20,0.0
ore_2,0.0
profit_7,0.0
profit_9,0.0
ore_3,0.0
present_9,0.0
profit_8,0.0
ore_5,0.0
present_10,0.0
ore_16,0.0
ore_17,0.0
ore_18,0.0
party_12,0.0
products_16,0.0
politics_4,0.0
portfolio_10,0.0
party_10,0.0
party_11,0.0
products_14,0.0
politics_2,0.0
present_17,0.0
products_13,0.0
products_12,0.0
products_11,0.0
party_13,0.0
party_14,0.0
party_15,0.0
party_9,0.0
products_17,0.0
profit_2,0.0
party_1,0.0
ore_19,0.0
profit_1,0.0
ore_20,0.0
present_14,0.0
politics_8,0.0
politics_7,0.0
present_15,0.0
politics_5,0.0
party_4,0.0
party_5,0.0
party_7,0.0
products_19,0.0
products_18,0.0
present_16,0.0
products_15,0.0
BUY_AND_HOLD_1,0.0
nasdaq_17,0.0
management_10,0.0
management_16,0.0
management_17,0.0
management_18,0.0
management_19,0.0
market_1,0.0
market_4,0.0
market_5,0.0
market_6,0.0
market_7,0.0
market_8,0.0
market_9,0.0
market_10,0.0
market_13,0.0
market_15,0.0
market_16,0.0
market_17,0.0
market_18,0.0
market_19,0.0
market_20,0.0
marketing_1,0.0
marketing_2,0.0
management_15,0.0
management_9,0.0
marketing_4,0.0
management_8,0.0
ltd_5,0.0
ltd_6,0.0
ltd_7,0.0
ltd_8,0.0
ltd_9,0.0
ltd_10,0.0
ltd_11,0.0
ltd_12,0.0
ltd_13,0.0
ltd_14,0.0
ltd_15,0.0
ltd_16,0.0
ltd_17,0.0
ltd_18,0.0
ltd_19,0.0
management_1,0.0
management_3,0.0
management_4,0.0
management_5,0.0
management_6,0.0
management_7,0.0
marketing_3,0.0
marketing_7,0.0
nasdaq_16,0.0
markets_14,0.0
markets_16,0.0
markets_17,0.0
markets_18,0.0
markets_19,0.0
marriage_1,0.0
marriage_2,0.0
marriage_3,0.0
marriage_4,0.0
marriage_5,0.0
marriage_6,0.0
marriage_7,0.0
marriage_9,0.0
marriage_10,0.0
marriage_11,0.0
marriage_12,0.0
marriage_13,0.0
marriage_14,0.0
marriage_15,0.0
marriage_16,0.0
marriage_17,0.0
marriage_18,0.0
markets_15,0.0
markets_13,0.0
marketing_8,0.0
markets_12,0.0
marketing_9,0.0
marketing_10,0.0
marketing_11,0.0
marketing_12,0.0
marketing_14,0.0
marketing_15,0.0
marketing_17,0.0
marketing_18,0.0
marketing_19,0.0
marketing_20,0.0
markets_1,0.0
markets_2,0.0
markets_3,0.0
markets_4,0.0
markets_5,0.0
markets_6,0.0
markets_7,0.0
markets_8,0.0
markets_9,0.0
markets_10,0.0
markets_11,0.0
ltd_4,0.0
ltd_3,0.0
ltd_2,0.0
law_17,0.0
law_19,0.0
law_20,0.0
legal_1,0.0
legal_2,0.0
legal_3,0.0
legal_4,0.0
legal_5,0.0
legal_6,0.0
legal_7,0.0
legal_8,0.0
legal_11,0.0
legal_12,0.0
legal_13,0.0
legal_14,0.0
legal_15,0.0
legal_16,0.0
legal_17,0.0
legal_18,0.0
legal_19,0.0
leverage_2,0.0
leverage_3,0.0
law_18,0.0
law_16,0.0
ltd_1,0.0
law_15,0.0
labor_10,0.0
labor_11,0.0
labor_12,0.0
labor_13,0.0
labor_15,0.0
labor_16,0.0
labor_17,0.0
labor_18,0.0
labor_19,0.0
labor_20,0.0
law_1,0.0
law_2,0.0
law_3,0.0
law_5,0.0
law_6,0.0
law_7,0.0
law_8,0.0
law_10,0.0
law_11,0.0
law_12,0.0
law_14,0.0
leverage_4,0.0
leverage_5,0.0
leverage_7,0.0
leverage_8,0.0
lifestyle_18,0.0
lifestyle_19,0.0
lifestyle_20,0.0
loss_1,0.0
loss_2,0.0
loss_3,0.0
loss_4,0.0
loss_5,0.0
loss_6,0.0
loss_7,0.0
loss_8,0.0
loss_9,0.0
loss_10,0.0
loss_11,0.0
loss_14,0.0
loss_15,0.0
loss_16,0.0
loss_17,0.0
loss_18,0.0
loss_19,0.0
loss_20,0.0
lifestyle_17,0.0
lifestyle_16,0.0
lifestyle_15,0.0
leverage_19,0.0
leverage_9,0.0
leverage_10,0.0
leverage_11,0.0
leverage_12,0.0
leverage_13,0.0
leverage_14,0.0
leverage_15,0.0
leverage_16,0.0
leverage_18,0.0
leverage_20,0.0
lifestyle_13,0.0
lifestyle_1,0.0
lifestyle_2,0.0
lifestyle_3,0.0
lifestyle_4,0.0
lifestyle_5,0.0
lifestyle_6,0.0
lifestyle_7,0.0
lifestyle_10,0.0
lifestyle_12,0.0
marriage_19,0.0
marriage_20,0.0
massachusetts_2,0.0
missouri_8,0.0
missouri_10,0.0
missouri_11,0.0
missouri_13,0.0
missouri_14,0.0
missouri_16,0.0
missouri_17,0.0
missouri_19,0.0
missouri_20,0.0
money_1,0.0
money_2,0.0
money_3,0.0
money_4,0.0
money_5,0.0
money_6,0.0
money_8,0.0
money_9,0.0
money_10,0.0
money_11,0.0
money_12,0.0
money_14,0.0
money_15,0.0
missouri_9,0.0
missouri_7,0.0
minister_20,0.0
project_17,0.0
ministry_2,0.0
ministry_3,0.0
ministry_4,0.0
ministry_5,0.0
ministry_6,0.0
ministry_7,0.0
ministry_8,0.0
ministry_9,0.0
ministry_10,0.0
ministry_11,0.0
ministry_12,0.0
ministry_13,0.0
ministry_14,0.0
ministry_15,0.0
ministry_16,0.0
ministry_17,0.0
ministry_18,0.0
ministry_19,0.0
missouri_1,0.0
missouri_2,0.0
missouri_4,0.0
money_16,0.0
money_18,0.0
money_20,0.0
movement_1,0.0
movie_11,0.0
movie_13,0.0
movie_14,0.0
movie_15,0.0
movie_18,0.0
movie_19,0.0
movie_20,0.0
nasdaq_1,0.0
nasdaq_2,0.0
nasdaq_3,0.0
nasdaq_4,0.0
nasdaq_5,0.0
nasdaq_6,0.0
nasdaq_7,0.0
nasdaq_8,0.0
nasdaq_9,0.0
nasdaq_10,0.0
nasdaq_11,0.0
nasdaq_12,0.0
nasdaq_13,0.0
nasdaq_15,0.0
movie_10,0.0
movie_9,0.0
movie_7,0.0
movement_12,0.0
movement_2,0.0
movement_3,0.0
movement_4,0.0
movement_5,0.0
movement_6,0.0
movement_7,0.0
movement_8,0.0
movement_10,0.0
movement_11,0.0
movement_13,0.0
movie_6,0.0
movement_14,0.0
movement_15,0.0
movement_16,0.0
movement_17,0.0
movement_18,0.0
movement_20,0.0
movie_1,0.0
movie_2,0.0
movie_3,0.0
ministry_1,0.0
minister_18,0.0
massachusetts_3,0.0
media_8,0.0
media_11,0.0
media_12,0.0
media_13,0.0
media_14,0.0
media_15,0.0
media_16,0.0
media_17,0.0
media_18,0.0
media_19,0.0
members_1,0.0
members_2,0.0
members_3,0.0
members_5,0.0
members_8,0.0
members_9,0.0
members_10,0.0
members_12,0.0
members_13,0.0
members_14,0.0
members_15,0.0
members_17,0.0
media_10,0.0
media_7,0.0
minister_17,0.0
media_6,0.0
massachusetts_4,0.0
massachusetts_5,0.0
massachusetts_6,0.0
massachusetts_7,0.0
massachusetts_8,0.0
massachusetts_10,0.0
massachusetts_11,0.0
massachusetts_12,0.0
massachusetts_13,0.0
massachusetts_14,0.0
massachusetts_15,0.0
massachusetts_16,0.0
massachusetts_17,0.0
massachusetts_18,0.0
massachusetts_19,0.0
massachusetts_20,0.0
media_1,0.0
media_2,0.0
media_3,0.0
media_4,0.0
media_5,0.0
members_18,0.0
metals_1,0.0
metals_3,0.0
metals_4,0.0
million_13,0.0
million_14,0.0
million_15,0.0
million_17,0.0
million_18,0.0
million_19,0.0
million_20,0.0
minister_2,0.0
minister_3,0.0
minister_4,0.0
minister_5,0.0
minister_6,0.0
minister_8,0.0
minister_9,0.0
minister_10,0.0
minister_11,0.0
minister_12,0.0
minister_13,0.0
minister_14,0.0
minister_15,0.0
minister_16,0.0
million_12,0.0
million_11,0.0
million_10,0.0
metals_15,0.0
metals_5,0.0
metals_6,0.0
metals_7,0.0
metals_8,0.0
metals_9,0.0
metals_10,0.0
metals_12,0.0
metals_13,0.0
metals_14,0.0
metals_16,0.0
million_9,0.0
metals_17,0.0
metals_18,0.0
metals_20,0.0
million_1,0.0
million_2,0.0
million_3,0.0
million_5,0.0
million_6,0.0
million_8,0.0
project_16,0.0
restaurant_15,0.0
project_18,0.0
tourism_7,0.0
texas_16,0.0
texas_17,0.0
texas_19,0.0
texas_20,0.0
tourism_1,0.0
tourism_2,0.0
tourism_3,0.0
tourism_4,0.0
tourism_5,0.0
tourism_6,0.0
tourism_8,0.0
texas_12,0.0
tourism_9,0.0
tourism_10,0.0
tourism_11,0.0
tourism_12,0.0
tourism_13,0.0
tourism_14,0.0
tourism_15,0.0
tourism_16,0.0
tourism_17,0.0
tourism_18,0.0
texas_15,0.0
texas_11,0.0
tourism_20,0.0
tennessee_17,0.0
tennessee_2,0.0
tennessee_3,0.0
tennessee_7,0.0
tennessee_8,0.0
tennessee_9,0.0
tennessee_10,0.0
tennessee_11,0.0
tennessee_13,0.0
tennessee_14,0.0
tennessee_16,0.0
tennessee_18,0.0
texas_10,0.0
tennessee_19,0.0
tennessee_20,0.0
texas_2,0.0
texas_3,0.0
texas_4,0.0
texas_5,0.0
texas_6,0.0
texas_7,0.0
texas_8,0.0
texas_9,0.0
tourism_19,0.0
trader_1,0.0
technology_20,0.0
transaction_6,0.0
train_14,0.0
train_15,0.0
train_16,0.0
train_17,0.0
train_18,0.0
train_19,0.0
transaction_1,0.0
transaction_2,0.0
transaction_4,0.0
transaction_5,0.0
transaction_7,0.0
train_12,0.0
transaction_8,0.0
transaction_9,0.0
transaction_10,0.0
transaction_11,0.0
transaction_12,0.0
transaction_13,0.0
transaction_14,0.0
transaction_16,0.0
transaction_17,0.0
transaction_18,0.0
train_13,0.0
train_11,0.0
trader_2,0.0
trader_15,0.0
trader_3,0.0
trader_4,0.0
trader_5,0.0
trader_6,0.0
trader_7,0.0
trader_8,0.0
trader_9,0.0
trader_10,0.0
trader_12,0.0
trader_13,0.0
trader_17,0.0
train_10,0.0
trader_18,0.0
trader_19,0.0
train_1,0.0
train_2,0.0
train_3,0.0
train_4,0.0
train_6,0.0
train_7,0.0
train_8,0.0
train_9,0.0
tennessee_1,0.0
technology_19,0.0
project_20,0.0
stock_market_1,0.0
stats_9,0.0
stats_10,0.0
stats_13,0.0
stats_14,0.0
stats_15,0.0
stats_16,0.0
stats_17,0.0
stats_18,0.0
stats_19,0.0
stats_20,0.0
stock_market_2,0.0
stats_7,0.0
stock_market_3,0.0
stock_market_4,0.0
stock_market_5,0.0
stock_market_6,0.0
stock_market_7,0.0
stock_market_8,0.0
stock_market_9,0.0
stock_market_11,0.0
stock_market_12,0.0
stock_market_13,0.0
stats_8,0.0
stats_6,0.0
stock_market_15,0.0
society_13,0.0
social_20,0.0
society_1,0.0
society_3,0.0
society_4,0.0
society_6,0.0
society_7,0.0
society_8,0.0
society_9,0.0
society_10,0.0
society_11,0.0
society_14,0.0
stats_5,0.0
society_15,0.0
society_16,0.0
society_17,0.0
society_18,0.0
society_19,0.0
society_20,0.0
stats_1,0.0
stats_2,0.0
stats_3,0.0
stats_4,0.0
stock_market_14,0.0
stock_market_16,0.0
technology_18,0.0
technology_3,0.0
success_13,0.0
success_14,0.0
success_15,0.0
success_16,0.0
success_17,0.0
success_18,0.0
success_19,0.0
success_20,0.0
technology_1,0.0
technology_2,0.0
technology_4,0.0
success_11,0.0
technology_7,0.0
technology_8,0.0
technology_10,0.0
technology_11,0.0
technology_12,0.0
technology_13,0.0
technology_14,0.0
technology_15,0.0
technology_16,0.0
technology_17,0.0
success_12,0.0
success_10,0.0
stock_market_17,0.0
stocks_11,0.0
stock_market_18,0.0
stock_market_20,0.0
stocks_1,0.0
stocks_2,0.0
stocks_3,0.0
stocks_4,0.0
stocks_5,0.0
stocks_6,0.0
stocks_7,0.0
stocks_9,0.0
stocks_12,0.0
success_9,0.0
stocks_13,0.0
stocks_17,0.0
stocks_18,0.0
stocks_19,0.0
success_1,0.0
success_3,0.0
success_4,0.0
success_5,0.0
success_6,0.0
success_8,0.0
transaction_19,0.0
transaction_20,0.0
travel_1,0.0
washington_20,0.0
washington_4,0.0
washington_5,0.0
washington_6,0.0
washington_7,0.0
washington_8,0.0
washington_13,0.0
washington_14,0.0
washington_17,0.0
washington_18,0.0
washington_19,0.0
water_1,0.0
washington_2,0.0
water_2,0.0
water_3,0.0
water_5,0.0
water_6,0.0
water_7,0.0
water_8,0.0
water_10,0.0
water_12,0.0
water_13,0.0
water_14,0.0
washington_3,0.0
war_20,0.0
water_16,0.0
war_4,0.0
votes_11,0.0
votes_12,0.0
votes_13,0.0
votes_14,0.0
votes_15,0.0
votes_16,0.0
votes_17,0.0
votes_18,0.0
votes_19,0.0
war_1,0.0
war_5,0.0
war_19,0.0
war_7,0.0
war_8,0.0
war_10,0.0
war_12,0.0
war_13,0.0
war_14,0.0
war_15,0.0
war_16,0.0
war_17,0.0
war_18,0.0
water_15,0.0
water_17,0.0
travel_2,0.0
york_3,0.0
wisconsin_18,0.0
wisconsin_19,0.0
wisconsin_20,0.0
world_1,0.0
world_2,0.0
world_16,0.0
world_19,0.0
world_20,0.0
york_1,0.0
york_2,0.0
york_5,0.0
wisconsin_16,0.0
york_7,0.0
york_8,0.0
york_9,0.0
york_11,0.0
york_12,0.0
york_14,0.0
york_15,0.0
york_17,0.0
york_18,0.0
york_19,0.0
wisconsin_17,0.0
wisconsin_14,0.0
water_18,0.0
william_17,0.0
water_19,0.0
water_20,0.0
william_2,0.0
william_3,0.0
william_5,0.0
william_7,0.0
william_8,0.0
william_9,0.0
william_13,0.0
william_14,0.0
william_18,0.0
wisconsin_13,0.0
william_20,0.0
wisconsin_1,0.0
wisconsin_3,0.0
wisconsin_5,0.0
wisconsin_6,0.0
wisconsin_8,0.0
wisconsin_9,0.0
wisconsin_10,0.0
wisconsin_11,0.0
wisconsin_12,0.0
votes_10,0.0
votes_9,0.0
votes_8,0.0
union_12,0.0
unemployment_20,0.0
union_1,0.0
union_2,0.0
union_3,0.0
union_4,0.0
union_5,0.0
union_7,0.0
union_9,0.0
union_10,0.0
union_11,0.0
union_14,0.0
unemployment_16,0.0
union_15,0.0
union_16,0.0
union_18,0.0
vermont_1,0.0
vermont_2,0.0
vermont_4,0.0
vermont_5,0.0
vermont_7,0.0
vermont_8,0.0
vermont_9,0.0
unemployment_17,0.0
unemployment_14,0.0
votes_7,0.0
travel_17,0.0
travel_4,0.0
travel_5,0.0
travel_6,0.0
travel_8,0.0
travel_9,0.0
travel_10,0.0
travel_12,0.0
travel_14,0.0
travel_15,0.0
travel_16,0.0
travel_19,0.0
unemployment_13,0.0
travel_20,0.0
unemployment_1,0.0
unemployment_3,0.0
unemployment_4,0.0
unemployment_7,0.0
unemployment_8,0.0
unemployment_9,0.0
unemployment_10,0.0
unemployment_11,0.0
unemployment_12,0.0
vermont_10,0.0
vermont_11,0.0
vermont_12,0.0
voters_14,0.0
voters_4,0.0
voters_5,0.0
voters_6,0.0
voters_7,0.0
voters_8,0.0
voters_9,0.0
voters_10,0.0
voters_11,0.0
voters_12,0.0
voters_13,0.0
voters_15,0.0
vermont_13,0.0
voters_16,0.0
voters_17,0.0
voters_18,0.0
voters_19,0.0
voters_20,0.0
votes_1,0.0
votes_2,0.0
votes_3,0.0
votes_5,0.0
votes_6,0.0
voters_3,0.0
voters_2,0.0
voters_1,0.0
virginia_19,0.0
vermont_14,0.0
vermont_16,0.0
vermont_17,0.0
vermont_18,0.0
vermont_19,0.0
virginia_1,0.0
virginia_2,0.0
virginia_3,0.0
virginia_4,0.0
virginia_5,0.0
virginia_6,0.0
virginia_7,0.0
virginia_8,0.0
virginia_10,0.0
virginia_11,0.0
virginia_12,0.0
virginia_13,0.0
virginia_14,0.0
virginia_16,0.0
virginia_17,0.0
virginia_18,0.0
social_18,0.0
social_17,0.0
social_16,0.0
revenue_19,0.0
revenue_8,0.0
revenue_9,0.0
revenue_10,0.0
revenue_11,0.0
revenue_12,0.0
revenue_13,0.0
revenue_14,0.0
revenue_15,0.0
revenue_16,0.0
revenue_17,0.0
revenue_20,0.0
revenue_6,0.0
rich_1,0.0
rich_2,0.0
rich_3,0.0
rich_4,0.0
rich_7,0.0
rich_8,0.0
rich_9,0.0
rich_10,0.0
rich_11,0.0
rich_12,0.0
revenue_7,0.0
revenue_5,0.0
rich_14,0.0
returns_11,0.0
returns_1,0.0
returns_2,0.0
returns_3,0.0
returns_4,0.0
returns_5,0.0
returns_6,0.0
returns_7,0.0
returns_8,0.0
returns_9,0.0
returns_10,0.0
returns_12,0.0
revenue_4,0.0
returns_13,0.0
returns_15,0.0
returns_16,0.0
returns_17,0.0
returns_18,0.0
returns_19,0.0
returns_20,0.0
revenue_1,0.0
revenue_2,0.0
revenue_3,0.0
rich_13,0.0
rich_15,0.0
risk_13,0.0
ring_17,0.0
ring_5,0.0
ring_6,0.0
ring_7,0.0
ring_8,0.0
ring_10,0.0
ring_11,0.0
ring_12,0.0
ring_14,0.0
ring_15,0.0
ring_16,0.0
ring_18,0.0
ring_3,0.0
ring_19,0.0
ring_20,0.0
risk_2,0.0
risk_3,0.0
risk_4,0.0
risk_5,0.0
risk_8,0.0
risk_9,0.0
risk_10,0.0
risk_11,0.0
ring_4,0.0
ring_2,0.0
rich_16,0.0
rights_8,0.0
rich_17,0.0
rich_18,0.0
rich_19,0.0
rich_20,0.0
rights_1,0.0
rights_2,0.0
rights_3,0.0
rights_4,0.0
rights_6,0.0
rights_7,0.0
rights_9,0.0
ring_1,0.0
rights_10,0.0
rights_11,0.0
rights_12,0.0
rights_13,0.0
rights_14,0.0
rights_15,0.0
rights_17,0.0
rights_18,0.0
rights_19,0.0
rights_20,0.0
return_20,0.0
return_18,0.0
return_17,0.0
representatives_1,0.0
religion_10,0.0
religion_11,0.0
religion_12,0.0
religion_13,0.0
religion_14,0.0
religion_15,0.0
religion_17,0.0
religion_18,0.0
religion_19,0.0
religion_20,0.0
representatives_2,0.0
religion_7,0.0
representatives_3,0.0
representatives_4,0.0
representatives_5,0.0
representatives_6,0.0
representatives_7,0.0
representatives_8,0.0
representatives_9,0.0
representatives_10,0.0
representatives_11,0.0
representatives_12,0.0
religion_8,0.0
religion_6,0.0
return_16,0.0
rare_earths_11,0.0
rare_earths_1,0.0
rare_earths_2,0.0
rare_earths_3,0.0
rare_earths_4,0.0
rare_earths_5,0.0
rare_earths_6,0.0
rare_earths_7,0.0
rare_earths_8,0.0
rare_earths_9,0.0
rare_earths_10,0.0
rare_earths_12,0.0
religion_5,0.0
rare_earths_13,0.0
rare_earths_14,0.0
rare_earths_15,0.0
rare_earths_16,0.0
rare_earths_17,0.0
rare_earths_18,0.0
rare_earths_19,0.0
rare_earths_20,0.0
religion_1,0.0
religion_4,0.0
representatives_13,0.0
representatives_14,0.0
representatives_15,0.0
return_1,0.0
restaurant_9,0.0
restaurant_10,0.0
restaurant_11,0.0
restaurant_13,0.0
restaurant_14,0.0
labor_8,0.0
restaurant_17,0.0
restaurant_18,0.0
restaurant_19,0.0
restaurant_20,0.0
return_3,0.0
representatives_16,0.0
return_4,0.0
return_6,0.0
return_7,0.0
return_8,0.0
return_9,0.0
return_10,0.0
return_12,0.0
return_13,0.0
return_14,0.0
return_15,0.0
restaurant_7,0.0
restaurant_6,0.0
restaurant_4,0.0
restaurant_3,0.0
representatives_17,0.0
representatives_18,0.0
representatives_19,0.0
representatives_20,0.0
republican_1,0.0
republican_2,0.0
republican_3,0.0
republican_4,0.0
republican_6,0.0
republican_7,0.0
republican_8,0.0
republican_9,0.0
republican_10,0.0
republican_11,0.0
republican_12,0.0
republican_13,0.0
republican_14,0.0
republican_15,0.0
republican_17,0.0
republican_19,0.0
republican_20,0.0
risk_12,0.0
risk_14,0.0
social_15,0.0
services_11,0.0
service_18,0.0
service_19,0.0
service_20,0.0
services_1,0.0
services_5,0.0
services_6,0.0
services_7,0.0
services_8,0.0
services_9,0.0
services_10,0.0
services_12,0.0
service_16,0.0
services_13,0.0
services_14,0.0
services_15,0.0
services_16,0.0
services_17,0.0
services_18,0.0
services_19,0.0
services_20,0.0
short_sell_1,0.0
short_sell_2,0.0
service_17,0.0
service_15,0.0
short_sell_4,0.0
service_1,0.0
served_10,0.0
served_11,0.0
served_12,0.0
served_13,0.0
served_14,0.0
served_15,0.0
served_16,0.0
served_17,0.0
served_19,0.0
served_20,0.0
service_3,0.0
service_14,0.0
service_4,0.0
service_5,0.0
service_6,0.0
service_7,0.0
service_8,0.0
service_9,0.0
service_10,0.0
service_11,0.0
service_12,0.0
service_13,0.0
short_sell_3,0.0
short_sell_5,0.0
risk_15,0.0
social_3,0.0
short_selling_13,0.0
short_selling_14,0.0
short_selling_15,0.0
short_selling_16,0.0
short_selling_17,0.0
short_selling_18,0.0
short_selling_19,0.0
short_selling_20,0.0
social_1,0.0
social_2,0.0
social_4,0.0
short_selling_11,0.0
social_5,0.0
social_6,0.0
social_7,0.0
social_8,0.0
social_9,0.0
social_10,0.0
social_11,0.0
social_12,0.0
social_13,0.0
social_14,0.0
short_selling_12,0.0
short_selling_10,0.0
short_sell_6,0.0
short_sell_17,0.0
short_sell_7,0.0
short_sell_8,0.0
short_sell_9,0.0
short_sell_10,0.0
short_sell_11,0.0
short_sell_12,0.0
short_sell_13,0.0
short_sell_14,0.0
short_sell_15,0.0
short_sell_16,0.0
short_sell_18,0.0
short_selling_9,0.0
short_sell_19,0.0
short_sell_20,0.0
short_selling_1,0.0
short_selling_2,0.0
short_selling_3,0.0
short_selling_4,0.0
short_selling_5,0.0
short_selling_6,0.0
short_selling_7,0.0
short_selling_8,0.0
served_9,0.0
served_8,0.0
served_7,0.0
secretary_18,0.0
secretary_3,0.0
secretary_4,0.0
secretary_7,0.0
secretary_8,0.0
secretary_9,0.0
secretary_11,0.0
secretary_12,0.0
secretary_13,0.0
secretary_14,0.0
secretary_15,0.0
secretary_19,0.0
seats_20,0.0
secretary_20,0.0
security_1,0.0
security_3,0.0
security_4,0.0
security_5,0.0
security_7,0.0
security_8,0.0
security_10,0.0
security_11,0.0
security_12,0.0
secretary_2,0.0
seats_19,0.0
served_6,0.0
seats_6,0.0
risk_16,0.0
risk_17,0.0
risk_18,0.0
risk_19,0.0
risk_20,0.0
seats_1,0.0
seats_2,0.0
seats_3,0.0
seats_4,0.0
seats_5,0.0
seats_7,0.0
seats_18,0.0
seats_8,0.0
seats_9,0.0
seats_10,0.0
seats_11,0.0
seats_12,0.0
seats_13,0.0
seats_14,0.0
seats_15,0.0
seats_16,0.0
seats_17,0.0
security_13,0.0
security_14,0.0
security_15,0.0
senate_14,0.0
senate_4,0.0
senate_5,0.0
senate_6,0.0
senate_7,0.0
senate_8,0.0
senate_9,0.0
senate_10,0.0
senate_11,0.0
senate_12,0.0
senate_13,0.0
senate_15,0.0
security_16,0.0
senate_16,0.0
senate_17,0.0
senate_18,0.0
senate_19,0.0
senate_20,0.0
served_1,0.0
served_2,0.0
served_3,0.0
served_4,0.0
served_5,0.0
senate_3,0.0
senate_2,0.0
senate_1,0.0
sell_20,0.0
security_17,0.0
security_18,0.0
security_19,0.0
security_20,0.0
sell_1,0.0
sell_2,0.0
sell_4,0.0
sell_5,0.0
sell_6,0.0
sell_7,0.0
sell_8,0.0
sell_9,0.0
sell_10,0.0
sell_11,0.0
sell_12,0.0
sell_13,0.0
sell_14,0.0
sell_15,0.0
sell_16,0.0
sell_17,0.0
sell_18,0.0
labor_9,0.0
kitchen_1,0.0
labor_7,0.0
culture_16,0.0
culture_5,0.0
culture_6,0.0
culture_7,0.0
culture_9,0.0
culture_10,0.0
culture_11,0.0
culture_12,0.0
culture_13,0.0
culture_14,0.0
culture_15,0.0
culture_17,0.0
culture_3,0.0
culture_18,0.0
culture_19,0.0
debt_1,0.0
debt_2,0.0
debt_3,0.0
debt_4,0.0
debt_5,0.0
debt_6,0.0
debt_7,0.0
debt_8,0.0
culture_4,0.0
culture_2,0.0
debt_12,0.0
crisis_7,0.0
credit_13,0.0
credit_14,0.0
credit_16,0.0
credit_18,0.0
credit_20,0.0
crisis_1,0.0
crisis_2,0.0
crisis_3,0.0
crisis_4,0.0
crisis_5,0.0
crisis_8,0.0
culture_1,0.0
crisis_9,0.0
crisis_10,0.0
crisis_12,0.0
crisis_13,0.0
crisis_14,0.0
crisis_16,0.0
crisis_17,0.0
crisis_18,0.0
crisis_19,0.0
crisis_20,0.0
debt_11,0.0
debt_13,0.0
credit_10,0.0
democratic_18,0.0
democratic_7,0.0
democratic_8,0.0
democratic_9,0.0
democratic_10,0.0
democratic_11,0.0
democratic_12,0.0
democratic_13,0.0
democratic_14,0.0
democratic_15,0.0
democratic_16,0.0
democratic_19,0.0
democratic_5,0.0
derivatives_1,0.0
derivatives_2,0.0
derivatives_3,0.0
derivatives_4,0.0
derivatives_5,0.0
derivatives_6,0.0
derivatives_7,0.0
derivatives_8,0.0
derivatives_9,0.0
derivatives_10,0.0
democratic_6,0.0
democratic_4,0.0
debt_14,0.0
default_9,0.0
debt_15,0.0
debt_16,0.0
debt_17,0.0
debt_18,0.0
debt_19,0.0
debt_20,0.0
default_1,0.0
default_2,0.0
default_3,0.0
default_5,0.0
default_10,0.0
democratic_3,0.0
default_11,0.0
default_12,0.0
default_13,0.0
default_15,0.0
default_17,0.0
default_18,0.0
default_19,0.0
default_20,0.0
democratic_1,0.0
democratic_2,0.0
credit_12,0.0
credit_9,0.0
consume_19,0.0
corporation_19,0.0
corporation_8,0.0
corporation_9,0.0
corporation_10,0.0
corporation_11,0.0
corporation_12,0.0
corporation_13,0.0
corporation_15,0.0
corporation_16,0.0
corporation_17,0.0
corporation_18,0.0
council_2,0.0
corporation_6,0.0
council_3,0.0
council_4,0.0
council_5,0.0
council_6,0.0
council_7,0.0
council_8,0.0
council_9,0.0
council_10,0.0
council_11,0.0
council_12,0.0
corporation_7,0.0
corporation_5,0.0
council_16,0.0
consumption_12,0.0
consumption_1,0.0
consumption_2,0.0
consumption_3,0.0
consumption_4,0.0
consumption_5,0.0
consumption_7,0.0
consumption_8,0.0
consumption_9,0.0
consumption_10,0.0
consumption_11,0.0
consumption_13,0.0
corporation_4,0.0
consumption_14,0.0
consumption_15,0.0
consumption_16,0.0
consumption_17,0.0
consumption_18,0.0
consumption_19,0.0
consumption_20,0.0
corporation_1,0.0
corporation_2,0.0
corporation_3,0.0
council_15,0.0
council_17,0.0
credit_8,0.0
crash_14,0.0
court_20,0.0
crash_1,0.0
crash_4,0.0
crash_5,0.0
crash_6,0.0
crash_7,0.0
crash_8,0.0
crash_11,0.0
crash_12,0.0
crash_13,0.0
crash_16,0.0
court_17,0.0
crash_17,0.0
crash_18,0.0
crash_19,0.0
crash_20,0.0
credit_1,0.0
credit_2,0.0
credit_3,0.0
credit_4,0.0
credit_5,0.0
credit_6,0.0
court_18,0.0
court_16,0.0
council_18,0.0
county_19,0.0
council_19,0.0
council_20,0.0
county_2,0.0
county_4,0.0
county_5,0.0
county_6,0.0
county_9,0.0
county_13,0.0
county_15,0.0
county_18,0.0
county_20,0.0
court_15,0.0
court_1,0.0
court_2,0.0
court_3,0.0
court_5,0.0
court_6,0.0
court_7,0.0
court_8,0.0
court_10,0.0
court_11,0.0
court_14,0.0
derivatives_11,0.0
derivatives_12,0.0
derivatives_13,0.0
elected_5,0.0
economy_15,0.0
economy_16,0.0
economy_17,0.0
economy_18,0.0
economy_19,0.0
economy_20,0.0
elected_1,0.0
elected_2,0.0
elected_3,0.0
elected_4,0.0
elected_6,0.0
economy_13,0.0
elected_7,0.0
elected_8,0.0
elected_9,0.0
elected_10,0.0
elected_11,0.0
elected_12,0.0
labor_5,0.0
elected_14,0.0
elected_15,0.0
elected_16,0.0
economy_14,0.0
economy_12,0.0
elected_18,0.0
economics_17,0.0
economics_6,0.0
economics_7,0.0
economics_8,0.0
economics_10,0.0
economics_11,0.0
economics_12,0.0
economics_13,0.0
economics_14,0.0
economics_15,0.0
economics_16,0.0
economics_18,0.0
economy_11,0.0
economics_19,0.0
economics_20,0.0
economy_1,0.0
economy_3,0.0
economy_4,0.0
economy_6,0.0
economy_7,0.0
economy_8,0.0
economy_9,0.0
economy_10,0.0
elected_17,0.0
elected_19,0.0
derivatives_14,0.0
energy_4,0.0
elections_13,0.0
elections_14,0.0
elections_15,0.0
elections_16,0.0
elections_18,0.0
elections_19,0.0
elections_20,0.0
energy_1,0.0
energy_2,0.0
energy_3,0.0
energy_5,0.0
elections_11,0.0
energy_6,0.0
energy_7,0.0
energy_10,0.0
energy_11,0.0
energy_12,0.0
energy_13,0.0
energy_14,0.0
energy_15,0.0
energy_16,0.0
energy_17,0.0
elections_12,0.0
elections_10,0.0
elected_20,0.0
election_16,0.0
election_1,0.0
election_3,0.0
election_5,0.0
election_6,0.0
election_8,0.0
election_9,0.0
election_12,0.0
election_13,0.0
election_14,0.0
election_15,0.0
election_17,0.0
elections_9,0.0
election_18,0.0
election_19,0.0
election_20,0.0
elections_1,0.0
elections_2,0.0
elections_3,0.0
elections_4,0.0
elections_5,0.0
elections_6,0.0
elections_8,0.0
economics_4,0.0
economics_3,0.0
economics_2,0.0
dividend_5,0.0
district_11,0.0
district_12,0.0
district_13,0.0
district_15,0.0
district_16,0.0
district_18,0.0
district_19,0.0
district_20,0.0
dividend_2,0.0
dividend_4,0.0
dividend_6,0.0
district_9,0.0
dividend_7,0.0
dividend_8,0.0
dividend_11,0.0
dividend_12,0.0
dividend_13,0.0
dividend_14,0.0
dividend_15,0.0
dividend_16,0.0
dividend_18,0.0
dividend_19,0.0
district_10,0.0
district_8,0.0
economics_1,0.0
development_9,0.0
derivatives_15,0.0
derivatives_16,0.0
derivatives_17,0.0
derivatives_18,0.0
derivatives_19,0.0
development_1,0.0
development_2,0.0
development_3,0.0
development_5,0.0
development_7,0.0
development_11,0.0
district_7,0.0
development_12,0.0
development_13,0.0
development_18,0.0
development_19,0.0
development_20,0.0
district_2,0.0
district_3,0.0
district_4,0.0
district_5,0.0
district_6,0.0
dividend_20,0.0
dow_jones_2,0.0
dow_jones_3,0.0
economic_8,0.0
earnings_16,0.0
earnings_17,0.0
earnings_19,0.0
economic_1,0.0
economic_2,0.0
economic_3,0.0
economic_4,0.0
economic_5,0.0
economic_6,0.0
economic_7,0.0
economic_9,0.0
dow_jones_5,0.0
economic_10,0.0
economic_11,0.0
economic_12,0.0
economic_13,0.0
economic_14,0.0
economic_15,0.0
economic_16,0.0
economic_17,0.0
economic_18,0.0
economic_19,0.0
earnings_15,0.0
earnings_14,0.0
earnings_13,0.0
earnings_11,0.0
dow_jones_6,0.0
dow_jones_7,0.0
dow_jones_8,0.0
dow_jones_11,0.0
dow_jones_12,0.0
dow_jones_13,0.0
dow_jones_14,0.0
dow_jones_15,0.0
dow_jones_16,0.0
dow_jones_18,0.0
dow_jones_19,0.0
earnings_1,0.0
earnings_2,0.0
earnings_3,0.0
earnings_4,0.0
earnings_5,0.0
earnings_6,0.0
earnings_7,0.0
earnings_8,0.0
earnings_9,0.0
earnings_10,0.0
consume_20,0.0
consume_18,0.0
energy_20,0.0
bubble_5,0.0
bonds_14,0.0
bonds_15,0.0
bonds_16,0.0
bonds_17,0.0
bonds_18,0.0
bonds_19,0.0
bubble_1,0.0
bubble_2,0.0
bubble_3,0.0
bubble_4,0.0
bubble_6,0.0
bonds_11,0.0
bubble_7,0.0
bubble_8,0.0
bubble_9,0.0
bubble_10,0.0
bubble_11,0.0
bubble_12,0.0
bubble_13,0.0
bubble_14,0.0
bubble_15,0.0
bubble_16,0.0
bonds_12,0.0
bonds_10,0.0
bubble_18,0.0
blacklist_16,0.0
blacklist_6,0.0
blacklist_7,0.0
blacklist_8,0.0
blacklist_9,0.0
blacklist_10,0.0
blacklist_11,0.0
blacklist_12,0.0
blacklist_13,0.0
blacklist_14,0.0
blacklist_15,0.0
blacklist_17,0.0
bonds_9,0.0
blacklist_18,0.0
blacklist_19,0.0
blacklist_20,0.0
bonds_1,0.0
bonds_2,0.0
bonds_3,0.0
bonds_4,0.0
bonds_6,0.0
bonds_7,0.0
bonds_8,0.0
bubble_17,0.0
bubble_19,0.0
blacklist_4,0.0
cancer_10,0.0
buy_19,0.0
buy_20,0.0
cancer_1,0.0
cancer_2,0.0
cancer_3,0.0
cancer_4,0.0
cancer_5,0.0
cancer_6,0.0
cancer_8,0.0
cancer_9,0.0
cancer_11,0.0
buy_15,0.0
cancer_12,0.0
cancer_13,0.0
cancer_14,0.0
cancer_16,0.0
cancer_18,0.0
cancer_19,0.0
cancer_20,0.0
car_1,0.0
car_3,0.0
car_6,0.0
buy_18,0.0
buy_14,0.0
bubble_20,0.0
business_11,0.0
business_1,0.0
business_2,0.0
business_3,0.0
business_4,0.0
business_5,0.0
business_6,0.0
business_7,0.0
business_8,0.0
business_9,0.0
business_10,0.0
business_12,0.0
buy_10,0.0
business_13,0.0
business_14,0.0
business_15,0.0
business_16,0.0
business_18,0.0
business_20,0.0
buy_1,0.0
buy_2,0.0
buy_5,0.0
buy_9,0.0
blacklist_5,0.0
blacklist_3,0.0
consume_17,0.0
DOW_JONES_19,0.0
DOW_JONES_9,0.0
DOW_JONES_10,0.0
DOW_JONES_11,0.0
DOW_JONES_12,0.0
DOW_JONES_13,0.0
DOW_JONES_14,0.0
DOW_JONES_15,0.0
DOW_JONES_16,0.0
DOW_JONES_17,0.0
DOW_JONES_18,0.0
DOW_JONES_20,0.0
DOW_JONES_7,0.0
act_1,0.0
act_2,0.0
act_3,0.0
act_4,0.0
act_5,0.0
act_7,0.0
act_8,0.0
act_9,0.0
act_10,0.0
act_11,0.0
DOW_JONES_8,0.0
DOW_JONES_6,0.0
act_13,0.0
BUY_AND_HOLD_13,0.0
BUY_AND_HOLD_3,0.0
BUY_AND_HOLD_4,0.0
BUY_AND_HOLD_5,0.0
BUY_AND_HOLD_6,0.0
BUY_AND_HOLD_7,0.0
BUY_AND_HOLD_8,0.0
BUY_AND_HOLD_9,0.0
BUY_AND_HOLD_10,0.0
BUY_AND_HOLD_11,0.0
BUY_AND_HOLD_12,0.0
BUY_AND_HOLD_14,0.0
DOW_JONES_5,0.0
BUY_AND_HOLD_15,0.0
BUY_AND_HOLD_16,0.0
BUY_AND_HOLD_17,0.0
BUY_AND_HOLD_18,0.0
BUY_AND_HOLD_19,0.0
BUY_AND_HOLD_20,0.0
DOW_JONES_1,0.0
DOW_JONES_2,0.0
DOW_JONES_3,0.0
DOW_JONES_4,0.0
act_12,0.0
act_14,0.0
blacklist_2,0.0
banking_8,0.0
bank_11,0.0
bank_14,0.0
bank_16,0.0
bank_18,0.0
banking_1,0.0
banking_2,0.0
banking_3,0.0
banking_5,0.0
banking_6,0.0
banking_7,0.0
banking_10,0.0
bank_9,0.0
banking_11,0.0
banking_13,0.0
banking_14,0.0
banking_15,0.0
banking_16,0.0
banking_17,0.0
banking_18,0.0
banking_19,0.0
banking_20,0.0
blacklist_1,0.0
bank_10,0.0
bank_8,0.0
act_16,0.0
arts_10,0.0
act_18,0.0
act_20,0.0
arts_1,0.0
arts_2,0.0
arts_3,0.0
arts_4,0.0
arts_5,0.0
arts_6,0.0
arts_7,0.0
arts_8,0.0
arts_11,0.0
bank_7,0.0
arts_12,0.0
arts_14,0.0
arts_17,0.0
arts_18,0.0
arts_20,0.0
bank_1,0.0
bank_2,0.0
bank_4,0.0
bank_5,0.0
bank_6,0.0
car_8,0.0
car_10,0.0
car_11,0.0
community_11,0.0
committee_17,0.0
committee_18,0.0
committee_19,0.0
committee_20,0.0
community_1,0.0
community_2,0.0
community_3,0.0
community_5,0.0
community_6,0.0
community_8,0.0
community_13,0.0
committee_14,0.0
community_14,0.0
community_15,0.0
community_16,0.0
community_17,0.0
community_18,0.0
community_19,0.0
community_20,0.0
companies_2,0.0
companies_3,0.0
companies_4,0.0
committee_15,0.0
committee_13,0.0
companies_6,0.0
color_18,0.0
color_4,0.0
color_5,0.0
color_7,0.0
color_8,0.0
color_11,0.0
color_13,0.0
color_14,0.0
color_15,0.0
color_16,0.0
color_17,0.0
color_19,0.0
committee_12,0.0
committee_1,0.0
committee_3,0.0
committee_4,0.0
committee_5,0.0
committee_6,0.0
committee_7,0.0
committee_8,0.0
committee_9,0.0
committee_10,0.0
committee_11,0.0
companies_5,0.0
companies_7,0.0
car_14,0.0
consume_5,0.0
conflict_15,0.0
conflict_16,0.0
conflict_17,0.0
conflict_18,0.0
conflict_19,0.0
conflict_20,0.0
consume_1,0.0
consume_2,0.0
consume_3,0.0
consume_4,0.0
consume_6,0.0
conflict_13,0.0
consume_7,0.0
consume_8,0.0
consume_9,0.0
consume_10,0.0
consume_11,0.0
consume_12,0.0
consume_13,0.0
consume_14,0.0
consume_15,0.0
consume_16,0.0
conflict_14,0.0
conflict_12,0.0
companies_8,0.0
companies_19,0.0
companies_9,0.0
companies_10,0.0
companies_11,0.0
companies_12,0.0
companies_13,0.0
companies_14,0.0
companies_15,0.0
companies_16,0.0
companies_17,0.0
companies_18,0.0
companies_20,0.0
conflict_11,0.0
conflict_1,0.0
conflict_2,0.0
conflict_3,0.0
conflict_4,0.0
conflict_5,0.0
conflict_6,0.0
conflict_7,0.0
conflict_8,0.0
conflict_9,0.0
conflict_10,0.0
color_2,0.0
color_1,0.0
college_20,0.0
case_17,0.0
case_4,0.0
case_6,0.0
case_7,0.0
case_8,0.0
case_9,0.0
case_10,0.0
case_12,0.0
case_13,0.0
case_14,0.0
case_16,0.0
case_18,0.0
case_2,0.0
case_19,0.0
case_20,0.0
cash_1,0.0
cash_2,0.0
cash_5,0.0
cash_6,0.0
cash_7,0.0
cash_8,0.0
cash_10,0.0
cash_11,0.0
case_3,0.0
case_1,0.0
college_19,0.0
carolina_6,0.0
car_15,0.0
car_16,0.0
car_17,0.0
car_18,0.0
car_19,0.0
car_20,0.0
carolina_1,0.0
carolina_2,0.0
carolina_4,0.0
carolina_5,0.0
carolina_7,0.0
carolina_20,0.0
carolina_8,0.0
carolina_9,0.0
carolina_10,0.0
carolina_12,0.0
carolina_13,0.0
carolina_14,0.0
carolina_15,0.0
carolina_16,0.0
carolina_17,0.0
carolina_18,0.0
cash_12,0.0
cash_13,0.0
cash_14,0.0
chance_18,0.0
chance_7,0.0
chance_8,0.0
chance_9,0.0
chance_10,0.0
chance_11,0.0
chance_12,0.0
chance_14,0.0
chance_15,0.0
chance_16,0.0
chance_17,0.0
chance_19,0.0
cash_16,0.0
chance_20,0.0
college_1,0.0
college_5,0.0
college_6,0.0
college_8,0.0
college_9,0.0
college_12,0.0
college_15,0.0
college_16,0.0
college_18,0.0
chance_6,0.0
chance_5,0.0
chance_4,0.0
chance_3,0.0
cash_18,0.0
cash_19,0.0
cash_20,0.0
ceo_1,0.0
ceo_2,0.0
ceo_3,0.0
ceo_5,0.0
ceo_6,0.0
ceo_7,0.0
ceo_8,0.0
ceo_9,0.0
ceo_11,0.0
ceo_12,0.0
ceo_13,0.0
ceo_14,0.0
ceo_16,0.0
ceo_17,0.0
ceo_19,0.0
ceo_20,0.0
chance_1,0.0
chance_2,0.0
energy_18,0.0
elected_13,0.0
environment_1,0.0
happy_6,0.0
headlines_19,0.0
headlines_20,0.0
health_1,0.0
health_2,0.0
health_4,0.0
health_5,0.0
health_6,0.0
health_7,0.0
health_8,0.0
health_9,0.0
health_10,0.0
health_11,0.0
health_12,0.0
health_13,0.0
health_15,0.0
health_16,0.0
health_17,0.0
health_18,0.0
health_19,0.0
health_20,0.0
hedge_1,0.0
hedge_2,0.0
hedge_3,0.0
headlines_18,0.0
headlines_16,0.0
headlines_15,0.0
happy_19,0.0
happy_8,0.0
happy_9,0.0
happy_10,0.0
happy_11,0.0
happy_12,0.0
happy_13,0.0
happy_14,0.0
happy_15,0.0
happy_16,0.0
happy_17,0.0
happy_20,0.0
headlines_14,0.0
headlines_1,0.0
headlines_2,0.0
headlines_3,0.0
headlines_4,0.0
headlines_5,0.0
headlines_8,0.0
headlines_9,0.0
headlines_10,0.0
headlines_11,0.0
headlines_12,0.0
hedge_4,0.0
hedge_5,0.0
hedge_6,0.0
home_12,0.0
holiday_16,0.0
holiday_17,0.0
holiday_18,0.0
holiday_20,0.0
home_1,0.0
home_4,0.0
home_5,0.0
home_8,0.0
home_10,0.0
home_11,0.0
home_13,0.0
holiday_14,0.0
home_14,0.0
home_15,0.0
home_17,0.0
home_18,0.0
home_19,0.0
home_20,0.0
house_1,0.0
house_2,0.0
house_3,0.0
house_5,0.0
holiday_15,0.0
holiday_12,0.0
hedge_7,0.0
hedge_18,0.0
hedge_8,0.0
hedge_9,0.0
hedge_10,0.0
hedge_11,0.0
hedge_12,0.0
hedge_13,0.0
hedge_14,0.0
hedge_15,0.0
hedge_16,0.0
hedge_17,0.0
hedge_19,0.0
holiday_11,0.0
hedge_20,0.0
holiday_1,0.0
holiday_2,0.0
holiday_4,0.0
holiday_5,0.0
holiday_6,0.0
holiday_7,0.0
holiday_8,0.0
holiday_9,0.0
holiday_10,0.0
happy_7,0.0
happy_5,0.0
global_6,0.0
happy_4,0.0
government_1,0.0
government_2,0.0
government_3,0.0
government_4,0.0
government_5,0.0
government_8,0.0
government_9,0.0
government_10,0.0
government_11,0.0
government_12,0.0
government_13,0.0
government_14,0.0
government_15,0.0
government_17,0.0
government_18,0.0
government_19,0.0
governor_1,0.0
governor_2,0.0
governor_3,0.0
environment_2,0.0
governor_5,0.0
governor_6,0.0
governor_7,0.0
gold_20,0.0
gold_19,0.0
gold_18,0.0
global_18,0.0
global_8,0.0
global_9,0.0
global_10,0.0
global_11,0.0
global_12,0.0
global_13,0.0
global_14,0.0
global_15,0.0
global_16,0.0
global_17,0.0
global_19,0.0
gold_17,0.0
gold_1,0.0
gold_2,0.0
gold_3,0.0
gold_4,0.0
gold_5,0.0
gold_8,0.0
gold_9,0.0
gold_11,0.0
gold_14,0.0
gold_15,0.0
governor_8,0.0
governor_9,0.0
governor_10,0.0
growth_10,0.0
greed_18,0.0
greed_19,0.0
greed_20,0.0
growth_2,0.0
growth_3,0.0
growth_4,0.0
growth_5,0.0
growth_7,0.0
growth_8,0.0
growth_9,0.0
growth_11,0.0
greed_16,0.0
growth_12,0.0
growth_14,0.0
growth_15,0.0
growth_16,0.0
growth_18,0.0
growth_19,0.0
growth_20,0.0
happy_1,0.0
happy_2,0.0
happy_3,0.0
greed_17,0.0
greed_15,0.0
governor_11,0.0
greed_2,0.0
governor_12,0.0
governor_13,0.0
governor_14,0.0
governor_15,0.0
governor_16,0.0
governor_17,0.0
governor_18,0.0
governor_19,0.0
governor_20,0.0
greed_1,0.0
greed_3,0.0
greed_14,0.0
greed_4,0.0
greed_5,0.0
greed_6,0.0
greed_7,0.0
greed_8,0.0
greed_9,0.0
greed_10,0.0
greed_11,0.0
greed_12,0.0
greed_13,0.0
house_6,0.0
house_7,0.0
house_8,0.0
house_9,0.0
investment_19,0.0
investment_20,0.0
judge_1,0.0
judge_3,0.0
judge_4,0.0
judge_5,0.0
judge_6,0.0
judge_7,0.0
judge_8,0.0
judge_9,0.0
judge_11,0.0
judge_13,0.0
judge_15,0.0
judge_16,0.0
judge_17,0.0
judge_18,0.0
judge_19,0.0
judge_20,0.0
justice_1,0.0
justice_2,0.0
justice_3,0.0
justice_4,0.0
justice_5,0.0
investment_18,0.0
investment_17,0.0
investment_16,0.0
investment_2,0.0
invest_11,0.0
invest_12,0.0
invest_13,0.0
invest_14,0.0
invest_15,0.0
invest_17,0.0
invest_18,0.0
invest_19,0.0
invest_20,0.0
investment_1,0.0
investment_4,0.0
investment_15,0.0
investment_5,0.0
investment_6,0.0
investment_7,0.0
investment_8,0.0
investment_9,0.0
investment_10,0.0
investment_11,0.0
investment_12,0.0
investment_13,0.0
investment_14,0.0
justice_6,0.0
justice_7,0.0
justice_8,0.0
kitchen_11,0.0
kentucky_20,0.0
BUY_AND_HOLD_2,0.0
kitchen_2,0.0
kitchen_3,0.0
kitchen_4,0.0
kitchen_5,0.0
kitchen_7,0.0
kitchen_8,0.0
kitchen_9,0.0
kitchen_10,0.0
kitchen_13,0.0
kentucky_18,0.0
kitchen_14,0.0
kitchen_15,0.0
kitchen_16,0.0
kitchen_17,0.0
kitchen_18,0.0
kitchen_19,0.0
labor_1,0.0
labor_2,0.0
labor_3,0.0
labor_4,0.0
kentucky_19,0.0
kentucky_17,0.0
justice_9,0.0
justice_20,0.0
justice_10,0.0
justice_11,0.0
justice_12,0.0
justice_13,0.0
justice_14,0.0
justice_15,0.0
justice_16,0.0
justice_17,0.0
justice_18,0.0
justice_19,0.0
kentucky_1,0.0
kentucky_16,0.0
kentucky_3,0.0
kentucky_4,0.0
kentucky_5,0.0
kentucky_6,0.0
kentucky_7,0.0
kentucky_8,0.0
kentucky_9,0.0
kentucky_10,0.0
kentucky_11,0.0
kentucky_14,0.0
invest_9,0.0
invest_8,0.0
invest_7,0.0
illinois_10,0.0
housing_19,0.0
housing_20,0.0
illinois_1,0.0
illinois_3,0.0
illinois_4,0.0
illinois_5,0.0
illinois_6,0.0
illinois_7,0.0
illinois_8,0.0
illinois_9,0.0
illinois_11,0.0
housing_17,0.0
illinois_12,0.0
illinois_13,0.0
illinois_14,0.0
illinois_15,0.0
illinois_16,0.0
illinois_17,0.0
illinois_18,0.0
illinois_20,0.0
inc_1,0.0
inc_4,0.0
housing_18,0.0
housing_16,0.0
inc_7,0.0
housing_2,0.0
house_10,0.0
house_11,0.0
house_12,0.0
house_13,0.0
house_14,0.0
house_15,0.0
house_16,0.0
house_17,0.0
house_19,0.0
housing_1,0.0
housing_3,0.0
housing_15,0.0
housing_4,0.0
housing_5,0.0
housing_6,0.0
housing_7,0.0
housing_8,0.0
housing_9,0.0
housing_11,0.0
housing_12,0.0
housing_13,0.0
housing_14,0.0
inc_6,0.0
inc_9,0.0
invest_6,0.0
inflation_11,0.0
industry_20,0.0
inflation_1,0.0
inflation_2,0.0
inflation_3,0.0
inflation_4,0.0
inflation_5,0.0
inflation_6,0.0
inflation_8,0.0
inflation_9,0.0
inflation_10,0.0
inflation_12,0.0
industry_18,0.0
inflation_13,0.0
inflation_15,0.0
inflation_16,0.0
inflation_17,0.0
inflation_18,0.0
inflation_20,0.0
invest_1,0.0
invest_2,0.0
invest_4,0.0
invest_5,0.0
industry_19,0.0
industry_17,0.0
inc_10,0.0
industry_2,0.0
inc_11,0.0
inc_12,0.0
inc_13,0.0
inc_14,0.0
inc_16,0.0
inc_17,0.0
inc_18,0.0
inc_19,0.0
inc_20,0.0
industry_1,0.0
industry_3,0.0
industry_16,0.0
industry_4,0.0
industry_6,0.0
industry_7,0.0
industry_8,0.0
industry_9,0.0
industry_10,0.0
industry_12,0.0
industry_13,0.0
industry_14,0.0
industry_15,0.0
global_7,0.0
governor_4,0.0
global_5,0.0
firm_17,0.0
firm_6,0.0
firm_7,0.0
firm_8,0.0
firm_10,0.0
firm_11,0.0
firm_12,0.0
firm_13,0.0
firm_14,0.0
firm_15,0.0
firm_16,0.0
firm_18,0.0
financial_markets_14,0.0
firm_19,0.0
firm_20,0.0
fond_1,0.0
fond_2,0.0
fond_3,0.0
fond_4,0.0
fond_5,0.0
fond_6,0.0
fond_7,0.0
fond_8,0.0
firm_5,0.0
firm_3,0.0
firm_2,0.0
fine_20,0.0
financial_markets_16,0.0
financial_markets_17,0.0
financial_markets_18,0.0
financial_markets_19,0.0
financial_markets_20,0.0
fine_1,0.0
fine_2,0.0
fine_3,0.0
fine_4,0.0
fine_6,0.0
fine_8,0.0
fine_9,0.0
fine_10,0.0
fine_11,0.0
fine_12,0.0
fine_14,0.0
fine_15,0.0
fine_16,0.0
fine_17,0.0
fine_18,0.0
fine_19,0.0
fond_9,0.0
fond_10,0.0
fond_11,0.0
forex_4,0.0
forex_6,0.0
forex_7,0.0
forex_8,0.0
forex_9,0.0
forex_10,0.0
forex_11,0.0
forex_12,0.0
forex_13,0.0
forex_14,0.0
forex_15,0.0
forex_16,0.0
forex_19,0.0
forex_20,0.0
founded_1,0.0
founded_2,0.0
founded_5,0.0
founded_6,0.0
founded_7,0.0
founded_8,0.0
founded_9,0.0
founded_10,0.0
forex_5,0.0
forex_3,0.0
fond_12,0.0
forex_2,0.0
fond_13,0.0
fond_14,0.0
fond_15,0.0
fond_16,0.0
fond_17,0.0
fond_18,0.0
fond_19,0.0
fond_20,0.0
food_1,0.0
food_4,0.0
food_5,0.0
food_7,0.0
food_11,0.0
food_12,0.0
food_13,0.0
food_15,0.0
food_17,0.0
food_18,0.0
food_19,0.0
food_20,0.0
forex_1,0.0
financial_markets_15,0.0
financial_markets_13,0.0
founded_12,0.0
federal_2,0.0
fed_12,0.0
fed_13,0.0
fed_14,0.0
fed_15,0.0
fed_16,0.0
fed_17,0.0
fed_18,0.0
fed_19,0.0
fed_20,0.0
federal_1,0.0
federal_4,0.0
financial_markets_12,0.0
federal_5,0.0
federal_6,0.0
federal_7,0.0
federal_8,0.0
federal_9,0.0
federal_10,0.0
federal_11,0.0
federal_12,0.0
federal_13,0.0
federal_14,0.0
fed_11,0.0
fed_8,0.0
fed_7,0.0
fed_6,0.0
environment_3,0.0
environment_4,0.0
environment_5,0.0
environment_7,0.0
environment_8,0.0
environment_9,0.0
environment_10,0.0
environment_11,0.0
environment_12,0.0
environment_13,0.0
environment_14,0.0
environment_15,0.0
environment_16,0.0
environment_17,0.0
environment_18,0.0
environment_19,0.0
environment_20,0.0
fed_2,0.0
fed_3,0.0
fed_4,0.0
fed_5,0.0
federal_16,0.0
federal_17,0.0
federal_18,0.0
financial_9,0.0
financial_11,0.0
financial_12,0.0
financial_13,0.0
financial_14,0.0
financial_15,0.0
financial_16,0.0
financial_17,0.0
financial_18,0.0
financial_19,0.0
financial_20,0.0
financial_markets_1,0.0
financial_markets_2,0.0
financial_markets_3,0.0
financial_markets_4,0.0
financial_markets_5,0.0
financial_markets_6,0.0
financial_markets_7,0.0
financial_markets_8,0.0
financial_markets_9,0.0
financial_markets_10,0.0
financial_markets_11,0.0
financial_10,0.0
financial_8,0.0
federal_19,0.0
financial_6,0.0
federal_20,0.0
finance_1,0.0
finance_2,0.0
finance_4,0.0
finance_5,0.0
finance_6,0.0
finance_8,0.0
finance_9,0.0
finance_11,0.0
finance_12,0.0
finance_13,0.0
finance_14,0.0
finance_15,0.0
finance_16,0.0
finance_17,0.0
finance_18,0.0
finance_19,0.0
financial_1,0.0
financial_2,0.0
financial_3,0.0
financial_4,0.0
founded_11,0.0
food_2,0.0
founded_14,0.0
gains_12,0.0
gain_10,0.0
gain_12,0.0
gain_13,0.0
gain_14,0.0
gain_15,0.0
gain_16,0.0
gain_17,0.0
gain_18,0.0
gain_19,0.0
gains_1,0.0
gains_2,0.0
gains_3,0.0
gains_4,0.0
gains_5,0.0
gains_6,0.0
gains_7,0.0
gains_8,0.0
gains_9,0.0
gains_10,0.0
gain_9,0.0
gain_8,0.0
gain_7,0.0
fun_16,0.0
fun_8,0.0
fun_9,0.0
fun_10,0.0
fun_11,0.0
fun_12,0.0
fun_13,0.0
fun_14,0.0
fun_15,0.0
fun_17,0.0
gain_6,0.0
fun_18,0.0
fun_19,0.0
fun_20,0.0
gain_1,0.0
gain_2,0.0
gain_3,0.0
gain_4,0.0
gain_5,0.0
gains_11,0.0
gains_13,0.0
fun_6,0.0
gains_14,0.0
garden_20,0.0
georgia_1,0.0
georgia_2,0.0
georgia_3,0.0
georgia_4,0.0
georgia_5,0.0
georgia_6,0.0
georgia_7,0.0
georgia_8,0.0
georgia_9,0.0
georgia_10,0.0
georgia_11,0.0
georgia_13,0.0
georgia_15,0.0
georgia_16,0.0
georgia_18,0.0
georgia_20,0.0
global_2,0.0
global_3,0.0
garden_19,0.0
garden_18,0.0
garden_17,0.0
garden_3,0.0
gains_15,0.0
gains_16,0.0
gains_17,0.0
gains_18,0.0
gains_19,0.0
gains_20,0.0
garden_1,0.0
garden_2,0.0
garden_4,0.0
garden_13,0.0
garden_5,0.0
garden_6,0.0
garden_7,0.0
garden_8,0.0
garden_9,0.0
garden_10,0.0
garden_11,0.0
garden_12,0.0
fun_7,0.0
york_20,0.0
freedom_3,0.0
founded_17,0.0
freedom_18,0.0
freedom_19,0.0
freedom_5,0.0
freedom_13,0.0
freedom_20,0.0
freedom_6,0.0
freedom_2,0.0
fun_1,0.0
freedom_17,0.0
freedom_7,0.0
freedom_8,0.0
freedom_1,0.0
founded_19,0.0
founded_18,0.0
fun_2,0.0
freedom_4,0.0
freedom_14,0.0
freedom_12,0.0
freedom_11,0.0
freedom_9,0.0
fun_4,0.0
founded_15,0.0
freedom_15,0.0
founded_16,0.0
war_2,-6.548731292457463e-05
bonds_5,-6.548731292457463e-05
texas_1,-0.00013097462584915447
world_6,-0.0013795993922777064
world_9,-0.0013795993922777064
cash_9,-0.001445086705202281
missouri_15,-0.001445086705202281
war_6,-0.001445086705202281
bank_17,-0.001445086705202281
washington_16,-0.001445086705202281
office_9,-0.001445086705202281
economy_2,-0.001445086705202281
government_20,-0.001445086705202281
war_9,-0.001445086705202281
washington_11,-0.001445086705202281
washington_10,-0.001445086705202281
washington_1,-0.001445086705202281
train_20,-0.001445086705202281
lifestyle_11,-0.001445086705202281
financial_5,-0.001445086705202281
metals_19,-0.001445086705202281
ohio_5,-0.001445086705202281
return_19,-0.001445086705202281
cash_4,-0.001445086705202281
return_5,-0.001445086705202281
return_11,-0.001445086705202281
media_9,-0.001445086705202281
dividend_1,-0.001445086705202281
water_4,-0.001445086705202281
security_6,-0.001445086705202281
elections_7,-0.001445086705202281
gold_6,-0.001445086705202281
social_19,-0.001445086705202281
global_20,-0.001445086705202281
law_9,-0.001445086705202281
county_8,-0.001445086705202281
georgia_17,-0.001445086705202281
wisconsin_2,-0.001445086705202281
nasdaq_20,-0.001445086705202281
members_11,-0.001445086705202281
kitchen_20,-0.001445086705202281
religion_3,-0.001445086705202281
global_4,-0.001445086705202281
nasdaq_14,-0.001445086705202281
members_6,-0.001445086705202281
legal_20,-0.001445086705202281
government_16,-0.001445086705202281
election_2,-0.001445086705202281
train_5,-0.001445086705202281
college_3,-0.001445086705202281
restaurant_2,-0.001445086705202281
consumption_6,-0.001445086705202281
william_1,-0.001445086705202281
government_7,-0.001445086705202281
secretary_5,-0.001445086705202281
democratic_20,-0.001445086705202281
court_9,-0.001445086705202281
william_11,-0.001445086705202281
election_7,-0.001445086705202281
profit_13,-0.001445086705202281
william_15,-0.001445086705202281
william_16,-0.001445086705202281
case_15,-0.001445086705202281
stocks_20,-0.001445086705202281
marketing_6,-0.001445086705202281
dividend_17,-0.001445086705202281
case_5,-0.001445086705202281
police_9,-0.001445086705202281
union_20,-0.001445086705202281
technology_9,-0.001445086705202281
police_20,-0.001445086705202281
technology_5,-0.001445086705202281
industry_5,-0.001445086705202281
community_7,-0.001445086705202281
gain_11,-0.001445086705202281
rich_5,-0.001445086705202281
massachusetts_1,-0.001445086705202281
community_9,-0.001445086705202281
earnings_12,-0.001445086705202281
market_14,-0.001445086705202281
vermont_15,-0.001445086705202281
inc_5,-0.001445086705202281
politics_20,-0.001445086705202281
culture_20,-0.001445086705202281
council_13,-0.001445086705202281
sell_19,-0.001445086705202281
color_20,-0.001445086705202281
car_12,-0.001445086705202281
cancer_17,-0.001445086705202281
missouri_3,-0.001445086705202281
nyse_5,-0.0015105740181268557
arts_15,-0.0015105740181268557
buy_6,-0.0015105740181268557
arts_13,-0.0015105740181268557
default_16,-0.0015105740181268557
unemployment_18,-0.0015105740181268557
energy_9,-0.0015105740181268557
secretary_17,-0.0015105740181268557
labor_14,-0.0015105740181268557
committee_2,-0.0015105740181268557
law_4,-0.0015105740181268557
restaurant_1,-0.0015105740181268557
garden_15,-0.0015105740181268557
ring_9,-0.0015105740181268557
community_12,-0.0015105740181268557
stats_12,-0.0015105740181268557
york_6,-0.0015105740181268557
fun_5,-0.0015105740181268557
court_12,-0.0015105740181268557
fed_1,-0.0015105740181268557
county_16,-0.0015105740181268557
movie_16,-0.0015105740181268557
gold_7,-0.0015105740181268557
committee_16,-0.0015105740181268557
society_5,-0.0015105740181268557
marriage_8,-0.0015105740181268557
georgia_14,-0.0015105740181268557
district_14,-0.0015105740181268557
police_16,-0.0015105740181268557
tennessee_15,-0.0015105740181268557
trader_16,-0.0015105740181268557
travel_18,-0.0015105740181268557
dow_jones_9,-0.0015105740181268557
religion_16,-0.0015105740181268557
opportunity_13,-0.0015105740181268557
william_12,-0.0015105740181268557
leverage_6,-0.0015105740181268557
wisconsin_4,-0.0015105740181268557
texas_14,-0.0015105740181268557
portfolio_18,-0.0015105740181268557
crash_9,-0.0015105740181268557
served_18,-0.0015105740181268557
president_15,-0.0015105740181268557
votes_20,-0.0015105740181268557
loss_13,-0.0015105740181268557
market_2,-0.0015105740181268557
police_8,-0.0015105740181268557
development_14,-0.0015105740181268557
case_11,-0.0015105740181268557
president_6,-0.0015105740181268557
credit_11,-0.0015105740181268557
metals_11,-0.0015105740181268557
development_4,-0.0015105740181268557
office_19,-0.0015105740181268557
economics_5,-0.0015105740181268557
police_4,-0.0015105740181268557
missouri_6,-0.0015105740181268557
food_3,-0.0015105740181268557
present_13,-0.0015105740181268557
food_16,-0.0015105740181268557
democratic_17,-0.002890173410404562
county_14,-0.002890173410404562
project_19,-0.002890173410404562
world_13,-0.002890173410404562
risk_1,-0.002890173410404562
cancer_15,-0.002890173410404562
world_5,-0.002890173410404562
crisis_11,-0.002890173410404562
party_3,-0.002890173410404562
illinois_2,-0.002890173410404562
unemployment_5,-0.002890173410404562
marketing_13,-0.002890173410404562
tennessee_4,-0.002890173410404562
texas_18,-0.002890173410404562
party_6,-0.002890173410404562
growth_13,-0.002890173410404562
earnings_18,-0.002890173410404562
stocks_10,-0.002890173410404562
services_3,-0.002890173410404562
republican_16,-0.002890173410404562
success_2,-0.002890173410404562
market_3,-0.002890173410404562
buy_16,-0.002890173410404562
color_3,-0.002890173410404562
political_15,-0.002890173410404562
happy_18,-0.0030211480362538298
management_11,-0.0030211480362538298
chance_13,-0.0030211480362538298
bonds_20,-0.0030211480362538298
ohio_8,-0.0030211480362538298
environment_6,-0.0030211480362538298
food_10,-0.0030211480362538298
lifestyle_8,-0.0030211480362538298
headlines_17,-0.0030211480362538298
gold_12,-0.0030211480362538298
ceo_4,-0.0030211480362538298
carolina_11,-0.0030211480362538298
politics_6,-0.0030211480362538298
crisis_15,-0.0030211480362538298
minister_7,-0.003086635349178404
legal_9,-0.004335260115606957
office_3,-0.004335260115606957
election_11,-0.004335260115606957
debt_9,-0.004335260115606957
health_3,-0.004335260115606957
earnings_20,-0.004335260115606957
bank_13,-0.004335260115606957
federal_15,-0.004400747428531418
finance_3,-0.004466234741456111
world_10,-0.004466234741456111
security_2,-0.004466234741456111
fed_9,-0.004466234741456111
movie_4,-0.004531722054380685
restaurant_12,-0.004531722054380685
county_3,-0.004531722054380685
vermont_3,-0.00459720936730526
fed_10,-0.005780346820809237
garden_16,-0.005780346820809237
credit_15,-0.005780346820809237
gold_10,-0.005780346820809237
food_6,-0.005780346820809237
management_13,-0.005780346820809237
financial_7,-0.005780346820809237
cash_15,-0.005976808759582966
carolina_19,-0.005976808759582966
trader_11,-0.006042296072507541
default_8,-0.006042296072507541
society_2,-0.006042296072507541
wisconsin_7,-0.006042296072507541
travel_3,-0.007225433526011518
default_4,-0.007225433526011518
world_11,-0.007290920838936093
oil_14,-0.008670520231213914
college_10,-0.010574018126888227
firm_4,-0.013005780346820756
