date,ACN UN Equity
2001-07-23,-0.0666
2001-07-24,-0.9333
2001-07-25,0.6057
2001-07-26,-3.01
2001-07-27,0.0
2001-07-28,
2001-07-29,
2001-07-30,1.3793
2001-07-31,1.7687
2001-08-01,3.6096
2001-08-02,-0.6452
2001-08-03,-1.6234
2001-08-04,
2001-08-05,
2001-08-06,-0.33
2001-08-07,2.649
2001-08-08,-3.2258
2001-08-09,3.3333
2001-08-10,-2.0
2001-08-11,
2001-08-12,
2001-08-13,-1.185
2001-08-14,-2.0653
2001-08-15,0.6122
2001-08-16,-5.0034
2001-08-17,3.3452
2001-08-18,
2001-08-19,
2001-08-20,5.7163
2001-08-21,0.7166
2001-08-22,-0.7762
2001-08-23,-0.5867
2001-08-24,0.9836
2001-08-25,
2001-08-26,
2001-08-27,0.5195
2001-08-28,-0.7752
2001-08-29,-2.2786
2001-08-30,-0.3997
2001-08-31,-0.3344
2001-09-01,
2001-09-02,
2001-09-03,
2001-09-04,3.2215
2001-09-05,-3.0559
2001-09-06,-2.7498
2001-09-07,0.1379
2001-09-08,
2001-09-09,
2001-09-10,4.3388
2001-09-11,
2001-09-12,
2001-09-13,
2001-09-14,
2001-09-15,
2001-09-16,
2001-09-17,-3.6304
2001-09-18,-0.3425
2001-09-19,-4.1237
2001-09-20,-7.1685
2001-09-21,-1.5444
2001-09-22,
2001-09-23,
2001-09-24,3.5294
2001-09-25,-3.0303
2001-09-26,-4.6875
2001-09-27,-2.8689
2001-09-28,7.5949
2001-09-29,
2001-09-30,
2001-10-01,-0.3922
2001-10-02,-1.1811
2001-10-03,3.1873
2001-10-04,4.1699
2001-10-05,0.4448
2001-10-06,
2001-10-07,
2001-10-08,-2.3616
2001-10-09,1.285
2001-10-10,2.0149
2001-10-11,10.8998
2001-10-12,9.1689
2001-10-13,
2001-10-14,
2001-10-15,5.7402
2001-10-16,-0.2857
2001-10-17,-2.6934
2001-10-18,-1.649
2001-10-19,0.8982
2001-10-20,
2001-10-21,
2001-10-22,3.8576
2001-10-23,0.6857
2001-10-24,0.681
2001-10-25,0.0
2001-10-26,-0.6764
2001-10-27,
2001-10-28,
2001-10-29,-0.3973
2001-10-30,-1.1396
2001-10-31,1.268
2001-11-01,4.2117
2001-11-02,-0.3277
2001-11-03,
2001-11-04,
2001-11-05,-0.8219
2001-11-06,-0.7182
2001-11-07,5.1753
2001-11-08,5.5556
2001-11-09,0.0
2001-11-10,
2001-11-11,
2001-11-12,-2.3058
2001-11-13,6.7214
2001-11-14,-2.8365
2001-11-15,0.1979
2001-11-16,3.9012000000000002
2001-11-17,
2001-11-18,
2001-11-19,4.5626999999999995
2001-11-20,-3.4091
2001-11-21,-4.2353
2001-11-22,
2001-11-23,0.9828
2001-11-24,
2001-11-25,
2001-11-26,4.6229
2001-11-27,4.6512
2001-11-28,-2.8889
2001-11-29,-1.9222000000000001
2001-11-30,5.4596
2001-12-01,
2001-12-02,
2001-12-03,1.3274
2001-12-04,5.6769
2001-12-05,10.124
2001-12-06,-1.5009000000000001
2001-12-07,-5.2952
2001-12-08,
2001-12-09,
2001-12-10,-1.0459
2001-12-11,0.6504
2001-12-12,1.6559
2001-12-13,-7.4295
2001-12-14,1.5021
2001-12-15,
2001-12-16,
2001-12-17,7.6533
2001-12-18,1.9245999999999999
2001-12-19,0.3083
2001-12-20,3.9186
2001-12-21,-3.3272
2001-12-22,
2001-12-23,
2001-12-24,-0.5354
2001-12-25,
2001-12-26,0.8843
2001-12-27,0.1905
2001-12-28,0.989
2001-12-29,
2001-12-30,
2001-12-31,1.3936
2002-01-01,
2002-01-02,-2.6374
2002-01-03,-3.1286
2002-01-04,9.0981
2002-01-05,
2002-01-06,
2002-01-07,-4.5126
2002-01-08,3.138
2002-01-09,1.063
2002-01-10,0.9068
2002-01-11,-4.7448
2002-01-12,
2002-01-13,
2002-01-14,-5.8868
2002-01-15,1.8043
2002-01-16,2.4025
2002-01-17,0.0
2002-01-18,-0.9231
2002-01-19,
2002-01-20,
2002-01-21,
2002-01-22,-3.1056
2002-01-23,-1.6425999999999998
2002-01-24,4.6843
2002-01-25,-1.9455
2002-01-26,
2002-01-27,
2002-01-28,-4.7619
2002-01-29,-0.5
2002-01-30,4.4807
2002-01-31,3.3266999999999998
2002-02-01,8.6113
2002-02-02,
2002-02-03,
2002-02-04,-2.4643
2002-02-05,-0.4028
2002-02-06,-0.6618
2002-02-07,1.7765
2002-02-08,0.8
2002-02-09,
2002-02-10,
2002-02-11,-3.3189
2002-02-12,-3.0597
2002-02-13,-0.6928
2002-02-14,4.6512
2002-02-15,1.6667
2002-02-16,
2002-02-17,
2002-02-18,
2002-02-19,-1.8215
2002-02-20,0.5566
2002-02-21,-4.059
2002-02-22,-1.4231
2002-02-23,
2002-02-24,
2002-02-25,-1.6777
2002-02-26,1.9048
2002-02-27,0.2336
2002-02-28,1.7483
2002-03-01,0.0382
2002-03-02,
2002-03-03,
2002-03-04,2.2901
2002-03-05,3.5448
2002-03-06,-0.7568
2002-03-07,-1.4524
2002-03-08,9.9116
2002-03-09,
2002-03-10,
2002-03-11,0.2347
2002-03-12,-0.301
2002-03-13,-2.214
2002-03-14,-1.6467
2002-03-15,1.1161
2002-03-16,
2002-03-17,
2002-03-18,1.4833
2002-03-19,-11.6247
2002-03-20,2.1154
2002-03-21,3.1638
2002-03-22,0.8762
2002-03-23,
2002-03-24,
2002-03-25,-2.0992
2002-03-26,-1.2569
2002-03-27,-0.7488
2002-03-28,0.7167
2002-03-29,
2002-03-30,
2002-03-31,
2002-04-01,-0.1873
2002-04-02,-2.439
2002-04-03,0.0385
2002-04-04,-3.4987
2002-04-05,0.239
2002-04-06,
2002-04-07,
2002-04-08,-4.4913
2002-04-09,1.5814
2002-04-10,-0.6555
2002-04-11,-7.0103
2002-04-12,-0.133
2002-04-13,
2002-04-14,
2002-04-15,-0.3552
2002-04-16,5.8378
2002-04-17,0.9684
2002-04-18,-3.6696999999999997
2002-04-19,5.974
2002-04-20,
2002-04-21,
2002-04-22,-0.2859
2002-04-23,-1.9254
2002-04-24,-3.2999
2002-04-25,-2.8942
2002-04-26,-3.0249
2002-04-27,
2002-04-28,
2002-04-29,-7.0642
2002-04-30,5.8243
2002-05-01,-1.6791
2002-05-02,0.5693
2002-05-03,-6.2736
2002-05-04,
2002-05-05,
2002-05-06,1.6608
2002-05-07,2.2772
2002-05-08,7.5508
2002-05-09,-9.0909
2002-05-10,1.2871000000000001
2002-05-11,
2002-05-12,
2002-05-13,3.3724
2002-05-14,3.3097
2002-05-15,1.6934
2002-05-16,-9.991
2002-05-17,0.0
2002-05-18,
2002-05-19,
2002-05-20,7.3
2002-05-21,-2.6095
2002-05-22,-0.9569
2002-05-23,1.4976
2002-05-24,-0.9043
2002-05-25,
2002-05-26,
2002-05-27,
2002-05-28,1.585
2002-05-29,-0.331
2002-05-30,-1.7551999999999999
2002-05-31,0.676
2002-06-01,
2002-06-02,
2002-06-03,-2.5899
2002-06-04,-3.3481
2002-06-05,0.3057
2002-06-06,-0.8634
2002-06-07,2.2029
2002-06-08,
2002-06-09,
2002-06-10,1.9548999999999999
2002-06-11,0.2458
2002-06-12,-1.3242
2002-06-13,-1.7893
2002-06-14,1.2146
2002-06-15,
2002-06-16,
2002-06-17,3.25
2002-06-18,1.4527999999999999
2002-06-19,-2.5776
2002-06-20,-2.1558
2002-06-21,-1.3519999999999999
2002-06-22,
2002-06-23,
2002-06-24,-2.7919
2002-06-25,-2.0888
2002-06-26,0.0
2002-06-27,0.3733
2002-06-28,0.9564
2002-06-29,
2002-06-30,
2002-07-01,-11.8421
2002-07-02,0.8955
2002-07-03,3.3136
2002-07-04,
2002-07-05,2.52
2002-07-06,
2002-07-07,
2002-07-08,-1.8436
2002-07-09,-5.5208
2002-07-10,-8.1325
2002-07-11,1.9672
2002-07-12,-9.3248
2002-07-13,
2002-07-14,
2002-07-15,2.4823
2002-07-16,3.4602
2002-07-17,0.0
2002-07-18,-7.0234
2002-07-19,6.8345
2002-07-20,
2002-07-21,
2002-07-22,0.0
2002-07-23,-2.2222
2002-07-24,5.3719
2002-07-25,-3.6601
2002-07-26,0.882
2002-07-27,
2002-07-28,
2002-07-29,10.7599
2002-07-30,3.4001
2002-07-31,-3.1122
2002-08-01,-0.0606
2002-08-02,-0.849
2002-08-03,
2002-08-04,
2002-08-05,-6.5443
2002-08-06,6.4791
2002-08-07,1.2907
2002-08-08,1.2743
2002-08-09,-1.0186
2002-08-10,
2002-08-11,
2002-08-12,-0.4843
2002-08-13,-1.9465
2002-08-14,0.8065
2002-08-15,5.2923
2002-08-16,4.6756
2002-08-17,
2002-08-18,
2002-08-19,4.4668
2002-08-20,-0.0534
2002-08-21,0.0
2002-08-22,-1.0695000000000001
2002-08-23,-3.2432
2002-08-24,
2002-08-25,
2002-08-26,-2.2346
2002-08-27,-6.8571
2002-08-28,-2.454
2002-08-29,2.5157
2002-08-30,0.9202
2002-08-31,
2002-09-01,
2002-09-02,
2002-09-03,-4.2553
2002-09-04,2.2222
2002-09-05,-1.9876
2002-09-06,1.3942
2002-09-07,
2002-09-08,
2002-09-09,1.5
2002-09-10,-0.6158
2002-09-11,0.9913
2002-09-12,0.0
2002-09-13,-3.3742
2002-09-14,
2002-09-15,
2002-09-16,2.5397
2002-09-17,-0.0619
2002-09-18,-1.5489000000000002
2002-09-19,-11.2649
2002-09-20,3.7589
2002-09-21,
2002-09-22,
2002-09-23,0.8886
2002-09-24,-6.5041
2002-09-25,3.2609
2002-09-26,1.4035
2002-09-27,-2.0761
2002-09-28,
2002-09-29,
2002-09-30,0.9187
2002-10-01,4.3417
2002-10-02,-5.8389
2002-10-03,-7.6978
2002-10-04,-5.7915
2002-10-05,
2002-10-06,
2002-10-07,1.3115
2002-10-08,4.7735
2002-10-09,-3.7838000000000003
2002-10-10,7.1429
2002-10-11,7.3408
2002-10-12,
2002-10-13,
2002-10-14,1.1863
2002-10-15,15.3793
2002-10-16,-4.483
2002-10-17,5.0688
2002-10-18,0.9529
2002-10-19,
2002-10-20,
2002-10-21,1.8879000000000001
2002-10-22,-1.6213
2002-10-23,3.0018
2002-10-24,-1.7713999999999999
2002-10-25,2.5015
2002-10-26,
2002-10-27,
2002-10-28,-0.9648
2002-10-29,-4.0115
2002-10-30,-0.8358
2002-10-31,1.6255
2002-11-01,0.1185
2002-11-02,
2002-11-03,
2002-11-04,0.0
2002-11-05,-2.8994
2002-11-06,3.2297
2002-11-07,3.3058
2002-11-08,0.0571
2002-11-09,
2002-11-10,
2002-11-11,-0.9709
2002-11-12,0.9227
2002-11-13,2.5714
2002-11-14,5.8496
2002-11-15,-1.5263
2002-11-16,
2002-11-17,
2002-11-18,3.1534
2002-11-19,-2.9016
2002-11-20,-1.2807
2002-11-21,0.973
2002-11-22,-0.9636
2002-11-23,
2002-11-24,
2002-11-25,-1.7297
2002-11-26,-2.6403
2002-11-27,5.8192
2002-11-28,
2002-11-29,2.7763
2002-11-30,
2002-12-01,
2002-12-02,4.0
2002-12-03,-2.7473
2002-12-04,-6.8309999999999995
2002-12-05,-0.1103
2002-12-06,-2.3731
2002-12-07,
2002-12-08,
2002-12-09,1.0175
2002-12-10,0.7275
2002-12-11,-0.5556
2002-12-12,-0.8939
2002-12-13,-0.6764
2002-12-14,
2002-12-15,
2002-12-16,1.0216
2002-12-17,1.573
2002-12-18,-0.4978
2002-12-19,-2.5014
2002-12-20,-2.2235
2002-12-21,
2002-12-22,
2002-12-23,0.2915
2002-12-24,1.5697999999999999
2002-12-25,
2002-12-26,2.2324
2002-12-27,-0.9518
2002-12-28,
2002-12-29,
2002-12-30,0.7349
2002-12-31,0.954
2003-01-01,
2003-01-02,3.4464
2003-01-03,0.7523
2003-01-04,
2003-01-05,
2003-01-06,1.8667
2003-01-07,-1.9372
2003-01-08,-0.6941
2003-01-09,-1.2366
2003-01-10,-7.8933
2003-01-11,
2003-01-12,
2003-01-13,2.8369
2003-01-14,-2.2989
2003-01-15,-3.5294
2003-01-16,-3.9634
2003-01-17,3.4920999999999998
2003-01-18,
2003-01-19,
2003-01-20,
2003-01-21,-3.4969
2003-01-22,-0.445
2003-01-23,7.599
2003-01-24,-1.365
2003-01-25,
2003-01-26,
2003-01-27,-1.8652
2003-01-28,0.6131
2003-01-29,-0.7313
2003-01-30,-0.5525
2003-01-31,2.1605
2003-02-01,
2003-02-02,
2003-02-03,-1.5106000000000002
2003-02-04,0.3067
2003-02-05,0.1835
2003-02-06,-2.3810000000000002
2003-02-07,-5.5034
2003-02-08,
2003-02-09,
2003-02-10,1.2574
2003-02-11,0.6536
2003-02-12,-4.8701
2003-02-13,0.273
2003-02-14,3.9483
2003-02-15,
2003-02-16,
2003-02-17,
2003-02-18,4.7806
2003-02-19,0.0
2003-02-20,-2.5
2003-02-21,0.3205
2003-02-22,
2003-02-23,
2003-02-24,-3.0671
2003-02-25,4.3507
2003-02-26,-1.4529
2003-02-27,-3.8462
2003-02-28,2.2667
2003-03-01,
2003-03-02,
2003-03-03,2.412
2003-03-04,-0.6365
2003-03-05,1.025
2003-03-06,1.6487
2003-03-07,-1.4348
2003-03-08,
2003-03-09,
2003-03-10,-3.7975
2003-03-11,-6.7763
2003-03-12,-2.6817
2003-03-13,0.2901
2003-03-14,5.423
2003-03-15,
2003-03-16,
2003-03-17,4.321
2003-03-18,3.0243
2003-03-19,-1.7229999999999999
2003-03-20,-0.0649
2003-03-21,3.1839
2003-03-22,
2003-03-23,
2003-03-24,0.1259
2003-03-25,-0.9434
2003-03-26,-0.6984
2003-03-27,0.3197
2003-03-28,-0.1275
2003-03-29,
2003-03-30,
2003-03-31,-1.0849
2003-04-01,-3.3548
2003-04-02,4.8732
2003-04-03,-0.7002
2003-04-04,-2.1154
2003-04-05,
2003-04-06,
2003-04-07,-0.1965
2003-04-08,-2.1654
2003-04-09,-4.6278
2003-04-10,1.4768
2003-04-11,-2.5641
2003-04-12,
2003-04-13,
2003-04-14,5.9744
2003-04-15,-1.1409
2003-04-16,-2.2403
2003-04-17,2.4306
2003-04-18,
2003-04-19,
2003-04-20,
2003-04-21,1.6949
2003-04-22,5.8
2003-04-23,1.1342
2003-04-24,-2.0561
2003-04-25,-0.5089
2003-04-26,
2003-04-27,
2003-04-28,0.9591
2003-04-29,0.0
2003-04-30,1.4566
2003-05-01,0.9988
2003-05-02,3.152
2003-05-03,
2003-05-04,
2003-05-05,-0.5392
2003-05-06,0.4819
2003-05-07,0.5396
2003-05-08,-1.9082
2003-05-09,2.4316
2003-05-10,
2003-05-11,
2003-05-12,-0.8902
2003-05-13,0.0
2003-05-14,1.7365
2003-05-15,1.6480000000000001
2003-05-16,1.216
2003-05-17,
2003-05-18,
2003-05-19,-2.2883
2003-05-20,-1.4637
2003-05-21,-3.0303
2003-05-22,2.7574
2003-05-23,3.4586
2003-05-24,
2003-05-25,
2003-05-26,
2003-05-27,-3.7464
2003-05-28,-0.8982
2003-05-29,2.1148
2003-05-30,3.6686
2003-05-31,
2003-06-01,
2003-06-02,-0.1712
2003-06-03,-1.6009
2003-06-04,7.7280999999999995
2003-06-05,-0.4854
2003-06-06,-1.355
2003-06-07,
2003-06-08,
2003-06-09,-3.0769
2003-06-10,-1.1905000000000001
2003-06-11,-1.3195999999999999
2003-06-12,-2.907
2003-06-13,-2.4551
2003-06-14,
2003-06-15,
2003-06-16,6.8754
2003-06-17,0.8041
2003-06-18,-0.3989
2003-06-19,2.1167
2003-06-20,0.112
2003-06-21,
2003-06-22,
2003-06-23,0.6156
2003-06-24,-1.8354
2003-06-25,-1.813
2003-06-26,3.8661
2003-06-27,-0.7778
2003-06-28,
2003-06-29,
2003-06-30,1.2878
2003-07-01,-0.5528
2003-07-02,-0.8338
2003-07-03,1.7377
2003-07-04,
2003-07-05,
2003-07-06,
2003-07-07,-0.7713
2003-07-08,7.6624
2003-07-09,-0.9283
2003-07-10,-0.5726
2003-07-11,-1.0995
2003-07-12,
2003-07-13,
2003-07-14,-0.2118
2003-07-15,9.0186
2003-07-16,-0.9732
2003-07-17,-2.457
2003-07-18,4.0302
2003-07-19,
2003-07-20,
2003-07-21,-6.586
2003-07-22,2.9549
2003-07-23,0.4532
2003-07-24,-1.0025
2003-07-25,0.8608
2003-07-26,
2003-07-27,
2003-07-28,-0.4016
2003-07-29,0.0
2003-07-30,-0.4536
2003-07-31,-1.6709
2003-08-01,4.6859
2003-08-02,
2003-08-03,
2003-08-04,-0.9838
2003-08-05,-3.2787
2003-08-06,-1.3867
2003-08-07,3.3854
2003-08-08,0.8564
2003-08-09,
2003-08-10,
2003-08-11,-2.4476
2003-08-12,0.8705
2003-08-13,-0.7614
2003-08-14,4.2455
2003-08-15,1.0795
2003-08-16,
2003-08-17,
2003-08-18,-0.7767
2003-08-19,3.5225
2003-08-20,-0.8034
2003-08-21,1.4769
2003-08-22,1.1268
2003-08-23,
2003-08-24,
2003-08-25,-2.5998
2003-08-26,0.0477
2003-08-27,-0.2859
2003-08-28,-0.2867
2003-08-29,1.3896
2003-08-30,
2003-08-31,
2003-09-01,
2003-09-02,5.6238
2003-09-03,4.7427
2003-09-04,1.5377999999999998
2003-09-05,-2.2718
2003-09-06,
2003-09-07,
2003-09-08,-1.1623
2003-09-09,-0.0871
2003-09-10,-2.9207
2003-09-11,-1.2124
2003-09-12,2.4091
2003-09-13,
2003-09-14,
2003-09-15,2.3524
2003-09-16,1.3877
2003-09-17,-3.3362
2003-09-18,0.885
2003-09-19,-1.7105000000000001
2003-09-20,
2003-09-21,
2003-09-22,-3.7037
2003-09-23,-0.8804
2003-09-24,4.0206
2003-09-25,1.573
2003-09-26,-2.6106
2003-09-27,
2003-09-28,
2003-09-29,0.0454
2003-09-30,1.4532
2003-10-01,-0.3133
2003-10-02,1.841
2003-10-03,-1.0141
2003-10-04,
2003-10-05,
2003-10-06,2.8508
2003-10-07,0.1299
2003-10-08,2.5087
2003-10-09,-6.6667
2003-10-10,1.1302
2003-10-11,
2003-10-12,
2003-10-13,-0.447
2003-10-14,1.9758
2003-10-15,-1.9815
2003-10-16,-0.4492
2003-10-17,-1.1733
2003-10-18,
2003-10-19,
2003-10-20,0.4566
2003-10-21,1.9091
2003-10-22,2.1409
2003-10-23,-0.9607
2003-10-24,-1.3668
2003-10-25,
2003-10-26,
2003-10-27,0.0894
2003-10-28,3.975
2003-10-29,1.4175
2003-10-30,0.3812
2003-10-31,-1.2658
2003-11-01,
2003-11-02,
2003-11-03,3.3333
2003-11-04,0.6617
2003-11-05,-0.1643
2003-11-06,0.4115
2003-11-07,2.6639
2003-11-08,
2003-11-09,
2003-11-10,-1.9561
2003-11-11,-0.0407
2003-11-12,2.9735
2003-11-13,-2.413
2003-11-14,-1.2971
2003-11-15,
2003-11-16,
2003-11-17,0.2053
2003-11-18,-1.1475
2003-11-19,-0.2902
2003-11-20,0.7069
2003-11-21,-0.2477
2003-11-22,
2003-11-23,
2003-11-24,2.8974
2003-11-25,-1.609
2003-11-26,1.1038000000000001
2003-11-27,
2003-11-28,0.6874
2003-11-29,
2003-11-30,
2003-12-01,1.7671000000000001
2003-12-02,1.2234
2003-12-03,1.2865
2003-12-04,-1.4627
2003-12-05,-1.0547
2003-12-06,
2003-12-07,
2003-12-08,-1.1054
2003-12-09,0.7585
2003-12-10,-0.4358
2003-12-11,-0.4377
2003-12-12,-0.04
2003-12-13,
2003-12-14,
2003-12-15,-0.3998
2003-12-16,-1.4051
2003-12-17,-0.4479
2003-12-18,1.6360000000000001
2003-12-19,3.0181
2003-12-20,
2003-12-21,
2003-12-22,-0.5078
2003-12-23,2.0809
2003-12-24,1.2692
2003-12-25,
2003-12-26,-1.1774
2003-12-27,
2003-12-28,
2003-12-29,1.1145
2003-12-30,-0.3421
2003-12-31,0.3814
2004-01-01,
2004-01-02,-1.5198
2004-01-03,
2004-01-04,
2004-01-05,2.8548999999999998
2004-01-06,-1.1628
2004-01-07,-2.277
2004-01-08,-3.3398
2004-01-09,1.3258
2004-01-10,
2004-01-11,
2004-01-12,2.7359
2004-01-13,-12.5434
2004-01-14,4.5455
2004-01-15,-0.3799
2004-01-16,-0.5932
2004-01-17,
2004-01-18,
2004-01-19,
2004-01-20,1.3639999999999999
2004-01-21,1.5558999999999998
2004-01-22,3.0228
2004-01-23,-3.135
2004-01-24,
2004-01-25,
2004-01-26,2.3651
2004-01-27,-2.7157999999999998
2004-01-28,-1.0
2004-01-29,-0.3788
2004-01-30,0.0
2004-01-31,
2004-02-01,
2004-02-02,-2.3236
2004-02-03,0.519
2004-02-04,-2.7539
2004-02-05,0.177
2004-02-06,0.8392
2004-02-07,
2004-02-08,
2004-02-09,-0.219
2004-02-10,0.0878
2004-02-11,0.3947
2004-02-12,0.699
2004-02-13,1.7787
2004-02-14,
2004-02-15,
2004-02-16,
2004-02-17,0.7673
2004-02-18,-1.3113000000000001
2004-02-19,-1.4144999999999999
2004-02-20,-1.1739
2004-02-21,
2004-02-22,
2004-02-23,-3.0796
2004-02-24,4.1761
2004-02-25,0.2614
2004-02-26,0.3477
2004-02-27,0.0433
2004-02-28,
2004-02-29,
2004-03-01,-0.0866
2004-03-02,0.6066
2004-03-03,-0.9475
2004-03-04,1.6957
2004-03-05,0.8978
2004-03-06,
2004-03-07,
2004-03-08,-0.3814
2004-03-09,-0.3828
2004-03-10,-0.7686
2004-03-11,-2.3236
2004-03-12,0.3524
2004-03-13,
2004-03-14,
2004-03-15,0.8341
2004-03-16,2.3944
2004-03-17,0.6378
2004-03-18,1.0984
2004-03-19,0.6268
2004-03-20,
2004-03-21,
2004-03-22,-2.2841
2004-03-23,1.1475
2004-03-24,-0.2101
2004-03-25,-0.3789
2004-03-26,0.9721
2004-03-27,
2004-03-28,
2004-03-29,0.6697
2004-03-30,1.6632
2004-03-31,1.4315
2004-04-01,0.121
2004-04-02,1.2082
2004-04-03,
2004-04-04,
2004-04-05,2.2682
2004-04-06,-2.1401
2004-04-07,-0.0398
2004-04-08,0.3978
2004-04-09,
2004-04-10,
2004-04-11,
2004-04-12,1.8225
2004-04-13,-0.856
2004-04-14,-0.6672
2004-04-15,-0.6322
2004-04-16,-2.3062
2004-04-17,
2004-04-18,
2004-04-19,2.9711
2004-04-20,-1.502
2004-04-21,-0.6421
2004-04-22,-2.1809
2004-04-23,1.7341
2004-04-24,
2004-04-25,
2004-04-26,-1.0146
2004-04-27,-0.574
2004-04-28,-2.0206
2004-04-29,-0.0421
2004-04-30,0.0842
2004-05-01,
2004-05-02,
2004-05-03,0.8835
2004-05-04,-0.1251
2004-05-05,1.0438
2004-05-06,-0.2893
2004-05-07,-1.8235000000000001
2004-05-08,
2004-05-09,
2004-05-10,-2.2794
2004-05-11,2.8078
2004-05-12,-0.7563
2004-05-13,0.9314
2004-05-14,0.0
2004-05-15,
2004-05-16,
2004-05-17,-2.4748
2004-05-18,1.5914000000000001
2004-05-19,0.3387
2004-05-20,-1.3502
2004-05-21,1.1976
2004-05-22,
2004-05-23,
2004-05-24,0.3804
2004-05-25,-0.0842
2004-05-26,1.3906
2004-05-27,1.5377999999999998
2004-05-28,0.7368
2004-05-29,
2004-05-30,
2004-05-31,
2004-06-01,3.0475
2004-06-02,-1.5379
2004-06-03,0.4005
2004-06-04,-0.4787
2004-06-05,
2004-06-06,
2004-06-07,0.8818
2004-06-08,1.2316
2004-06-09,-2.551
2004-06-10,1.2888
2004-06-11,
2004-06-12,
2004-06-13,
2004-06-14,-0.6759
2004-06-15,-0.5204
2004-06-16,1.8511
2004-06-17,5.8475
2004-06-18,1.5304
2004-06-19,
2004-06-20,
2004-06-21,-1.7279
2004-06-22,-0.4115
2004-06-23,3.5312
2004-06-24,-0.508
2004-06-25,0.1823
2004-06-26,
2004-06-27,
2004-06-28,-0.6189
2004-06-29,-0.5128
2004-06-30,1.1782
2004-07-01,0.6914
2004-07-02,0.8674
2004-07-03,
2004-07-04,
2004-07-05,
2004-07-06,-2.4006
2004-07-07,0.0367
2004-07-08,-0.0367
2004-07-09,-0.9178
2004-07-10,
2004-07-11,
2004-07-12,-1.9266
2004-07-13,-2.909
2004-07-14,0.8171
2004-07-15,0.3474
2004-07-16,-1.2692
2004-07-17,
2004-07-18,
2004-07-19,-0.1558
2004-07-20,0.6633
2004-07-21,-0.8915
2004-07-22,-1.6034000000000002
2004-07-23,-0.9936
2004-07-24,
2004-07-25,
2004-07-26,-1.9268999999999998
2004-07-27,0.6959
2004-07-28,-1.3820999999999999
2004-07-29,1.8549
2004-07-30,-0.3238
2004-07-31,
2004-08-01,
2004-08-02,0.8526
2004-08-03,-0.6441
2004-08-04,1.013
2004-08-05,-0.3209
2004-08-06,-1.9718
2004-08-07,
2004-08-08,
2004-08-09,-0.4926
2004-08-10,1.4851
2004-08-11,-1.748
2004-08-12,-2.9375
2004-08-13,1.0656
2004-08-14,
2004-08-15,
2004-08-16,3.5427999999999997
2004-08-17,0.9369
2004-08-18,2.6231
2004-08-19,1.8089
2004-08-20,0.618
2004-08-21,
2004-08-22,
2004-08-23,0.7294
2004-08-24,-0.343
2004-08-25,0.153
2004-08-26,-1.7946
2004-08-27,0.7776
2004-08-28,
2004-08-29,
2004-08-30,-0.6559
2004-08-31,1.3592
2004-09-01,1.4176
2004-09-02,-0.5667
2004-09-03,-1.5957
2004-09-04,
2004-09-05,
2004-09-06,
2004-09-07,1.0811
2004-09-08,1.0695000000000001
2004-09-09,0.4913
2004-09-10,0.7146
2004-09-11,
2004-09-12,
2004-09-13,-2.1658
2004-09-14,1.9847000000000001
2004-09-15,-0.3743
2004-09-16,1.3148
2004-09-17,-1.0753
2004-09-18,
2004-09-19,
2004-09-20,0.4123
2004-09-21,0.9332
2004-09-22,-0.5178
2004-09-23,0.0
2004-09-24,-0.2974
2004-09-25,
2004-09-26,
2004-09-27,-0.6339
2004-09-28,0.1876
2004-09-29,1.236
2004-09-30,0.074
2004-10-01,0.7394
2004-10-02,
2004-10-03,
2004-10-04,0.5505
2004-10-05,-1.7883
2004-10-06,0.2973
2004-10-07,-1.1486
2004-10-08,0.2999
2004-10-09,
2004-10-10,
2004-10-11,0.5232
2004-10-12,-1.1896
2004-10-13,-9.969899999999999
2004-10-14,-1.7133
2004-10-15,0.0
2004-10-16,
2004-10-17,
2004-10-18,0.5102
2004-10-19,1.3959
2004-10-20,0.9595
2004-10-21,0.3719
2004-10-22,-1.8114
2004-10-23,
2004-10-24,
2004-10-25,-0.587
2004-10-26,0.9279
2004-10-27,2.1312
2004-10-28,0.0409
2004-10-29,-0.9816
2004-10-30,
2004-10-31,
2004-11-01,-0.6609
2004-11-02,1.58
2004-11-03,0.8596
2004-11-04,1.9886
2004-11-05,-0.5571
2004-11-06,
2004-11-07,
2004-11-08,-2.3609
2004-11-09,0.9426
2004-11-10,-1.7458
2004-11-11,0.4132
2004-11-12,0.8642
2004-11-13,
2004-11-14,
2004-11-15,2.7744
2004-11-16,0.1191
2004-11-17,2.4584
2004-11-18,0.4257
2004-11-19,-2.0424
2004-11-20,
2004-11-21,
2004-11-22,-0.7081
2004-11-23,-0.1585
2004-11-24,2.5794
2004-11-25,
2004-11-26,0.3482
2004-11-27,
2004-11-28,
2004-11-29,0.0
2004-11-30,0.0
2004-12-01,3.3539
2004-12-02,1.0444
2004-12-03,-0.2584
2004-12-04,
2004-12-05,
2004-12-06,0.0
2004-12-07,-0.4071
2004-12-08,-1.4864
2004-12-09,-1.1694
2004-12-10,1.2214
2004-12-11,
2004-12-12,
2004-12-13,0.1508
2004-12-14,1.5436999999999999
2004-12-15,1.409
2004-12-16,-1.0969
2004-12-17,1.146
2004-12-18,
2004-12-19,
2004-12-20,-1.3158
2004-12-21,1.2222
2004-12-22,0.622
2004-12-23,0.1818
2004-12-24,
2004-12-25,
2004-12-26,
2004-12-27,-1.2341
2004-12-28,0.0735
2004-12-29,-0.8814
2004-12-30,-0.3335
2004-12-31,0.3717
2005-01-01,
2005-01-02,
2005-01-03,-2.3333
2005-01-04,-2.3512
2005-01-05,-0.3883
2005-01-06,-0.8967
2005-01-07,4.6814
2005-01-08,
2005-01-09,
2005-01-10,1.3153000000000001
2005-01-11,-1.7062
2005-01-12,-0.4151
2005-01-13,-0.7958
2005-01-14,0.4202
2005-01-15,
2005-01-16,
2005-01-17,
2005-01-18,-0.7227
2005-01-19,-0.3831
2005-01-20,-1.2692
2005-01-21,-1.9868000000000001
2005-01-22,
2005-01-23,
2005-01-24,-1.0334
2005-01-25,1.2048
2005-01-26,0.7937
2005-01-27,1.1024
2005-01-28,-0.3115
2005-01-29,
2005-01-30,
2005-01-31,1.7578
2005-02-01,-0.2303
2005-02-02,-0.6156
2005-02-03,-1.355
2005-02-04,0.9812
2005-02-05,
2005-02-06,
2005-02-07,0.1555
2005-02-08,0.3104
2005-02-09,-1.3153000000000001
2005-02-10,-0.3528
2005-02-11,-0.8655
2005-02-12,
2005-02-13,
2005-02-14,-2.2222
2005-02-15,1.0552
2005-02-16,0.6024
2005-02-17,-2.1557
2005-02-18,1.5912
2005-02-19,
2005-02-20,
2005-02-21,
2005-02-22,-0.4016
2005-02-23,-0.3629
2005-02-24,-0.9308
2005-02-25,2.7369
2005-02-26,
2005-02-27,
2005-02-28,1.5905
2005-03-01,0.1566
2005-03-02,-0.6643
2005-03-03,-1.2195
2005-03-04,1.0354
2005-03-05,
2005-03-06,
2005-03-07,0.473
2005-03-08,-0.6669
2005-03-09,-0.5924
2005-03-10,-0.8741
2005-03-11,-1.9639
2005-03-12,
2005-03-13,
2005-03-14,0.0818
2005-03-15,-2.0425
2005-03-16,0.2085
2005-03-17,-0.3329
2005-03-18,-1.2109
2005-03-19,
2005-03-20,
2005-03-21,1.4793
2005-03-22,1.1245
2005-03-23,0.0824
2005-03-24,0.4115
2005-03-25,
2005-03-26,
2005-03-27,
2005-03-28,0.6967
2005-03-29,-1.6686999999999999
2005-03-30,1.6556
2005-03-31,-1.6694
2005-04-01,1.2008
2005-04-02,
2005-04-03,
2005-04-04,-0.3682
2005-04-05,2.0945
2005-04-06,0.4425
2005-04-07,-0.3204
2005-04-08,-4.781
2005-04-09,
2005-04-10,
2005-04-11,-1.5190000000000001
2005-04-12,0.4284
2005-04-13,-1.3652
2005-04-14,-1.1246
2005-04-15,-1.5748
2005-04-16,
2005-04-17,
2005-04-18,0.3111
2005-04-19,-0.576
2005-04-20,-2.4064
2005-04-21,0.274
2005-04-22,-0.9563
2005-04-23,
2005-04-24,
2005-04-25,0.4598
2005-04-26,-1.373
2005-04-27,-0.3712
2005-04-28,0.6986
2005-04-29,0.37
2005-04-30,
2005-05-01,
2005-05-02,1.2442
2005-05-03,0.5917
2005-05-04,0.0
2005-05-05,-1.267
2005-05-06,0.8249
2005-05-07,
2005-05-08,
2005-05-09,0.3636
2005-05-10,-0.9964
2005-05-11,0.2745
2005-05-12,0.3193
2005-05-13,0.2729
2005-05-14,
2005-05-15,
2005-05-16,-0.1814
2005-05-17,0.1817
2005-05-18,2.0408
2005-05-19,1.2889
2005-05-20,-0.3072
2005-05-21,
2005-05-22,
2005-05-23,0.1761
2005-05-24,-0.3954
2005-05-25,-1.4557
2005-05-26,3.1334
2005-05-27,0.2604
2005-05-28,
2005-05-29,
2005-05-30,
2005-05-31,0.7792
2005-06-01,0.3436
2005-06-02,1.1985999999999999
2005-06-03,-0.7614
2005-06-04,
2005-06-05,
2005-06-06,0.8951
2005-06-07,1.0139
2005-06-08,-1.2965
2005-06-09,0.339
2005-06-10,1.098
2005-06-11,
2005-06-12,
2005-06-13,-0.3759
2005-06-14,-2.1803
2005-06-15,-1.4574
2005-06-16,1.5659
2005-06-17,1.1562999999999999
2005-06-18,
2005-06-19,
2005-06-20,0.9738
2005-06-21,0.1258
2005-06-22,0.1256
2005-06-23,-3.8059
2005-06-24,-0.4348
2005-06-25,
2005-06-26,
2005-06-27,-0.786
2005-06-28,2.3768000000000002
2005-06-29,-2.7515
2005-06-30,0.221
2005-07-01,2.6908
2005-07-02,
2005-07-03,
2005-07-04,
2005-07-05,-0.6443
2005-07-06,2.032
2005-07-07,-5.9322
2005-07-08,9.0541
2005-07-09,
2005-07-10,
2005-07-11,0.0413
2005-07-12,-1.9818
2005-07-13,-0.9267
2005-07-14,0.4252
2005-07-15,-0.508
2005-07-16,
2005-07-17,
2005-07-18,1.234
2005-07-19,3.2367
2005-07-20,-0.1221
2005-07-21,1.3045
2005-07-22,-0.2012
2005-07-23,
2005-07-24,
2005-07-25,0.2016
2005-07-26,0.5634
2005-07-27,0.2401
2005-07-28,-0.1597
2005-07-29,0.12
2005-07-30,
2005-07-31,
2005-08-01,-0.1597
2005-08-02,2.04
2005-08-03,0.392
2005-08-04,-1.2105
2005-08-05,-0.5929
2005-08-06,
2005-08-07,
2005-08-08,-0.5964
2005-08-09,1.6
2005-08-10,-0.0394
2005-08-11,-0.6696
2005-08-12,-0.3172
2005-08-13,
2005-08-14,
2005-08-15,-0.1591
2005-08-16,-0.0797
2005-08-17,-0.8373
2005-08-18,0.9248
2005-08-19,-0.3187
2005-08-20,
2005-08-21,
2005-08-22,-0.5995
2005-08-23,-0.6836
2005-08-24,-0.1619
2005-08-25,1.3382
2005-08-26,-1.3605
2005-08-27,
2005-08-28,
2005-08-29,-0.6085
2005-08-30,-0.3673
2005-08-31,-0.041
2005-09-01,2.1311
2005-09-02,1.565
2005-09-03,
2005-09-04,
2005-09-05,
2005-09-06,1.5804
2005-09-07,0.3112
2005-09-08,0.0388
2005-09-09,-0.7364
2005-09-10,
2005-09-11,
2005-09-12,0.3905
2005-09-13,-2.2948
2005-09-14,1.871
2005-09-15,-0.6643
2005-09-16,3.3438
2005-09-17,
2005-09-18,
2005-09-19,-1.7891
2005-09-20,-0.0388
2005-09-21,-0.9306
2005-09-22,-1.3699
2005-09-23,-0.0397
2005-09-24,
2005-09-25,
2005-09-26,0.397
2005-09-27,-0.7117
2005-09-28,-0.2788
2005-09-29,0.0399
2005-09-30,1.6367
2005-10-01,
2005-10-02,
2005-10-03,0.2749
2005-10-04,-0.6659
2005-10-05,-1.6167
2005-10-06,1.2024
2005-10-07,5.6238
2005-10-08,
2005-10-09,
2005-10-10,-3.8994999999999997
2005-10-11,-1.4436
2005-10-12,-0.7126
2005-10-13,0.8772
2005-10-14,2.08
2005-10-15,
2005-10-16,
2005-10-17,-0.0392
2005-10-18,0.98
2005-10-19,2.1739
2005-10-20,-0.152
2005-10-21,-0.6849
2005-10-22,
2005-10-23,
2005-10-24,1.4559
2005-10-25,-2.1148
2005-10-26,0.8488
2005-10-27,-0.0765
2005-10-28,0.1531
2005-10-29,
2005-10-30,
2005-10-31,0.5734
2005-11-01,0.6081
2005-11-02,-0.5289
2005-11-03,-0.7976
2005-11-04,0.9954
2005-11-05,
2005-11-06,
2005-11-07,0.1137
2005-11-08,0.0757
2005-11-09,0.1135
2005-11-10,0.6803
2005-11-11,-0.3003
2005-11-12,
2005-11-13,
2005-11-14,0.0753
2005-11-15,-0.0376
2005-11-16,2.7098
2005-11-17,3.4078
2005-11-18,-1.0631
2005-11-19,
2005-11-20,
2005-11-21,0.1791
2005-11-22,-0.7866
2005-11-23,-1.1532
2005-11-24,
2005-11-25,1.7135
2005-11-26,
2005-11-27,
2005-11-28,-0.7168
2005-11-29,1.9495
2005-11-30,0.7082
2005-12-01,2.4613
2005-12-02,0.1373
2005-12-03,
2005-12-04,
2005-12-05,-1.4051
2005-12-06,0.2781
2005-12-07,-0.3813
2005-12-08,-1.7397
2005-12-09,0.0354
2005-12-10,
2005-12-11,
2005-12-12,0.531
2005-12-13,-0.3873
2005-12-14,2.1209
2005-12-15,-1.1076
2005-12-16,0.07
2005-12-17,
2005-12-18,
2005-12-19,-1.3641
2005-12-20,1.3121
2005-12-21,0.56
2005-12-22,-0.2436
2005-12-23,0.977
2005-12-24,
2005-12-25,
2005-12-26,
2005-12-27,-0.311
2005-12-28,0.104
2005-12-29,-0.2424
2005-12-30,0.2083
2005-12-31,
2006-01-01,
2006-01-02,
2006-01-03,1.4894
2006-01-04,0.5461
2006-01-05,0.7468
2006-01-06,4.9528
2006-01-07,
2006-01-08,
2006-01-09,-0.2889
2006-01-10,-2.1571
2006-01-11,0.8226
2006-01-12,-0.1632
2006-01-13,-1.2422
2006-01-14,
2006-01-15,
2006-01-16,
2006-01-17,2.0854
2006-01-18,0.4864
2006-01-19,0.3227
2006-01-20,0.3216
2006-01-21,
2006-01-22,
2006-01-23,-1.4748
2006-01-24,-0.4556
2006-01-25,1.2422
2006-01-26,0.8072
2006-01-27,0.6726
2006-01-28,
2006-01-29,
2006-01-30,0.0
2006-01-31,0.3182
2006-02-01,0.6026
2006-02-02,-0.1892
2006-02-03,-0.6001
2006-02-04,
2006-02-05,
2006-02-06,1.6524
2006-02-07,0.9378
2006-02-08,0.4645
2006-02-09,-2.1578
2006-02-10,0.7246
2006-02-11,
2006-02-12,
2006-02-13,0.6569
2006-02-14,-0.9012
2006-02-15,1.4738
2006-02-16,1.4524
2006-02-17,-0.396
2006-02-18,
2006-02-19,
2006-02-20,
2006-02-21,-1.1009
2006-02-22,0.3092
2006-02-23,-0.1541
2006-02-24,0.0309
2006-02-25,
2006-02-26,
2006-02-27,1.6667
2006-02-28,-0.85
2006-03-01,-0.0919
2006-03-02,-0.0919
2006-03-03,-0.2454
2006-03-04,
2006-03-05,
2006-03-06,-0.4613
2006-03-07,-1.5137
2006-03-08,-1.0979
2006-03-09,-0.3172
2006-03-10,0.4136
2006-03-11,
2006-03-12,
2006-03-13,-0.0317
2006-03-14,0.3803
2006-03-15,0.6947
2006-03-16,-0.1568
2006-03-17,-1.0364
2006-03-18,
2006-03-19,
2006-03-20,-0.2222
2006-03-21,1.5267
2006-03-22,1.3471
2006-03-23,-0.5873
2006-03-24,-2.0522
2006-03-25,
2006-03-26,
2006-03-27,-2.1587
2006-03-28,0.2596
2006-03-29,-5.7929
2006-03-30,3.2635
2006-03-31,0.0333
2006-04-01,
2006-04-02,
2006-04-03,-0.5321
2006-04-04,1.4711
2006-04-05,-2.1417
2006-04-06,-1.0101
2006-04-07,-1.2585
2006-04-08,
2006-04-09,
2006-04-10,-0.0689
2006-04-11,-0.8962
2006-04-12,2.2261
2006-04-13,0.3403
2006-04-14,
2006-04-15,
2006-04-16,
2006-04-17,0.6443
2006-04-18,3.0323
2006-04-19,-1.2426
2006-04-20,-0.1325
2006-04-21,-0.4973
2006-04-22,
2006-04-23,
2006-04-24,-0.9997
2006-04-25,-0.202
2006-04-26,-0.1686
2006-04-27,0.3041
2006-04-28,-2.0882
2006-04-29,
2006-04-30,
2006-05-01,1.376
2006-05-02,-0.0679
2006-05-03,-0.3056
2006-05-04,-0.0341
2006-05-05,0.3407
2006-05-06,
2006-05-07,
2006-05-08,0.1698
2006-05-09,-0.3051
2006-05-10,0.306
2006-05-11,0.4068
2006-05-12,-1.5192
2006-05-13,
2006-05-14,
2006-05-15,-1.0627
2006-05-16,0.3812
2006-05-17,-1.0701
2006-05-18,-3.21
2006-05-19,-0.2163
2006-05-20,
2006-05-21,
2006-05-22,-1.5173
2006-05-23,0.3668
2006-05-24,1.7909000000000002
2006-05-25,0.6104
2006-05-26,-0.2498
2006-05-27,
2006-05-28,
2006-05-29,
2006-05-30,-0.8587
2006-05-31,1.5878999999999999
2006-06-01,-0.2487
2006-06-02,-0.6766
2006-06-03,
2006-06-04,
2006-06-05,-1.5059
2006-06-06,-0.1092
2006-06-07,-1.4942
2006-06-08,0.037
2006-06-09,0.074
2006-06-10,
2006-06-11,
2006-06-12,-1.663
2006-06-13,-2.2923999999999998
2006-06-14,-0.0769
2006-06-15,0.9623
2006-06-16,-1.7156
2006-06-17,
2006-06-18,
2006-06-19,0.7758
2006-06-20,1.1932
2006-06-21,3.8037
2006-06-22,-1.6122999999999998
2006-06-23,0.9311
2006-06-24,
2006-06-25,
2006-06-26,0.5904
2006-06-27,-0.7704
2006-06-28,1.4787
2006-06-29,2.3679
2006-06-30,0.7829
2006-07-01,
2006-07-02,
2006-07-03,0.6003
2006-07-04,
2006-07-05,-0.1755
2006-07-06,-0.7032
2006-07-07,-0.8499
2006-07-08,
2006-07-09,
2006-07-10,-0.1071
2006-07-11,-1.0011
2006-07-12,1.9863
2006-07-13,-0.6728
2006-07-14,1.1408
2006-07-15,
2006-07-16,
2006-07-17,-0.9165
2006-07-18,-0.4269
2006-07-19,3.2869
2006-07-20,-2.4559
2006-07-21,-0.9929
2006-07-22,
2006-07-23,
2006-07-24,1.0387
2006-07-25,2.0206
2006-07-26,-1.7026
2006-07-27,0.9544
2006-07-28,1.2605
2006-07-29,
2006-07-30,
2006-07-31,1.1757
2006-08-01,-2.6316
2006-08-02,0.9477
2006-08-03,1.217
2006-08-04,-0.9619
2006-08-05,
2006-08-06,
2006-08-07,-0.1041
2006-08-08,-0.7292
2006-08-09,-1.9586999999999999
2006-08-10,0.0714
2006-08-11,-1.3547
2006-08-12,
2006-08-13,
2006-08-14,0.4337
2006-08-15,0.9716
2006-08-16,2.6016
2006-08-17,0.521
2006-08-18,0.5529
2006-08-19,
2006-08-20,
2006-08-21,-1.8213
2006-08-22,-1.7851
2006-08-23,0.6415
2006-08-24,0.8499
2006-08-25,-0.4213
2006-08-26,
2006-08-27,
2006-08-28,1.2341
2006-08-29,-0.3483
2006-08-30,0.6641
2006-08-31,2.9861
2006-09-01,0.8766
2006-09-02,
2006-09-03,
2006-09-04,
2006-09-05,-0.7687
2006-09-06,-2.7619
2006-09-07,-1.6625999999999999
2006-09-08,0.7397
2006-09-09,
2006-09-10,
2006-09-11,-0.7692
2006-09-12,1.3037
2006-09-13,2.5042999999999997
2006-09-14,-0.4411
2006-09-15,-1.1588
2006-09-16,
2006-09-17,
2006-09-18,0.8966
2006-09-19,-0.5126
2006-09-20,0.9619
2006-09-21,-0.8847
2006-09-22,0.7209
2006-09-23,
2006-09-24,
2006-09-25,1.3974
2006-09-26,-0.9412
2006-09-27,-0.3733
2006-09-28,7.6294
2006-09-29,0.3481
2006-09-30,
2006-10-01,
2006-10-02,-2.7436
2006-10-03,0.2918
2006-10-04,1.3578999999999999
2006-10-05,-0.3509
2006-10-06,-1.4085
2006-10-07,
2006-10-08,
2006-10-09,2.1104
2006-10-10,1.3672
2006-10-11,1.3174000000000001
2006-10-12,-0.7825
2006-10-13,1.5773000000000001
2006-10-14,
2006-10-15,
2006-10-16,-0.8696
2006-10-17,-1.0338
2006-10-18,1.013
2006-10-19,-1.1595
2006-10-20,-0.1268
2006-10-21,
2006-10-22,
2006-10-23,1.8094999999999999
2006-10-24,0.9666
2006-10-25,0.0309
2006-10-26,1.2967
2006-10-27,-0.9753
2006-10-28,
2006-10-29,
2006-10-30,2.5854
2006-10-31,-1.2601
2006-11-01,0.2127
2006-11-02,1.0612
2006-11-03,-0.7201
2006-11-04,
2006-11-05,
2006-11-06,1.8435000000000001
2006-11-07,-1.7804
2006-11-08,1.0272
2006-11-09,-0.2093
2006-11-10,1.4984
2006-11-11,
2006-11-12,
2006-11-13,-0.2657
2006-11-14,0.9769
2006-11-15,0.7036
2006-11-16,1.8049
2006-11-17,0.5147
2006-11-18,
2006-11-19,
2006-11-20,-1.6501000000000001
2006-11-21,-0.2314
2006-11-22,-0.6669
2006-11-23,
2006-11-24,0.1751
2006-11-25,
2006-11-26,
2006-11-27,-2.9138
2006-11-28,-0.3001
2006-11-29,-0.0602
2006-11-30,1.506
2006-12-01,0.3264
2006-12-02,
2006-12-03,
2006-12-04,1.745
2006-12-05,0.843
2006-12-06,-0.5477
2006-12-07,-0.1159
2006-12-08,0.1451
2006-12-09,
2006-12-10,
2006-12-11,-1.0432
2006-12-12,1.2006000000000001
2006-12-13,0.434
2006-12-14,0.6914
2006-12-15,-0.4292
2006-12-16,
2006-12-17,
2006-12-18,-0.6609
2006-12-19,0.1157
2006-12-20,1.358
2006-12-21,4.5325
2006-12-22,-0.5999
2006-12-23,
2006-12-24,
2006-12-25,
2006-12-26,-0.4115
2006-12-27,0.6887
2006-12-28,1.9699
2006-12-29,-0.9123
2006-12-30,
2006-12-31,
2007-01-01,
2007-01-02,
2007-01-03,-1.4893
2007-01-04,2.254
2007-01-05,-1.3978
2007-01-06,
2007-01-07,
2007-01-08,1.4449
2007-01-09,-0.2419
2007-01-10,0.5927
2007-01-11,-0.4017
2007-01-12,2.1242
2007-01-13,
2007-01-14,
2007-01-15,
2007-01-16,-2.317
2007-01-17,1.1320999999999999
2007-01-18,-0.9861
2007-01-19,-1.0767
2007-01-20,
2007-01-21,
2007-01-22,-0.1905
2007-01-23,0.4362
2007-01-24,-0.3257
2007-01-25,-0.5174
2007-01-26,0.0
2007-01-27,
2007-01-28,
2007-01-29,1.095
2007-01-30,0.1895
2007-01-31,2.027
2007-02-01,0.9007
2007-02-02,1.3127
2007-02-03,
2007-02-04,
2007-02-05,0.1814
2007-02-06,-0.2587
2007-02-07,1.4003999999999999
2007-02-08,-0.665
2007-02-09,-0.1287
2007-02-10,
2007-02-11,
2007-02-12,-1.1343
2007-02-13,0.9648
2007-02-14,1.2397
2007-02-15,-1.0459
2007-02-16,-0.1031
2007-02-17,
2007-02-18,
2007-02-19,
2007-02-20,0.1032
2007-02-21,-0.825
2007-02-22,-0.4419
2007-02-23,-0.1305
2007-02-24,
2007-02-25,
2007-02-26,-0.7843
2007-02-27,-3.0303
2007-02-28,-2.9891
2007-03-01,-1.3725
2007-03-02,1.5337
2007-03-03,
2007-03-04,
2007-03-05,-2.3776
2007-03-06,0.9742
2007-03-07,-0.3405
2007-03-08,1.7654
2007-03-09,1.0352999999999999
2007-03-10,
2007-03-11,
2007-03-12,0.6923
2007-03-13,-1.8702
2007-03-14,-0.6166
2007-03-15,-1.2972000000000001
2007-03-16,0.7429
2007-03-17,
2007-03-18,
2007-03-19,1.5030999999999999
2007-03-20,1.425
2007-03-21,0.8815
2007-03-22,0.3277
2007-03-23,-0.9254
2007-03-24,
2007-03-25,
2007-03-26,0.9615
2007-03-27,-1.4422
2007-03-28,3.7824
2007-03-29,2.8997
2007-03-30,-0.3619
2007-03-31,
2007-04-01,
2007-04-02,0.6746
2007-04-03,-0.8247
2007-04-04,0.6237
2007-04-05,-0.2066
2007-04-06,
2007-04-07,
2007-04-08,
2007-04-09,-0.8023
2007-04-10,-0.6001
2007-04-11,0.1837
2007-04-12,0.655
2007-04-13,0.7288
2007-04-14,
2007-04-15,
2007-04-16,0.2067
2007-04-17,0.361
2007-04-18,-0.6166
2007-04-19,-1.0341
2007-04-20,0.5225
2007-04-21,
2007-04-22,
2007-04-23,0.2079
2007-04-24,0.4668
2007-04-25,1.5488
2007-04-26,-1.576
2007-04-27,-0.1033
2007-04-28,
2007-04-29,
2007-04-30,1.0858
2007-05-01,-0.179
2007-05-02,-0.1793
2007-05-03,0.7444
2007-05-04,-0.3822
2007-05-05,
2007-05-06,
2007-05-07,-2.046
2007-05-08,0.2872
2007-05-09,1.1976
2007-05-10,-1.3892
2007-05-11,0.0261
2007-05-12,
2007-05-13,
2007-05-14,-0.5216
2007-05-15,0.6817
2007-05-16,3.9583
2007-05-17,-0.9269
2007-05-18,0.3034
2007-05-19,
2007-05-20,
2007-05-21,-0.0252
2007-05-22,-0.1009
2007-05-23,1.0601
2007-05-24,-0.2747
2007-05-25,1.9785
2007-05-26,
2007-05-27,
2007-05-28,
2007-05-29,0.5157
2007-05-30,-0.7085
2007-05-31,0.7382
2007-06-01,0.7816
2007-06-02,
2007-06-03,
2007-06-04,-0.0485
2007-06-05,1.2367
2007-06-06,-1.7964
2007-06-07,-2.878
2007-06-08,-0.3014
2007-06-09,
2007-06-10,
2007-06-11,-0.3526
2007-06-12,-0.1517
2007-06-13,-0.0759
2007-06-14,0.1013
2007-06-15,1.2402
2007-06-16,
2007-06-17,
2007-06-18,3.775
2007-06-19,-0.2409
2007-06-20,1.5697
2007-06-21,-0.6895
2007-06-22,2.0589
2007-06-23,
2007-06-24,
2007-06-25,-1.126
2007-06-26,1.5421
2007-06-27,0.3738
2007-06-28,-0.3026
2007-06-29,0.1401
2007-06-30,
2007-07-01,
2007-07-02,-0.816
2007-07-03,-0.7522
2007-07-04,
2007-07-05,1.3974
2007-07-06,0.4438
2007-07-07,
2007-07-08,
2007-07-09,-0.3023
2007-07-10,-2.7292
2007-07-11,1.1271
2007-07-12,0.83
2007-07-13,-0.4939
2007-07-14,
2007-07-15,
2007-07-16,0.4491
2007-07-17,-1.3881999999999999
2007-07-18,0.1432
2007-07-19,2.4541
2007-07-20,0.7209
2007-07-21,
2007-07-22,
2007-07-23,1.1545
2007-07-24,-2.8304
2007-07-25,-1.5739
2007-07-26,-1.5513
2007-07-27,1.1152
2007-07-28,
2007-07-29,
2007-07-30,0.983
2007-07-31,0.0237
2007-08-01,-1.4003999999999999
2007-08-02,1.5648
2007-08-03,-2.8205999999999998
2007-08-04,
2007-08-05,
2007-08-06,1.7317
2007-08-07,0.5994
2007-08-08,-1.2869
2007-08-09,-3.9112
2007-08-10,-1.5327
2007-08-11,
2007-08-12,
2007-08-13,2.2965
2007-08-14,-1.9706000000000001
2007-08-15,-1.145
2007-08-16,-3.5779
2007-08-17,3.5770999999999997
2007-08-18,
2007-08-19,
2007-08-20,2.0619
2007-08-21,0.9343
2007-08-22,0.7255
2007-08-23,0.3974
2007-08-24,-0.9154
2007-08-25,
2007-08-26,
2007-08-27,0.3995
2007-08-28,-1.517
2007-08-29,1.6162
2007-08-30,2.1372
2007-08-31,0.2676
2007-09-01,
2007-09-02,
2007-09-03,
2007-09-04,0.364
2007-09-05,-1.0397
2007-09-06,-0.9528
2007-09-07,-1.2827
2007-09-08,
2007-09-09,
2007-09-10,-0.4248
2007-09-11,-0.7026
2007-09-12,0.3791
2007-09-13,0.1511
2007-09-14,-0.3017
2007-09-15,
2007-09-16,
2007-09-17,-1.9163000000000001
2007-09-18,-1.0796999999999999
2007-09-19,1.9231
2007-09-20,0.102
2007-09-21,1.1207
2007-09-22,
2007-09-23,
2007-09-24,-0.7557
2007-09-25,-3.4772
2007-09-26,-0.5785
2007-09-27,0.5554
2007-09-28,5.8652999999999995
2007-09-29,
2007-09-30,
2007-10-01,1.5652
2007-10-02,-2.0059
2007-10-03,-0.5991
2007-10-04,0.2762
2007-10-05,-1.0268
2007-10-06,
2007-10-07,
2007-10-08,0.5567
2007-10-09,1.3588
2007-10-10,4.7915
2007-10-11,-1.9622000000000002
2007-10-12,3.0266
2007-10-13,
2007-10-14,
2007-10-15,-2.8666
2007-10-16,-1.7805
2007-10-17,1.5893000000000002
2007-10-18,0.3422
2007-10-19,-4.3362
2007-10-20,
2007-10-21,
2007-10-22,-0.3056
2007-10-23,1.788
2007-10-24,-1.8068
2007-10-25,-1.5845
2007-10-26,1.7917
2007-10-27,
2007-10-28,
2007-10-29,0.0
2007-10-30,-1.2755
2007-10-31,0.9044
2007-11-01,-1.4597
2007-11-02,-0.2079
2007-11-03,
2007-11-04,
2007-11-05,-2.2135
2007-11-06,-3.4088
2007-11-07,-0.965
2007-11-08,-2.088
2007-11-09,-0.8814
2007-11-10,
2007-11-11,
2007-11-12,2.2949
2007-11-13,3.1969
2007-11-14,-3.3424
2007-11-15,3.0644
2007-11-16,0.3546
2007-11-17,
2007-11-18,
2007-11-19,-4.8655
2007-11-20,0.0857
2007-11-21,-1.3417
2007-11-22,
2007-11-23,1.7361
2007-11-24,
2007-11-25,
2007-11-26,-3.6405
2007-11-27,-0.2952
2007-11-28,3.1676
2007-11-29,-0.5739
2007-11-30,-0.2597
2007-12-01,
2007-12-02,
2007-12-03,-1.3021
2007-12-04,-0.7916
2007-12-05,2.2163
2007-12-06,2.1683
2007-12-07,0.283
2007-12-08,
2007-12-09,
2007-12-10,3.1038
2007-12-11,-3.5577
2007-12-12,-1.6742
2007-12-13,0.3175
2007-12-14,-2.1864
2007-12-15,
2007-12-16,
2007-12-17,0.7059
2007-12-18,3.4463
2007-12-19,-1.2987
2007-12-20,6.5217
2007-12-21,2.0408
2007-12-22,
2007-12-23,
2007-12-24,0.1316
2007-12-25,
2007-12-26,-0.2102
2007-12-27,-2.9234
2007-12-28,0.0543
2007-12-29,
2007-12-30,
2007-12-31,-2.3048
2008-01-01,
2008-01-02,0.0833
2008-01-03,-1.7194
2008-01-04,-1.4955
2008-01-05,
2008-01-06,
2008-01-07,-2.6926
2008-01-08,0.1766
2008-01-09,-0.6465
2008-01-10,-0.5915
2008-01-11,-2.4398
2008-01-12,
2008-01-13,
2008-01-14,2.2263
2008-01-15,-0.0597
2008-01-16,1.6118999999999999
2008-01-17,-1.8508
2008-01-18,1.0775
2008-01-19,
2008-01-20,
2008-01-21,
2008-01-22,-1.3918
2008-01-23,-0.6306
2008-01-24,2.3874
2008-01-25,-0.059
2008-01-26,
2008-01-27,
2008-01-28,0.2067
2008-01-29,1.7978
2008-01-30,-1.5055
2008-01-31,1.7637
2008-02-01,1.2132
2008-02-02,
2008-02-03,
2008-02-04,-2.5114
2008-02-05,-1.8735
2008-02-06,0.8652
2008-02-07,-1.8338
2008-02-08,2.2898
2008-02-09,
2008-02-10,
2008-02-11,0.6186
2008-02-12,2.9274
2008-02-13,1.9340000000000002
2008-02-14,-0.6417
2008-02-15,-2.9486
2008-02-16,
2008-02-17,
2008-02-18,
2008-02-19,0.6366
2008-02-20,-1.9550999999999998
2008-02-21,-0.7918
2008-02-22,0.5912
2008-02-23,
2008-02-24,
2008-02-25,2.1746
2008-02-26,4.5729
2008-02-27,1.8977
2008-02-28,-0.6748
2008-02-29,-4.212
2008-03-01,
2008-03-02,
2008-03-03,-1.0496
2008-03-04,-0.5734
2008-03-05,1.2399
2008-03-06,-0.9684
2008-03-07,-2.9336
2008-03-08,
2008-03-09,
2008-03-10,-2.2222
2008-03-11,3.2424
2008-03-12,-0.7044
2008-03-13,0.6503
2008-03-14,-2.0558
2008-03-15,
2008-03-16,
2008-03-17,-0.8696
2008-03-18,4.3557
2008-03-19,-0.3478
2008-03-20,0.669
2008-03-21,
2008-03-22,
2008-03-23,
2008-03-24,4.9119
2008-03-25,-2.5613
2008-03-26,-0.0565
2008-03-27,0.2545
2008-03-28,-0.3667
2008-03-29,
2008-03-30,
2008-03-31,-0.4247
2008-04-01,1.9903
2008-04-02,-0.3067
2008-04-03,1.3423
2008-04-04,1.4625
2008-04-05,
2008-04-06,
2008-04-07,1.0878
2008-04-08,2.2061
2008-04-09,-2.7112
2008-04-10,3.0032
2008-04-11,-4.0977
2008-04-12,
2008-04-13,
2008-04-14,0.1369
2008-04-15,-0.0274
2008-04-16,2.8454
2008-04-17,1.5430000000000001
2008-04-18,2.9604
2008-04-19,
2008-04-20,
2008-04-21,-2.2392
2008-04-22,-1.5356999999999998
2008-04-23,1.3481
2008-04-24,1.0694
2008-04-25,0.4903
2008-04-26,
2008-04-27,
2008-04-28,0.4109
2008-04-29,-0.844
2008-04-30,-3.1468
2008-05-01,2.2104
2008-05-02,1.7978
2008-05-03,
2008-05-04,
2008-05-05,-0.7679
2008-05-06,-0.3095
2008-05-07,-3.3635
2008-05-08,1.6064
2008-05-09,-0.527
2008-05-10,
2008-05-11,
2008-05-12,0.6623
2008-05-13,-0.5263
2008-05-14,0.6878
2008-05-15,0.4204
2008-05-16,0.157
2008-05-17,
2008-05-18,
2008-05-19,0.627
2008-05-20,-1.6874
2008-05-21,-1.7692
2008-05-22,0.2957
2008-05-23,-0.7505
2008-05-24,
2008-05-25,
2008-05-26,
2008-05-27,1.5933000000000002
2008-05-28,2.0468
2008-05-29,4.2719
2008-05-30,1.9735
2008-05-31,
2008-06-01,
2008-06-02,-0.147
2008-06-03,-0.0491
2008-06-04,-0.9082
2008-06-05,1.6349
2008-06-06,-2.8028
2008-06-07,
2008-06-08,
2008-06-09,-1.7050999999999998
2008-06-10,0.5867
2008-06-11,-2.1811
2008-06-12,0.7519
2008-06-13,0.8492
2008-06-14,
2008-06-15,
2008-06-16,0.9696
2008-06-17,-0.834
2008-06-18,-1.0449
2008-06-19,2.1375
2008-06-20,-1.3616
2008-06-21,
2008-06-22,
2008-06-23,-0.4601
2008-06-24,-1.5408
2008-06-25,2.6865
2008-06-26,-1.3208
2008-06-27,6.4093
2008-06-28,
2008-06-29,
2008-06-30,-1.4998
2008-07-01,-0.8595
2008-07-02,0.1982
2008-07-03,-0.0989
2008-07-04,
2008-07-05,
2008-07-06,
2008-07-07,-1.361
2008-07-08,2.86
2008-07-09,-2.439
2008-07-10,-0.025
2008-07-11,-2.3006
2008-07-12,
2008-07-13,
2008-07-14,0.4351
2008-07-15,-1.4016
2008-07-16,0.7754
2008-07-17,1.3593
2008-07-18,-0.3289
2008-07-19,
2008-07-20,
2008-07-21,0.5585
2008-07-22,1.54
2008-07-23,1.2183
2008-07-24,-1.2528000000000001
2008-07-25,0.9453
2008-07-26,
2008-07-27,
2008-07-28,-1.6757
2008-07-29,3.5088
2008-07-30,1.4769999999999999
2008-07-31,-0.3579
2008-08-01,-0.5029
2008-08-02,
2008-08-03,
2008-08-04,-0.361
2008-08-05,-0.2899
2008-08-06,0.0242
2008-08-07,0.9203
2008-08-08,0.168
2008-08-09,
2008-08-10,
2008-08-11,-0.1677
2008-08-12,-1.5598999999999998
2008-08-13,-0.6338
2008-08-14,0.3435
2008-08-15,0.2934
2008-08-16,
2008-08-17,
2008-08-18,-0.5607
2008-08-19,-1.0297
2008-08-20,-0.4459
2008-08-21,-0.3483
2008-08-22,1.1486
2008-08-23,
2008-08-24,
2008-08-25,-3.135
2008-08-26,1.0958
2008-08-27,2.4704
2008-08-28,1.7466
2008-08-29,0.0
2008-08-30,
2008-08-31,
2008-09-01,
2008-09-02,1.4506999999999999
2008-09-03,-4.6949
2008-09-04,-2.6257
2008-09-05,0.0514
2008-09-06,
2008-09-07,
2008-09-08,1.8737
2008-09-09,-3.4013999999999998
2008-09-10,-0.2869
2008-09-11,-4.1852
2008-09-12,0.6006
2008-09-13,
2008-09-14,
2008-09-15,-1.7096
2008-09-16,1.2976
2008-09-17,-3.8703
2008-09-18,1.7862
2008-09-19,7.9944
2008-09-20,
2008-09-21,
2008-09-22,-4.3848
2008-09-23,0.4856
2008-09-24,-1.7987
2008-09-25,1.6129
2008-09-26,6.4030000000000005
2008-09-27,
2008-09-28,
2008-09-29,-3.9191000000000003
2008-09-30,0.0
2008-10-01,-2.4737
2008-10-02,-1.5110999999999999
2008-10-03,-3.589
2008-10-04,
2008-10-05,
2008-10-06,-3.3816
2008-10-07,-6.1176
2008-10-08,1.817
2008-10-09,-6.0625
2008-10-10,-3.8589
2008-10-11,
2008-10-12,
2008-10-13,16.3668
2008-10-14,-1.8733
2008-10-15,-5.5758
2008-10-16,-0.9628
2008-10-17,1.7498
2008-10-18,
2008-10-19,
2008-10-20,1.465
2008-10-21,-2.4168
2008-10-22,-3.6346
2008-10-23,-1.8357999999999999
2008-10-24,-1.8361
2008-10-25,
2008-10-26,
2008-10-27,-4.6068999999999996
2008-10-28,9.5497
2008-10-29,2.0219
2008-10-30,4.2235
2008-10-31,3.0237
2008-11-01,
2008-11-02,
2008-11-03,-2.6021
2008-11-04,2.7027
2008-11-05,-5.1119
2008-11-06,-6.1843
2008-11-07,3.6696999999999997
2008-11-08,
2008-11-09,
2008-11-10,-1.6059999999999999
2008-11-11,-1.5323
2008-11-12,-4.9729
2008-11-13,4.5568
2008-11-14,-2.3834
2008-11-15,
2008-11-16,
2008-11-17,-3.9065
2008-11-18,3.6298
2008-11-19,-5.4291
2008-11-20,-1.0741
2008-11-21,6.739
2008-11-22,
2008-11-23,
2008-11-24,5.1912
2008-11-25,-1.8338999999999999
2008-11-26,3.8723
2008-11-27,
2008-11-28,1.308
2008-11-29,
2008-11-30,
2008-12-01,-6.1975
2008-12-02,3.3035
2008-12-03,2.8314
2008-12-04,-5.6365
2008-12-05,-2.9523
2008-12-06,
2008-12-07,
2008-12-08,0.2476
2008-12-09,2.3289
2008-12-10,-1.8276
2008-12-11,-3.1963
2008-12-12,3.7373
2008-12-13,
2008-12-14,
2008-12-15,1.5739999999999998
2008-12-16,1.584
2008-12-17,2.5084999999999997
2008-12-18,0.5622
2008-12-19,5.9191
2008-12-20,
2008-12-21,
2008-12-22,-0.652
2008-12-23,-0.9687
2008-12-24,-1.0729
2008-12-25,
2008-12-26,0.7018
2008-12-27,
2008-12-28,
2008-12-29,0.8869
2008-12-30,1.821
2008-12-31,1.1101
2009-01-01,
2009-01-02,2.6837
2009-01-03,
2009-01-04,
2009-01-05,0.4455
2009-01-06,-1.2419
2009-01-07,1.1377
2009-01-08,-1.0065
2009-01-09,0.8672
2009-01-10,
2009-01-11,
2009-01-12,-2.0753
2009-01-13,3.1487
2009-01-14,-4.7843
2009-01-15,0.6473
2009-01-16,0.0919
2009-01-17,
2009-01-18,
2009-01-19,
2009-01-20,-2.448
2009-01-21,3.4504
2009-01-22,-4.0024
2009-01-23,-0.8844
2009-01-24,
2009-01-25,
2009-01-26,2.0395
2009-01-27,1.1243
2009-01-28,2.4398
2009-01-29,-3.0148
2009-01-30,-1.8961999999999999
2009-01-31,
2009-02-01,
2009-02-02,0.7921
2009-02-03,3.3637
2009-02-04,0.6995
2009-02-05,-1.5101
2009-02-06,1.5638999999999998
2009-02-07,
2009-02-08,
2009-02-09,-0.3623
2009-02-10,-3.0
2009-02-11,-0.3749
2009-02-12,-1.3484
2009-02-13,-1.6211
2009-02-14,
2009-02-15,
2009-02-16,
2009-02-17,-2.0032
2009-02-18,2.242
2009-02-19,-0.645
2009-02-20,-2.6939
2009-02-21,
2009-02-22,
2009-02-23,-3.6358
2009-02-24,1.3846
2009-02-25,1.1949
2009-02-26,-2.2267
2009-02-27,0.7246
2009-02-28,
2009-03-01,
2009-03-02,-4.6249
2009-03-03,-0.1437
2009-03-04,1.3669
2009-03-05,-1.6324
2009-03-06,1.0101
2009-03-07,
2009-03-08,
2009-03-09,-3.25
2009-03-10,4.3189
2009-03-11,2.3355
2009-03-12,3.9073
2009-03-13,0.2329
2009-03-14,
2009-03-15,
2009-03-16,-0.4648
2009-03-17,1.6678
2009-03-18,1.542
2009-03-19,-1.357
2009-03-20,-1.0809
2009-03-21,
2009-03-22,
2009-03-23,5.0331
2009-03-24,-1.5763
2009-03-25,1.2492
2009-03-26,1.1072
2009-03-27,-13.4543
2009-03-28,
2009-03-29,
2009-03-30,0.6146
2009-03-31,-1.2217
2009-04-01,0.582
2009-04-02,0.2532
2009-04-03,1.1544
2009-04-04,
2009-04-05,
2009-04-06,0.6776
2009-04-07,-2.2671
2009-04-08,-0.5437
2009-04-09,0.984
2009-04-10,
2009-04-11,
2009-04-12,
2009-04-13,0.6857
2009-04-14,-0.3584
2009-04-15,-1.4748
2009-04-16,0.4016
2009-04-17,-1.3818
2009-04-18,
2009-04-19,
2009-04-20,-0.4056
2009-04-21,-1.2588
2009-04-22,0.4499
2009-04-23,2.9115
2009-04-24,6.1661
2009-04-25,
2009-04-26,
2009-04-27,-0.8541
2009-04-28,-0.379
2009-04-29,2.2829
2009-04-30,-0.4735
2009-05-01,1.4611
2009-05-02,
2009-05-03,
2009-05-04,2.1433
2009-05-05,-0.2623
2009-05-06,-0.8876
2009-05-07,-0.2985
2009-05-08,-2.1955999999999998
2009-05-09,
2009-05-10,
2009-05-11,0.2381
2009-05-12,-0.509
2009-05-13,-1.603
2009-05-14,0.4159
2009-05-15,-0.4833
2009-05-16,
2009-05-17,
2009-05-18,4.3704
2009-05-19,-0.2991
2009-05-20,1.1333
2009-05-21,-1.5162
2009-05-22,1.4726
2009-05-23,
2009-05-24,
2009-05-25,
2009-05-26,1.9129
2009-05-27,-1.521
2009-05-28,-1.4131
2009-05-29,-0.2333
2009-05-30,
2009-05-31,
2009-06-01,4.5773
2009-06-02,-0.2556
2009-06-03,-2.7226
2009-06-04,-0.5598
2009-06-05,1.1258
2009-06-06,
2009-06-07,
2009-06-08,-2.7177
2009-06-09,1.9184999999999999
2009-06-10,1.2219
2009-06-11,2.2838
2009-06-12,0.3828
2009-06-13,
2009-06-14,
2009-06-15,0.7944
2009-06-16,-0.7251
2009-06-17,2.6993
2009-06-18,-0.9895
2009-06-19,-0.8745
2009-06-20,
2009-06-21,
2009-06-22,-1.9534
2009-06-23,0.1607
2009-06-24,0.8341
2009-06-25,0.6682
2009-06-26,6.574
2009-06-27,
2009-06-28,
2009-06-29,-0.86
2009-06-30,0.0897
2009-07-01,0.8368
2009-07-02,-1.7783
2009-07-03,
2009-07-04,
2009-07-05,
2009-07-06,-0.0302
2009-07-07,-1.6903000000000001
2009-07-08,0.2456
2009-07-09,-0.7963
2009-07-10,0.9571
2009-07-11,
2009-07-12,
2009-07-13,2.0183
2009-07-14,1.0492
2009-07-15,0.9789
2009-07-16,0.9694
2009-07-17,0.1746
2009-07-18,
2009-07-19,
2009-07-20,-0.2904
2009-07-21,-0.233
2009-07-22,-1.3139
2009-07-23,3.9053
2009-07-24,0.9681
2009-07-25,
2009-07-26,
2009-07-27,-0.987
2009-07-28,0.4557
2009-07-29,-0.8789
2009-07-30,0.4577
2009-07-31,-0.1424
2009-08-01,
2009-08-02,
2009-08-03,2.5948
2009-08-04,-0.8894
2009-08-05,-0.7852
2009-08-06,-0.6501
2009-08-07,1.4224999999999999
2009-08-08,
2009-08-09,
2009-08-10,0.7854
2009-08-11,-1.1411
2009-08-12,0.7883
2009-08-13,1.5363
2009-08-14,-0.6327
2009-08-15,
2009-08-16,
2009-08-17,-0.4983
2009-08-18,1.0017
2009-08-19,0.7438
2009-08-20,-0.6289
2009-08-21,-2.4215999999999998
2009-08-22,
2009-08-23,
2009-08-24,0.282
2009-08-25,-2.5872
2009-08-26,1.2413
2009-08-27,0.1426
2009-08-28,-2.6196
2009-08-29,
2009-08-30,
2009-08-31,-3.5088
2009-09-01,0.6364
2009-09-02,0.3613
2009-09-03,3.2403
2009-09-04,0.8137
2009-09-05,
2009-09-06,
2009-09-07,
2009-09-08,-0.5477
2009-09-09,0.7246
2009-09-10,1.1223
2009-09-11,1.5936
2009-09-12,
2009-09-13,
2009-09-14,0.3081
2009-09-15,0.0
2009-09-16,1.7593
2009-09-17,-0.494
2009-09-18,-1.1583
2009-09-19,
2009-09-20,
2009-09-21,0.6138
2009-09-22,2.4404
2009-09-23,-1.4618
2009-09-24,-1.2088
2009-09-25,0.4449
2009-09-26,
2009-09-27,
2009-09-28,4.9003
2009-09-29,-1.6891
2009-09-30,0.0537
2009-10-01,-1.9855
2009-10-02,2.6554
2009-10-03,
2009-10-04,
2009-10-05,1.3067
2009-10-06,0.895
2009-10-07,0.2087
2009-10-08,1.9005
2009-10-09,-0.1788
2009-10-10,
2009-10-11,
2009-10-12,1.1262
2009-10-13,-0.2278
2009-10-14,1.4967
2009-10-15,-1.1717
2009-10-16,0.8247
2009-10-17,
2009-10-18,
2009-10-19,-1.0992
2009-10-20,-1.3957
2009-10-21,0.6291
2009-10-22,-1.9015
2009-10-23,0.2921
2009-10-24,
2009-10-25,
2009-10-26,-0.9796
2009-10-27,-0.107
2009-10-28,-0.2409
2009-10-29,0.9123
2009-10-30,-1.4092
2009-10-31,
2009-11-01,
2009-11-02,1.5372
2009-11-03,1.3014999999999999
2009-11-04,0.9701
2009-11-05,1.1945000000000001
2009-11-06,0.7185
2009-11-07,
2009-11-08,
2009-11-09,1.8599
2009-11-10,-1.4007
2009-11-11,-0.8118
2009-11-12,0.8696
2009-11-13,0.2789
2009-11-14,
2009-11-15,
2009-11-16,0.9355
2009-11-17,0.8267
2009-11-18,-0.6211
2009-11-19,-0.625
2009-11-20,0.2013
2009-11-21,
2009-11-22,
2009-11-23,1.7826
2009-11-24,0.0
2009-11-25,0.0987
2009-11-26,
2009-11-27,-0.1725
2009-11-28,
2009-11-29,
2009-11-30,1.3083
2009-12-01,1.1209
2009-12-02,1.2771
2009-12-03,-0.3569
2009-12-04,1.5758999999999999
2009-12-05,
2009-12-06,
2009-12-07,0.6112
2009-12-08,0.1636
2009-12-09,-1.4696
2009-12-10,1.0417
2009-12-11,-1.5933000000000002
2009-12-12,
2009-12-13,
2009-12-14,-0.0952
2009-12-15,-1.2393
2009-12-16,0.9653
2009-12-17,-0.4302
2009-12-18,-0.6961
2009-12-19,
2009-12-20,
2009-12-21,-1.7887
2009-12-22,0.6153
2009-12-23,0.954
2009-12-24,0.2908
2009-12-25,
2009-12-26,
2009-12-27,
2009-12-28,1.1114
2009-12-29,-0.0478
2009-12-30,-0.3347
2009-12-31,-0.4557
2010-01-01,
2010-01-02,
2010-01-03,
2010-01-04,1.3735
2010-01-05,0.618
2010-01-06,1.0631
2010-01-07,-0.0935
2010-01-08,-0.3978
2010-01-09,
2010-01-10,
2010-01-11,-0.094
2010-01-12,-0.6348
2010-01-13,1.1358
2010-01-14,0.8891
2010-01-15,-0.7189
2010-01-16,
2010-01-17,
2010-01-18,
2010-01-19,2.1957
2010-01-20,-0.5486
2010-01-21,-0.9653
2010-01-22,-2.1119
2010-01-23,
2010-01-24,
2010-01-25,-0.7112
2010-01-26,-0.1194
2010-01-27,0.2391
2010-01-28,-1.5264
2010-01-29,-0.7266
2010-01-30,
2010-01-31,
2010-02-01,0.4879
2010-02-02,1.0439
2010-02-03,-0.0481
2010-02-04,-2.3798
2010-02-05,-0.1724
2010-02-06,
2010-02-07,
2010-02-08,-0.9127
2010-02-09,0.1743
2010-02-10,-0.5467
2010-02-11,0.6247
2010-02-12,0.5463
2010-02-13,
2010-02-14,
2010-02-15,
2010-02-16,0.8644
2010-02-17,-0.1224
2010-02-18,1.2748
2010-02-19,-1.0651
2010-02-20,
2010-02-21,
2010-02-22,-0.416
2010-02-23,-1.0811
2010-02-24,0.0497
2010-02-25,-1.3158
2010-02-26,0.5535
2010-02-27,
2010-02-28,
2010-03-01,0.3002
2010-03-02,1.2721
2010-03-03,0.0985
2010-03-04,0.6644
2010-03-05,0.66
2010-03-06,
2010-03-07,
2010-03-08,0.6799
2010-03-09,1.4472
2010-03-10,0.0
2010-03-11,-0.1427
2010-03-12,0.2857
2010-03-13,
2010-03-14,
2010-03-15,0.9022
2010-03-16,-1.1764999999999999
2010-03-17,0.5714
2010-03-18,0.0947
2010-03-19,-0.5203
2010-03-20,
2010-03-21,
2010-03-22,0.8797
2010-03-23,-0.0707
2010-03-24,-1.4386999999999999
2010-03-25,-0.6461
2010-03-26,2.1195
2010-03-27,
2010-03-28,
2010-03-29,-0.2358
2010-03-30,-0.2128
2010-03-31,-0.616
2010-04-01,-0.2622
2010-04-02,
2010-04-03,
2010-04-04,
2010-04-05,0.2868
2010-04-06,-1.0486
2010-04-07,0.0963
2010-04-08,0.8181
2010-04-09,2.2196
2010-04-10,
2010-04-11,
2010-04-12,0.5604
2010-04-13,0.0697
2010-04-14,0.7309
2010-04-15,0.4647
2010-04-16,-0.2081
2010-04-17,
2010-04-18,
2010-04-19,-0.7416
2010-04-20,1.9612
2010-04-21,0.7099
2010-04-22,-0.1364
2010-04-23,1.7077
2010-04-24,
2010-04-25,
2010-04-26,-1.3432
2010-04-27,-1.9741
2010-04-28,0.7407
2010-04-29,1.5394999999999999
2010-04-30,-1.2446
2010-05-01,
2010-05-02,
2010-05-03,0.2521
2010-05-04,-1.7143000000000002
2010-05-05,-1.9302000000000001
2010-05-06,-2.5611
2010-05-07,-1.8739
2010-05-08,
2010-05-09,
2010-05-10,1.8105
2010-05-11,0.2436
2010-05-12,0.7533
2010-05-13,-1.5436999999999999
2010-05-14,-4.4831
2010-05-15,
2010-05-16,
2010-05-17,2.1288
2010-05-18,-1.4062999999999999
2010-05-19,-0.0509
2010-05-20,-3.262
2010-05-21,0.4742
2010-05-22,
2010-05-23,
2010-05-24,0.5244
2010-05-25,-1.0694
2010-05-26,-1.3709
2010-05-27,2.2454
2010-05-28,-1.9085
2010-05-29,
2010-05-30,
2010-05-31,
2010-06-01,-2.1588
2010-06-02,0.3269
2010-06-03,2.7695
2010-06-04,-2.4306
2010-06-05,
2010-06-06,
2010-06-07,-1.029
2010-06-08,-0.301
2010-06-09,0.0
2010-06-10,3.348
2010-06-11,-0.0531
2010-06-12,
2010-06-13,
2010-06-14,0.4251
2010-06-15,1.9577
2010-06-16,0.3892
2010-06-17,-0.5169
2010-06-18,1.1432
2010-06-19,
2010-06-20,
2010-06-21,-0.3082
2010-06-22,-1.4687000000000001
2010-06-23,-0.1831
2010-06-24,-1.6242999999999999
2010-06-25,7.9893
2010-06-26,
2010-06-27,
2010-06-28,-2.0469
2010-06-29,-2.6939
2010-06-30,0.0
2010-07-01,-0.9573
2010-07-02,-0.8882
2010-07-03,
2010-07-04,
2010-07-05,
2010-07-06,1.2388
2010-07-07,2.213
2010-07-08,0.2038
2010-07-09,0.2034
2010-07-10,
2010-07-11,
2010-07-12,0.7864
2010-07-13,1.3088
2010-07-14,-0.3727
2010-07-15,-0.1995
2010-07-16,-2.5487
2010-07-17,
2010-07-18,
2010-07-19,0.4359
2010-07-20,-0.6893
2010-07-21,-0.7455
2010-07-22,2.9785
2010-07-23,1.5594000000000001
2010-07-24,
2010-07-25,
2010-07-26,0.2476
2010-07-27,-0.3706
2010-07-28,-1.1654
2010-07-29,-1.5304
2010-07-30,0.9936
2010-07-31,
2010-08-01,
2010-08-02,1.7407
2010-08-03,-0.8182
2010-08-04,0.85
2010-08-05,-0.9172
2010-08-06,0.7506
2010-08-07,
2010-08-08,
2010-08-09,0.745
2010-08-10,-0.2465
2010-08-11,-1.1861
2010-08-12,-1.3253
2010-08-13,-1.5459
2010-08-14,
2010-08-15,
2010-08-16,0.1544
2010-08-17,1.9275
2010-08-18,0.0
2010-08-19,-1.9163000000000001
2010-08-20,-1.2339
2010-08-21,
2010-08-22,
2010-08-23,-1.0932
2010-08-24,-2.1316
2010-08-25,0.242
2010-08-26,-0.3755
2010-08-27,0.1616
2010-08-28,
2010-08-29,
2010-08-30,-0.8065
2010-08-31,-0.813
2010-09-01,2.1858
2010-09-02,1.5775000000000001
2010-09-03,1.553
2010-09-04,
2010-09-05,
2010-09-06,
2010-09-07,-0.5962
2010-09-08,-0.5737
2010-09-09,0.2098
2010-09-10,1.5964
2010-09-11,
2010-09-12,
2010-09-13,0.6955
2010-09-14,0.307
2010-09-15,1.0967
2010-09-16,0.5802
2010-09-17,1.7306
2010-09-18,
2010-09-19,
2010-09-20,2.4408
2010-09-21,-0.0241
2010-09-22,1.7332999999999998
2010-09-23,0.4023
2010-09-24,-1.2490999999999999
2010-09-25,
2010-09-26,
2010-09-27,-0.5251
2010-09-28,0.5758
2010-09-29,0.9065
2010-09-30,0.4492
2010-10-01,4.4481
2010-10-02,
2010-10-03,
2010-10-04,0.0225
2010-10-05,1.7121
2010-10-06,0.1107
2010-10-07,1.4159
2010-10-08,-0.1309
2010-10-09,
2010-10-10,
2010-10-11,-0.4806
2010-10-12,0.3731
2010-10-13,-0.0656
2010-10-14,0.3978
2010-10-15,-0.3082
2010-10-16,
2010-10-17,
2010-10-18,0.3091
2010-10-19,0.044
2010-10-20,0.242
2010-10-21,0.417
2010-10-22,-0.2404
2010-10-23,
2010-10-24,
2010-10-25,-0.241
2010-10-26,-1.0542
2010-10-27,-0.3996
2010-10-28,0.0891
2010-10-29,-0.4453
2010-10-30,
2010-10-31,
2010-11-01,0.5815
2010-11-02,0.0445
2010-11-03,0.778
2010-11-04,0.7278
2010-11-05,0.0
2010-11-06,
2010-11-07,
2010-11-08,-1.5108000000000001
2010-11-09,0.7114
2010-11-10,0.4415
2010-11-11,-2.7692
2010-11-12,-1.9891999999999999
2010-11-13,
2010-11-14,
2010-11-15,2.0295
2010-11-16,-0.6555
2010-11-17,0.3413
2010-11-18,0.5215
2010-11-19,-0.2707
2010-11-20,
2010-11-21,
2010-11-22,-0.6107
2010-11-23,-0.5234
2010-11-24,1.0981
2010-11-25,
2010-11-26,-0.792
2010-11-27,
2010-11-28,
2010-11-29,0.1369
2010-11-30,-1.3212
2010-12-01,1.5697
2010-12-02,0.7045
2010-12-03,-0.2031
2010-12-04,
2010-12-05,
2010-12-06,0.2488
2010-12-07,1.4888
2010-12-08,0.0445
2010-12-09,-0.8887
2010-12-10,2.3537
2010-12-11,
2010-12-12,
2010-12-13,0.5256
2010-12-14,1.4815
2010-12-15,-1.0305
2010-12-16,1.2364
2010-12-17,7.8209
2010-12-18,
2010-12-19,
2010-12-20,-3.2393
2010-12-21,0.0822
2010-12-22,-0.1847
2010-12-23,-0.6168
2010-12-24,
2010-12-25,
2010-12-26,
2010-12-27,-0.1862
2010-12-28,-0.5596
2010-12-29,1.3338999999999999
2010-12-30,-0.4114
2010-12-31,0.1446
2011-01-01,
2011-01-02,
2011-01-03,0.2062
2011-01-04,-0.6586
2011-01-05,0.0207
2011-01-06,0.3728
2011-01-07,0.1651
2011-01-08,
2011-01-09,
2011-01-10,-0.8859
2011-01-11,1.3719000000000001
2011-01-12,2.2965
2011-01-13,-0.0401
2011-01-14,0.2607
2011-01-15,
2011-01-16,
2011-01-17,
2011-01-18,0.7
2011-01-19,-0.2979
2011-01-20,1.8725
2011-01-21,-0.1955
2011-01-22,
2011-01-23,
2011-01-24,0.8425
2011-01-25,0.4857
2011-01-26,1.2181
2011-01-27,0.0191
2011-01-28,-1.6042999999999998
2011-01-29,
2011-01-30,
2011-01-31,-0.097
2011-02-01,1.7486000000000002
2011-02-02,0.3628
2011-02-03,0.4186
2011-02-04,-0.4358
2011-02-05,
2011-02-06,
2011-02-07,0.2284
2011-02-08,-0.057
2011-02-09,0.114
2011-02-10,0.5503
2011-02-11,-1.1134
2011-02-12,
2011-02-13,
2011-02-14,0.0191
2011-02-15,-0.8014
2011-02-16,2.7313
2011-02-17,1.1796
2011-02-18,-0.7957
2011-02-19,
2011-02-20,
2011-02-21,
2011-02-22,-2.313
2011-02-23,-2.1195
2011-02-24,0.9559
2011-02-25,0.8309
2011-02-26,
2011-02-27,
2011-02-28,-1.3415
2011-03-01,-0.6216
2011-03-02,-0.0195
2011-03-03,3.6755
2011-03-04,-0.7166
2011-03-05,
2011-03-06,
2011-03-07,-0.4938
2011-03-08,-0.2481
2011-03-09,-0.421
2011-03-10,-1.249
2011-03-11,0.3697
2011-03-12,
2011-03-13,
2011-03-14,-0.252
2011-03-15,-2.7794
2011-03-16,-2.0792
2011-03-17,0.0817
2011-03-18,2.5092
2011-03-19,
2011-03-20,
2011-03-21,0.199
2011-03-22,0.0
2011-03-23,0.6356
2011-03-24,2.5459
2011-03-25,4.4842
2011-03-26,
2011-03-27,
2011-03-28,-1.3078
2011-03-29,1.2878
2011-03-30,0.9582
2011-03-31,0.3285
2011-04-01,-0.1819
2011-04-02,
2011-04-03,
2011-04-04,0.3645
2011-04-05,-0.2542
2011-04-06,-0.4551
2011-04-07,0.2926
2011-04-08,0.4741
2011-04-09,
2011-04-10,
2011-04-11,1.6334
2011-04-12,-0.2857
2011-04-13,2.0774
2011-04-14,-1.7507000000000001
2011-04-15,-1.6019
2011-04-16,
2011-04-17,
2011-04-18,-0.3292
2011-04-19,1.67
2011-04-20,1.1733
2011-04-21,1.3559
2011-04-22,
2011-04-23,
2011-04-24,
2011-04-25,-0.4753
2011-04-26,0.283
2011-04-27,0.2998
2011-04-28,0.211
2011-04-29,0.2457
2011-04-30,
2011-05-01,
2011-05-02,1.6279
2011-05-03,-3.6342
2011-05-04,-0.0715
2011-05-05,-1.7528000000000001
2011-05-06,0.4005
2011-05-07,
2011-05-08,
2011-05-09,1.0698
2011-05-10,2.1887
2011-05-11,-1.1938
2011-05-12,0.5686
2011-05-13,-1.5194
2011-05-14,
2011-05-15,
2011-05-16,0.7356
2011-05-17,1.0508
2011-05-18,0.3172
2011-05-19,0.0351
2011-05-20,0.843
2011-05-21,
2011-05-22,
2011-05-23,-1.8809
2011-05-24,0.0887
2011-05-25,0.3547
2011-05-26,0.7775
2011-05-27,-0.2104
2011-05-28,
2011-05-29,
2011-05-30,
2011-05-31,0.8434
2011-06-01,-0.7144
2011-06-02,-0.2984
2011-06-03,-1.7427000000000001
2011-06-04,
2011-06-05,
2011-06-06,-0.0717
2011-06-07,0.8785
2011-06-08,-0.9419
2011-06-09,1.0944
2011-06-10,-1.4374
2011-06-11,
2011-06-12,
2011-06-13,0.7022
2011-06-14,2.1277
2011-06-15,-2.9937
2011-06-16,-2.5808
2011-06-17,-0.0556
2011-06-18,
2011-06-19,
2011-06-20,0.0185
2011-06-21,1.5382
2011-06-22,0.8396
2011-06-23,0.7964
2011-06-24,2.3882
2011-06-25,
2011-06-26,
2011-06-27,1.3504
2011-06-28,3.2185
2011-06-29,0.4359
2011-06-30,0.8513
2011-07-01,0.7448
2011-07-02,
2011-07-03,
2011-07-04,
2011-07-05,1.4457
2011-07-06,0.5668
2011-07-07,2.1578
2011-07-08,-0.0158
2011-07-09,
2011-07-10,
2011-07-11,-3.0585
2011-07-12,-0.7156
2011-07-13,-0.6224
2011-07-14,0.2637
2011-07-15,-0.2137
2011-07-16,
2011-07-17,
2011-07-18,-1.1862
2011-07-19,2.7009
2011-07-20,-0.3409
2011-07-21,0.5701
2011-07-22,-0.7451
2011-07-23,
2011-07-24,
2011-07-25,-0.1632
2011-07-26,0.2615
2011-07-27,-2.5921
2011-07-28,-0.1004
2011-07-29,-0.9214
2011-07-30,
2011-07-31,
2011-08-01,-0.3044
2011-08-02,-1.6113
2011-08-03,2.7409
2011-08-04,-4.396
2011-08-05,0.4037
2011-08-06,
2011-08-07,
2011-08-08,-7.0792
2011-08-09,3.2543
2011-08-10,-5.6477
2011-08-11,4.2672
2011-08-12,1.1296
2011-08-13,
2011-08-14,
2011-08-15,1.4832
2011-08-16,-1.0826
2011-08-17,-0.5472
2011-08-18,-10.3815
2011-08-19,-2.9063
2011-08-20,
2011-08-21,
2011-08-22,2.2344
2011-08-23,4.0619
2011-08-24,1.0105
2011-08-25,-0.4512
2011-08-26,1.6749
2011-08-27,
2011-08-28,
2011-08-29,2.6357
2011-08-30,2.0204
2011-08-31,-0.8144
2011-09-01,-1.2876
2011-09-02,-2.7032
2011-09-03,
2011-09-04,
2011-09-05,
2011-09-06,-1.4572
2011-09-07,2.918
2011-09-08,-0.0575
2011-09-09,-4.5045
2011-09-10,
2011-09-11,
2011-09-12,0.4014
2011-09-13,1.6793
2011-09-14,0.8061
2011-09-15,3.4133
2011-09-16,3.7721999999999998
2011-09-17,
2011-09-18,
2011-09-19,-0.7634
2011-09-20,-0.3297
2011-09-21,-1.8927
2011-09-22,-5.6752
2011-09-23,0.0993
2011-09-24,
2011-09-25,
2011-09-26,2.9954
2011-09-27,3.332
2011-09-28,0.3355
2011-09-29,1.1332
2011-09-30,-3.2329
2011-10-01,
2011-10-02,
2011-10-03,-2.0121
2011-10-04,5.1143
2011-10-05,1.0874
2011-10-06,0.8204
2011-10-07,1.1212
2011-10-08,
2011-10-09,
2011-10-10,2.6288
2011-10-11,-0.6447
2011-10-12,1.8853
2011-10-13,-0.418
2011-10-14,2.8332
2011-10-15,
2011-10-16,
2011-10-17,-1.8027
2011-10-18,-0.4676
2011-10-19,-0.2262
2011-10-20,-0.436
2011-10-21,1.7341
2011-10-22,
2011-10-23,
2011-10-24,0.4993
2011-10-25,-0.3426
2011-10-26,0.0688
2011-10-27,5.0507
2011-10-28,0.9975
2011-10-29,
2011-10-30,
2011-10-31,-2.4288
2011-11-01,-4.6465
2011-11-02,1.7751000000000001
2011-11-03,1.2654
2011-11-04,-1.6548
2011-11-05,
2011-11-06,
2011-11-07,-0.4121
2011-11-08,1.5345
2011-11-09,-3.7018
2011-11-10,0.5114
2011-11-11,3.4561
2011-11-12,
2011-11-13,
2011-11-14,-2.4589
2011-11-15,0.7128
2011-11-16,-1.7262
2011-11-17,-2.1605
2011-11-18,-1.0772
2011-11-19,
2011-11-20,
2011-11-21,-0.0726
2011-11-22,-0.4177
2011-11-23,-2.1886
2011-11-24,
2011-11-25,0.1305
2011-11-26,
2011-11-27,
2011-11-28,2.9609
2011-11-29,0.5064
2011-11-30,4.2469
2011-12-01,0.069
2011-12-02,0.7073
2011-12-03,
2011-12-04,
2011-12-05,1.6101
2011-12-06,-0.2529
2011-12-07,-1.0647
2011-12-08,-3.1944
2011-12-09,3.5998
2011-12-10,
2011-12-11,
2011-12-12,-0.8346
2011-12-13,-0.4981
2011-12-14,-3.2798
2011-12-15,0.1785
2011-12-16,-3.5275
2011-12-17,
2011-12-18,
2011-12-19,-1.2004
2011-12-20,1.3832
2011-12-21,-4.0376
2011-12-22,1.0183
2011-12-23,0.5896
2011-12-24,
2011-12-25,
2011-12-26,
2011-12-27,0.0756
2011-12-28,-0.1323
2011-12-29,1.854
2011-12-30,-1.133
2011-12-31,
2012-01-01,
2012-01-02,
2012-01-03,-0.526
2012-01-04,-0.0378
2012-01-05,-1.9082
2012-01-06,-0.1733
2012-01-07,
2012-01-08,
2012-01-09,-0.1736
2012-01-10,1.7201
2012-01-11,1.9761
2012-01-12,0.5031
2012-01-13,-1.2792
2012-01-14,
2012-01-15,
2012-01-16,
2012-01-17,0.4507
2012-01-18,2.7295
2012-01-19,-0.273
2012-01-20,1.8431
2012-01-21,
2012-01-22,
2012-01-23,1.2005
2012-01-24,0.2656
2012-01-25,0.9889
2012-01-26,-0.4721
2012-01-27,-0.8784
2012-01-28,
2012-01-29,
2012-01-30,1.1343
2012-01-31,0.4907
2012-02-01,1.8835
2012-02-02,-1.1126
2012-02-03,0.9347
2012-02-04,
2012-02-05,
2012-02-06,-1.1147
2012-02-07,0.5203
2012-02-08,-1.5354999999999999
2012-02-09,0.5958
2012-02-10,-0.7838
2012-02-11,
2012-02-12,
2012-02-13,0.79
2012-02-14,0.0871
2012-02-15,0.7309
2012-02-16,0.9848
2012-02-17,-0.0342
2012-02-18,
2012-02-19,
2012-02-20,
2012-02-21,-0.4963
2012-02-22,0.6708
2012-02-23,1.5034999999999998
2012-02-24,0.404
2012-02-25,
2012-02-26,
2012-02-27,0.0168
2012-02-28,0.1676
2012-02-29,-0.3681
2012-03-01,0.2351
2012-03-02,-0.134
2012-03-03,
2012-03-04,
2012-03-05,2.1477
2012-03-06,-2.3325
2012-03-07,0.2523
2012-03-08,1.1072
2012-03-09,0.9789
2012-03-10,
2012-03-11,
2012-03-12,0.4765
2012-03-13,2.0605
2012-03-14,0.3205
2012-03-15,1.6291
2012-03-16,-0.0157
2012-03-17,
2012-03-18,
2012-03-19,-0.3301
2012-03-20,-0.5204
2012-03-21,1.0621
2012-03-22,-0.3608
2012-03-23,2.1411
2012-03-24,
2012-03-25,
2012-03-26,1.5567
2012-03-27,-0.6526
2012-03-28,-1.4665
2012-03-29,0.0
2012-03-30,0.0
2012-03-31,
2012-04-01,
2012-04-02,1.5349
2012-04-03,-0.8246
2012-04-04,-0.7852
2012-04-05,0.5431
2012-04-06,
2012-04-07,
2012-04-08,
2012-04-09,-1.6206
2012-04-10,-0.9256
2012-04-11,1.8131
2012-04-12,0.8016
2012-04-13,-2.4637000000000002
2012-04-14,
2012-04-15,
2012-04-16,-1.0711
2012-04-17,3.7169
2012-04-18,-0.966
2012-04-19,-0.8024
2012-04-20,0.5551
2012-04-21,
2012-04-22,
2012-04-23,-0.5836
2012-04-24,-0.3332
2012-04-25,1.9739
2012-04-26,0.4371
2012-04-27,1.0569
2012-04-28,
2012-04-29,
2012-04-30,-0.1077
2012-05-01,0.077
2012-05-02,0.2
2012-05-03,-1.4126
2012-05-04,-2.4918
2012-05-05,
2012-05-06,
2012-05-07,-3.8173
2012-05-08,-1.4613
2012-05-09,-0.2022
2012-05-10,-0.8781
2012-05-11,-0.1533
2012-05-12,
2012-05-13,
2012-05-14,0.3412
2012-05-15,0.204
2012-05-16,0.3224
2012-05-17,-1.2348
2012-05-18,-1.2673
2012-05-19,
2012-05-20,
2012-05-21,2.4631
2012-05-22,-0.237
2012-05-23,-0.0339
2012-05-24,-1.5617
2012-05-25,-0.9484
2012-05-26,
2012-05-27,
2012-05-28,
2012-05-29,1.6886999999999999
2012-05-30,-1.1813
2012-05-31,-1.0742
2012-06-01,-3.1874000000000002
2012-06-02,
2012-06-03,
2012-06-04,1.5194999999999999
2012-06-05,1.1048
2012-06-06,2.9609
2012-06-07,0.7532
2012-06-08,-0.5607
2012-06-09,
2012-06-10,
2012-06-11,-2.2211
2012-06-12,0.2097
2012-06-13,-0.7323
2012-06-14,1.5985
2012-06-15,2.1438
2012-06-16,
2012-06-17,
2012-06-18,-0.3385
2012-06-19,1.6135000000000002
2012-06-20,-0.4011
2012-06-21,-4.9169
2012-06-22,1.5884
2012-06-23,
2012-06-24,
2012-06-25,-1.9284
2012-06-26,0.0
2012-06-27,-1.0275
2012-06-28,1.3603
2012-06-29,6.1098
2012-06-30,
2012-07-01,
2012-07-02,0.6657
2012-07-03,0.9919
2012-07-04,
2012-07-05,-1.3423
2012-07-06,-3.0362999999999998
2012-07-07,
2012-07-08,
2012-07-09,-1.078
2012-07-10,-1.4357
2012-07-11,0.2633
2012-07-12,0.2451
2012-07-13,1.3794
2012-07-14,
2012-07-15,
2012-07-16,-0.0172
2012-07-17,0.4307
2012-07-18,1.0977999999999999
2012-07-19,0.6956
2012-07-20,-0.5897
2012-07-21,
2012-07-22,
2012-07-23,-2.1186
2012-07-24,-0.8312
2012-07-25,0.6984
2012-07-26,2.6704
2012-07-27,2.0605
2012-07-28,
2012-07-29,
2012-07-30,-0.0827
2012-07-31,-0.1325
2012-08-01,-0.1658
2012-08-02,-1.9435
2012-08-03,2.2362
2012-08-04,
2012-08-05,
2012-08-06,0.464
2012-08-07,0.5278
2012-08-08,1.3946
2012-08-09,-0.4045
2012-08-10,0.13
2012-08-11,
2012-08-12,
2012-08-13,-0.2109
2012-08-14,-0.3902
2012-08-15,-0.7183
2012-08-16,0.5426
2012-08-17,-0.1145
2012-08-18,
2012-08-19,
2012-08-20,-0.4748
2012-08-21,0.3126
2012-08-22,0.9347
2012-08-23,-1.1698
2012-08-24,1.1507
2012-08-25,
2012-08-26,
2012-08-27,-0.4551
2012-08-28,-0.6531
2012-08-29,0.2794
2012-08-30,0.213
2012-08-31,0.7359
2012-09-01,
2012-09-02,
2012-09-03,
2012-09-04,-0.8766
2012-09-05,0.4749
2012-09-06,4.1076
2012-09-07,0.8924
2012-09-08,
2012-09-09,
2012-09-10,-0.6518
2012-09-11,1.3433
2012-09-12,0.447
2012-09-13,0.9667
2012-09-14,0.1368
2012-09-15,
2012-09-16,
2012-09-17,-0.4401
2012-09-18,-0.4726
2012-09-19,0.2297
2012-09-20,-0.382
2012-09-21,0.092
2012-09-22,
2012-09-23,
2012-09-24,0.8123
2012-09-25,-1.3226
2012-09-26,-0.8627
2012-09-27,1.6006
2012-09-28,7.1123
2012-09-29,
2012-09-30,
2012-10-01,-0.1142
2012-10-02,0.4289
2012-10-03,0.3274
2012-10-04,1.2911000000000001
2012-10-05,-0.9105
2012-10-06,
2012-10-07,
2012-10-08,0.4241
2012-10-09,-0.9009
2012-10-10,-0.0568
2012-10-11,-0.1869
2012-10-12,0.0
2012-10-13,
2012-10-14,
2012-10-15,1.0804
2012-10-16,0.8266
2012-10-17,-1.4134
2012-10-18,-1.2186
2012-10-19,-1.6691
2012-10-20,
2012-10-21,
2012-10-22,0.1181
2012-10-23,-1.2826
2012-10-24,-0.9558
2012-10-25,0.5127
2012-10-26,0.6751
2012-10-27,
2012-10-28,
2012-10-29,
2012-10-30,
2012-10-31,0.447
2012-11-01,2.1065
2012-11-02,-1.3366
2012-11-03,
2012-11-04,
2012-11-05,-0.0442
2012-11-06,1.2227000000000001
2012-11-07,-3.0272
2012-11-08,-1.0206
2012-11-09,-0.2123
2012-11-10,
2012-11-11,
2012-11-12,1.2612
2012-11-13,-0.5402
2012-11-14,-1.8558
2012-11-15,-0.7071
2012-11-16,2.4772
2012-11-17,
2012-11-18,
2012-11-19,1.3144
2012-11-20,-0.6412
2012-11-21,1.3958
2012-11-22,
2012-11-23,0.9177
2012-11-24,
2012-11-25,
2012-11-26,-0.748
2012-11-27,-0.4729
2012-11-28,0.9948
2012-11-29,0.4852
2012-11-30,-0.6291
2012-12-01,
2012-12-02,
2012-12-03,-0.1325
2012-12-04,1.1499
2012-12-05,1.4429
2012-12-06,0.2874
2012-12-07,-0.4585
2012-12-08,
2012-12-09,
2012-12-10,0.0432
2012-12-11,1.899
2012-12-12,-0.4518
2012-12-13,-1.3473
2012-12-14,0.9344
2012-12-15,
2012-12-16,
2012-12-17,1.5952
2012-12-18,-0.2944
2012-12-19,-1.0124
2012-12-20,-1.9602
2012-12-21,-2.3182
2012-12-22,
2012-12-23,
2012-12-24,-0.712
2012-12-25,
2012-12-26,-0.971
2012-12-27,-0.1056
2012-12-28,-0.8457
2012-12-29,
2012-12-30,
2012-12-31,1.2793
2013-01-01,
2013-01-02,3.8496
2013-01-03,-0.362
2013-01-04,0.5522
2013-01-05,
2013-01-06,
2013-01-07,-0.4336
2013-01-08,0.5806
2013-01-09,0.7072
2013-01-10,-0.8742
2013-01-11,1.0265
2013-01-12,
2013-01-13,
2013-01-14,-0.0286
2013-01-15,0.5583
2013-01-16,-0.5125
2013-01-17,0.0
2013-01-18,0.3148
2013-01-19,
2013-01-20,
2013-01-21,
2013-01-22,0.4992
2013-01-23,1.1212
2013-01-24,0.1263
2013-01-25,1.2195
2013-01-26,
2013-01-27,
2013-01-28,-0.1523
2013-01-29,-0.5548
2013-01-30,0.8926
2013-01-31,-0.6221
2013-02-01,2.6568
2013-02-02,
2013-02-03,
2013-02-04,-1.3279
2013-02-05,0.7416
2013-02-06,-1.2814
2013-02-07,0.7318
2013-02-08,0.4935
2013-02-09,
2013-02-10,
2013-02-11,-0.3274
2013-02-12,0.4106
2013-02-13,0.259
2013-02-14,-0.5846
2013-02-15,1.4085
2013-02-16,
2013-02-17,
2013-02-18,
2013-02-19,1.6721
2013-02-20,-0.5305
2013-02-21,-1.5333
2013-02-22,1.2864
2013-02-23,
2013-02-24,
2013-02-25,-1.1898
2013-02-26,-0.1082
2013-02-27,0.7856
2013-02-28,-0.0672
2013-03-01,0.6186
2013-03-02,
2013-03-03,
2013-03-04,0.5613
2013-03-05,2.2329
2013-03-06,0.637
2013-03-07,0.2067
2013-03-08,1.0055
2013-03-09,
2013-03-10,
2013-03-11,-0.0638
2013-03-12,-0.3576
2013-03-13,-0.1154
2013-03-14,0.4235
2013-03-15,-2.1211
2013-03-16,
2013-03-17,
2013-03-18,0.2742
2013-03-19,-0.8202
2013-03-20,0.4069
2013-03-21,-2.8631
2013-03-22,-0.5653
2013-03-23,
2013-03-24,
2013-03-25,-0.6362
2013-03-26,1.5393
2013-03-27,0.4561
2013-03-28,1.4557
2013-03-29,
2013-03-30,
2013-03-31,
2013-04-01,-0.158
2013-04-02,1.0811
2013-04-03,-0.0913
2013-04-04,0.0131
2013-04-05,-0.4699
2013-04-06,
2013-04-07,
2013-04-08,0.3934
2013-04-09,-0.4442
2013-04-10,2.1126
2013-04-11,0.9999
2013-04-12,-0.7071
2013-04-13,
2013-04-14,
2013-04-15,-2.5766999999999998
2013-04-16,2.9904
2013-04-17,-1.0195
2013-04-18,-1.4733
2013-04-19,-1.0983
2013-04-20,
2013-04-21,
2013-04-22,0.2676
2013-04-23,1.8148
2013-04-24,1.979
2013-04-25,1.9535
2013-04-26,-0.8446
2013-04-27,
2013-04-28,
2013-04-29,3.1401
2013-04-30,0.3821
2013-05-01,-2.0506
2013-05-02,-0.351
2013-05-03,0.0126
2013-05-04,
2013-05-05,
2013-05-06,-0.8553
2013-05-07,0.2918
2013-05-08,1.2018
2013-05-09,0.1125
2013-05-10,0.487
2013-05-11,
2013-05-12,
2013-05-13,-0.6958
2013-05-14,0.7883
2013-05-15,0.2607
2013-05-16,-0.1857
2013-05-17,2.0221
2013-05-18,
2013-05-19,
2013-05-20,0.3526
2013-05-21,0.4483
2013-05-22,-0.4584
2013-05-23,0.0
2013-05-24,-0.3635
2013-05-25,
2013-05-26,
2013-05-27,
2013-05-28,1.0581
2013-05-29,-0.1685
2013-05-30,-0.1326
2013-05-31,-0.8812
2013-06-01,
2013-06-02,
2013-06-03,-0.0122
2013-06-04,-1.0352999999999999
2013-06-05,-2.0554
2013-06-06,-0.0377
2013-06-07,1.697
2013-06-08,
2013-06-09,
2013-06-10,0.8035
2013-06-11,-1.3979
2013-06-12,-0.8705
2013-06-13,1.7187000000000001
2013-06-14,-0.6537
2013-06-15,
2013-06-16,
2013-06-17,2.3588
2013-06-18,0.5822
2013-06-19,-1.3264
2013-06-20,-2.8228999999999997
2013-06-21,-0.1509
2013-06-22,
2013-06-23,
2013-06-24,-0.3023
2013-06-25,0.6316
2013-06-26,-0.1255
2013-06-27,0.8296
2013-06-28,-10.2967
2013-06-29,
2013-06-30,
2013-07-01,0.1946
2013-07-02,0.0277
2013-07-03,0.7765
2013-07-04,
2013-07-05,1.3209
2013-07-06,
2013-07-07,
2013-07-08,1.1271
2013-07-09,-0.4968
2013-07-10,0.3374
2013-07-11,1.1432
2013-07-12,0.4255
2013-07-13,
2013-07-14,
2013-07-15,0.9666
2013-07-16,-1.259
2013-07-17,-0.1727
2013-07-18,0.3725
2013-07-19,-0.2916
2013-07-20,
2013-07-21,
2013-07-22,-0.2925
2013-07-23,-1.0
2013-07-24,-0.7138
2013-07-25,-0.7868
2013-07-26,-0.0273
2013-07-27,
2013-07-28,
2013-07-29,-1.0257
2013-07-30,1.893
2013-07-31,0.0949
2013-08-01,1.409
2013-08-02,-0.3474
2013-08-03,
2013-08-04,
2013-08-05,-0.4826
2013-08-06,-1.3202
2013-08-07,-0.3413
2013-08-08,-0.0274
2013-08-09,0.7536
2013-08-10,
2013-08-11,
2013-08-12,-1.0064
2013-08-13,0.1236
2013-08-14,-1.8935
2013-08-15,0.042
2013-08-16,0.1678
2013-08-17,
2013-08-18,
2013-08-19,0.0279
2013-08-20,0.6837
2013-08-21,0.9008
2013-08-22,1.7717
2013-08-23,-0.1215
2013-08-24,
2013-08-25,
2013-08-26,-0.3783
2013-08-27,-2.0209
2013-08-28,0.2907
2013-08-29,0.3727
2013-08-30,-0.6463
2013-08-31,
2013-09-01,
2013-09-02,
2013-09-03,1.1488
2013-09-04,-0.0411
2013-09-05,1.3005
2013-09-06,-1.0676
2013-09-07,
2013-09-08,
2013-09-09,0.5054
2013-09-10,1.5765
2013-09-11,0.3479
2013-09-12,-1.12
2013-09-13,0.4585
2013-09-14,
2013-09-15,
2013-09-16,2.4698
2013-09-17,0.3537
2013-09-18,1.5403
2013-09-19,-0.3085
2013-09-20,-0.2966
2013-09-21,
2013-09-22,
2013-09-23,-1.2416
2013-09-24,-1.5977000000000001
2013-09-25,1.3042
2013-09-26,-0.3284
2013-09-27,-2.3461
2013-09-28,
2013-09-29,
2013-09-30,-0.6074
2013-10-01,0.2444
2013-10-02,-0.4199
2013-10-03,-0.5033
2013-10-04,0.1641
2013-10-05,
2013-10-06,
2013-10-07,-1.2422
2013-10-08,-1.7415
2013-10-09,0.1688
2013-10-10,1.3944
2013-10-11,2.0348
2013-10-12,
2013-10-13,
2013-10-14,-0.0688
2013-10-15,-1.4588
2013-10-16,1.1592
2013-10-17,0.5799
2013-10-18,0.0412
2013-10-19,
2013-10-20,
2013-10-21,0.8919
2013-10-22,0.5712
2013-10-23,-0.2299
2013-10-24,-0.3795
2013-10-25,0.1497
2013-10-26,
2013-10-27,
2013-10-28,0.9645
2013-10-29,0.7939
2013-10-30,-0.8811
2013-10-31,-1.0101
2013-11-01,-0.6803
2013-11-02,
2013-11-03,
2013-11-04,-0.3973
2013-11-05,0.894
2013-11-06,2.2901
2013-11-07,0.6796
2013-11-08,-0.4103
2013-11-09,
2013-11-10,
2013-11-11,0.3323
2013-11-12,1.073
2013-11-13,1.4548
2013-11-14,-0.4521
2013-11-15,1.2458
2013-11-16,
2013-11-17,
2013-11-18,0.6409
2013-11-19,-0.0637
2013-11-20,-0.3951
2013-11-21,0.3454
2013-11-22,-0.7523
2013-11-23,
2013-11-24,
2013-11-25,-0.8094
2013-11-26,0.2072
2013-11-27,0.3102
2013-11-28,
2013-11-29,-0.1804
2013-11-30,
2013-12-01,
2013-12-02,-1.4715
2013-12-03,0.9957
2013-12-04,-1.3231
2013-12-05,-0.3681
2013-12-06,-0.3431
2013-12-07,
2013-12-08,
2013-12-09,-0.5296
2013-12-10,0.3727
2013-12-11,-1.3393
2013-12-12,-0.4301
2013-12-13,-0.189
2013-12-14,
2013-12-15,
2013-12-16,0.9197
2013-12-17,-0.8309
2013-12-18,2.1892
2013-12-19,5.1441
2013-12-20,1.308
2013-12-21,
2013-12-22,
2013-12-23,1.2415
2013-12-24,-0.2943
2013-12-25,
2013-12-26,1.0331
2013-12-27,0.4382
2013-12-28,
2013-12-29,
2013-12-30,-0.5454
2013-12-31,0.195
2014-01-01,
2014-01-02,-1.3256999999999999
2014-01-03,0.3328
2014-01-04,
2014-01-05,
2014-01-06,-1.0565
2014-01-07,1.2168
2014-01-08,0.7728
2014-01-09,0.9738
2014-01-10,0.3014
2014-01-11,
2014-01-12,
2014-01-13,-2.5721
2014-01-14,1.098
2014-01-15,2.77
2014-01-16,-0.1187
2014-01-17,0.3685
2014-01-18,
2014-01-19,
2014-01-20,
2014-01-21,0.5922
2014-01-22,0.5534
2014-01-23,-1.733
2014-01-24,-3.265
2014-01-25,
2014-01-26,
2014-01-27,-0.037
2014-01-28,0.1848
2014-01-29,-1.2054
2014-01-30,0.498
2014-01-31,-1.0406
2014-02-01,
2014-02-02,
2014-02-03,-2.2409
2014-02-04,-0.0128
2014-02-05,-0.6532
2014-02-06,1.2247
2014-02-07,2.6235
2014-02-08,
2014-02-09,
2014-02-10,-0.757
2014-02-11,0.7253
2014-02-12,0.8194
2014-02-13,0.6526
2014-02-14,0.4527
2014-02-15,
2014-02-16,
2014-02-17,
2014-02-18,0.5846
2014-02-19,0.8112
2014-02-20,0.1441
2014-02-21,0.5037
2014-02-22,
2014-02-23,
2014-02-24,0.179
2014-02-25,-0.6432
2014-02-26,-0.012
2014-02-27,-0.048
2014-02-28,-0.012
2014-03-01,
2014-03-02,
2014-03-03,-1.0198
2014-03-04,1.7939
2014-03-05,0.1548
2014-03-06,-0.3686
2014-03-07,0.1551
2014-03-08,
2014-03-09,
2014-03-10,0.1311
2014-03-11,-0.5831
2014-03-12,-0.9575
2014-03-13,-0.7976
2014-03-14,-0.8649
2014-03-15,
2014-03-16,
2014-03-17,2.4699
2014-03-18,0.4797
2014-03-19,-1.3844
2014-03-20,0.5204
2014-03-21,-0.2769
2014-03-22,
2014-03-23,
2014-03-24,-1.0021
2014-03-25,1.8537
2014-03-26,-0.6585
2014-03-27,-5.0259
2014-03-28,0.0127
2014-03-29,
2014-03-30,
2014-03-31,1.1547
2014-04-01,-0.2258
2014-04-02,0.5658
2014-04-03,-0.8001
2014-04-04,-1.5249000000000001
2014-04-05,
2014-04-06,
2014-04-07,0.947
2014-04-08,-0.748
2014-04-09,1.4306
2014-04-10,-2.1024
2014-04-11,0.3384
2014-04-12,
2014-04-13,
2014-04-14,0.9469
2014-04-15,1.4135
2014-04-16,0.2408
2014-04-17,-0.2655
2014-04-18,
2014-04-19,
2014-04-20,
2014-04-21,1.0266
2014-04-22,-0.0878
2014-04-23,-0.6655
2014-04-24,-0.948
2014-04-25,0.0893
2014-04-26,
2014-04-27,
2014-04-28,0.816
2014-04-29,0.7715
2014-04-30,0.6777
2014-05-01,-0.4737
2014-05-02,-0.6012
2014-05-03,
2014-05-04,
2014-05-05,-0.4536
2014-05-06,-0.3418
2014-05-07,-0.6605
2014-05-08,0.7927
2014-05-09,-0.1142
2014-05-10,
2014-05-11,
2014-05-12,0.5715
2014-05-13,0.6188
2014-05-14,-1.0417
2014-05-15,-0.5453
2014-05-16,1.4155
2014-05-17,
2014-05-18,
2014-05-19,0.0377
2014-05-20,-1.458
2014-05-21,1.2372
2014-05-22,0.1008
2014-05-23,0.4279
2014-05-24,
2014-05-25,
2014-05-26,
2014-05-27,0.3885
2014-05-28,-0.6492
2014-05-29,1.0555
2014-05-30,1.2808
2014-05-31,
2014-06-01,
2014-06-02,-0.221
2014-06-03,0.7383
2014-06-04,1.9299
2014-06-05,0.1558
2014-06-06,-0.0598
2014-06-07,
2014-06-08,
2014-06-09,0.8739
2014-06-10,-0.7358
2014-06-11,-0.8369
2014-06-12,-0.627
2014-06-13,0.3761
2014-06-14,
2014-06-15,
2014-06-16,0.1088
2014-06-17,-0.3743
2014-06-18,0.2182
2014-06-19,0.4475
2014-06-20,0.0843
2014-06-21,
2014-06-22,
2014-06-23,-0.5534
2014-06-24,-0.2782
2014-06-25,0.7521
2014-06-26,-1.842
2014-06-27,-0.2208
2014-06-28,
2014-06-29,
2014-06-30,-0.6269
2014-07-01,0.5072
2014-07-02,-0.2338
2014-07-03,0.6045
2014-07-04,
2014-07-05,
2014-07-06,
2014-07-07,-0.6131
2014-07-08,0.074
2014-07-09,-0.5795
2014-07-10,-1.0789
2014-07-11,0.0
2014-07-12,
2014-07-13,
2014-07-14,-0.3886
2014-07-15,-0.1258
2014-07-16,0.4788
2014-07-17,-0.627
2014-07-18,0.631
2014-07-19,
2014-07-20,
2014-07-21,0.0752
2014-07-22,0.614
2014-07-23,0.3736
2014-07-24,0.1241
2014-07-25,-0.3842
2014-07-26,
2014-07-27,
2014-07-28,0.3359
2014-07-29,-0.0992
2014-07-30,-0.0993
2014-07-31,-1.5032999999999999
2014-08-01,-0.7316
2014-08-02,
2014-08-03,
2014-08-04,0.8259
2014-08-05,-1.1342
2014-08-06,-0.7776
2014-08-07,-0.4368
2014-08-08,1.7677
2014-08-09,
2014-08-10,
2014-08-11,0.1141
2014-08-12,-0.4939
2014-08-13,0.5346
2014-08-14,0.3545
2014-08-15,-0.328
2014-08-16,
2014-08-17,
2014-08-18,1.0125
2014-08-19,0.639
2014-08-20,0.0996
2014-08-21,0.5224
2014-08-22,-0.3836
2014-08-23,
2014-08-24,
2014-08-25,0.5838
2014-08-26,0.7903
2014-08-27,-0.7841
2014-08-28,0.0494
2014-08-29,0.0494
2014-08-30,
2014-08-31,
2014-09-01,
2014-09-02,0.074
2014-09-03,0.9122
2014-09-04,-0.1222
2014-09-05,0.0856
2014-09-06,
2014-09-07,
2014-09-08,-0.1222
2014-09-09,-0.9544
2014-09-10,0.3212
2014-09-11,0.3694
2014-09-12,-0.6625
2014-09-13,
2014-09-14,
2014-09-15,-0.457
2014-09-16,-0.6328
2014-09-17,-0.5119
2014-09-18,0.9789
2014-09-19,-0.6587
2014-09-20,
2014-09-21,
2014-09-22,-0.8883
2014-09-23,0.4797
2014-09-24,0.7538
2014-09-25,-1.5211999999999999
2014-09-26,0.3925
2014-09-27,
2014-09-28,
2014-09-29,0.7946
2014-09-30,1.7518
2014-10-01,-1.9675
2014-10-02,-0.3638
2014-10-03,1.1205
2014-10-04,
2014-10-05,
2014-10-06,0.5105
2014-10-07,-2.3783
2014-10-08,1.3069
2014-10-09,-2.0666
2014-10-10,-1.7266
2014-10-11,
2014-10-12,
2014-10-13,-0.7158
2014-10-14,-0.1573
2014-10-15,0.919
2014-10-16,0.3955
2014-10-17,0.6172
2014-10-18,
2014-10-19,
2014-10-20,-0.2349
2014-10-21,1.9492
2014-10-22,-0.6031
2014-10-23,0.8004
2014-10-24,0.3458
2014-10-25,
2014-10-26,
2014-10-27,0.8551
2014-10-28,0.5695
2014-10-29,0.1007
2014-10-30,1.3451
2014-10-31,0.6202
2014-11-01,
2014-11-02,
2014-11-03,-0.1849
2014-11-04,0.2223
2014-11-05,1.6389
2014-11-06,0.9214
2014-11-07,0.2883
2014-11-08,
2014-11-09,
2014-11-10,0.8146
2014-11-11,-0.2614
2014-11-12,0.2144
2014-11-13,0.3804
2014-11-14,0.2369
2014-11-15,
2014-11-16,
2014-11-17,0.0118
2014-11-18,-0.4135
2014-11-19,-0.7829
2014-11-20,-0.2391
2014-11-21,0.767
2014-11-22,
2014-11-23,
2014-11-24,1.0109
2014-11-25,0.4592
2014-11-26,-0.1992
2014-11-27,
2014-11-28,1.3858
2014-11-29,
2014-11-30,
2014-12-01,-0.3823
2014-12-02,-0.0233
2014-12-03,0.6281
2014-12-04,-0.208
2014-12-05,-0.1737
2014-12-06,
2014-12-07,
2014-12-08,-1.4155
2014-12-09,0.2471
2014-12-10,-1.7023000000000001
2014-12-11,0.1791
2014-12-12,-2.3605
2014-12-13,
2014-12-14,
2014-12-15,-0.0244
2014-12-16,1.2091
2014-12-17,2.9323
2014-12-18,5.2052
2014-12-19,0.858
2014-12-20,
2014-12-21,
2014-12-22,0.7402
2014-12-23,0.2632
2014-12-24,-0.1094
2014-12-25,
2014-12-26,-0.0657
2014-12-27,
2014-12-28,
2014-12-29,-0.8109
2014-12-30,-0.3646
2014-12-31,-0.9757
2015-01-01,
2015-01-02,-0.5263
2015-01-03,
2015-01-04,
2015-01-05,-1.6884000000000001
2015-01-06,-0.7213
2015-01-07,2.099
2015-01-08,1.5249000000000001
2015-01-09,-0.1113
2015-01-10,
2015-01-11,
2015-01-12,-0.3007
2015-01-13,0.3575
2015-01-14,-1.1689
2015-01-15,-0.6871
2015-01-16,0.8166
2015-01-17,
2015-01-18,
2015-01-19,
2015-01-20,-0.3037
2015-01-21,-0.316
2015-01-22,1.3131
2015-01-23,-0.3128
2015-01-24,
2015-01-25,
2015-01-26,-0.1569
2015-01-27,-3.278
2015-01-28,-2.0891
2015-01-29,1.5173
2015-01-30,-1.88
2015-01-31,
2015-02-01,
2015-02-02,2.1421
2015-02-03,2.435
2015-02-04,-0.6597
2015-02-05,1.2938
2015-02-06,-0.3617
2015-02-07,
2015-02-08,
2015-02-09,-0.8962
2015-02-10,0.1832
2015-02-11,0.5027
2015-02-12,1.2847
2015-02-13,0.7857
2015-02-14,
2015-02-15,
2015-02-16,
2015-02-17,-0.5457
2015-02-18,0.1456
2015-02-19,0.9393
2015-02-20,0.2437
2015-02-21,
2015-02-22,
2015-02-23,0.0884
2015-02-24,0.3092
2015-02-25,-0.2752
2015-02-26,-0.3311
2015-02-27,-0.299
2015-02-28,
2015-03-01,
2015-03-02,1.2774
2015-03-03,-0.3729
2015-03-04,0.0771
2015-03-05,1.254
2015-03-06,-1.4992
2015-03-07,
2015-03-08,
2015-03-09,0.1323
2015-03-10,-3.0069
2015-03-11,-1.3627
2015-03-12,1.5427
2015-03-13,-0.3741
2015-03-14,
2015-03-15,
2015-03-16,1.1836
2015-03-17,-0.0787
2015-03-18,2.3525
2015-03-19,-0.8138
2015-03-20,1.4303
2015-03-21,
2015-03-22,
2015-03-23,0.0656
2015-03-24,-2.3269
2015-03-25,-1.3421
2015-03-26,6.7566
2015-03-27,-0.2442
2015-03-28,
2015-03-29,
2015-03-30,0.511
2015-03-31,-0.7731
2015-04-01,-0.1388
2015-04-02,0.6627
2015-04-03,
2015-04-04,
2015-04-05,
2015-04-06,1.6033
2015-04-07,0.7315
2015-04-08,-0.2594
2015-04-09,0.368
2015-04-10,-0.817
2015-04-11,
2015-04-12,
2015-04-13,-1.2673
2015-04-14,0.3423
2015-04-15,0.3731
2015-04-16,-0.1062
2015-04-17,-1.7755
2015-04-18,
2015-04-19,
2015-04-20,0.9525
2015-04-21,-0.2895
2015-04-22,0.4086
2015-04-23,0.4926
2015-04-24,-0.4689
2015-04-25,
2015-04-26,
2015-04-27,0.3854
2015-04-28,0.7039
2015-04-29,-0.8155
2015-04-30,-1.0678
2015-05-01,0.7663
2015-05-02,
2015-05-03,
2015-05-04,1.1568
2015-05-05,-0.8365
2015-05-06,-0.6941
2015-05-07,1.6021999999999998
2015-05-08,1.4816
2015-05-09,
2015-05-10,
2015-05-11,0.1251
2015-05-12,-0.6145
2015-05-13,0.2725
2015-05-14,1.3587
2015-05-15,0.0412
2015-05-16,
2015-05-17,
2015-05-18,0.4535
2015-05-19,-0.2873
2015-05-20,-0.1338
2015-05-21,-0.2267
2015-05-22,-0.4544
2015-05-23,
2015-05-24,
2015-05-25,
2015-05-26,-0.3112
2015-05-27,0.7077
2015-05-28,0.1447
2015-05-29,-0.8977
2015-05-30,
2015-05-31,
2015-06-01,0.1562
2015-06-02,0.1455
2015-06-03,0.6748
2015-06-04,-1.0827
2015-06-05,-0.5525
2015-06-06,
2015-06-07,
2015-06-08,-0.6604
2015-06-09,0.1794
2015-06-10,1.6642000000000001
2015-06-11,0.4144
2015-06-12,-0.8461
2015-06-13,
2015-06-14,
2015-06-15,-0.3226
2015-06-16,0.95
2015-06-17,0.2378
2015-06-18,0.392
2015-06-19,-0.298
2015-06-20,
2015-06-21,
2015-06-22,1.6181999999999999
2015-06-23,-0.3449
2015-06-24,-0.4885
2015-06-25,1.749
2015-06-26,-0.4825
2015-06-27,
2015-06-28,
2015-06-29,-2.3434
2015-06-30,0.1034
2015-07-01,1.3226
2015-07-02,-0.7444
2015-07-03,
2015-07-04,
2015-07-05,
2015-07-06,0.0103
2015-07-07,1.3766
2015-07-08,-1.0742
2015-07-09,0.1332
2015-07-10,1.0537
2015-07-11,
2015-07-12,
2015-07-13,1.7919
2015-07-14,0.189
2015-07-15,-0.7842
2015-07-16,1.5008
2015-07-17,-0.9561
2015-07-18,
2015-07-19,
2015-07-20,0.2389
2015-07-21,-0.3276
2015-07-22,1.9325
2015-07-23,0.088
2015-07-24,-1.2205
2015-07-25,
2015-07-26,
2015-07-27,-0.771
2015-07-28,1.2949
2015-07-29,0.7474
2015-07-30,0.205
2015-07-31,0.4383
2015-08-01,
2015-08-02,
2015-08-03,0.097
2015-08-04,0.2035
2015-08-05,1.0443
2015-08-06,-1.3397000000000001
2015-08-07,0.6208
2015-08-08,
2015-08-09,
2015-08-10,1.4074
2015-08-11,-1.5399
2015-08-12,0.1834
2015-08-13,-0.3662
2015-08-14,0.058
2015-08-15,
2015-08-16,
2015-08-17,0.029
2015-08-18,0.3672
2015-08-19,-0.9532
2015-08-20,-2.8191
2015-08-21,-2.8409
2015-08-22,
2015-08-23,
2015-08-24,-4.5918
2015-08-25,-0.5719
2015-08-26,3.1474
2015-08-27,0.726
2015-08-28,0.1254
2015-08-29,
2015-08-30,
2015-08-31,-1.6484
2015-09-01,-2.1004
2015-09-02,2.3188
2015-09-03,1.2496
2015-09-04,-1.2133
2015-09-05,
2015-09-06,
2015-09-07,
2015-09-08,2.8269
2015-09-09,-1.6474
2015-09-10,1.3505
2015-09-11,0.5578
2015-09-12,
2015-09-13,
2015-09-14,-0.8629
2015-09-15,1.7926
2015-09-16,0.7329
2015-09-17,-0.4345
2015-09-18,-1.0149
2015-09-19,
2015-09-20,
2015-09-21,0.9228
2015-09-22,-0.7721
2015-09-23,0.1945
2015-09-24,-0.092
2015-09-25,-0.8489
2015-09-26,
2015-09-27,
2015-09-28,-1.0213
2015-09-29,0.6774
2015-09-30,1.7184
2015-10-01,0.1832
2015-10-02,0.9651
2015-10-03,
2015-10-04,
2015-10-05,2.2437
2015-10-06,-0.1181
2015-10-07,1.1034
2015-10-08,2.329
2015-10-09,-0.219
2015-10-10,
2015-10-11,
2015-10-12,0.2577
2015-10-13,-1.4945
2015-10-14,0.0483
2015-10-15,-0.1269
2015-10-16,0.694
2015-10-17,
2015-10-18,
2015-10-19,0.0874
2015-10-20,0.3589
2015-10-21,-0.9181
2015-10-22,3.8432
2015-10-23,1.4372
2015-10-24,
2015-10-25,
2015-10-26,-0.0185
2015-10-27,-0.0926
2015-10-28,1.7243
2015-10-29,-1.6221999999999999
2015-10-30,-0.6948
2015-10-31,
2015-11-01,
2015-11-02,0.3731
2015-11-03,-0.2695
2015-11-04,-0.7362
2015-11-05,-0.4037
2015-11-06,-0.0848
2015-11-07,
2015-11-08,
2015-11-09,-1.0566
2015-11-10,0.1812
2015-11-11,0.0286
2015-11-12,-0.7422
2015-11-13,-1.1215
2015-11-14,
2015-11-15,
2015-11-16,3.0829
2015-11-17,-0.0376
2015-11-18,1.4959
2015-11-19,-0.5562
2015-11-20,0.6432
2015-11-21,
2015-11-22,
2015-11-23,-0.1204
2015-11-24,-0.4544
2015-11-25,-0.2329
2015-11-26,
2015-11-27,0.3361
2015-11-28,
2015-11-29,
2015-11-30,-0.2233
2015-12-01,0.8487
2015-12-02,-0.4994
2015-12-03,-1.5429
2015-12-04,2.9925
2015-12-05,
2015-12-06,
2015-12-07,-0.1467
2015-12-08,-0.0275
2015-12-09,-1.4875
2015-12-10,0.2889
2015-12-11,-2.1375
2015-12-12,
2015-12-13,
2015-12-14,1.0066
2015-12-15,0.3385
2015-12-16,2.2114
2015-12-17,-5.3355
2015-12-18,-1.288
2015-12-19,
2015-12-20,
2015-12-21,1.0399
2015-12-22,0.7476
2015-12-23,0.6361
2015-12-24,-0.182
2015-12-25,
2015-12-26,
2015-12-27,
2015-12-28,-0.1439
2015-12-29,1.1914
2015-12-30,0.5127
2015-12-31,-1.2847
2016-01-01,
2016-01-02,
2016-01-03,
2016-01-04,-2.555
2016-01-05,0.5205
2016-01-06,-0.1954
2016-01-07,-2.9366
2016-01-08,-0.9681
2016-01-09,
2016-01-10,
2016-01-11,1.0489
2016-01-12,1.7938
2016-01-13,-1.7325
2016-01-14,2.6395
2016-01-15,-2.5618
2016-01-16,
2016-01-17,
2016-01-18,
2016-01-19,2.1255
2016-01-20,-2.2884
2016-01-21,-0.7773
2016-01-22,4.0187
2016-01-23,
2016-01-24,
2016-01-25,-0.4793
2016-01-26,0.7666
2016-01-27,-0.5559
2016-01-28,1.0985
2016-01-29,2.3865
2016-01-30,
2016-01-31,
2016-02-01,0.7012
2016-02-02,-2.3146
2016-02-03,-1.6566999999999998
2016-02-04,0.617
2016-02-05,-3.6601
2016-02-06,
2016-02-07,
2016-02-08,-3.9406
2016-02-09,-1.8407
2016-02-10,0.9537
2016-02-11,-0.8279
2016-02-12,1.3593
2016-02-13,
2016-02-14,
2016-02-15,
2016-02-16,2.3337
2016-02-17,2.167
2016-02-18,-0.4949
2016-02-19,0.4365
2016-02-20,
2016-02-21,
2016-02-22,1.4149
2016-02-23,-0.6976
2016-02-24,-0.1004
2016-02-25,1.3660999999999999
2016-02-26,0.2081
2016-02-27,
2016-02-28,
2016-02-29,-0.8505
2016-03-01,3.1817
2016-03-02,-0.7637
2016-03-03,0.1364
2016-03-04,0.3696
2016-03-05,
2016-03-06,
2016-03-07,-0.756
2016-03-08,0.2148
2016-03-09,0.7601
2016-03-10,0.1741
2016-03-11,2.0274
2016-03-12,
2016-03-13,
2016-03-14,0.6056
2016-03-15,0.7054
2016-03-16,0.4857
2016-03-17,0.9016
2016-03-18,-0.7277
2016-03-19,
2016-03-20,
2016-03-21,0.3619
2016-03-22,-0.3051
2016-03-23,-0.1577
2016-03-24,6.1676
2016-03-25,
2016-03-26,
2016-03-27,
2016-03-28,-0.1137
2016-03-29,0.9547
2016-03-30,0.0954
2016-03-31,0.026
2016-04-01,0.8232
2016-04-02,
2016-04-03,
2016-04-04,-0.7306
2016-04-05,-1.1861
2016-04-06,0.4731
2016-04-07,-2.2412
2016-04-08,0.6512
2016-04-09,
2016-04-10,
2016-04-11,0.2393
2016-04-12,1.1406
2016-04-13,1.4599
2016-04-14,-0.1827
2016-04-15,0.061
2016-04-16,
2016-04-17,
2016-04-18,0.6706
2016-04-19,-0.4239
2016-04-20,0.3823
2016-04-21,-0.9174
2016-04-22,-0.463
2016-04-23,
2016-04-24,
2016-04-25,0.1316
2016-04-26,0.447
2016-04-27,0.7591
2016-04-28,-0.9958
2016-04-29,-1.2333
2016-04-30,
2016-05-01,
2016-05-02,1.3107
2016-05-03,-0.9615
2016-05-04,0.2207
2016-05-05,0.4668
2016-05-06,1.2886
2016-05-07,
2016-05-08,
2016-05-09,-0.0692
2016-05-10,1.2731
2016-05-11,-0.8209
2016-05-12,0.3276
2016-05-13,-0.7906
2016-05-14,
2016-05-15,
2016-05-16,1.4813
2016-05-17,-0.7939
2016-05-18,0.2581
2016-05-19,-0.4205
2016-05-20,0.3792
2016-05-21,
2016-05-22,
2016-05-23,-0.249
2016-05-24,2.5305999999999997
2016-05-25,-0.4785
2016-05-26,-0.1181
2016-05-27,0.4476
2016-05-28,
2016-05-29,
2016-05-30,
2016-05-31,0.0252
2016-06-01,0.0336
2016-06-02,0.1933
2016-06-03,-0.2851
2016-06-04,
2016-06-05,
2016-06-06,0.5887
2016-06-07,0.0418
2016-06-08,-0.2758
2016-06-09,0.1006
2016-06-10,-0.9796
2016-06-11,
2016-06-12,
2016-06-13,-1.0062
2016-06-14,0.8627
2016-06-15,-0.542
2016-06-16,0.7237
2016-06-17,-0.6171
2016-06-18,
2016-06-19,
2016-06-20,1.2588
2016-06-21,0.3192
2016-06-22,-0.3349
2016-06-23,-0.1008
2016-06-24,-6.2737
2016-06-25,
2016-06-26,
2016-06-27,-1.9381
2016-06-28,1.162
2016-06-29,1.0854
2016-06-30,1.369
2016-07-01,0.203
2016-07-02,
2016-07-03,
2016-07-04,
2016-07-05,-0.37
2016-07-06,0.3714
2016-07-07,-0.7223
2016-07-08,2.1384
2016-07-09,
2016-07-10,
2016-07-11,0.3041
2016-07-12,0.9007
2016-07-13,0.2833
2016-07-14,-0.0514
2016-07-15,-1.4386999999999999
2016-07-16,
2016-07-17,
2016-07-18,-0.8254
2016-07-19,-0.6746
2016-07-20,1.8347
2016-07-21,-2.6765
2016-07-22,0.445
2016-07-23,
2016-07-24,
2016-07-25,0.1861
2016-07-26,1.0524
2016-07-27,-0.4814
2016-07-28,-1.4335
2016-07-29,0.6513
2016-07-30,
2016-07-31,
2016-08-01,0.0621
2016-08-02,-0.0443
2016-08-03,0.6913
2016-08-04,0.088
2016-08-05,0.7827
2016-08-06,
2016-08-07,
2016-08-08,-0.8028
2016-08-09,-0.7037
2016-08-10,0.3012
2016-08-11,0.1502
2016-08-12,-0.3175
2016-08-13,
2016-08-14,
2016-08-15,0.5043
2016-08-16,-0.5458
2016-08-17,-0.0443
2016-08-18,-0.5136
2016-08-19,0.6231
2016-08-20,
2016-08-21,
2016-08-22,0.628
2016-08-23,1.512
2016-08-24,-0.788
2016-08-25,0.4102
2016-08-26,0.1391
2016-08-27,
2016-08-28,
2016-08-29,-0.3038
2016-08-30,0.4354
2016-08-31,-0.3034
2016-09-01,0.0522
2016-09-02,0.5215
2016-09-03,
2016-09-04,
2016-09-05,
2016-09-06,-0.2594
2016-09-07,-0.208
2016-09-08,-2.4496
2016-09-09,-1.7008
2016-09-10,
2016-09-11,
2016-09-12,2.1469
2016-09-13,-1.9777
2016-09-14,-0.6605
2016-09-15,0.8379
2016-09-16,-0.7587
2016-09-17,
2016-09-18,
2016-09-19,0.5643
2016-09-20,0.181
2016-09-21,0.9033
2016-09-22,1.7547000000000001
2016-09-23,-0.5015
2016-09-24,
2016-09-25,
2016-09-26,0.5659
2016-09-27,2.1103
2016-09-28,0.4478
2016-09-29,4.2778
2016-09-30,0.4357
2016-10-01,
2016-10-02,
2016-10-03,-1.0723
2016-10-04,-2.1678
2016-10-05,-0.0254
2016-10-06,0.2622
2016-10-07,-2.1262
2016-10-08,
2016-10-09,
2016-10-10,1.2586
2016-10-11,-0.4172
2016-10-12,0.5557
2016-10-13,0.4166
2016-10-14,0.1185
2016-10-15,
2016-10-16,
2016-10-17,-1.1839
2016-10-18,0.5819
2016-10-19,0.4254
2016-10-20,-0.6591
2016-10-21,-0.3964
2016-10-22,
2016-10-23,
2016-10-24,0.1817
2016-10-25,-0.4577
2016-10-26,0.1562
2016-10-27,0.0087
2016-10-28,0.1819
2016-10-29,
2016-10-30,
2016-10-31,0.4928
2016-11-01,-0.086
2016-11-02,2.1267
2016-11-03,-1.3995
2016-11-04,0.2394
2016-11-05,
2016-11-06,
2016-11-07,2.3373
2016-11-08,-0.1334
2016-11-09,-2.1701
2016-11-10,2.6619
2016-11-11,-0.9557
2016-11-12,
2016-11-13,
2016-11-14,-1.6194
2016-11-15,-1.0746
2016-11-16,1.1467
2016-11-17,0.895
2016-11-18,0.0507
2016-11-19,
2016-11-20,
2016-11-21,1.0555
2016-11-22,-0.1671
2016-11-23,0.2846
2016-11-24,
2016-11-25,0.7678
2016-11-26,
2016-11-27,
2016-11-28,0.0166
2016-11-29,0.1491
2016-11-30,-1.2486
2016-12-01,-1.482
2016-12-02,-0.3145
2016-12-03,
2016-12-04,
2016-12-05,0.3666
2016-12-06,0.5861
2016-12-07,2.6687
2016-12-08,0.1398
2016-12-09,1.2896
2016-12-10,
2016-12-11,
2016-12-12,0.2433
2016-12-13,1.4481
2016-12-14,-1.3955
2016-12-15,0.7279
2016-12-16,-1.2445
2016-12-17,
2016-12-18,
2016-12-19,0.5285
2016-12-20,0.3639
2016-12-21,-4.996
2016-12-22,-0.0933
2016-12-23,-0.2632
2016-12-24,
2016-12-25,
2016-12-26,
2016-12-27,0.0596
2016-12-28,-0.7997
2016-12-29,0.343
2016-12-30,0.1026
2016-12-31,
2017-01-01,
2017-01-02,
2017-01-03,-0.572
2017-01-04,0.2404
2017-01-05,-1.4990999999999999
2017-01-06,1.1392
2017-01-07,
2017-01-08,
2017-01-09,-1.1178
2017-01-10,0.0522
2017-01-11,0.9213
2017-01-12,-0.2928
2017-01-13,1.0105
2017-01-14,
2017-01-15,
2017-01-16,
2017-01-17,-0.7867
2017-01-18,-0.0689
2017-01-19,-0.3881
2017-01-20,-0.3723
2017-01-21,
2017-01-22,
2017-01-23,-0.2173
2017-01-24,1.4457
2017-01-25,0.9358
2017-01-26,-1.3949
2017-01-27,-0.5003
2017-01-28,
2017-01-29,
2017-01-30,-0.6242
2017-01-31,-0.663
2017-02-01,-0.5796
2017-02-02,0.3798
2017-02-03,0.748
2017-02-04,
2017-02-05,
2017-02-06,-0.2708
2017-02-07,1.5239
2017-02-08,-0.4227
2017-02-09,1.3428
2017-02-10,0.53
2017-02-11,
2017-02-12,
2017-02-13,0.8418
2017-02-14,1.189
2017-02-15,-0.0583
2017-02-16,0.6587
2017-02-17,0.4225
2017-02-18,
2017-02-19,
2017-02-20,
2017-02-21,0.7176
2017-02-22,0.0901
2017-02-23,0.2209
2017-02-24,0.7756
2017-02-25,
2017-02-26,
2017-02-27,-0.5185
2017-02-28,-0.2362
2017-03-01,1.2816
2017-03-02,0.2257
2017-03-03,-0.571
2017-03-04,
2017-03-05,
2017-03-06,-0.3235
2017-03-07,0.7303
2017-03-08,0.2578
2017-03-09,-1.0284
2017-03-10,0.6089
2017-03-11,
2017-03-12,
2017-03-13,0.0888
2017-03-14,-0.1048
2017-03-15,0.7183
2017-03-16,-0.5609
2017-03-17,0.9025
2017-03-18,
2017-03-19,
2017-03-20,-0.6628
2017-03-21,0.201
2017-03-22,1.4763
2017-03-23,-4.5225
2017-03-24,-1.474
2017-03-25,
2017-03-26,
2017-03-27,0.3446
2017-03-28,1.6417000000000002
2017-03-29,-0.3049
2017-03-30,-0.3802
2017-03-31,-0.531
2017-04-01,
2017-04-02,
2017-04-03,-1.8685
2017-04-04,0.34
2017-04-05,-0.3389
2017-04-06,-0.7055
2017-04-07,0.5393
2017-04-08,
2017-04-09,
2017-04-10,0.3406
2017-04-11,-0.4667
2017-04-12,-0.4307
2017-04-13,-0.6229
2017-04-14,
2017-04-15,
2017-04-16,
2017-04-17,0.7487
2017-04-18,0.4494
2017-04-19,0.6108
2017-04-20,1.9324
2017-04-21,0.0168
2017-04-22,
2017-04-23,
2017-04-24,0.109
2017-04-25,-0.5613
2017-04-26,0.2443
2017-04-27,1.2691
2017-04-28,0.6723
2017-04-29,
2017-04-30,
2017-05-01,-0.0412
2017-05-02,-0.4701
2017-05-03,-0.3149
2017-05-04,0.4323
2017-05-05,0.5794
2017-05-06,
2017-05-07,
2017-05-08,-0.3374
2017-05-09,-0.033
2017-05-10,0.1074
2017-05-11,-0.33
2017-05-12,0.1325
2017-05-13,
2017-05-14,
2017-05-15,1.0665
2017-05-16,0.728
2017-05-17,-2.1926
2017-05-18,-0.0332
2017-05-19,0.4817
2017-05-20,
2017-05-21,
2017-05-22,1.43
2017-05-23,-0.4564
2017-05-24,-0.1637
2017-05-25,0.943
2017-05-26,-0.1706
2017-05-27,
2017-05-28,
2017-05-29,
2017-05-30,0.7161
2017-05-31,0.5656
2017-06-01,0.6588
2017-06-02,0.3592
2017-06-03,
2017-06-04,
2017-06-05,0.668
2017-06-06,-0.1975
2017-06-07,0.1741
2017-06-08,-0.3003
2017-06-09,-0.2774
2017-06-10,
2017-06-11,
2017-06-12,0.3815
2017-06-13,0.6097
2017-06-14,0.1417
2017-06-15,-0.1729
2017-06-16,0.4172
2017-06-17,
2017-06-18,
2017-06-19,0.1646
2017-06-20,-0.9705
2017-06-21,0.4584
2017-06-22,-3.9572000000000003
2017-06-23,0.5406
2017-06-24,
2017-06-25,
2017-06-26,-0.3259
2017-06-27,-0.1226
2017-06-28,1.2685
2017-06-29,-0.6061
2017-06-30,0.561
2017-07-01,
2017-07-02,
2017-07-03,0.2021
2017-07-04,
2017-07-05,0.0968
2017-07-06,-0.8948
2017-07-07,1.033
2017-07-08,
2017-07-09,
2017-07-10,-0.1208
2017-07-11,-0.1693
2017-07-12,1.308
2017-07-13,0.2072
2017-07-14,0.7715
2017-07-15,
2017-07-16,
2017-07-17,-0.221
2017-07-18,0.7515
2017-07-19,0.3219
2017-07-20,0.5948
2017-07-21,0.2412
2017-07-22,
2017-07-23,
2017-07-24,-0.6519
2017-07-25,0.7343
2017-07-26,0.4343
2017-07-27,-1.0424
2017-07-28,0.1873
2017-07-29,
2017-07-30,
2017-07-31,0.3271
2017-08-01,0.8073
2017-08-02,-0.9549
2017-08-03,1.0885
2017-08-04,0.1384
2017-08-05,
2017-08-06,
2017-08-07,-0.3994
2017-08-08,-0.4241
2017-08-09,0.3795
2017-08-10,-1.0647
2017-08-11,-0.0312
2017-08-12,
2017-08-13,
2017-08-14,1.1622
2017-08-15,-0.239
2017-08-16,0.5024
2017-08-17,-1.8765
2017-08-18,-0.1176
2017-08-19,
2017-08-20,
2017-08-21,0.5728
2017-08-22,0.8894
2017-08-23,-0.7347
2017-08-24,0.2415
2017-08-25,0.5596
2017-08-26,
2017-08-27,
2017-08-28,-0.1159
2017-08-29,0.325
2017-08-30,0.1003
2017-08-31,0.7474
2017-09-01,-0.5047
2017-09-02,
2017-09-03,
2017-09-04,
2017-09-05,-0.2537
2017-09-06,1.0403
2017-09-07,2.3795
2017-09-08,-0.3874
2017-09-09,
2017-09-10,
2017-09-11,1.8771
2017-09-12,-0.0073
2017-09-13,-1.0571
2017-09-14,0.0594
2017-09-15,0.3633
2017-09-16,
2017-09-17,
2017-09-18,1.1747
2017-09-19,-0.168
2017-09-20,0.9509
2017-09-21,-0.9782
2017-09-22,0.9074
2017-09-23,
2017-09-24,
2017-09-25,0.1885
2017-09-26,-0.9554
2017-09-27,-0.1462
2017-09-28,-0.2342
2017-09-29,-0.917
2017-09-30,
2017-10-01,
2017-10-02,0.2739
2017-10-03,-0.8786
2017-10-04,0.6778
2017-10-05,0.7843
2017-10-06,0.022
2017-10-07,
2017-10-08,
2017-10-09,0.5431
2017-10-10,0.3869
2017-10-11,-0.4436
2017-10-12,1.6726
2017-10-13,0.0
2017-10-14,
2017-10-15,
2017-10-16,-0.079
2017-10-17,-0.3163
2017-10-18,0.0721
2017-10-19,0.8732
2017-10-20,0.6276
2017-10-21,
2017-10-22,
2017-10-23,-0.1147
2017-10-24,-0.3014
2017-10-25,1.6198000000000001
2017-10-26,0.5738
2017-10-27,0.9227
2017-10-28,
2017-10-29,
2017-10-30,0.007
2017-10-31,-0.649
2017-11-01,0.4215
2017-11-02,0.3288
2017-11-03,0.4253
2017-11-04,
2017-11-05,
2017-11-06,-0.0764
2017-11-07,-0.2988
2017-11-08,0.9686
2017-11-09,-0.7316
2017-11-10,0.0417
2017-11-11,
2017-11-12,
2017-11-13,0.0208
2017-11-14,0.7226
2017-11-15,-0.4829
2017-11-16,1.9271
2017-11-17,-1.0813
2017-11-18,
2017-11-19,
2017-11-20,0.77
2017-11-21,0.9825
2017-11-22,-0.6081
2017-11-23,
2017-11-24,0.3535
2017-11-25,
2017-11-26,
2017-11-27,-0.0881
2017-11-28,0.3661
2017-11-29,-0.7363
2017-11-30,0.7213
2017-12-01,-0.9729
2017-12-02,
2017-12-03,
2017-12-04,0.3957
2017-12-05,0.3534
2017-12-06,0.4063
2017-12-07,0.2226
2017-12-08,1.2988
2017-12-09,
2017-12-10,
2017-12-11,0.1063
2017-12-12,0.9357
2017-12-13,-0.4471
2017-12-14,-0.1387
2017-12-15,0.9589
2017-12-16,
2017-12-17,
2017-12-18,-0.6157
2017-12-19,0.3296
2017-12-20,-0.3088
2017-12-21,1.6145
2017-12-22,-0.201
2017-12-23,
2017-12-24,
2017-12-25,
2017-12-26,-0.5848
2017-12-27,0.2157
2017-12-28,0.1631
2017-12-29,-0.3126
2017-12-30,
2017-12-31,
2018-01-01,
2018-01-02,0.4899
2018-01-03,0.4615
2018-01-04,1.1841
2018-01-05,0.8249
2018-01-06,
2018-01-07,
2018-01-08,0.7991
2018-01-09,0.3335
2018-01-10,-0.3512
2018-01-11,0.1322
2018-01-12,0.6285
2018-01-13,
2018-01-14,
2018-01-15,
2018-01-16,-1.3428
2018-01-17,1.4243999999999999
2018-01-18,0.4557
2018-01-19,0.5033
2018-01-20,
2018-01-21,
2018-01-22,-0.1978
2018-01-23,-0.3407
2018-01-24,-0.174
2018-01-25,0.1183
2018-01-26,1.0946
2018-01-27,
2018-01-28,
2018-01-29,-0.8367
2018-01-30,-0.9244
2018-01-31,0.6262
2018-02-01,-0.1493
2018-02-02,-2.2186
2018-02-03,
2018-02-04,
2018-02-05,-3.2314
2018-02-06,1.8837000000000002
2018-02-07,0.2974
2018-02-08,-2.9907
2018-02-09,2.2125
2018-02-10,
2018-02-11,
2018-02-12,0.7215
2018-02-13,1.2197
2018-02-14,1.8809
2018-02-15,0.7948
2018-02-16,0.9934
2018-02-17,
2018-02-18,
2018-02-19,
2018-02-20,-0.75
2018-02-21,-0.607
2018-02-22,-0.0872
2018-02-23,1.6404999999999998
2018-02-24,
2018-02-25,
2018-02-26,1.0985
2018-02-27,-1.3294000000000001
2018-02-28,-0.9474
2018-03-01,-3.0184
2018-03-02,0.8646
2018-03-03,
2018-03-04,
2018-03-05,0.8571
2018-03-06,-0.5162
2018-03-07,0.3291
2018-03-08,-0.0315
2018-03-09,1.8991
2018-03-10,
2018-03-11,
2018-03-12,0.1114
2018-03-13,0.4948
2018-03-14,-0.917
2018-03-15,1.1553
2018-03-16,-1.2096
2018-03-17,
2018-03-18,
2018-03-19,-0.1678
2018-03-20,1.407
2018-03-21,-0.5219
2018-03-22,-7.2826
2018-03-23,-1.9171
2018-03-24,
2018-03-25,
2018-03-26,3.7326
2018-03-27,-2.6104000000000003
2018-03-28,-0.9741
2018-03-29,4.1313
2018-03-30,
2018-03-31,
2018-04-01,
2018-04-02,-3.5961
2018-04-03,0.5474
2018-04-04,0.7931
2018-04-05,1.0669
2018-04-06,-2.7644
2018-04-07,
2018-04-08,
2018-04-09,0.5903
2018-04-10,2.5632
2018-04-11,-1.5258
2018-04-12,1.1388
2018-04-13,0.0267
2018-04-14,
2018-04-15,
2018-04-16,0.8593
2018-04-17,1.8624
2018-04-18,0.8299
2018-04-19,-0.598
2018-04-20,-1.4102000000000001
2018-04-21,
2018-04-22,
2018-04-23,0.4134
2018-04-24,-1.2872
2018-04-25,-0.6487
2018-04-26,1.4658
2018-04-27,0.0657
2018-04-28,
2018-04-29,
2018-04-30,-0.7809
2018-05-01,0.4762
2018-05-02,-0.7965
2018-05-03,0.6768
2018-05-04,1.127
2018-05-05,
2018-05-06,
2018-05-07,-0.743
2018-05-08,-0.2364
2018-05-09,1.7639
2018-05-10,1.2418
2018-05-11,0.345
2018-05-12,
2018-05-13,
2018-05-14,-0.9613
2018-05-15,-0.9642
2018-05-16,0.0065
2018-05-17,0.5517
2018-05-18,0.2453
2018-05-19,
2018-05-20,
2018-05-21,1.0495
2018-05-22,-1.0259
2018-05-23,-0.0129
2018-05-24,0.1803
2018-05-25,0.2571
2018-05-26,
2018-05-27,
2018-05-28,
2018-05-29,-1.5706
2018-05-30,1.6217000000000001
2018-05-31,-0.1859
2018-06-01,2.0226
2018-06-02,
2018-06-03,
2018-06-04,0.3399
2018-06-05,0.3073
2018-06-06,1.7446000000000002
2018-06-07,-1.2906
2018-06-08,0.9713
2018-06-09,
2018-06-10,
2018-06-11,0.3576
2018-06-12,0.0553
2018-06-13,0.1105
2018-06-14,-0.1595
2018-06-15,0.4424
2018-06-16,
2018-06-17,
2018-06-18,-0.367
2018-06-19,0.264
2018-06-20,-0.943
2018-06-21,-1.0756000000000001
2018-06-22,-0.25
2018-06-23,
2018-06-24,
2018-06-25,-2.1738
2018-06-26,0.4483
2018-06-27,-0.969
2018-06-28,5.8967
2018-06-29,-0.5532
2018-06-30,
2018-07-01,
2018-07-02,-0.2201
2018-07-03,0.0674
2018-07-04,
2018-07-05,0.8938
2018-07-06,-0.176
2018-07-07,
2018-07-08,
2018-07-09,0.9847
2018-07-10,0.1986
2018-07-11,-0.0901
2018-07-12,1.0342
2018-07-13,0.0357
2018-07-14,
2018-07-15,
2018-07-16,-0.2677
2018-07-17,0.2565
2018-07-18,-1.0055
2018-07-19,0.3065
2018-07-20,-0.2217
2018-07-21,
2018-07-22,
2018-07-23,-0.3363
2018-07-24,-0.476
2018-07-25,1.1564
2018-07-26,-1.1432
2018-07-27,-1.9071
2018-07-28,
2018-07-29,
2018-07-30,-1.6047
2018-07-31,-0.0565
2018-08-01,0.2385
2018-08-02,0.2755
2018-08-03,0.1374
2018-08-04,
2018-08-05,
2018-08-06,0.1309
2018-08-07,0.3861
2018-08-08,-0.0372
2018-08-09,-0.3103
2018-08-10,0.0249
2018-08-11,
2018-08-12,
2018-08-13,-0.2801
2018-08-14,0.6303
2018-08-15,-0.5148
2018-08-16,1.546
2018-08-17,1.2278
2018-08-18,
2018-08-19,
2018-08-20,0.1395
2018-08-21,-0.3089
2018-08-22,0.1883
2018-08-23,0.1698
2018-08-24,0.4116
2018-08-25,
2018-08-26,
2018-08-27,0.5968
2018-08-28,0.4794
2018-08-29,1.2525
2018-08-30,-0.6715
2018-08-31,0.2609
2018-09-01,
2018-09-02,
2018-09-03,
2018-09-04,0.2543
2018-09-05,-0.5074
2018-09-06,0.4269
2018-09-07,-0.1712
2018-09-08,
2018-09-09,
2018-09-10,0.2839
2018-09-11,0.6724
2018-09-12,-0.1992
2018-09-13,1.0097
2018-09-14,-0.2499
2018-09-15,
2018-09-16,
2018-09-17,-0.3496
2018-09-18,0.801
2018-09-19,0.4234
2018-09-20,0.5718
2018-09-21,0.0345
2018-09-22,
2018-09-23,
2018-09-24,-0.8956
2018-09-25,0.1101
2018-09-26,0.0868
2018-09-27,-1.6882000000000001
2018-09-28,0.0882
2018-09-29,
2018-09-30,
2018-10-01,1.9447999999999999
2018-10-02,-0.2075
2018-10-03,0.5718
2018-10-04,-1.3093
2018-10-05,-0.3666
2018-10-06,
2018-10-07,
2018-10-08,-0.7767
2018-10-09,-0.6474
2018-10-10,-4.1825
2018-10-11,-3.5489
2018-10-12,2.2051
2018-10-13,
2018-10-14,
2018-10-15,-0.9533
2018-10-16,2.077
2018-10-17,-0.5211
2018-10-18,-1.6992
2018-10-19,1.3316
2018-10-20,
2018-10-21,
2018-10-22,0.8024
2018-10-23,-0.9151
2018-10-24,-3.1438
2018-10-25,2.4817
2018-10-26,-1.5741
2018-10-27,
2018-10-28,
2018-10-29,-1.1072
2018-10-30,1.2308
2018-10-31,1.9402
2018-11-01,0.6091
2018-11-02,-0.7504
2018-11-03,
2018-11-04,
2018-11-05,0.7688
2018-11-06,0.517
2018-11-07,2.7914
2018-11-08,0.3845
2018-11-09,0.3951
2018-11-10,
2018-11-11,
2018-11-12,-1.6409
2018-11-13,-0.6095
2018-11-14,-0.7185
2018-11-15,1.3725
2018-11-16,1.5447
2018-11-17,
2018-11-18,
2018-11-19,-1.3515
2018-11-20,-2.3776
2018-11-21,-1.2083
2018-11-22,
2018-11-23,-0.0319
2018-11-24,
2018-11-25,
2018-11-26,0.9367
2018-11-27,0.4482
2018-11-28,1.9483000000000001
2018-11-29,-0.7028
2018-11-30,2.1419
2018-12-01,
2018-12-02,
2018-12-03,1.3980000000000001
2018-12-04,-1.5646
2018-12-05,
2018-12-06,-3.0205
2018-12-07,-1.1303
2018-12-08,
2018-12-09,
2018-12-10,0.1715
2018-12-11,0.3677
2018-12-12,0.2021
2018-12-13,1.0276
2018-12-14,-2.9454000000000002
2018-12-15,
2018-12-16,
2018-12-17,-2.4818
2018-12-18,0.3099
2018-12-19,-0.7756
2018-12-20,-4.9417
2018-12-21,-4.3902
2018-12-22,
2018-12-23,
2018-12-24,-2.5728999999999997
2018-12-25,
2018-12-26,3.9949
2018-12-27,1.0071
2018-12-28,-0.4202
2018-12-29,
2018-12-30,
2018-12-31,0.8511
2019-01-01,
2019-01-02,-0.2979
2019-01-03,-3.4142
2019-01-04,3.8884
2019-01-05,
2019-01-06,
2019-01-07,0.3473
2019-01-08,2.529
2019-01-09,0.503
2019-01-10,0.7884
2019-01-11,-0.5373
2019-01-12,
2019-01-13,
2019-01-14,-0.889
2019-01-15,1.3524
2019-01-16,0.674
2019-01-17,0.8385
2019-01-18,0.8919
2019-01-19,
2019-01-20,
2019-01-21,
2019-01-22,-0.9837
2019-01-23,-0.3692
2019-01-24,1.1656
2019-01-25,1.1322
2019-01-26,
2019-01-27,
2019-01-28,0.2568
2019-01-29,-0.1445
2019-01-30,1.3617
2019-01-31,-0.3504
2019-02-01,0.775
2019-02-02,
2019-02-03,
2019-02-04,1.1697
2019-02-05,0.4919
2019-02-06,-0.1017
2019-02-07,-1.2599
2019-02-08,0.2642
2019-02-09,
2019-02-10,
2019-02-11,-0.1735
2019-02-12,0.8434
2019-02-13,0.8938
2019-02-14,-0.1139
2019-02-15,0.8742
2019-02-16,
2019-02-17,
2019-02-18,
2019-02-19,0.157
2019-02-20,0.1442
2019-02-21,-0.1127
2019-02-22,1.2349
2019-02-23,
2019-02-24,
2019-02-25,0.1053
2019-02-26,-0.2041
2019-02-27,-0.4401
2019-02-28,0.4669
2019-03-01,1.7473999999999998
2019-03-02,
2019-03-03,
2019-03-04,-0.8404
2019-03-05,0.522
2019-03-06,-0.7821
2019-03-07,-0.3325
2019-03-08,-0.0989
2019-03-09,
2019-03-10,
2019-03-11,1.3916
2019-03-12,0.0305
2019-03-13,0.0732
2019-03-14,0.4326
2019-03-15,0.9526
2019-03-16,
2019-03-17,
2019-03-18,0.024
2019-03-19,-0.1382
2019-03-20,0.0421
2019-03-21,1.1848
2019-03-22,-1.7832
2019-03-23,
2019-03-24,
2019-03-25,-0.0968
2019-03-26,1.1267
2019-03-27,-0.2815
2019-03-28,5.1961
2019-03-29,0.5139
2019-03-30,
2019-03-31,
2019-04-01,0.1704
2019-04-02,-0.5388
2019-04-03,1.0378
2019-04-04,-0.0169
2019-04-05,0.5588
2019-04-06,
2019-04-07,
2019-04-08,0.4266
2019-04-09,-0.6595
2019-04-10,0.4107
2019-04-11,0.7684
2019-04-12,0.157
2019-04-13,
2019-04-14,
2019-04-15,0.3695
2019-04-16,-0.1339
2019-04-17,-0.0614
2019-04-18,-0.19
2019-04-19,
2019-04-20,
2019-04-21,
2019-04-22,-0.3023
2019-04-23,1.3534
2019-04-24,0.1828
2019-04-25,-0.4756
2019-04-26,0.489
2019-04-27,
2019-04-28,
2019-04-29,0.2101
2019-04-30,0.8057
2019-05-01,-0.7445
2019-05-02,-1.059
2019-05-03,-1.3434
2019-05-04,
2019-05-05,
2019-05-06,-0.4068
2019-05-07,-1.3162
2019-05-08,-0.069
2019-05-09,0.3682
2019-05-10,-0.0917
2019-05-11,
2019-05-12,
2019-05-13,-1.8818000000000001
2019-05-14,1.5144
2019-05-15,1.031
2019-05-16,1.5792000000000002
2019-05-17,0.0898
2019-05-18,
2019-05-19,
2019-05-20,0.1178
2019-05-21,0.5769
2019-05-22,0.4566
2019-05-23,-1.1752
2019-05-24,0.3029
2019-05-25,
2019-05-26,
2019-05-27,
2019-05-28,-0.2349
2019-05-29,-0.4372
2019-05-30,0.6813
2019-05-31,-0.4194
2019-06-01,
2019-06-02,
2019-06-03,-1.6341999999999999
2019-06-04,1.6042
2019-06-05,0.8934
2019-06-06,0.4678
2019-06-07,1.3969
2019-06-08,
2019-06-09,
2019-06-10,0.831
2019-06-11,-0.5801
2019-06-12,0.6653
2019-06-13,0.195
2019-06-14,0.0108
2019-06-15,
2019-06-16,
2019-06-17,-0.5785
2019-06-18,0.3263
2019-06-19,-0.2981
2019-06-20,1.3971
2019-06-21,-0.5147
2019-06-22,
2019-06-23,
2019-06-24,0.2964
2019-06-25,-0.6502
2019-06-26,-0.8599
2019-06-27,-0.1691
2019-06-28,0.9672
2019-06-29,
2019-06-30,
2019-07-01,1.1365
2019-07-02,0.9258
2019-07-03,1.2566
2019-07-04,
2019-07-05,0.2199
2019-07-06,
2019-07-07,
2019-07-08,-0.5643
2019-07-09,0.4099
2019-07-10,0.3245
2019-07-11,1.544
2019-07-12,0.7911
2019-07-13,
2019-07-14,
2019-07-15,-0.4536
2019-07-16,-0.5478
2019-07-17,-0.2265
2019-07-18,0.5211
2019-07-19,-0.4568
2019-07-20,
2019-07-21,
2019-07-22,0.263
2019-07-23,0.0103
2019-07-24,0.0051
2019-07-25,0.2571
2019-07-26,1.0053
2019-07-27,
2019-07-28,
2019-07-29,0.2133
2019-07-30,-0.8614
2019-07-31,-1.5691000000000002
2019-08-01,0.8204
2019-08-02,-0.5923
2019-08-03,
2019-08-04,
2019-08-05,-3.8651
2019-08-06,1.7569
2019-08-07,0.0318
2019-08-08,2.8115
2019-08-09,-1.3905
2019-08-10,
2019-08-11,
2019-08-12,-0.7729
2019-08-13,1.5158
2019-08-14,-3.0641
2019-08-15,1.3852
2019-08-16,1.9308
2019-08-17,
2019-08-18,
2019-08-19,1.0144
2019-08-20,-0.5021
2019-08-21,0.7878
2019-08-22,0.3117
2019-08-23,-1.7979
2019-08-24,
2019-08-25,
2019-08-26,1.3796
2019-08-27,0.8646
2019-08-28,-0.1623
2019-08-29,0.9653
2019-08-30,-0.2868
2019-08-31,
2019-09-01,
2019-09-02,
2019-09-03,-1.2212
2019-09-04,1.0013
2019-09-05,0.9003
2019-09-06,0.8171
2019-09-07,
2019-09-08,
2019-09-09,-3.1275
2019-09-10,-2.6536
2019-09-11,0.9016
2019-09-12,2.1686
2019-09-13,-0.4603
2019-09-14,
2019-09-15,
2019-09-16,-0.2364
2019-09-17,0.4069
2019-09-18,-0.4206
2019-09-19,0.2782
2019-09-20,-0.8116
2019-09-21,
2019-09-22,
2019-09-23,-0.1295
2019-09-24,-1.4001000000000001
2019-09-25,0.3839
2019-09-26,0.6549
2019-09-27,-0.3852
2019-09-28,
2019-09-29,
2019-09-30,0.5068
2019-10-01,-1.4193
2019-10-02,-2.5156
2019-10-03,0.5193
2019-10-04,2.0612
2019-10-05,
2019-10-06,
2019-10-07,-1.4923
2019-10-08,-2.4677
2019-10-09,1.1745
2019-10-10,-0.2767
2019-10-11,0.6201
2019-10-12,
2019-10-13,
2019-10-14,0.2865
2019-10-15,0.8086
2019-10-16,0.1979
2019-10-17,-0.2841
2019-10-18,0.559
2019-10-19,
2019-10-20,
2019-10-21,0.139
2019-10-22,-2.4661
2019-10-23,0.7388
2019-10-24,0.5052
2019-10-25,-1.0432
2019-10-26,
2019-10-27,
2019-10-28,-0.1092
2019-10-29,1.0554
2019-10-30,0.9632
2019-10-31,-0.6217
2019-11-01,1.5101
2019-11-02,
2019-11-03,
2019-11-04,-0.2231
2019-11-05,-0.4899
2019-11-06,1.2575
2019-11-07,-0.074
2019-11-08,0.3226
2019-11-09,
2019-11-10,
2019-11-11,0.1898
2019-11-12,0.7208
2019-11-13,1.6037
2019-11-14,0.8997
2019-11-15,0.2854
2019-11-16,
2019-11-17,
2019-11-18,0.6148
2019-11-19,0.1616
2019-11-20,-0.3176
2019-11-21,-0.4704
2019-11-22,-0.061
2019-11-23,
2019-11-24,
2019-11-25,0.8644
2019-11-26,1.2906
2019-11-27,0.1642
2019-11-28,
2019-11-29,-0.0447
2019-11-30,
2019-12-01,
2019-12-02,-0.7805
2019-12-03,-0.4209
2019-12-04,0.4176
2019-12-05,0.1353
2019-12-06,1.351
2019-12-07,
2019-12-08,
2019-12-09,-0.2567
2019-12-10,-0.0742
2019-12-11,0.208
2019-12-12,0.8008
2019-12-13,1.3437000000000001
2019-12-14,
2019-12-15,
2019-12-16,-0.8033
2019-12-17,-0.7805
2019-12-18,1.1602999999999999
2019-12-19,1.2344
2019-12-20,1.3442
2019-12-21,
2019-12-22,
2019-12-23,-0.1279
2019-12-24,0.37
2019-12-25,
2019-12-26,0.2079
2019-12-27,0.0802
2019-12-28,
2019-12-29,
2019-12-30,-0.7445
2019-12-31,-0.0332
2020-01-01,
2020-01-02,-0.1995
2020-01-03,-0.1665
2020-01-04,
2020-01-05,
2020-01-06,-0.653
2020-01-07,-2.159
2020-01-08,0.1961
2020-01-09,0.8907
2020-01-10,0.7325
2020-01-11,
2020-01-12,
2020-01-13,0.9294
2020-01-14,-0.8874
2020-01-15,0.1589
2020-01-16,0.8299
2020-01-17,0.1053
2020-01-18,
2020-01-19,
2020-01-20,
2020-01-21,-0.0239
2020-01-22,0.1243
2020-01-23,0.6065
2020-01-24,-1.0015
2020-01-25,
2020-01-26,
2020-01-27,-0.9685
2020-01-28,1.7865
2020-01-29,-1.0845
2020-01-30,0.1972
2020-01-31,-1.5165
2020-02-01,
2020-02-02,
2020-02-03,1.2621
2020-02-04,2.2762000000000002
2020-02-05,-0.1459
2020-02-06,0.9141
2020-02-07,-1.2046999999999999
2020-02-08,
2020-02-09,
2020-02-10,0.4585
2020-02-11,-0.1929
2020-02-12,-0.0707
2020-02-13,0.1934
2020-02-14,-0.0141
2020-02-15,
2020-02-16,
2020-02-17,
2020-02-18,0.6545
2020-02-19,1.0105
2020-02-20,-0.9355
2020-02-21,-0.9397
2020-02-22,
2020-02-23,
2020-02-24,-3.5537
2020-02-25,-3.5526
2020-02-26,-0.7255
2020-02-27,-4.7171
2020-02-28,-3.1377
2020-02-29,
2020-03-01,
2020-03-02,4.9615
2020-03-03,-3.8670999999999998
2020-03-04,3.6439
2020-03-05,-3.3358
2020-03-06,-2.087
2020-03-07,
2020-03-08,
2020-03-09,-8.1902
2020-03-10,6.3677
2020-03-11,-5.4136
2020-03-12,-7.6192
2020-03-13,9.1654
2020-03-14,
2020-03-15,
2020-03-16,-8.3899
2020-03-17,3.3893
2020-03-18,-4.1595
2020-03-19,4.8627
2020-03-20,-5.4006
2020-03-21,
2020-03-22,
2020-03-23,-4.1683
2020-03-24,9.1586
2020-03-25,-3.2069
2020-03-26,12.8573
2020-03-27,-4.9376
2020-03-28,
2020-03-29,
2020-03-30,4.2608
2020-03-31,-3.8629
2020-04-01,-5.2554
2020-04-02,1.0279
2020-04-03,-2.6365
2020-04-04,
2020-04-05,
2020-04-06,9.1357
2020-04-07,-1.1623
2020-04-08,4.6369
2020-04-09,3.6045
2020-04-10,
2020-04-11,
2020-04-12,
2020-04-13,-3.007
2020-04-14,3.2045
2020-04-15,-4.4076
2020-04-16,-0.8852
2020-04-17,4.2513
2020-04-18,
2020-04-19,
2020-04-20,-0.1999
2020-04-21,-4.8644
2020-04-22,3.6513
2020-04-23,0.3424
2020-04-24,1.4806
2020-04-25,
2020-04-26,
2020-04-27,2.2626
2020-04-28,-0.5963
2020-04-29,5.1581
2020-04-30,-1.2636
2020-05-01,-2.7539
2020-05-02,
2020-05-03,
2020-05-04,-0.311
2020-05-05,1.1642000000000001
2020-05-06,-0.6827
2020-05-07,3.731
2020-05-08,0.7749
2020-05-09,
2020-05-10,
2020-05-11,-0.4296
2020-05-12,-1.0812
2020-05-13,-2.5415
2020-05-14,-0.558
2020-05-15,2.1612
2020-05-16,
2020-05-17,
2020-05-18,4.8238
2020-05-19,-1.38
2020-05-20,2.6776999999999997
2020-05-21,-0.8607
2020-05-22,0.1085
2020-05-23,
2020-05-24,
2020-05-25,
2020-05-26,1.3887
2020-05-27,1.7974
2020-05-28,0.8703
2020-05-29,-0.0248
2020-05-30,
2020-05-31,
2020-06-01,0.8729
2020-06-02,1.1801
2020-06-03,0.7289
2020-06-04,-2.0166
2020-06-05,2.6539
2020-06-06,
2020-06-07,
2020-06-08,1.3382
2020-06-09,-1.8648
2020-06-10,1.008
2020-06-11,-6.4365
2020-06-12,2.8783
2020-06-13,
2020-06-14,
2020-06-15,-0.8929
2020-06-16,2.3074
2020-06-17,0.3914
2020-06-18,-1.1062
2020-06-19,-0.68
2020-06-20,
2020-06-21,
2020-06-22,0.521
2020-06-23,2.3692
2020-06-24,-2.6808
2020-06-25,7.6693999999999996
2020-06-26,-2.2317
2020-06-27,
2020-06-28,
2020-06-29,0.1177
2020-06-30,0.9402
2020-07-01,-0.0605
2020-07-02,0.5266
2020-07-03,
2020-07-04,
2020-07-05,
2020-07-06,0.8483
2020-07-07,-0.5608
2020-07-08,1.1834
2020-07-09,0.1919
2020-07-10,0.4332
2020-07-11,
2020-07-12,
2020-07-13,-2.0521
2020-07-14,1.5852
2020-07-15,0.6388
2020-07-16,-0.2958
2020-07-17,1.2916
2020-07-18,
2020-07-19,
2020-07-20,0.6714
2020-07-21,-0.3043
2020-07-22,0.6644
2020-07-23,-0.8607
2020-07-24,-0.3869
2020-07-25,
2020-07-26,
2020-07-27,0.849
2020-07-28,-0.5105
2020-07-29,0.9902
2020-07-30,-0.1783
2020-07-31,0.3572
2020-08-01,
2020-08-02,
2020-08-03,1.0677
2020-08-04,-0.0132
2020-08-05,0.6824
2020-08-06,0.9576
2020-08-07,0.2902
2020-08-08,
2020-08-09,
2020-08-10,-0.5269
2020-08-11,-0.7684
2020-08-12,0.5163
2020-08-13,0.8618
2020-08-14,-0.6387
2020-08-15,
2020-08-16,
2020-08-17,1.0293
2020-08-18,0.6921
2020-08-19,0.1708
2020-08-20,0.8439
2020-08-21,0.3719
2020-08-22,
2020-08-23,
2020-08-24,0.1095
2020-08-25,0.1935
2020-08-26,0.9403
2020-08-27,0.1747
2020-08-28,0.8801
2020-08-29,
2020-08-30,
2020-08-31,-1.2593
2020-09-01,0.0375
2020-09-02,2.9831
2020-09-03,-3.3174
2020-09-04,-1.2177
2020-09-05,
2020-09-06,
2020-09-07,
2020-09-08,-1.4487
2020-09-09,2.6907
2020-09-10,-2.2016999999999998
2020-09-11,0.4793
2020-09-12,
2020-09-13,
2020-09-14,1.7294
2020-09-15,0.5736
2020-09-16,-0.3247
2020-09-17,-1.086
2020-09-18,-0.2702
2020-09-19,
2020-09-20,
2020-09-21,-0.9611
2020-09-22,1.2868
2020-09-23,-2.6465
2020-09-24,-7.0366
2020-09-25,0.0979
2020-09-26,
2020-09-27,
2020-09-28,3.7972
2020-09-29,0.5835
2020-09-30,0.8524
2020-10-01,-0.3584
2020-10-02,-1.2346
2020-10-03,
2020-10-04,
2020-10-05,0.4901
2020-10-06,-1.405
2020-10-07,1.4069
2020-10-08,0.9667
2020-10-09,1.7551999999999999
2020-10-10,
2020-10-11,
2020-10-12,0.8308
2020-10-13,-0.5247
2020-10-14,0.0218
2020-10-15,-0.2877
2020-10-16,0.5595
2020-10-17,
2020-10-18,
2020-10-19,-1.6562000000000001
2020-10-20,1.8343
2020-10-21,1.1763
2020-10-22,-2.1278
2020-10-23,0.6838
2020-10-24,
2020-10-25,
2020-10-26,-4.5581
2020-10-27,0.6523
2020-10-28,-3.0454
2020-10-29,1.1686
2020-10-30,0.2172
2020-10-31,
2020-11-01,
2020-11-02,1.5121
2020-11-03,2.5069
2020-11-04,0.9791
2020-11-05,2.6632
2020-11-06,0.9829
2020-11-07,
2020-11-08,
2020-11-09,1.6632
2020-11-10,-0.6286
2020-11-11,1.6924000000000001
2020-11-12,-1.895
2020-11-13,1.5242
2020-11-14,
2020-11-15,
2020-11-16,1.3111
2020-11-17,-0.4613
2020-11-18,-1.6775
2020-11-19,1.4475
2020-11-20,0.0987
2020-11-21,
2020-11-22,
2020-11-23,1.1337
2020-11-24,1.5434999999999999
2020-11-25,-0.268
2020-11-26,
2020-11-27,0.3168
2020-11-28,
2020-11-29,
2020-11-30,-0.4118
2020-12-01,1.2766
2020-12-02,-1.0346
2020-12-03,0.1081
2020-12-04,1.4043999999999999
2020-12-05,
2020-12-06,
2020-12-07,-1.6335
2020-12-08,0.2246
2020-12-09,-1.2367
2020-12-10,-0.2472
2020-12-11,-0.1341
2020-12-12,
2020-12-13,
2020-12-14,-0.8461
2020-12-15,1.3538000000000001
2020-12-16,0.1619
2020-12-17,6.8782
2020-12-18,0.673
2020-12-19,
2020-12-20,
2020-12-21,-1.8141
2020-12-22,-0.7459
2020-12-23,-0.7824
2020-12-24,-0.0544
2020-12-25,
2020-12-26,
2020-12-27,
2020-12-28,0.925
2020-12-29,-0.7394
2020-12-30,-0.0854
2020-12-31,1.425
2021-01-01,
2021-01-02,
2021-01-03,
2021-01-04,-1.8185
2021-01-05,0.5693
2021-01-06,1.0934
2021-01-07,0.9435
2021-01-08,0.3647
2021-01-09,
2021-01-10,
2021-01-11,-1.4423
2021-01-12,-0.749
2021-01-13,-0.1703
2021-01-14,-0.8091
2021-01-15,-0.5294
2021-01-16,
2021-01-17,
2021-01-18,
2021-01-19,0.8634
2021-01-20,2.2788
2021-01-21,-1.4255
2021-01-22,-1.229
2021-01-23,
2021-01-24,
2021-01-25,-1.0716
2021-01-26,0.3769
