feature,feature_score
gain_14,0.005757685443483473
dividend_6,0.005292257357486707
portfolio_7,0.0037222332841286843
lifestyle_2,0.003621181256521222
debt_11,0.003556211372294915
leverage_16,0.0034096588882899016
founded_17,0.0031666491692557753
ceo_6,0.0025978800010800105
judge_13,0.0023202881882204316
fond_16,0.0021680909592444175
forex_5,0.002099388502220445
stats_19,0.0020946405692289895
fond_4,0.001984773773066184
forex_19,0.0019657164558321005
served_17,0.0019302698581964207
blacklist_10,0.0018809275997937248
kentucky_3,0.001800314867466124
economic_6,0.0016372229345479107
opportunity_7,0.0016151937135872262
governor_15,0.0016062592235674077
leverage_4,0.0016034589632175189
served_5,0.001566132260012565
restaurant_1,0.0015577580258235857
served_16,0.00153964598040921
earnings_6,0.0015387876787316345
risk_20,0.0015213533372411714
food_1,0.0014932208429825123
leverage_17,0.0014382858300665325
dow_jones_8,0.0014245216189496812
committee_19,0.001418488580903321
economic_7,0.0014125943324282853
judge_3,0.0014101328864457364
BUY_AND_HOLD_13,0.0013937280937026397
risk_11,0.0013750350006344724
success_11,0.0013399435676628713
firm_11,0.0013376921991348212
banking_6,0.00131748557860214
crash_3,0.0012545912453632234
consumption_13,0.0012532579228639261
law_6,0.0012470341400424578
default_16,0.0012261105287887154
banking_19,0.0011618455689027085
returns_7,0.0011615856746762798
nyse_5,0.001147651320519838
case_2,0.0011414443799288466
election_12,0.0011162695228467579
voters_3,0.0011094727308126329
pennsylvania_7,0.0011064282412127867
gold_15,0.0010943111157338593
senate_15,0.0010906304433758284
short_selling_10,0.0010793329096658645
happy_11,0.0010767345069739643
fine_20,0.0010616105674579046
rich_7,0.0010502759739303257
default_19,0.0010476409498882955
project_6,0.0010438616819498092
crash_18,0.0010285413150667333
world_17,0.0010226092002403099
conflict_17,0.001013089533876066
judge_9,0.001006368556796544
hedge_9,0.0009958351569230527
tourism_18,0.0009913657036028534
movie_1,0.0009875447055986753
short_selling_16,0.0009786631350366282
vermont_4,0.0009781510126337211
judge_4,0.0009687202319366595
BUY_AND_HOLD_12,0.0009681492074027131
ceo_20,0.0009584049170204834
world_19,0.000947800749314398
wisconsin_16,0.0009440636446777839
gains_11,0.0009115506523653227
happy_1,0.0008633056560648722
returns_20,0.0008610167140791658
secretary_10,0.0008354021306451909
ltd_4,0.0008294203599403582
gold_1,0.0008281684575010883
party_15,0.0008205243177851207
gold_10,0.0008108621488341905
blacklist_7,0.0007942609569145942
court_10,0.0007856256915713012
freedom_1,0.000780338882953946
housing_6,0.00077686622281683
nasdaq_16,0.0007758281656299548
stats_11,0.0007504899458477432
risk_7,0.0007472870803600706
kentucky_4,0.0007462739500919691
college_10,0.0007451030358605282
energy_20,0.0007395419271573944
default_18,0.0007375544660501276
trader_8,0.0007275413984151324
opportunity_16,0.0007257332827257379
party_9,0.0007239658719520037
vermont_10,0.0007196997134689021
hedge_16,0.0007150752759220724
pennsylvania_4,0.0007075723863539718
freedom_16,0.0007033074548591145
washington_16,0.0006966518160962165
credit_6,0.000686731888513692
metals_19,0.0006862125373577
marketing_7,0.0006858263628616746
firm_10,0.0006817895950538722
legal_6,0.0006785363389370192
voters_20,0.0006715065683977395
fed_12,0.0006669806482504148
dividend_18,0.0006629644643727506
industry_15,0.0006616461380902772
stocks_11,0.000648484647208658
headlines_13,0.0006474997175526687
fun_1,0.0006453014176770689
justice_4,0.000637064188201486
trader_11,0.0006307612027156795
committee_8,0.0006266078536687703
election_20,0.0006057062915615808
nyse_12,0.0006020287491563358
stock_market_7,0.0005935018897839761
trader_19,0.0005931373591354427
rich_20,0.0005928047758700483
politics_17,0.0005884444259891319
stock_market_19,0.0005871922481242465
short_selling_13,0.0005835113103783041
stats_3,0.0005819778370502737
gain_6,0.0005762511478753174
trader_10,0.0005744989013415358
markets_4,0.0005733201675502287
representatives_11,0.0005714048881787503
trader_18,0.000569416793872568
growth_12,0.0005605608901822823
million_18,0.0005602669886519251
chance_16,0.0005548325877333005
marketing_6,0.000553273655815012
cash_10,0.0005373264408855105
garden_12,0.0005345530990289227
derivatives_15,0.000528622891911601
politics_14,0.000520760515534513
stocks_2,0.0005152058491392442
kitchen_12,0.0005076385341192368
crisis_14,0.0005072931932137648
food_14,0.0005024276416326634
fine_15,0.0005020603529032775
party_14,0.0004974087177302966
vermont_8,0.0004952990218612952
york_7,0.0004906851514132837
missouri_10,0.0004888478533006335
committee_10,0.0004885635892239115
lifestyle_15,0.0004860848424051101
tourism_1,0.0004772613374231183
consume_10,0.00046584522455477283
party_5,0.0004630578136250119
travel_6,0.0004588515914268454
forex_20,0.00045694893758381206
kitchen_10,0.00045655153504398083
democratic_14,0.0004563426511229762
water_4,0.00044991937437972586
tourism_11,0.00044794818867164297
nyse_17,0.000435769909908168
default_9,0.000427730494375389
financial_markets_16,0.00042292883459080775
crisis_16,0.0004226032722366213
fine_3,0.0004213394190669906
consumption_9,0.0004209619161509526
greed_17,0.0004184356459582039
ministry_15,0.00041534378764007673
minister_13,0.00041223055533667896
water_16,0.0004118311145874909
members_1,0.00041085341916764496
college_16,0.0004100688577448164
stats_4,0.0004085729005507188
religion_3,0.0004014036385106889
nyse_11,0.0003914591156390701
fed_18,0.0003881363908585955
gold_12,0.00038462877520450967
representatives_10,0.00037905887270570646
unemployment_11,0.00037404418709852116
marketing_4,0.00037301351960044026
forex_10,0.0003717118980577805
founded_12,0.0003705938980839152
market_7,0.00036849902585667227
stats_10,0.00036792652442962925
firm_20,0.0003670239856298885
markets_11,0.00036503201980162545
served_14,0.00036110531530593183
committee_9,0.0003599395256797866
lifestyle_19,0.0003592088890467693
representatives_20,0.0003535295150453699
court_11,0.0003487251257345836
york_6,0.0003455285136996
nyse_7,0.0003424013705887408
fun_15,0.00034149031186738734
dividend_11,0.0003409238019043581
stocks_6,0.00033578837759242754
buy_14,0.00033431551274902825
founded_18,0.0003308984122101455
success_20,0.00032728109469157827
stocks_18,0.00032577874212085244
consume_20,0.0003193084902211929
members_12,0.00031661534142934933
chance_17,0.00030786949887822156
freedom_15,0.00030578337550142277
investment_6,0.00030287738511938225
religion_15,0.0002945438052477822
portfolio_8,0.00029349912976781576
freedom_2,0.0002891619839377357
companies_6,0.00028812525288981485
home_16,0.00028535194186345424
fond_3,0.00028373002724513263
republican_18,0.00028213820690929924
car_11,0.0002789083648091051
headlines_18,0.00027672270991929704
default_12,0.00027491299740245445
lifestyle_17,0.0002746073311791442
opportunity_20,0.000274055392971051
union_20,0.00027168995508253246
returns_17,0.0002698510563142298
cash_12,0.0002679865299192841
crash_6,0.00026659520482470446
bubble_1,0.0002657241522858289
stock_market_2,0.00026151024752507634
crash_10,0.00025440207190094986
transaction_6,0.0002537025868923237
economics_17,0.00024888354135816916
train_14,0.00024735183656381387
william_16,0.00024257137523582274
security_7,0.00024057031856870026
economy_1,0.0002378376723091602
debt_12,0.00023691795777165404
returns_6,0.00023239636783529695
rich_18,0.00023106995434458711
community_11,0.00023017427841982575
elected_10,0.00022450248855807598
train_11,0.00022419107367548373
debt_19,0.00022412835125513731
companies_12,0.00022100446046180444
gold_2,0.00021876881284175199
greed_18,0.00021614649540750984
massachusetts_6,0.00021453833621198903
unemployment_15,0.00021423129875373093
economic_3,0.00020881202556219947
district_10,0.00020772256113119614
court_20,0.00020756911891528507
william_20,0.00020405346199710018
political_18,0.00020363077434302213
house_10,0.00019535461215456352
legal_3,0.00019446299030105861
gold_18,0.0001939173296928942
financial_7,0.00019004573485070786
religion_1,0.00018775442506939742
buy_7,0.00018573812934654654
blacklist_20,0.0001829465273044617
risk_16,0.000179997108294927
stats_20,0.00017344016817497643
project_12,0.00017335889480423193
sell_2,0.00017327915111156055
stats_17,0.00017297856069562468
president_15,0.00017236566463867397
economy_10,0.00016773058201344782
representatives_8,0.00016542979979061734
holiday_8,0.00016215041165843492
food_18,0.00016062847771387557
votes_6,0.00015890089845134182
carolina_19,0.0001582584521090169
car_10,0.00015710714155519056
police_5,0.00015609426808735894
holiday_7,0.0001559726910219217
derivatives_18,0.00015353195083189775
transaction_15,0.00015331168449421727
republican_3,0.00015297975478352211
ore_15,0.00015225936816349873
council_7,0.0001495781680345587
leverage_15,0.00014950816585028724
movement_3,0.0001463045341017155
virginia_10,0.00014556102570211226
politics_3,0.0001450240332472541
republican_14,0.0001425675171187857
project_4,0.000141756520328995
york_4,0.0001401501874006561
tourism_2,0.0001389239813377463
returns_16,0.000138779156569524
government_16,0.0001355036710509072
leverage_13,0.00013256550707960724
economic_17,0.00013224903406725553
ltd_10,0.00012871706121260208
nyse_6,0.00012821116765535657
war_11,0.00012753376644900616
credit_10,0.00012720398486736338
illinois_18,0.00012630767960690735
food_12,0.00012511692037762146
consume_12,0.00012481869907432497
short_selling_7,0.00012367171490224038
earnings_17,0.00011985684077266967
economy_2,0.00011826448961524961
ohio_10,0.0001170013224983002
fine_18,0.00011453344986689373
bubble_5,0.00011371102093036268
opportunity_8,0.00011314586058870368
social_7,0.00011285051142517766
gain_15,0.00011221440182507258
representatives_18,0.00010972722522091249
money_7,0.00010970437047828075
court_4,0.00010962990296705665
labor_10,0.00010865919228471021
elected_19,0.0001051447732384192
color_12,0.00010408357213183006
financial_markets_12,0.00010330064526880012
oil_3,0.00010102169860803922
financial_markets_15,0.00010092856556729313
BUY_AND_HOLD_10,9.845415491998022e-05
success_7,9.601912508090393e-05
marriage_1,9.445478896075166e-05
virginia_6,9.408118026377199e-05
kentucky_15,9.205438144201938e-05
ring_15,9.12136172959821e-05
investment_11,9.061493378692553e-05
hedge_17,9.0278737445737e-05
legal_7,9.022438278072364e-05
kitchen_15,8.350011043654071e-05
carolina_8,8.341438346772811e-05
politics_20,7.804817037779799e-05
members_13,7.803391706568963e-05
media_16,7.663410062306309e-05
financial_markets_20,7.607342516402493e-05
fine_12,7.324461160833629e-05
illinois_16,7.246700670693329e-05
buy_11,7.205914116508172e-05
party_7,7.01777787564195e-05
served_10,6.838243290063772e-05
votes_18,6.662271525101904e-05
success_2,6.654003919379648e-05
water_2,6.556023968733449e-05
war_7,6.4988779987174e-05
ohio_6,6.443346738138622e-05
ring_10,6.251564877073346e-05
york_19,6.2031025518694e-05
investment_17,6.199128237427409e-05
culture_19,6.066899453753827e-05
short_sell_11,6.06165733433528e-05
kentucky_16,5.956234083988043e-05
portfolio_10,5.845417325065494e-05
energy_10,5.804497722934343e-05
labor_18,5.48151134475372e-05
war_13,5.1415453705239145e-05
industry_7,4.88629890409209e-05
money_10,4.818169937292893e-05
bubble_19,4.7179647757489286e-05
conflict_14,4.628349070747717e-05
governor_14,4.2902485002227483e-05
financial_markets_18,4.247756375079792e-05
inflation_16,4.2461614423672245e-05
labor_15,4.207245803784509e-05
risk_19,4.1276851844473936e-05
economy_12,4.1064614798402846e-05
ore_12,4.0609476749953186e-05
voters_13,3.978023769128925e-05
carolina_6,3.946892733817098e-05
food_10,3.94097618198197e-05
republican_17,3.927375577852388e-05
food_16,3.8335869079975105e-05
present_5,3.778878577593847e-05
buy_15,3.509932313241482e-05
million_13,3.177161715628429e-05
cash_16,3.113207425715636e-05
portfolio_19,2.8817439916939413e-05
media_15,2.8652219672209435e-05
sell_5,2.8375757692500337e-05
judge_12,2.8110252640178858e-05
rights_18,2.7534483935820474e-05
judge_20,2.7478766614796868e-05
success_8,2.5790412492687765e-05
million_4,2.533925315124641e-05
arts_20,2.4518136353846032e-05
committee_16,2.4091161449191212e-05
credit_20,2.408370250830405e-05
invest_5,2.253800710680931e-05
case_10,2.2424602871340405e-05
voters_10,2.2134983872934555e-05
opportunity_10,2.0702077926726405e-05
religion_10,1.7102176472594265e-05
elected_6,1.63808247826136e-05
governor_13,1.6191308314605913e-05
car_6,1.558672245378645e-05
county_6,1.55191705100588e-05
government_15,1.5021916806645664e-05
short_sell_10,8.09880589276446e-06
ring_12,7.869113700387232e-06
college_6,7.0260543330480376e-06
short_selling_12,5.987073972590906e-06
politics_13,5.471875406892757e-06
cancer_20,5.383704073103068e-06
present_10,3.472498739576224e-06
bank_6,1.0592989436730704e-06
york_16,-9.19301066093503e-07
movie_11,-1.4263563639094201e-06
BUY_AND_HOLD_14,-1.9865639712124405e-06
project_11,-2.6332482480517784e-06
kitchen_19,-2.691840475566032e-06
growth_3,-3.800171841095157e-06
elections_20,-4.190092975808746e-06
ring_17,-4.383548723940756e-06
government_19,-5.8388890599170296e-06
votes_11,-6.1516256876670285e-06
politics_19,-6.190124112892548e-06
markets_5,-6.321922548147007e-06
stock_market_10,-6.591335707906154e-06
return_20,-8.659105162123204e-06
project_7,-8.78821662846363e-06
derivatives_4,-9.725893704182198e-06
york_10,-1.0310864423734855e-05
transaction_12,-1.5854573735363253e-05
senate_16,-1.599736481550096e-05
democratic_12,-1.7033008443956276e-05
portfolio_15,-1.7309586963465408e-05
chance_3,-1.804742594038178e-05
health_20,-1.8335998090468485e-05
markets_13,-2.2107884604927185e-05
senate_7,-2.291034435619732e-05
home_8,-2.3185915397849755e-05
lifestyle_3,-2.3816832012379942e-05
global_11,-2.5290041143466445e-05
ore_11,-2.5345904343332393e-05
president_17,-2.5418137550570207e-05
crisis_15,-2.620157393726785e-05
texas_16,-2.7856500084766368e-05
economic_12,-2.883769465971131e-05
economic_20,-2.9201049584726137e-05
movement_1,-2.9657261705740013e-05
vermont_18,-3.2466256084440204e-05
lifestyle_7,-3.732649811423183e-05
portfolio_6,-3.977520257629763e-05
bonds_12,-3.989022047328206e-05
seats_1,-4.26866389549696e-05
law_10,-4.337221328418739e-05
office_6,-4.337736743982301e-05
kentucky_20,-4.374633914308035e-05
community_3,-4.4669495625759836e-05
service_20,-4.5076900083151905e-05
products_20,-4.5864903768322306e-05
crisis_7,-4.674188922244582e-05
train_15,-5.207812115892718e-05
media_10,-5.331119876379464e-05
economics_18,-5.351806161417727e-05
marriage_10,-5.503746114896568e-05
leverage_9,-5.558124363391759e-05
financial_6,-5.742424158556858e-05
war_8,-5.772328023034845e-05
minister_11,-5.783243221748613e-05
party_10,-5.808706565237909e-05
fine_10,-6.110652644673032e-05
vermont_16,-6.112313256714241e-05
voters_16,-6.158169678402992e-05
republican_15,-6.168646955517776e-05
forex_11,-6.291195090559753e-05
transaction_2,-6.313518187759382e-05
risk_15,-6.470927628234868e-05
car_7,-6.686061832592572e-05
train_16,-6.813938734411274e-05
happy_19,-6.893059239740929e-05
service_16,-6.896968870004905e-05
security_20,-6.99498877165583e-05
earnings_20,-7.042224228381855e-05
votes_15,-7.16748437153969e-05
happy_10,-7.384473251541568e-05
loss_20,-7.45852969235683e-05
ring_2,-7.464111813733076e-05
opportunity_11,-7.50557682136277e-05
services_10,-7.537632796372762e-05
leverage_14,-7.662707479569875e-05
law_11,-7.767185217715245e-05
missouri_15,-7.793770271116162e-05
minister_20,-7.866887379885945e-05
conflict_18,-7.962149732341218e-05
risk_10,-8.249125283978919e-05
war_2,-8.379727442262564e-05
oil_15,-8.539833299692212e-05
global_10,-8.629650288773937e-05
banking_15,-8.712468505958081e-05
wisconsin_8,-8.998321468318693e-05
holiday_15,-9.010597049814439e-05
car_19,-9.135282815231349e-05
county_15,-9.162423136865883e-05
crisis_10,-9.315197246289042e-05
growth_15,-9.63888844284222e-05
garden_19,-9.734336434243928e-05
case_16,-9.78025505098623e-05
credit_16,-9.790904058131212e-05
conflict_15,-9.807147546918582e-05
federal_19,-9.846624205303022e-05
republican_12,-9.950120376109873e-05
ohio_7,-9.974428318233474e-05
metals_3,-9.987394436186125e-05
greed_10,-0.00010094441300652068
police_2,-0.00010131169312206367
garden_10,-0.00010286332948004074
tennessee_10,-0.0001031602749851146
fun_17,-0.0001036167061713833
seats_16,-0.00010361747589815451
pennsylvania_16,-0.0001099867722059722
products_16,-0.00011147336294334843
gains_4,-0.00011201523587007766
home_12,-0.00011294124429368501
carolina_16,-0.00011307961094404461
security_4,-0.00011315054478180375
dividend_1,-0.00011494583323503615
served_20,-0.00011539895947882961
oil_16,-0.0001159353393749285
loss_2,-0.00011716171071751713
election_5,-0.00011838343143726338
media_20,-0.00011859548162302946
movie_12,-0.00011893628338728312
BUY_AND_HOLD_17,-0.00012013200005307478
votes_19,-0.00012090552897332518
justice_15,-0.00012177736402656514
leverage_19,-0.0001218181156204201
kitchen_7,-0.00012486122345969352
social_6,-0.00012584877625869683
money_20,-0.00012591686452010365
derivatives_6,-0.0001266535713025041
finance_10,-0.00012712047676757265
water_15,-0.00013145601009505458
revenue_16,-0.00013199846573550556
minister_8,-0.00013313358064199755
marriage_20,-0.00013370554048273143
nyse_16,-0.00013524728258036413
fed_13,-0.0001362841077129584
greed_16,-0.00013782467342950965
buy_16,-0.00013940014320432682
travel_1,-0.00014030227698513809
community_6,-0.00014094782424585174
corporation_4,-0.00014238922896558925
risk_18,-0.0001430627609055435
color_15,-0.000143948416780626
tourism_14,-0.00014440187002831006
governor_20,-0.00014548217040337706
corporation_18,-0.00014623897109125039
georgia_7,-0.000146867404958817
tourism_10,-0.00014737110657214725
stock_market_11,-0.0001478011839907589
republican_16,-0.00015035881086999936
community_16,-0.00015253768953922276
restaurant_20,-0.00015294547560043003
debt_20,-0.00015368861533906485
society_20,-0.00015470809019659803
wisconsin_15,-0.0001549574829000644
politics_10,-0.00015699518992640105
culture_15,-0.00015753446072854782
travel_20,-0.00015815973047348387
hedge_3,-0.00015830495589459482
william_18,-0.00015875341024220723
dow_jones_11,-0.00015966974734220595
development_6,-0.0001606758832422228
money_1,-0.0001609767352799718
color_11,-0.00016143093536817864
products_6,-0.0001620402991947989
bubble_14,-0.00016270946216503379
ceo_16,-0.00016348257288762992
war_15,-0.00016370186489456096
bubble_6,-0.00016456133383140336
dow_jones_20,-0.00016668672227850844
environment_11,-0.00016718900739767228
tennessee_18,-0.00016732040045199791
political_15,-0.00016742719162741171
ohio_20,-0.00016755630551679168
judge_15,-0.00016829941829969995
health_11,-0.0001683368920798456
marketing_11,-0.00016859684603163228
services_6,-0.00016886262796302897
society_15,-0.00016888330672257812
world_11,-0.00017018282143208552
greed_12,-0.00017035414399921845
tourism_4,-0.0001719418716201959
pennsylvania_10,-0.00017261823034040447
BUY_AND_HOLD_11,-0.00017297823815356494
color_16,-0.0001736258962647952
blacklist_6,-0.00017395643299729092
fed_20,-0.00017485769855738465
finance_15,-0.00017518544783323708
court_3,-0.00017546180907841437
million_12,-0.0001755692116492291
profit_16,-0.0001761053777443955
rare_earths_16,-0.0001769448218731817
bank_20,-0.00017756554050212258
home_19,-0.0001789219438668388
crisis_20,-0.00018037061859395022
political_13,-0.00018073557218274417
county_10,-0.00018076580669290632
marketing_16,-0.0001808390453397868
president_6,-0.00018202505167341787
religion_16,-0.00018255555066994943
present_9,-0.00018261222307269787
debt_4,-0.0001826558907035869
act_20,-0.00018302592807362128
industry_13,-0.00018359009340558342
services_15,-0.00018362318043436688
car_12,-0.0001851433597097829
conflict_7,-0.00018522142814807462
police_16,-0.00018610004033214889
war_16,-0.00018702484448944733
rare_earths_14,-0.00018751863528705394
derivatives_13,-0.00018861762286237482
short_selling_15,-0.0001891912857559852
consume_16,-0.00018926785732527042
rich_8,-0.00018953151613543273
products_4,-0.000190450462314673
development_7,-0.0001904512038895634
stats_15,-0.00019132032125812604
arts_15,-0.00019136854177030925
rare_earths_15,-0.00019148314436296944
rights_3,-0.00019196171692490439
senate_5,-0.00019213386386880417
rare_earths_13,-0.00019223014492308899
short_selling_9,-0.00019231615384525115
headlines_9,-0.0001937323594728202
return_13,-0.00019414301085136644
BUY_AND_HOLD_16,-0.0001944869469050259
social_15,-0.0001947067931804769
kitchen_11,-0.00019484253191865976
economics_13,-0.00019541480120122134
carolina_20,-0.00019554504722694155
revenue_18,-0.00019555711161542977
return_10,-0.00019565456411851923
court_15,-0.00019617543359384815
governor_12,-0.00019806862843774198
corporation_10,-0.00019846631584010676
movement_16,-0.00019977390382714956
investment_7,-0.0002005006192984826
college_3,-0.0002008876741802057
portfolio_9,-0.00020096620076388573
security_11,-0.00020186340822030412
missouri_20,-0.0002020287279180799
travel_10,-0.00020247396492480973
gains_15,-0.00020256827330698002
democratic_11,-0.00020293475836075103
media_11,-0.00020459827588930056
financial_markets_17,-0.00020490067145333412
media_6,-0.00020547458706527967
success_3,-0.00020567024224531493
industry_4,-0.00020682407625727262
home_15,-0.0002080241109799541
gold_14,-0.00020815782390442016
home_11,-0.00020880644807248495
portfolio_3,-0.00020999491228341772
financial_markets_13,-0.00021040323735803667
loss_11,-0.00021080405835767203
economics_19,-0.00021111052005027276
fine_17,-0.00021133286138925734
finance_7,-0.0002128408365203116
economics_1,-0.0002133191769942533
case_1,-0.00021352353414503256
party_16,-0.0002136687781216784
culture_20,-0.000214140588521583
case_7,-0.00021426507441311138
federal_7,-0.00021545275680665555
rare_earths_17,-0.00021593302381524017
sell_19,-0.0002159716035890824
metals_16,-0.00021624248802827318
finance_16,-0.00021730355473432718
markets_16,-0.00021848907120638472
gains_13,-0.00021892824697626877
judge_17,-0.0002189945945050953
william_15,-0.0002197139683667526
massachusetts_15,-0.00021976411066200187
success_18,-0.00022011776417507622
act_7,-0.00022088556099062462
conflict_10,-0.00022128194427646354
bank_15,-0.00022153602663215198
security_15,-0.00022161081588614184
office_20,-0.0002222048900978324
leverage_1,-0.00022234390255058135
water_10,-0.00022304266753723213
case_15,-0.000223146479283165
technology_16,-0.00022386262108702314
service_7,-0.00022403668118602392
industry_6,-0.00022425573614757167
fond_17,-0.00022488999575733803
stats_2,-0.00022493112586718933
marketing_20,-0.0002249857931281518
social_3,-0.00022506678703404503
travel_15,-0.00022570158812800222
politics_15,-0.00022590105022688434
economic_2,-0.00022595392933493218
business_6,-0.0002259752680286109
technology_7,-0.00022628792032493018
security_16,-0.00022645677677024523
economy_20,-0.00022768226701161965
rare_earths_11,-0.00022783341531555922
opportunity_13,-0.0002279115752840788
missouri_7,-0.0002282065673579581
industry_16,-0.0002287466284661255
judge_19,-0.00022896580493312336
society_19,-0.00022899295447174062
vermont_17,-0.00022950938139028044
votes_14,-0.0002297748496967733
hedge_15,-0.00023024544384595558
house_9,-0.00023059088263275296
oil_20,-0.00023071181495237791
money_15,-0.00023123671199003492
fine_5,-0.00023127450035127507
washington_18,-0.00023143678395292077
federal_15,-0.00023157160018782985
sell_12,-0.00023240748091148954
rare_earths_12,-0.00023261398697038693
development_20,-0.00023308938111039624
council_15,-0.00023322405239583065
debt_16,-0.0002338512538055948
arts_10,-0.00023413702520529432
consume_11,-0.00023424397942806152
inc_16,-0.00023523870149588788
stats_16,-0.00023620914336184296
college_20,-0.0002363292110794113
law_20,-0.00023656955662652024
ltd_18,-0.00023663491894585498
committee_17,-0.00023674307092207413
tennessee_6,-0.0002371092344028991
marketing_15,-0.00023771915090531337
voters_11,-0.00023833504153540906
voters_14,-0.00023835415930177905
seats_17,-0.00023942948569000144
fine_11,-0.00024002989099336514
marriage_18,-0.00024018463302450944
marriage_16,-0.00024021541502001754
case_17,-0.0002402804009925097
republican_13,-0.0002404082061553847
vermont_12,-0.0002406638672232786
garden_16,-0.00024106757632296193
voters_15,-0.00024146410789880335
senate_6,-0.00024162049187044233
inflation_13,-0.00024173464068186768
arts_19,-0.00024229838771816503
republican_20,-0.00024279304469090323
bonds_7,-0.0002431335894693909
BUY_AND_HOLD_20,-0.0002441994022688965
rare_earths_20,-0.00024496460825345067
restaurant_16,-0.0002452370610527499
federal_20,-0.0002457739138593151
ltd_12,-0.00024590997897449006
services_11,-0.0002461555779091684
media_19,-0.0002464403145670646
district_20,-0.00024720350279947565
development_15,-0.00024748871196884626
consume_17,-0.00024817196636619523
rare_earths_10,-0.0002491751760337113
million_17,-0.000250289069337728
companies_7,-0.0002510132945363619
financial_markets_11,-0.00025173686482624633
ministry_19,-0.00025300011761100196
growth_20,-0.00025319760878137474
college_19,-0.00025420075922475414
corporation_11,-0.00025426359186593307
representatives_2,-0.00025467600664246247
william_11,-0.00025497830491785225
cancer_6,-0.0002551795780306954
members_17,-0.00025518229950505233
movement_2,-0.00025565352893597293
sell_15,-0.00025604135469294855
headlines_19,-0.00025652666474995645
georgia_19,-0.0002566951926680883
virginia_16,-0.00025681705464168924
revenue_12,-0.0002572861120949899
union_15,-0.0002573872024896895
council_10,-0.00025801966971883417
york_15,-0.00025807084580553585
present_6,-0.0002584367551406341
ohio_17,-0.0002584774134154921
crisis_19,-0.00025881491827099977
economic_18,-0.0002593208505858202
police_15,-0.0002599844314318922
massachusetts_10,-0.0002599873783856399
ltd_15,-0.0002601003035469729
success_6,-0.00026032501706816367
justice_20,-0.0002609753080154542
bubble_12,-0.0002613611135042548
movement_12,-0.0002615201970171288
legal_10,-0.00026284087042642844
credit_15,-0.000263566435605056
invest_16,-0.00026396278770335346
short_sell_19,-0.00026438064505813764
members_15,-0.00026448884425103183
rare_earths_19,-0.0002652150412545184
present_16,-0.0002655481119297587
republican_10,-0.0002661522358995194
transaction_20,-0.0002667854295810734
office_4,-0.00026710260706268584
greed_7,-0.00026808588488909103
union_10,-0.00026920912774333063
founded_1,-0.00026938540378609324
ohio_16,-0.0002695345187946341
metals_20,-0.0002700701712554654
car_15,-0.0002715960022021902
greed_13,-0.00027166220977374865
markets_10,-0.0002729681706933107
party_11,-0.0002732625318912829
culture_2,-0.0002732760917491861
cancer_16,-0.0002735089125557977
committee_6,-0.0002735137270590826
law_7,-0.0002736830501624654
carolina_12,-0.0002737421487339242
management_7,-0.00027381379231308236
cash_14,-0.0002739484422199734
movement_17,-0.0002742066515538211
marketing_12,-0.0002742848725762581
stats_7,-0.00027485339886919037
movie_15,-0.0002749622228990667
leverage_12,-0.00027616565123345094
social_20,-0.00027620256304872193
party_12,-0.00027632600462415005
served_3,-0.00027671153271140446
union_19,-0.0002776665289576652
sell_4,-0.00027782980419632786
technology_20,-0.00027830282321335
fond_10,-0.000278555583197071
credit_19,-0.0002788638961966905
ltd_19,-0.00027939990079890454
president_20,-0.0002795722384917543
gold_7,-0.0002798114323508516
virginia_20,-0.0002798972090490404
dow_jones_4,-0.0002801862494673735
votes_16,-0.0002803485188950905
short_sell_16,-0.00028178833581009587
fine_1,-0.00028246392047961424
culture_16,-0.00028349530828963854
growth_7,-0.0002837285098715059
energy_3,-0.0002838585604295174
votes_20,-0.0002846533194523548
service_15,-0.00028471266074867605
business_7,-0.00028498039915585415
million_1,-0.00028507450635231193
rights_17,-0.00028524507255218713
washington_20,-0.00028587221058198333
law_3,-0.0002863422957333217
governor_10,-0.0002870246856071068
pennsylvania_18,-0.0002871647333794858
gains_2,-0.00028722446506643793
hedge_13,-0.00028795320449646054
nasdaq_17,-0.00028946772800317875
returns_19,-0.0002906839345818035
ceo_8,-0.00029122802827221685
president_11,-0.0002912883875983097
federal_16,-0.00029142112229076924
dividend_12,-0.0002914575463801583
inflation_1,-0.00029231619976368697
tennessee_16,-0.00029258528171405285
fun_12,-0.000293641560686031
tennessee_20,-0.00029380541580783517
tennessee_15,-0.00029448642565699235
rare_earths_18,-0.0002950683105380714
economics_16,-0.0002951093977614505
ltd_20,-0.000295176744652359
economy_16,-0.00029547835239751574
culture_8,-0.00029562446705320153
products_15,-0.0002960187550542726
georgia_20,-0.00029634909272477914
environment_7,-0.00029642241585916553
business_4,-0.0002966654946799263
ceo_14,-0.0002968722028310777
case_18,-0.0002970457944925675
wisconsin_20,-0.0002974806731690149
home_14,-0.0002975456896410655
elections_1,-0.00029754756266791026
illinois_15,-0.0002976910800130517
short_sell_9,-0.00029779051966674077
union_2,-0.00029849423675987197
york_11,-0.00029879405874697615
political_12,-0.0002996251183740695
growth_17,-0.0003008216795339358
consume_8,-0.00030195637990488856
lifestyle_10,-0.00030236879716802887
ministry_2,-0.0003029228685280883
service_3,-0.00030300016578383994
inflation_15,-0.0003030862732990913
votes_2,-0.0003039872233697727
service_6,-0.0003042209381489247
train_20,-0.00030501819720212263
financial_markets_19,-0.0003051575205646584
market_10,-0.0003052145848611687
crisis_13,-0.0003057501689388564
economics_11,-0.00030581995143215136
car_16,-0.0003060744002419291
office_15,-0.0003078703387727755
chance_10,-0.00030803181429284177
loss_7,-0.00030854171176684095
corporation_7,-0.00030855254736359414
voters_4,-0.00030874574285633116
energy_6,-0.0003088028575650048
inc_15,-0.0003088751456036709
justice_7,-0.00031100771329517496
earnings_13,-0.00031104856988120046
invest_7,-0.0003114762044148289
gain_17,-0.00031184880672661117
project_19,-0.00031231572664500715
fun_20,-0.0003125611352059909
movement_19,-0.00031266118947899103
industry_11,-0.0003130752698106587
bubble_15,-0.00031345133202136387
georgia_16,-0.0003135405098859234
travel_7,-0.00031411422800198263
travel_18,-0.000314715153074574
water_18,-0.0003148585418622396
conflict_13,-0.0003149579272578862
labor_13,-0.00031509082258247557
ore_19,-0.00031516368315311907
arts_4,-0.0003154041842866606
community_15,-0.0003160563530609561
environment_17,-0.0003167363027137604
conflict_5,-0.0003169947355580405
profit_10,-0.00031717061960370165
short_sell_20,-0.0003174691879636926
members_9,-0.00031771548950687567
services_16,-0.00031791008643426987
william_19,-0.00031883229829414715
services_20,-0.00031914865967661574
loss_15,-0.00032030036858579083
management_16,-0.0003205516428045563
tourism_13,-0.00032239172092527466
train_2,-0.0003226501474090426
missouri_11,-0.0003230802282649492
ltd_2,-0.00032309766476028566
finance_3,-0.0003231342340236365
crash_20,-0.00032433547219197224
ministry_4,-0.00032467447564410445
products_19,-0.0003248239404804121
management_15,-0.00032561020429291434
ministry_1,-0.0003261546975427798
leverage_20,-0.0003274895651062648
party_17,-0.00032770351567716903
marriage_9,-0.00032794857207862904
gold_16,-0.0003283617487967128
district_16,-0.0003296834592953379
BUY_AND_HOLD_5,-0.000329816135294525
secretary_19,-0.00032992764041170906
ltd_7,-0.0003299533811853772
law_16,-0.00033020816956825795
legal_19,-0.00033038638934332896
consume_14,-0.0003306279319893024
investment_18,-0.0003309095429872899
risk_4,-0.0003311394800283418
william_10,-0.0003315802174893356
inc_20,-0.0003322858146054708
president_4,-0.0003326013957703156
ceo_10,-0.00033288319371440613
police_19,-0.00033310177286445254
government_11,-0.0003336555560069732
health_6,-0.00033438104480534305
elected_11,-0.000334592779211218
county_20,-0.00033522185111110046
economy_13,-0.00033578669219085365
corporation_12,-0.0003385871378683403
nasdaq_19,-0.00033859361227113195
default_17,-0.00033871583661420067
returns_13,-0.0003388767932739345
markets_3,-0.0003395618447164628
ohio_14,-0.0003402475811109751
unemployment_19,-0.0003402808267200408
ohio_18,-0.000342249289185137
economic_11,-0.0003424995047925705
service_4,-0.0003427397107131247
market_20,-0.0003430948203196005
health_16,-0.0003439798416329243
blacklist_13,-0.0003441987031680416
travel_16,-0.0003457305161392865
wisconsin_19,-0.00034649637143533416
law_19,-0.00034693783900343613
energy_7,-0.0003470749382759042
cancer_4,-0.0003472122324462923
marketing_5,-0.0003472564974654535
minister_1,-0.0003474104852628779
district_6,-0.00034831440447407046
investment_19,-0.000348458363671722
banking_17,-0.0003485261475575152
financial_15,-0.0003486840655845258
society_16,-0.0003490293192275562
economy_3,-0.0003496207804029927
movement_20,-0.0003496817643020789
culture_3,-0.00035029043275438545
gold_9,-0.00035058553820450645
secretary_7,-0.0003508057773980333
massachusetts_12,-0.00035124306195699617
gold_19,-0.00035138784044284053
crisis_1,-0.00035139267859387593
massachusetts_7,-0.0003521978458888242
secretary_15,-0.00035221578293238577
massachusetts_19,-0.00035223601058411715
home_7,-0.00035244508207785683
rights_15,-0.0003525760623630747
corporation_15,-0.00035258830277868914
society_10,-0.00035264313789336034
washington_10,-0.00035276066853096033
massachusetts_20,-0.0003528937721104075
travel_19,-0.00035336113782242774
cash_2,-0.00035362210440683663
political_11,-0.00035471643312883215
return_12,-0.0003550303761776563
invest_12,-0.0003551999108770243
governor_18,-0.0003553258863153719
returns_8,-0.0003554062121541079
york_3,-0.0003564812156163333
greed_20,-0.00035687735947425024
votes_5,-0.00035706205680756663
invest_20,-0.0003571316764856558
fed_15,-0.0003574869870285102
food_15,-0.0003577863905519063
union_7,-0.0003581568812884406
forex_13,-0.0003588322950128786
portfolio_2,-0.00035883493760857643
community_19,-0.0003589088857091527
companies_11,-0.0003594968843469548
labor_12,-0.000359751826036514
consumption_10,-0.00035977213425282263
crisis_11,-0.0003600978470181371
gains_17,-0.00036025603349911786
labor_6,-0.0003609359481046903
religion_12,-0.00036131046598626427
pennsylvania_19,-0.0003632325120467961
ohio_19,-0.0003634451806447503
color_10,-0.0003639392853009626
president_10,-0.0003640057396320895
cancer_11,-0.0003642399288177556
housing_19,-0.0003647664749467872
massachusetts_3,-0.00036631447796369175
trader_2,-0.0003664557344285724
legal_20,-0.00036647258583071273
georgia_6,-0.00036758839198980375
returns_15,-0.0003679699069603526
service_2,-0.00036831265355081745
william_12,-0.00036922031445967284
secretary_18,-0.0003694063830335326
conflict_12,-0.00037017341451495156
economic_15,-0.0003704643554537812
voters_12,-0.00037117994910111917
minister_10,-0.00037241838898640636
media_12,-0.0003725164249357649
financial_markets_14,-0.0003731396597048242
cash_11,-0.00037368328665348115
DOW_JONES_3,-0.00037418323894276016
oil_8,-0.0003745121527068962
kitchen_18,-0.0003746060797122031
revenue_15,-0.00037502954192245583
DOW_JONES_11,-0.0003751498226424843
president_18,-0.00037577797026489
law_15,-0.000377353759462018
economic_19,-0.0003777754938676825
invest_19,-0.0003781225873280336
consumption_1,-0.00037864541343513025
house_8,-0.0003787568194895341
bank_10,-0.0003789175240047404
elected_13,-0.00037900109228381493
profit_14,-0.00037979591836456716
firm_7,-0.0003800400104866819
growth_11,-0.0003802473576581811
society_7,-0.0003802943591323826
labor_11,-0.0003810997639615454
unemployment_16,-0.0003812409925167515
politics_1,-0.00038149486268681534
profit_19,-0.0003821878324373973
train_18,-0.00038249812975759133
kentucky_12,-0.00038299958754912656
office_16,-0.00038331290105035886
movement_11,-0.00038352635323684047
consume_13,-0.0003835605623273786
economic_16,-0.00038422602107204276
district_15,-0.0003848714103336315
restaurant_18,-0.0003856796810057572
virginia_19,-0.00038583427543392723
business_19,-0.00038629767250746293
college_7,-0.00038668973616751146
arts_9,-0.0003867297028542271
cancer_12,-0.00038685117624908115
conflict_2,-0.00038722037173644086
inflation_11,-0.00038866471236314036
security_3,-0.00038901968611331216
culture_10,-0.0003891544491190668
labor_20,-0.0003892152766634238
community_20,-0.0003899999334125326
dividend_20,-0.00039021473964857557
inflation_20,-0.0003902645619664469
conflict_19,-0.0003907166623649871
illinois_10,-0.0003907757993188543
business_16,-0.0003909166784152207
transaction_19,-0.0003911900684074876
health_7,-0.0003918867012725702
movie_3,-0.0003918995981145645
credit_7,-0.0003927558462295977
technology_3,-0.00039300371041937063
finance_20,-0.0003933204486861852
cancer_7,-0.00039349030606161683
buy_18,-0.0003935905231615022
industry_14,-0.00039385629886996566
rich_15,-0.0003942162998028964
health_15,-0.00039434418574191277
restaurant_19,-0.00039449133256401757
success_17,-0.0003947836055362419
nasdaq_15,-0.0003948244621530206
president_16,-0.0003951510380234335
earnings_18,-0.00039570863516920075
travel_3,-0.00039704727597231757
kitchen_16,-0.00039706813606146254
environment_20,-0.00039781259401401315
corporation_20,-0.00039799592093827665
leverage_10,-0.0003986673024690246
rich_16,-0.0003993057468026473
president_19,-0.00039933127517579605
elections_18,-0.00039976572347177886
lifestyle_11,-0.0003999127026040883
financial_20,-0.00040034381061060387
rich_3,-0.0004004926931127084
wisconsin_7,-0.0004009128929113315
finance_6,-0.00040108237068572363
economy_5,-0.0004011708599218622
color_7,-0.00040182257081871063
world_13,-0.00040228716088535065
served_13,-0.0004025302895099836
health_10,-0.0004026625684485863
sell_20,-0.00040308196789473616
democratic_20,-0.00040321249070114363
texas_10,-0.00040354044212580485
social_19,-0.00040517767504082424
blacklist_15,-0.0004062991970302576
business_15,-0.0004067605597047663
county_12,-0.00040698253648057124
carolina_15,-0.00040750105247715495
default_6,-0.00040769449300546155
bank_16,-0.00040809897881481926
house_15,-0.00040815718343243377
security_6,-0.00040817177224876654
business_10,-0.0004082619777109997
cash_17,-0.0004087590614100467
consumption_15,-0.0004092025531999166
train_5,-0.0004094192348172543
kentucky_6,-0.0004095055017714788
union_6,-0.0004098652434685546
marriage_11,-0.000410040418115698
ceo_2,-0.00041014905995773177
movement_10,-0.0004101715984883514
county_11,-0.00041062172822174946
sell_16,-0.00041091536508677253
companies_10,-0.0004109619717587165
firm_6,-0.0004111429920343523
economy_18,-0.0004114223465653044
inc_10,-0.00041192955538416065
rights_16,-0.0004120478337088507
water_11,-0.0004134540276397924
cash_15,-0.000414106063575459
bonds_9,-0.00041435611024274175
politics_16,-0.0004150511468745233
profit_3,-0.00041514043712975734
corporation_19,-0.00041574039652441107
industry_12,-0.00041585545128337565
energy_16,-0.00041616126317727263
democratic_18,-0.00041671842241279843
labor_17,-0.0004169993571361941
religion_11,-0.0004173455029442996
holiday_20,-0.0004173875970687302
DOW_JONES_17,-0.0004176020775895184
society_12,-0.0004181570779449251
money_9,-0.0004182437073001921
companies_1,-0.00041895619255754023
carolina_10,-0.00041953419095261955
oil_11,-0.0004206041261519022
illinois_4,-0.0004214816651229469
gold_11,-0.0004215570129731727
rich_13,-0.0004216191318624718
pennsylvania_14,-0.00042162623281998267
media_13,-0.0004220645940280265
investment_20,-0.0004223078604689734
greed_3,-0.0004225045404256944
ltd_6,-0.00042304684110430204
finance_12,-0.00042419499527683867
government_12,-0.00042431560046580775
georgia_15,-0.0004244493493450463
happy_3,-0.00042478045514988684
holiday_18,-0.00042484233065818164
trader_20,-0.00042494022143062525
gain_20,-0.0004250548389433062
virginia_18,-0.0004254298158686609
corporation_16,-0.00042543311903977534
industry_20,-0.00042581927532572286
rich_2,-0.000426299505016825
governor_11,-0.00042696550659737653
blacklist_9,-0.00042701331632155615
carolina_3,-0.0004275006871382603
voters_5,-0.00042760320946875206
risk_14,-0.0004278738386216174
carolina_4,-0.00042832825897538563
cancer_3,-0.0004285992234378533
lifestyle_8,-0.00042903794576256706
conflict_20,-0.0004291738542401502
blacklist_11,-0.00042930006799937195
economics_20,-0.0004294263057519787
council_4,-0.0004320107546129881
dow_jones_18,-0.00043226885890319534
returns_18,-0.00043243110066224497
seats_10,-0.00043244459846989434
oil_6,-0.000432541990053803
fine_13,-0.0004338242337593279
security_12,-0.00043536910623418466
trader_1,-0.00043543174923672546
court_19,-0.00043605081362700914
ministry_7,-0.00043665659644955836
consume_5,-0.0004369991637716231
growth_19,-0.00043702363914794874
york_20,-0.0004370524277305554
voters_1,-0.000437520142385095
profit_13,-0.00043755085491061776
election_18,-0.0004376491540494909
bank_19,-0.00043789533079447996
consumption_11,-0.00043853103282300856
management_20,-0.0004391787747662024
debt_10,-0.00043959065769048065
case_12,-0.0004411819890382862
trader_16,-0.00044243425297993964
economy_11,-0.0004426782474659552
food_19,-0.00044278204029268853
council_16,-0.0004432698336874319
cancer_15,-0.00044361531752370455
revenue_13,-0.00044365351012665144
project_3,-0.00044400644127862154
ministry_10,-0.0004442258166553525
union_16,-0.0004442498746584977
rights_11,-0.0004444645063594654
transaction_7,-0.00044471567383537193
profit_20,-0.0004454990219822541
rich_12,-0.00044566133556878107
gains_16,-0.00044584632959057127
headlines_8,-0.00044636025460398354
portfolio_14,-0.0004466388612730743
washington_2,-0.00044683438507246985
money_11,-0.00044751723576015313
earnings_10,-0.00044849686860983786
representatives_7,-0.00044854561858629347
committee_12,-0.00044865112983896174
act_4,-0.0004488956020059165
color_1,-0.0004494506548846644
democratic_17,-0.0004498845649959504
political_17,-0.00045004089207045794
freedom_12,-0.00045043781539386705
companies_16,-0.00045073838946441125
movement_5,-0.00045105577611670444
investment_15,-0.00045107028253834616
washington_15,-0.00045143212664084943
elections_19,-0.0004519810144294922
politics_5,-0.00045227769931326377
travel_9,-0.0004523290566130989
returns_10,-0.0004524612140289097
democratic_19,-0.0004525590279106595
minister_2,-0.0004535383273717608
greed_6,-0.00045559461392243874
senate_10,-0.00045593704040065576
democratic_16,-0.00045622860255454254
massachusetts_16,-0.0004566344355237284
restaurant_5,-0.00045704727611659555
justice_10,-0.00045727174677452355
unemployment_13,-0.00045833700559319015
case_6,-0.0004588987022378088
elections_14,-0.0004589357761122681
house_11,-0.00045928511648070104
legal_16,-0.00045939171774080914
politics_11,-0.0004593972961782544
labor_2,-0.00045988435993018497
energy_15,-0.0004599430968410534
rich_10,-0.0004600196794803058
president_12,-0.0004602658205191901
earnings_12,-0.0004609411844215927
present_18,-0.0004615563443689963
crash_11,-0.00046197154385072545
default_1,-0.00046199209214305983
georgia_18,-0.0004623175826105275
rights_20,-0.00046260176827883637
office_7,-0.00046269879646647637
forex_16,-0.00046393134800331025
housing_4,-0.00046552691852570495
political_10,-0.00046624581518937
growth_18,-0.00046629155335504714
missouri_2,-0.00046740533648668146
political_20,-0.00046747347018003536
gain_8,-0.0004691611394584294
oil_7,-0.000469196562677654
marriage_15,-0.00046998541427487603
trader_12,-0.0004701853698052982
world_16,-0.0004708332841110607
crash_19,-0.00047152115617490333
district_11,-0.00047224022347478465
democratic_5,-0.0004723167001456252
movie_17,-0.0004727930466377206
kitchen_14,-0.0004735283524088807
business_20,-0.00047361460368993135
garden_1,-0.0004744272339790356
party_4,-0.00047479731536457235
restaurant_15,-0.00047527451025575207
legal_13,-0.00047611727943321915
unemployment_6,-0.0004764122610841248
development_16,-0.0004781703748735877
market_16,-0.00047856549957996374
oil_5,-0.0004787862318755387
environment_15,-0.0004795024496412337
tennessee_4,-0.00047971501775705415
fine_19,-0.0004798989311808999
house_19,-0.00048002904374699895
district_7,-0.000480413277248215
products_5,-0.00048071209190589934
government_3,-0.0004809445849285332
inflation_9,-0.00048218439337435195
district_12,-0.0004826213597376006
color_19,-0.00048262451061220624
debt_18,-0.00048393618622211143
georgia_10,-0.0004847439701531897
act_15,-0.0004851033009136918
loss_12,-0.00048551455312875194
loss_19,-0.00048571313133383143
growth_10,-0.00048718627981789717
garden_18,-0.00048732075375190753
metals_7,-0.00048756206006890236
vermont_6,-0.000489231040844218
finance_18,-0.0004898760914098244
secretary_2,-0.0004898896866570857
carolina_11,-0.0004903946231198386
council_20,-0.0004908734597789622
house_16,-0.000491082831220968
votes_12,-0.0004915202469727876
religion_5,-0.0004918050954712871
pennsylvania_20,-0.0004919443675997393
health_19,-0.0004919765771073337
buy_12,-0.0004924383159609303
return_6,-0.0004926857501302839
movement_18,-0.0004928318677733356
police_6,-0.0004928855395007536
dividend_3,-0.0004935681087313793
world_15,-0.0004937004766679242
loss_10,-0.0004939654149493488
markets_12,-0.0004940749157463121
bonds_6,-0.0004941885396859913
energy_19,-0.0004960636201494451
metals_10,-0.0004964787591728914
political_3,-0.0004968738030751041
president_9,-0.0004971985206664309
fond_20,-0.0004974001912331661
social_16,-0.0004977676260568664
holiday_16,-0.0004993212316938056
tourism_12,-0.0005001301635776834
served_18,-0.0005004409108084306
war_10,-0.0005007874651842492
travel_2,-0.000500907737043832
financial_11,-0.0005011636296482269
money_14,-0.0005012712742982428
sell_3,-0.0005015644311102685
fond_12,-0.00050178807987038
rich_19,-0.0005018399632035653
greed_19,-0.0005020097291192239
federal_13,-0.0005023418298389926
missouri_6,-0.0005024716277641339
missouri_17,-0.0005025766694743527
chance_9,-0.0005031137605013836
economics_3,-0.0005037813478079523
sell_7,-0.0005044052164512091
fun_2,-0.0005044058324001454
garden_14,-0.0005050345210547036
loss_6,-0.0005051101918303935
stats_12,-0.0005051646608630556
inflation_10,-0.0005060466881241954
financial_10,-0.0005063024534093463
happy_12,-0.0005065220524016478
college_11,-0.0005069708541066253
vermont_20,-0.0005075077612831213
ohio_15,-0.0005076985786847566
texas_20,-0.0005077577415782741
texas_15,-0.000507966569775875
cash_18,-0.0005081046752620777
court_6,-0.0005081960058233914
rights_19,-0.0005085531739888127
buy_1,-0.000509992246672164
fine_6,-0.0005100573883225712
gain_2,-0.0005101348745050638
housing_18,-0.0005109161221165781
home_4,-0.0005109850341855849
bonds_19,-0.0005112635434180613
default_15,-0.0005119860118295794
services_7,-0.0005124996614309429
movement_13,-0.0005130834312041977
happy_16,-0.0005131309753270141
texas_19,-0.0005132403344543235
DOW_JONES_19,-0.0005137978758708028
act_6,-0.000515607655909478
rare_earths_9,-0.0005159774539371664
cash_6,-0.000516023943790489
house_18,-0.0005166840228178149
william_6,-0.0005167341105169143
rights_12,-0.0005183883523133481
blacklist_4,-0.000519180407804054
house_7,-0.0005205453487958422
chance_12,-0.000520642030134888
security_18,-0.0005211240949673402
management_6,-0.000522489012008065
cancer_1,-0.0005231097790341366
massachusetts_5,-0.0005233157453978343
BUY_AND_HOLD_2,-0.0005234300259768787
markets_1,-0.000523677939694256
tennessee_19,-0.0005239612802214521
food_9,-0.0005254193901718995
georgia_11,-0.0005256398823070052
office_11,-0.0005260958954474537
world_8,-0.0005262378840647175
committee_13,-0.0005264956513998387
served_15,-0.0005274597383312374
housing_7,-0.0005283460932087758
society_6,-0.0005283875080530631
earnings_19,-0.0005284438024375282
council_12,-0.0005284966998590823
service_19,-0.0005286827011322437
political_4,-0.0005287634719376655
success_4,-0.0005289645886331184
arts_8,-0.000530104545086707
district_19,-0.0005303553699434361
bank_7,-0.0005317545775325394
pennsylvania_9,-0.0005318104101925458
stocks_12,-0.0005326157436632117
voters_8,-0.000532622791878401
service_11,-0.0005326464588820912
president_14,-0.000532654221658313
inflation_12,-0.000533056472197746
vermont_2,-0.0005331259568589041
water_19,-0.0005332999579380715
bank_11,-0.0005333182737057518
justice_16,-0.0005337663370337031
financial_markets_7,-0.0005337708308343458
banking_10,-0.0005340044480263817
movement_9,-0.0005341061067900999
community_18,-0.000534794747064593
consumption_18,-0.0005348498624746067
union_13,-0.0005350653422636853
vermont_1,-0.0005355399934420912
market_15,-0.0005357655536975426
stock_market_18,-0.0005358382129479367
greed_2,-0.0005358465797485667
cancer_19,-0.0005359029146061234
transaction_16,-0.0005370116278082149
economics_15,-0.0005379534771098093
community_12,-0.0005381944867804078
consume_9,-0.0005393581569833828
stocks_10,-0.0005405145886453911
ring_6,-0.0005405621616469292
hedge_4,-0.0005407312882482085
case_9,-0.0005416733691287146
war_4,-0.0005425750808696561
government_6,-0.0005432224304747324
ceo_5,-0.0005437434125764806
market_1,-0.0005438065441687012
council_6,-0.0005445448038873702
missouri_16,-0.0005448149480993258
georgia_4,-0.0005450458031624362
firm_14,-0.0005471203693908411
minister_19,-0.0005477386396308681
blacklist_1,-0.0005479785092632694
county_4,-0.0005485930897357827
pennsylvania_3,-0.0005494302707469423
crash_15,-0.0005496910716321412
nasdaq_9,-0.0005502463071140218
governor_2,-0.0005502686281713576
ohio_5,-0.0005503579638082457
products_3,-0.0005505214659949243
economics_8,-0.0005513659734901477
sell_18,-0.000551366162708411
served_19,-0.0005515209444790781
ministry_5,-0.0005516297759151856
consume_18,-0.0005516568048879123
house_12,-0.0005518848901276963
college_4,-0.0005523808406707964
wisconsin_13,-0.0005527563918181321
blacklist_19,-0.000553668058292911
fun_18,-0.0005536850234359791
ltd_13,-0.0005539863738655892
washington_6,-0.0005544236507313948
act_16,-0.0005544572601546838
success_16,-0.0005547399337366921
oil_12,-0.0005552676081567398
freedom_8,-0.0005555659397418422
media_3,-0.0005558195847691572
technology_15,-0.0005558824017807051
bubble_18,-0.0005579661286615912
money_19,-0.0005582156765807867
greed_14,-0.0005585390599943896
million_3,-0.0005585797293344852
DOW_JONES_18,-0.00055870841551795
crisis_9,-0.0005593471217906654
tourism_17,-0.0005607109795032095
environment_9,-0.0005607406089005896
president_7,-0.0005608194120006571
lifestyle_5,-0.0005609116015437898
party_2,-0.0005614335233490753
seats_19,-0.0005620117831168336
invest_15,-0.0005624452192530827
default_10,-0.0005627511491820946
media_18,-0.0005636151966953662
rights_10,-0.0005640242624647574
investment_8,-0.0005645615175766006
served_4,-0.0005646077321894482
police_20,-0.000564932451223954
police_4,-0.000565361302134626
global_20,-0.0005653982703163418
financial_markets_4,-0.0005655109702537242
technology_6,-0.000566328669912175
management_19,-0.0005676292718163056
revenue_20,-0.0005677291727494982
political_16,-0.000567751838566255
inc_11,-0.0005679342607447068
rare_earths_8,-0.0005680107977142467
BUY_AND_HOLD_1,-0.0005690658444864605
portfolio_1,-0.0005696356542530534
arts_6,-0.000570457795057444
hedge_10,-0.0005709113783861408
products_18,-0.0005712360907515369
financial_16,-0.0005718307878738616
leverage_11,-0.0005719857826703478
culture_11,-0.0005725359629240812
gain_7,-0.0005727689522747159
republican_1,-0.0005731312171574742
home_18,-0.0005732671892478836
secretary_20,-0.0005734088641845103
office_19,-0.0005735810104017469
voters_9,-0.0005739963215113608
committee_14,-0.0005740264817370555
politics_4,-0.0005747637502253155
ceo_15,-0.0005750066600386905
case_19,-0.0005765589326010678
ministry_16,-0.000576717915017233
law_4,-0.000576769174070102
justice_9,-0.0005770450101737712
nasdaq_20,-0.0005776993857927737
environment_18,-0.0005777197646011478
community_4,-0.0005784247880696647
car_2,-0.0005789797971998522
management_10,-0.0005791680854378978
case_3,-0.0005795658621377431
fun_10,-0.0005798646899807247
tennessee_7,-0.0005799234603452774
lifestyle_9,-0.0005799477267100173
missouri_19,-0.0005812871664057084
development_4,-0.0005818207539152632
secretary_14,-0.0005818776941921344
rare_earths_2,-0.0005820912885504903
invest_6,-0.0005824616428534712
representatives_15,-0.0005826476110983414
bubble_4,-0.0005828196177396272
housing_15,-0.0005829197847309509
rare_earths_1,-0.000582955668662688
opportunity_19,-0.0005846328156673408
headlines_10,-0.0005851372988205262
rare_earths_7,-0.0005854599890551482
project_10,-0.0005859591194937064
votes_10,-0.0005862186630070321
council_3,-0.0005862865602781931
money_3,-0.0005875025190932304
act_3,-0.0005885424706421061
metals_11,-0.0005886905681341759
illinois_3,-0.0005888923152356229
votes_8,-0.0005891244025711285
stocks_20,-0.0005892148910163764
short_selling_17,-0.0005898427053678379
bubble_20,-0.0005899421057464771
ring_3,-0.0005913267731441962
housing_10,-0.0005914931385987643
leverage_3,-0.0005933760123593812
arts_1,-0.0005936586691278389
religion_19,-0.0005936673851153707
inc_12,-0.0005938129588752173
housing_16,-0.0005939187129557988
illinois_6,-0.0005941487683538638
stats_9,-0.0005949583751541532
minister_4,-0.0005969211312529587
rights_6,-0.0005974754283008643
sell_11,-0.0005980094482330722
media_1,-0.0005982502509022103
votes_9,-0.0005983875856196752
college_2,-0.000598713981428034
minister_7,-0.0005988590532127524
BUY_AND_HOLD_3,-0.0005995042639836079
financial_19,-0.0005998869325026579
market_4,-0.0006002347007812326
companies_15,-0.0006006511130008496
votes_7,-0.0006008195078238687
leverage_2,-0.0006018394062480281
DOW_JONES_4,-0.0006019089653423349
inc_4,-0.00060211330631188
oil_2,-0.0006021573065378538
ore_16,-0.0006022738001470573
war_5,-0.0006024737843197903
forex_4,-0.0006032720036887263
political_8,-0.0006035422833383652
county_7,-0.0006036395207000833
ore_5,-0.0006043638547661656
gains_1,-0.0006044066777134871
seats_15,-0.0006044645006075599
tourism_8,-0.000605460110516498
loss_3,-0.0006057359725274214
culture_9,-0.0006065302047426391
federal_3,-0.0006065399985521358
metals_1,-0.0006079117422110425
invest_8,-0.0006094826044227731
technology_4,-0.0006101088941397048
inc_7,-0.000610440221952202
kentucky_9,-0.000611255398367172
secretary_17,-0.0006114930034434529
ore_17,-0.0006120605739853957
food_3,-0.0006121778872792305
environment_4,-0.0006124165714602503
legal_4,-0.0006130112472853444
buy_2,-0.0006131253678849591
pennsylvania_6,-0.0006134174373458423
fine_9,-0.0006137140637240135
project_18,-0.0006137931622321347
financial_12,-0.0006138079211021718
society_11,-0.000613944640594255
financial_markets_3,-0.0006139685404853434
revenue_4,-0.000614439146015977
rare_earths_3,-0.0006145391358402863
rare_earths_6,-0.0006151793373054826
global_4,-0.0006151915810042041
texas_4,-0.0006164309546013991
environment_8,-0.0006172090702609267
restaurant_9,-0.0006174770692155551
return_19,-0.000617785226823675
development_3,-0.0006178860850413415
crash_4,-0.0006178895358339709
markets_2,-0.0006184433707495218
money_6,-0.0006186862569622642
train_12,-0.0006200118410879085
food_2,-0.0006205655964199419
success_13,-0.0006206487382828696
republican_8,-0.0006207660620690447
consumption_17,-0.0006208415447785498
economy_4,-0.0006228122022061466
gain_9,-0.0006233175626518817
case_11,-0.0006234799002406311
world_10,-0.0006237118200616454
college_15,-0.0006238102689809288
bubble_13,-0.0006241156920840041
election_11,-0.0006243686986804553
hedge_5,-0.0006247239145121153
blacklist_14,-0.000624780098771649
hedge_1,-0.000625075532189312
growth_13,-0.0006252773381349108
market_5,-0.00062642236796564
project_20,-0.000626445475045001
travel_12,-0.0006268903419155869
democratic_2,-0.0006270706884156541
stock_market_12,-0.0006271366832615533
return_15,-0.0006272511747185793
holiday_12,-0.0006274496423476883
senate_19,-0.0006282134842755305
inflation_17,-0.0006284720201152449
media_9,-0.0006286124811061943
management_3,-0.0006290529307264592
society_3,-0.0006291910511587728
media_2,-0.0006295117747030732
justice_18,-0.0006300003907421025
industry_3,-0.0006303355414238654
county_16,-0.0006316877225881923
votes_13,-0.0006318755426261369
money_16,-0.000631940394941588
ohio_2,-0.0006319649870134558
development_19,-0.0006321035833616983
water_9,-0.0006332514373611709
growth_2,-0.000633299465706716
bubble_10,-0.0006335878638758618
freedom_9,-0.0006337925546305411
elected_9,-0.0006337974606646979
crash_8,-0.0006338427823783466
restaurant_7,-0.0006342333117243859
marriage_5,-0.0006344814053717452
politics_9,-0.0006357000621421083
freedom_3,-0.0006359249509332532
growth_6,-0.0006359768893425821
oil_4,-0.0006361711033395778
william_9,-0.0006371667630341582
tourism_6,-0.0006372374342862086
blacklist_8,-0.0006373235970326352
products_10,-0.0006384089141662664
washington_4,-0.0006384700361895979
BUY_AND_HOLD_6,-0.0006385286804053925
william_7,-0.0006386230209832089
stats_13,-0.0006388961064923926
consumption_7,-0.0006389531380140534
short_selling_8,-0.0006390565150099059
holiday_19,-0.0006397602615100028
financial_markets_2,-0.0006402827836685443
growth_1,-0.0006404912121199535
kentucky_11,-0.0006407816344288885
economy_9,-0.0006412488744763856
house_20,-0.0006417863759520914
kentucky_10,-0.0006418632127584312
unemployment_10,-0.0006421992440096558
companies_19,-0.0006425491877520395
wisconsin_6,-0.0006425890767440823
representatives_4,-0.0006426325286621682
gold_20,-0.0006427769683416517
water_13,-0.0006428163380672869
forex_2,-0.0006441164141144818
short_selling_3,-0.0006441577650961649
ring_9,-0.000644224632757906
dow_jones_3,-0.0006444726294279723
growth_9,-0.0006448678081164783
finance_19,-0.0006450392932772608
money_12,-0.0006450712982988716
republican_4,-0.0006457403537508232
present_1,-0.0006458795240743998
justice_6,-0.0006470538416132765
gain_4,-0.0006471060731117806
food_20,-0.0006472454741538014
rare_earths_5,-0.0006475239618876528
car_3,-0.0006480384958359231
religion_9,-0.0006482101650128636
york_8,-0.0006491774502841219
profit_2,-0.000649230098177167
movement_7,-0.0006492665436492074
color_9,-0.0006494935100936683
dividend_17,-0.0006496262060323721
pennsylvania_5,-0.0006497785896161012
religion_2,-0.0006502645153512842
loss_4,-0.0006502711573388664
crisis_8,-0.0006504632076552053
william_2,-0.0006512353309303442
ministry_14,-0.0006512421969317783
government_4,-0.0006514661227089436
metals_5,-0.0006517394608411831
society_9,-0.0006522105331156381
wisconsin_12,-0.0006523948708095251
lifestyle_18,-0.0006532373426150872
fed_6,-0.0006533707664025057
tennessee_2,-0.0006534313968312499
crash_17,-0.0006534717216299501
election_7,-0.0006546904241369056
fond_18,-0.0006550949294198416
inflation_6,-0.0006557323889120337
votes_3,-0.0006564709058905826
democratic_9,-0.0006566980961284052
restaurant_6,-0.0006569354293727514
union_9,-0.0006580093241078
government_2,-0.0006584841413157738
missouri_4,-0.0006587408691495211
development_12,-0.0006593674133320793
fed_7,-0.0006599561648503727
inflation_8,-0.0006603671614451523
returns_12,-0.0006604099800924468
social_11,-0.0006608320705942638
short_selling_11,-0.0006611301365295974
nasdaq_12,-0.0006612424243401139
security_19,-0.0006619579857872537
republican_19,-0.0006624107376033362
war_3,-0.0006625558180661795
home_3,-0.0006628023391158422
environment_13,-0.0006631689783014094
return_11,-0.0006632140812633525
short_selling_4,-0.0006638509945804394
trader_7,-0.0006638922851245788
rare_earths_4,-0.0006643766917304505
arts_11,-0.0006645219973446581
kentucky_17,-0.0006645222913786331
banking_16,-0.0006649518901661988
opportunity_3,-0.0006649904345692459
loss_5,-0.000665301052812306
revenue_9,-0.0006653601506724893
return_18,-0.0006656157084739434
health_4,-0.0006656832576718896
travel_5,-0.0006661975446612178
political_7,-0.0006663504830360711
health_12,-0.0006664141750155839
economics_12,-0.0006667311917130548
government_20,-0.0006670471646257781
industry_10,-0.0006673831954167042
inflation_5,-0.0006675147157406247
unemployment_2,-0.0006684635320787224
representatives_19,-0.0006689308218272627
nasdaq_2,-0.0006691654183860641
elected_17,-0.0006692552529890871
fond_19,-0.0006704243927984077
william_5,-0.0006707541603263367
markets_14,-0.0006711602964879493
train_7,-0.0006712522175104096
party_20,-0.0006721455227834072
money_13,-0.0006727368605988105
success_12,-0.0006729627977259067
chance_7,-0.0006731405520454592
business_12,-0.0006737803290815414
project_5,-0.0006739200391346012
act_10,-0.0006743009120329102
cancer_13,-0.0006744067760314331
million_9,-0.000674782473966129
members_16,-0.0006749698500809309
sell_13,-0.0006752947357213657
opportunity_12,-0.0006763222941596148
investment_12,-0.0006764188648494818
stocks_8,-0.0006764988206414025
wisconsin_9,-0.0006765394049937478
social_12,-0.0006771316162002439
illinois_20,-0.0006771388231086916
economy_17,-0.0006776248017215103
election_9,-0.0006783163702607676
economy_8,-0.000678515174236316
consume_4,-0.0006797485313923656
credit_4,-0.0006812918881383912
transaction_13,-0.0006815466960039318
world_18,-0.000681602083914079
republican_5,-0.0006825763034921551
case_8,-0.0006831664981743035
fed_4,-0.0006833741106710755
garden_2,-0.0006836589340960542
economy_19,-0.0006838760519568332
home_9,-0.0006846286399177171
law_12,-0.0006848649889568126
illinois_19,-0.0006850544744743114
risk_9,-0.0006854299099093408
kentucky_8,-0.000686439240163228
ltd_1,-0.0006865546322152083
members_18,-0.0006869314825926898
food_11,-0.0006870027951204394
color_18,-0.0006871826907305812
inc_3,-0.0006873515100936256
security_10,-0.0006881718911460055
financial_markets_5,-0.0006882508214749894
conflict_11,-0.0006887001367770207
marriage_3,-0.0006888033112480985
case_4,-0.0006892053405465282
hedge_8,-0.0006895185287813411
consumption_19,-0.0006897550563489174
crash_12,-0.0006904632434139302
council_13,-0.0006906247562365797
corporation_6,-0.0006910486461869425
technology_19,-0.0006916876001089811
election_15,-0.0006917999041041289
project_16,-0.0006921522222588017
law_18,-0.0006926674336776184
elections_7,-0.0006930808025378931
war_1,-0.0006931410107329006
democratic_3,-0.0006933477720582282
legal_2,-0.0006933623540180678
nasdaq_6,-0.0006940805189558751
return_2,-0.00069469313455921
home_10,-0.0006971005927717266
marriage_2,-0.0006974075452430339
technology_18,-0.0006974571327714064
economics_4,-0.0006976634523430336
food_5,-0.0006981595895439785
environment_19,-0.0006983541274455662
derivatives_17,-0.0006983889856763126
justice_1,-0.0006990369714392486
DOW_JONES_6,-0.0006990692778140684
bonds_10,-0.0006994699455084019
BUY_AND_HOLD_18,-0.0006996631935789921
politics_12,-0.0006999567549447194
derivatives_5,-0.000700312164955852
seats_7,-0.0007003868411667336
fun_9,-0.0007017714620133564
office_3,-0.0007018820136260207
environment_12,-0.00070206024599484
illinois_7,-0.0007022677335286609
water_5,-0.0007029989759114397
pennsylvania_15,-0.0007030556222036744
social_10,-0.0007032161276209869
labor_19,-0.0007032449623283199
cancer_9,-0.0007039515368613581
district_3,-0.0007039751204538591
crash_16,-0.00070417047299558
massachusetts_9,-0.0007045283244182965
service_12,-0.0007046274632763084
republican_11,-0.0007055011573846137
car_17,-0.0007057057601806749
headlines_14,-0.0007058701621332153
fed_19,-0.0007060062148699364
unemployment_20,-0.0007063299383839539
elections_2,-0.0007085214165737152
ohio_11,-0.0007087186376903976
bubble_17,-0.0007088255299217306
industry_19,-0.0007095840769054895
default_2,-0.0007096460720387831
war_19,-0.000709833108009672
tourism_5,-0.0007101246429146446
nasdaq_13,-0.000710170020141443
democratic_15,-0.0007111174345161952
growth_5,-0.0007111250293308613
color_3,-0.0007112383835100155
million_16,-0.0007115215885745041
media_5,-0.000711545624234211
votes_4,-0.0007117570345865243
services_12,-0.0007117978538932146
conflict_4,-0.0007121559246831665
technology_10,-0.0007125513361731395
elected_4,-0.0007132012963868784
holiday_4,-0.0007139201418033148
risk_12,-0.0007140041040197165
gain_16,-0.0007140471341166244
virginia_5,-0.0007140911428055619
county_19,-0.0007143801882403932
community_7,-0.0007147439065736449
return_5,-0.0007152088156199054
bubble_8,-0.0007165483950912321
police_3,-0.0007173126441964329
court_7,-0.0007176252144145856
hedge_18,-0.0007177819783761086
finance_4,-0.0007179624386351557
business_11,-0.0007179802692780957
crisis_3,-0.0007181015666122504
labor_7,-0.0007183432288324632
governor_7,-0.0007190126423236576
housing_5,-0.0007190297419759961
elections_5,-0.0007191840723330234
religion_6,-0.0007197047009023016
global_15,-0.000719813203081876
society_8,-0.0007204464429572787
leverage_6,-0.0007207623957282916
buy_19,-0.0007211151845011754
rights_4,-0.0007222557497264193
inflation_7,-0.0007232652865918788
carolina_7,-0.0007236346508704194
freedom_13,-0.000724822290681959
greed_11,-0.0007251549059437811
car_18,-0.0007258775570004206
minister_9,-0.0007260567483355018
ore_2,-0.0007261991951907909
union_4,-0.0007264743217282987
happy_6,-0.0007268773570228149
trader_3,-0.0007271780413844464
derivatives_2,-0.0007272449682132365
energy_4,-0.0007275877028234623
fun_11,-0.0007294665767127561
economics_10,-0.0007305096791799803
default_20,-0.0007307084110095063
debt_3,-0.0007308878864470847
political_14,-0.000731547228881868
returns_14,-0.0007316363179930896
money_2,-0.0007319814541990377
products_7,-0.0007320600204362871
portfolio_18,-0.0007324631101324642
transaction_11,-0.0007328265141352652
global_18,-0.0007329407707140189
wisconsin_4,-0.0007332873895765201
founded_16,-0.0007334114542411508
trader_4,-0.0007335349690756443
york_18,-0.0007335358838326256
kentucky_18,-0.0007341274508670725
rights_13,-0.0007341468168436283
ltd_3,-0.0007341733843589715
holiday_9,-0.0007342394582560807
william_4,-0.0007353186826362546
firm_15,-0.0007355240035537225
happy_18,-0.0007356351482260104
marriage_4,-0.000736362487947928
gold_4,-0.0007378791358879644
food_13,-0.0007392383822927729
nasdaq_1,-0.0007393245757598476
legal_15,-0.0007394163865319214
massachusetts_11,-0.0007397449895425012
services_4,-0.0007399261224202869
war_9,-0.0007401575941789584
texas_7,-0.0007410182546331745
seats_5,-0.000741394249027838
success_10,-0.0007414861436793041
society_4,-0.0007415320087664767
stocks_7,-0.0007426630711442561
fine_4,-0.0007435533411734197
texas_3,-0.0007437847258785935
house_2,-0.0007451157973978439
oil_19,-0.0007460412180652298
committee_7,-0.0007470821189574428
holiday_10,-0.0007471168639721082
political_6,-0.000748155789592131
house_4,-0.0007485007190608517
crash_9,-0.0007493397464176432
present_19,-0.0007499247969287914
train_3,-0.000750511439226531
massachusetts_8,-0.0007505348840742166
rights_5,-0.0007506330639897474
food_6,-0.0007514871674624945
texas_2,-0.0007519842576125813
ore_1,-0.0007524422572207756
short_selling_19,-0.0007536403263020297
oil_18,-0.0007537871909931049
republican_9,-0.000754036908392397
ceo_3,-0.0007541392089665422
financial_markets_1,-0.0007545499865231564
carolina_18,-0.0007546287175535626
greed_1,-0.0007549614583375108
president_1,-0.000755003789107711
headlines_20,-0.0007552629453742909
risk_8,-0.000755268632900985
arts_5,-0.0007561013111572646
inflation_14,-0.000756420799119728
management_4,-0.0007564319844929335
stats_5,-0.0007568189288661876
texas_11,-0.0007571699337615811
consumption_3,-0.0007574794690675679
police_12,-0.0007594388549495123
ceo_13,-0.0007595196026028539
loss_9,-0.0007610407622229198
economics_6,-0.0007620545312776672
nyse_13,-0.0007623147544883358
house_6,-0.000762397853449559
short_sell_6,-0.0007624172603556189
profit_4,-0.0007629362086300162
district_4,-0.0007640983164196146
garden_3,-0.0007644721472296556
short_sell_12,-0.0007653537434039182
secretary_11,-0.0007670573165555527
financial_3,-0.0007670943530108332
kentucky_19,-0.0007673376318369618
trader_15,-0.0007674718037598005
minister_5,-0.0007680854815355964
office_10,-0.0007691367803379201
court_16,-0.000769201559324828
risk_6,-0.0007695267456340638
fed_8,-0.0007696926589751518
crash_1,-0.0007703152930140344
missouri_5,-0.0007716267487586581
blacklist_17,-0.0007722201688586505
seats_4,-0.0007726710258165514
investment_4,-0.0007732286522707188
virginia_12,-0.0007740852742728954
buy_6,-0.0007743396532039704
marriage_7,-0.0007750640330915104
house_5,-0.0007759482605691703
movie_7,-0.0007761000280008812
holiday_3,-0.0007771750842666236
justice_3,-0.000777373075007981
seats_6,-0.0007781263916879944
bubble_7,-0.0007784991669546937
energy_18,-0.0007787204529515534
elections_9,-0.0007790143101580105
unemployment_3,-0.000779549986592154
senate_14,-0.0007796133607831601
republican_7,-0.0007800462380800344
market_3,-0.0007800996089643685
labor_1,-0.0007801752756213309
transaction_17,-0.0007807806891876101
republican_6,-0.0007808377702652525
fond_7,-0.0007808904366284786
DOW_JONES_20,-0.000781415080078518
elections_13,-0.0007816805197380594
police_9,-0.0007826020820776546
vermont_15,-0.0007830261616113221
global_5,-0.0007832832849256288
chance_15,-0.0007839819202075882
market_19,-0.0007841756266718791
served_9,-0.0007847008574685121
tourism_9,-0.0007847267444427875
conflict_9,-0.0007856554269501048
management_18,-0.0007857694054159258
tourism_3,-0.0007859393735131004
blacklist_16,-0.0007860261126099166
credit_3,-0.0007863338299787693
DOW_JONES_5,-0.0007869260159220071
invest_4,-0.0007875409075075446
movement_8,-0.0007898238922988465
crisis_18,-0.0007898775181602868
election_6,-0.0007901923909265473
world_9,-0.0007903267271078373
growth_14,-0.0007911039632823913
rights_2,-0.0007913709792393364
technology_2,-0.0007917688155465008
washington_19,-0.000792103363961516
illinois_12,-0.000792439016612434
stock_market_5,-0.0007931154616838354
tennessee_9,-0.0007936935185679506
vermont_14,-0.0007945330816917284
senate_17,-0.0007949847901852047
missouri_12,-0.0007950257294372154
york_12,-0.0007951795026152286
crisis_17,-0.0007952160581622403
washington_7,-0.0007955225586401493
project_17,-0.0007961583964541718
elections_11,-0.0007998914621733854
carolina_2,-0.000800295400905937
president_8,-0.0008013334067891398
stocks_19,-0.0008014371434221568
project_15,-0.0008022975339262661
return_1,-0.0008030597511442972
governor_17,-0.0008037635183708591
police_10,-0.0008040604258935824
democratic_8,-0.0008043824547351753
business_3,-0.000804731569655881
york_2,-0.0008058003880082598
ministry_18,-0.0008058152567932186
products_8,-0.0008070004702351863
carolina_9,-0.0008075204513860124
cash_9,-0.0008077084396150402
technology_8,-0.0008079175063202993
global_19,-0.0008085862229536778
founded_2,-0.0008091675010522658
elections_12,-0.0008097420382040977
financial_1,-0.0008100830076138044
million_11,-0.000810749086247009
pennsylvania_11,-0.0008110895047024113
global_7,-0.0008113039058769589
texas_12,-0.0008118470167211456
fond_9,-0.0008118866098396627
housing_20,-0.0008121268480379973
world_7,-0.0008121515202047291
dividend_2,-0.0008122509540017919
virginia_15,-0.0008126135330187356
massachusetts_4,-0.0008146913778833032
consumption_20,-0.0008148616973473021
forex_12,-0.0008151467270919755
loss_8,-0.0008152477332767471
unemployment_1,-0.0008152734664553796
holiday_6,-0.000815844330412907
money_5,-0.0008159696265535255
minister_16,-0.0008159948203857681
gains_12,-0.0008167764593894234
members_7,-0.0008167769154000304
texas_6,-0.0008171495313332056
opportunity_9,-0.000817966987978025
fine_2,-0.000818398958752442
ring_19,-0.0008187538860936927
BUY_AND_HOLD_4,-0.0008194588038992201
holiday_1,-0.0008202394684720283
garden_15,-0.0008204532637326789
crisis_4,-0.0008205554316757846
technology_11,-0.0008210377813979263
loss_16,-0.0008211803845034726
seats_11,-0.0008222363117103004
washington_3,-0.0008223804830084225
served_6,-0.000822631181720257
county_2,-0.00082278055743501
conflict_8,-0.0008227860903232242
members_6,-0.0008240883879244487
DOW_JONES_9,-0.0008241549755521272
headlines_1,-0.0008244704180513818
global_16,-0.0008257299528101391
ministry_20,-0.0008271275522672372
travel_11,-0.0008295649231729208
legal_8,-0.0008298258999684949
short_selling_2,-0.0008302169129989822
trader_17,-0.0008302741457073326
short_sell_14,-0.0008309806971808831
food_4,-0.0008312185300260345
legal_18,-0.0008319316210065875
BUY_AND_HOLD_19,-0.0008323764852007809
ring_18,-0.0008324528787000852
house_3,-0.0008329640379088233
cancer_8,-0.0008332954818140337
secretary_16,-0.0008334647946422358
society_1,-0.0008335466465188235
holiday_5,-0.0008340231818262823
train_17,-0.0008340942750720837
energy_8,-0.0008341262443032127
headlines_7,-0.0008346037620180269
economics_2,-0.000834927085545556
headlines_12,-0.0008351374927616506
marriage_19,-0.000835497130203855
democratic_6,-0.0008361404698843389
products_9,-0.0008372735182401003
elections_6,-0.0008373150814928731
earnings_8,-0.0008373802131421915
politics_2,-0.0008377233105725246
seats_9,-0.0008377533700202555
inflation_3,-0.0008382830350046166
return_8,-0.0008386222305671875
inc_19,-0.0008390616050552469
fine_16,-0.0008395008005115167
success_19,-0.0008403852017942137
hedge_19,-0.000840830404559978
housing_9,-0.0008412274531096164
crash_7,-0.0008413323926969918
federal_4,-0.0008414902151294923
court_12,-0.0008415769738623347
services_3,-0.0008419691475149094
dow_jones_17,-0.0008420009156093311
transaction_18,-0.0008429215872030937
economics_7,-0.0008430035247189327
dow_jones_13,-0.0008436128030333112
washington_11,-0.0008439525563644912
risk_13,-0.0008442019472801876
returns_3,-0.0008447326877669914
ring_14,-0.0008449139673781803
founded_7,-0.0008452797074902207
cash_5,-0.0008455154092481098
political_2,-0.0008456225135962559
politics_6,-0.0008464258889233189
committee_20,-0.0008472141898499431
cancer_2,-0.0008475029425718761
bubble_3,-0.0008478238776494562
governor_9,-0.0008479388207358385
train_19,-0.0008481421523953703
nyse_1,-0.0008489666744775582
earnings_4,-0.0008494571644127813
health_3,-0.0008496441954407796
portfolio_11,-0.0008496452841149083
banking_8,-0.000849909608135313
default_11,-0.0008502241098637508
finance_2,-0.0008502801165683582
revenue_11,-0.0008507206045063942
election_14,-0.0008519962606398535
secretary_4,-0.000853490431923376
conflict_6,-0.000854381511781721
return_9,-0.0008551250676055889
world_2,-0.0008551915318375736
economy_7,-0.0008568055614148085
massachusetts_14,-0.000857404863431821
car_9,-0.0008584696241015211
cancer_5,-0.0008585971737518517
consume_1,-0.0008597749006902689
sell_10,-0.0008602500628752008
county_3,-0.0008608791457139997
bubble_16,-0.0008609022366471875
chance_4,-0.0008609868462275295
returns_4,-0.0008617158463182451
federal_11,-0.0008627247667688298
economic_10,-0.0008632721813624622
fond_2,-0.0008633426464349281
act_11,-0.0008633496445733079
religion_7,-0.0008640067124809469
stock_market_3,-0.0008640830630362473
greed_8,-0.0008661715469123754
trader_14,-0.0008664538838539348
voters_17,-0.0008664860213249304
sell_6,-0.0008666661303767586
college_17,-0.0008676230285344033
consumption_8,-0.0008678863784711722
energy_2,-0.000868294593378871
tourism_15,-0.000868678987321947
government_18,-0.000868765285300066
earnings_7,-0.0008692259361422928
ministry_3,-0.0008697951970862317
democratic_4,-0.0008701927972749824
unemployment_17,-0.0008709053998221528
voters_19,-0.00087090540124104
global_1,-0.0008719414652650804
movement_4,-0.0008736276078034289
ring_16,-0.0008741622008406225
short_sell_2,-0.0008744240097968258
ltd_17,-0.0008756697992580165
gains_18,-0.0008769301102078408
fun_19,-0.0008777509469948041
federal_12,-0.0008782350335241995
ministry_17,-0.0008786153789501538
products_2,-0.0008788047746470573
ceo_7,-0.0008809399589103873
security_2,-0.0008812968519739783
water_20,-0.0008815397446383822
chance_2,-0.0008822684799149938
firm_13,-0.000882501378476519
default_3,-0.0008828396450440534
judge_16,-0.0008828567356077954
firm_3,-0.0008832980033185
federal_1,-0.0008841785561643168
culture_4,-0.0008844305545201214
washington_5,-0.0008850793338969875
social_4,-0.0008852898002952525
consumption_4,-0.0008856226588830118
marketing_13,-0.0008876079053002917
senate_11,-0.0008882367362717858
politics_8,-0.0008885022149746957
georgia_3,-0.0008900953274648682
kentucky_7,-0.0008903484170943665
food_17,-0.0008906402436845706
food_7,-0.0008907219064130612
election_19,-0.0008908151337700066
president_5,-0.0008910903096801981
fun_4,-0.0008911504349189414
service_10,-0.0008917789697223455
travel_8,-0.0008920304235618959
car_4,-0.0008920953440306967
restaurant_12,-0.0008923726379049147
ring_11,-0.0008927778276177189
inc_13,-0.0008927928022672837
virginia_4,-0.0008940130293028537
holiday_2,-0.0008941833286029155
rich_11,-0.0008941980047237674
DOW_JONES_14,-0.0008951047371725584
committee_4,-0.0008954092176727046
labor_9,-0.0008956121898243241
sell_9,-0.0008964434653657482
tennessee_5,-0.000897515395315307
freedom_5,-0.0008977122358346578
development_13,-0.000897797374873921
short_selling_6,-0.0008978848676978845
voters_7,-0.0008986877033893669
minister_15,-0.0008995066891119175
debt_7,-0.0008995895043912405
missouri_18,-0.0008996505648852348
profit_6,-0.000899739103032493
business_18,-0.0009000130257093009
car_20,-0.0009000575394759736
missouri_3,-0.0009012282565837859
governor_8,-0.0009014703398878776
council_14,-0.0009015071605399161
garden_13,-0.0009018322616685781
representatives_6,-0.0009028805757071101
growth_16,-0.0009035877695002358
party_18,-0.0009037635762882967
bank_4,-0.0009046169548984518
nasdaq_11,-0.000905677382504888
arts_7,-0.0009062958292962664
color_6,-0.0009064810204623353
revenue_6,-0.0009065737711627442
georgia_2,-0.0009072967143367138
fed_3,-0.0009075653277090146
founded_19,-0.0009078983416592523
banking_7,-0.000907939284260717
hedge_20,-0.0009084909625913573
legal_1,-0.0009085301765610065
nasdaq_8,-0.0009103485269994271
voters_6,-0.0009122527928961289
happy_4,-0.0009123214045896333
nasdaq_7,-0.000912605905670838
wisconsin_10,-0.0009128800995658714
judge_5,-0.0009130404634433154
short_sell_7,-0.0009133858179031229
products_14,-0.000913700821918928
legal_12,-0.0009137204925419695
social_8,-0.0009137616452477015
market_14,-0.0009144125869059661
movement_15,-0.0009163532971262267
kitchen_6,-0.0009167587551837774
service_18,-0.0009168016637976617
market_9,-0.0009169199100335313
happy_15,-0.0009173087137940295
garden_9,-0.0009173988609390227
council_8,-0.0009186477657062486
freedom_7,-0.0009190699069368202
william_13,-0.0009196946140125562
trader_9,-0.0009208412247261544
office_12,-0.0009209671455515878
color_20,-0.0009222618770417856
corporation_8,-0.0009228708206660663
buy_3,-0.0009236080540504288
wisconsin_11,-0.0009246355786232563
services_19,-0.0009252843937774813
government_10,-0.0009258245208825678
debt_5,-0.0009268608907515796
crash_2,-0.0009276530104100677
oil_9,-0.0009296558287625878
consume_3,-0.0009297193973867302
bank_12,-0.0009298478284133882
revenue_10,-0.0009306374803175421
community_10,-0.0009311011653883261
color_8,-0.0009314353275725829
ceo_4,-0.000931768527060095
fed_16,-0.0009318359639287177
investment_1,-0.0009321691166902735
fond_8,-0.0009327027515874997
nyse_8,-0.0009334507558616423
stats_1,-0.0009335610538788064
york_5,-0.0009349262306475037
ltd_8,-0.0009371447583868652
buy_17,-0.0009383469623966079
gold_3,-0.0009385052791737181
companies_18,-0.0009402563885853698
ministry_13,-0.0009409335820595111
kitchen_3,-0.0009412569080009759
oil_10,-0.0009414533448860674
party_3,-0.0009416750793112439
dow_jones_1,-0.0009419979982740357
returns_5,-0.0009423320006208824
companies_4,-0.0009423569154248135
happy_2,-0.000942466973200351
debt_6,-0.0009435687899620682
cash_19,-0.0009435988716649746
movement_6,-0.0009442330933473019
council_17,-0.0009451137520602338
seats_18,-0.0009451235529668089
nyse_3,-0.0009456020116380692
virginia_7,-0.0009459143661443737
hedge_12,-0.0009483491732235505
portfolio_12,-0.0009494584430199016
chance_6,-0.0009497994455386794
economic_8,-0.0009504510825363299
products_13,-0.0009507730266270053
environment_2,-0.0009553953527018377
present_11,-0.0009558249659451734
management_11,-0.0009560836444850951
missouri_1,-0.0009563410813210327
stocks_3,-0.0009574406734566665
short_sell_4,-0.0009580539286886625
chance_5,-0.0009581132691079963
served_1,-0.0009582372843903953
train_13,-0.0009582973485283252
travel_13,-0.0009585752695457028
headlines_2,-0.0009586152410439919
ministry_9,-0.0009590923888389335
vermont_9,-0.0009591634248039327
lifestyle_16,-0.0009597707467954297
bubble_11,-0.000960115265413064
million_2,-0.0009610517657606011
project_13,-0.000961522364072076
return_7,-0.0009639690407099222
case_5,-0.0009645574324489425
act_8,-0.0009650379623752592
ohio_12,-0.0009661532612154744
war_6,-0.0009662957868664223
committee_2,-0.0009672652689595163
union_18,-0.0009676388249086453
fun_7,-0.0009682540397956352
william_8,-0.0009687329301608649
banking_9,-0.0009694212265793922
economic_4,-0.0009699348054405643
massachusetts_2,-0.0009719565961938236
markets_15,-0.000973620652710161
metals_6,-0.0009737617045429969
wisconsin_3,-0.0009741652523902689
labor_8,-0.0009742954910890056
act_13,-0.0009746334425928982
rich_4,-0.0009747760525174343
chance_20,-0.0009748851422736182
security_8,-0.000974985402866535
portfolio_4,-0.0009751863380485171
short_selling_14,-0.000975638209631624
act_2,-0.0009775879419672505
stats_18,-0.0009783556212341394
votes_1,-0.0009785425276354065
banking_14,-0.0009795540401310366
gains_20,-0.0009796384062609631
movie_2,-0.000979851241845231
travel_4,-0.0009811305162848339
industry_5,-0.0009815595478173123
georgia_12,-0.000982320642549972
elected_8,-0.000982790312106152
environment_6,-0.0009839367781371733
revenue_19,-0.0009849312811163412
founded_9,-0.0009851100316131012
political_9,-0.0009853408214967273
culture_6,-0.0009855865399298392
financial_markets_6,-0.000987214218637522
vermont_7,-0.0009874057081550314
companies_20,-0.000987416966676502
nyse_18,-0.0009874408185110762
democratic_1,-0.000987611031910518
federal_10,-0.000988130071187987
minister_12,-0.0009887685852040917
council_19,-0.000988797491242277
chance_19,-0.0009893247560353036
ceo_18,-0.0009895445284829663
stocks_5,-0.0009897551301035756
vermont_11,-0.0009904948128695245
companies_2,-0.0009914922657313862
union_12,-0.0009916181059858253
council_2,-0.0009919115759063012
technology_12,-0.0009926338625385167
risk_5,-0.0009943936369809947
inflation_2,-0.0009945183044609341
management_12,-0.0009954842521134656
restaurant_14,-0.0009964723571398216
success_14,-0.000998591784195102
leverage_5,-0.0009986470801217617
holiday_17,-0.0010012801930822323
ltd_16,-0.0010013839162188454
consumption_16,-0.0010031011885951457
politics_7,-0.001003110824718778
water_7,-0.0010037882527604625
happy_20,-0.0010039101196730015
leverage_8,-0.0010054741743387384
elected_7,-0.0010061096793551715
society_5,-0.001006288296939961
ring_5,-0.0010064602106497622
members_20,-0.0010065672933851522
committee_3,-0.0010068620958739282
greed_15,-0.001007830205551663
crisis_2,-0.0010080595981137863
rights_9,-0.0010085377053495215
ring_1,-0.0010094347572214169
gains_6,-0.0010117030006411732
seats_12,-0.0010118755227018993
cash_7,-0.0010119741554301953
gain_11,-0.0010122439508682079
cash_4,-0.0010126227009113365
investment_3,-0.0010139704621032308
dividend_19,-0.0010144308696980798
metals_18,-0.0010152432154473478
rich_9,-0.001015799786387417
derivatives_16,-0.0010163516137921213
cash_20,-0.0010164139606192667
present_3,-0.0010194425221372815
members_8,-0.0010221310388835113
stocks_14,-0.0010232189549565396
ring_7,-0.0010237743338902705
development_2,-0.001023921242289072
revenue_7,-0.001024532744010731
president_13,-0.0010260548232415624
virginia_11,-0.0010268580312406516
default_7,-0.001027188533788892
media_4,-0.0010276796883941675
companies_3,-0.001028554563602313
voters_18,-0.0010292825165706177
marriage_12,-0.0010293595795987543
elected_16,-0.001029502309404884
judge_14,-0.001029882374091695
college_12,-0.0010302806788927477
DOW_JONES_13,-0.001030471485809681
senate_20,-0.0010314059603241167
ohio_3,-0.001031937116757997
gain_1,-0.001033051723503453
william_3,-0.001033082308404243
freedom_6,-0.0010332766173530405
marriage_6,-0.001035013318075273
council_11,-0.0010350651812374156
home_6,-0.0010352318213089795
kentucky_13,-0.0010352795968996853
lifestyle_6,-0.0010370873133998427
million_15,-0.0010374171310945312
world_12,-0.0010404892804219078
banking_3,-0.0010407254421334056
financial_4,-0.0010408586120937758
bonds_2,-0.001041833431438066
water_3,-0.0010419987831462806
loss_13,-0.0010420028881883646
debt_9,-0.0010420609125248782
elections_8,-0.0010430821257245704
government_7,-0.001043473345639434
car_8,-0.001044359386729621
movie_10,-0.0010448867384613258
texas_17,-0.0010452101288326964
financial_2,-0.001045335932234237
justice_8,-0.0010453614182972747
metals_17,-0.0010476826894757264
york_14,-0.0010477861793116937
consume_19,-0.0010479825902871775
council_18,-0.001048293236028197
invest_9,-0.0010490881251192575
war_12,-0.0010496789664696138
carolina_13,-0.0010501084215312595
train_4,-0.0010503330158873724
sell_1,-0.0010504931317832256
founded_20,-0.0010506424301247152
cash_3,-0.0010516125734192582
political_19,-0.0010520587407186533
community_2,-0.0010526876316570676
service_17,-0.0010528457621345577
home_20,-0.001054312060749818
georgia_5,-0.001056176904270334
president_3,-0.0010587330329653976
finance_1,-0.0010607651308613963
secretary_8,-0.001060801536317868
carolina_5,-0.0010640804028215988
texas_5,-0.0010663888371433173
debt_8,-0.0010666624300282868
success_5,-0.0010670303846153305
secretary_12,-0.001067682681170057
culture_17,-0.0010678608761115482
housing_11,-0.0010679413718642562
law_5,-0.0010679682907174914
environment_5,-0.0010687230289222027
metals_2,-0.0010694446815669556
william_1,-0.001069451106521413
short_selling_1,-0.0010709470307864954
rights_7,-0.0010720217549094802
judge_6,-0.0010737147288427894
short_selling_18,-0.0010737480835411484
greed_9,-0.0010740912109455491
management_2,-0.001074161180434774
judge_8,-0.0010749867100993348
ltd_9,-0.0010750901411462842
union_3,-0.0010758594353056593
seats_8,-0.0010758716665519863
management_8,-0.0010765729102207634
illinois_11,-0.0010774708813328314
economic_9,-0.0010777179095860622
technology_9,-0.0010780790196151858
party_19,-0.0010782912023464153
council_5,-0.0010791070367382805
development_10,-0.0010797885779614935
water_6,-0.0010798172047349786
corporation_13,-0.001079944592965787
gold_17,-0.0010804177660665992
police_8,-0.0010825558700859883
arts_18,-0.0010839576935978811
unemployment_18,-0.0010842858616410655
revenue_2,-0.0010848179411881765
elected_20,-0.0010848608956762096
court_18,-0.001088642470217227
marriage_8,-0.0010897523391857344
return_16,-0.0010900934495081671
earnings_9,-0.0010915169836521964
success_15,-0.001091544449080728
cash_1,-0.0010926246960038188
world_3,-0.0010940792989513782
vermont_5,-0.0010946922805711967
money_8,-0.0010961936812306616
risk_3,-0.0010969393936503646
buy_8,-0.0010971966869878225
unemployment_14,-0.001097412020111932
unemployment_7,-0.0011000162800512304
elections_4,-0.001100625437408098
energy_5,-0.0011010613430552985
seats_2,-0.0011011823863255276
metals_15,-0.0011016284485577455
return_4,-0.0011019465252148253
conflict_3,-0.0011033551586261848
law_17,-0.0011043622121758912
headlines_6,-0.0011043861246170738
global_6,-0.0011048420198557895
service_8,-0.0011070475501853139
marriage_17,-0.001108216258256034
health_18,-0.001110561674471855
kitchen_9,-0.00111083448138245
water_12,-0.0011110236920197191
management_13,-0.0011114116681146813
dow_jones_19,-0.001111470844195095
nyse_9,-0.001112834969560761
nyse_15,-0.001113333192273158
minister_17,-0.0011144077907550899
ministry_8,-0.0011151282028260656
credit_11,-0.001115486380637698
ohio_4,-0.0011155990995852737
governor_6,-0.0011170066779913946
legal_17,-0.0011174144074009406
forex_7,-0.0011175953089712198
revenue_8,-0.0011190003775112256
default_8,-0.0011198095646602901
fun_13,-0.001120245841948897
consumption_5,-0.0011206765851396795
court_1,-0.0011214461725862935
founded_11,-0.0011214992963060277
banking_20,-0.0011225047157056966
culture_5,-0.0011254411975192059
religion_4,-0.0011254691610377288
market_13,-0.0011257213242363618
profit_18,-0.001125748360369827
society_18,-0.001126551695032485
media_7,-0.0011275485087188565
gold_6,-0.0011285498350444457
energy_11,-0.0011292932389685094
missouri_9,-0.0011315905200345755
election_13,-0.0011323081862560703
short_sell_3,-0.00113253715770123
ceo_9,-0.0011345591875623119
companies_17,-0.001135627446935339
garden_11,-0.0011358825056129174
development_11,-0.0011359358006492793
global_13,-0.0011361959575308278
nasdaq_5,-0.0011364967691150252
home_2,-0.0011366980222096811
profit_9,-0.0011369912773648628
secretary_9,-0.0011375947962242393
members_11,-0.0011378965466389834
default_4,-0.0011386887748590757
project_2,-0.0011395781232821367
minister_3,-0.0011396348448080573
invest_11,-0.001141878463583068
georgia_13,-0.0011419113285078275
forex_1,-0.0011430335254597247
william_17,-0.0011435227249007695
founded_4,-0.001147997746426288
founded_8,-0.0011502010489778502
legal_5,-0.0011508514761014777
marketing_8,-0.0011512928429165958
wisconsin_14,-0.001151520422913821
ore_9,-0.0011541915844719198
ore_14,-0.0011547491264509713
return_17,-0.0011551750388584026
bubble_2,-0.0011557836982844182
credit_12,-0.001158009447351205
elections_10,-0.0011593948502746532
ring_13,-0.0011595104423010039
act_12,-0.0011603509289653592
government_8,-0.001160560155121848
investment_13,-0.0011610502445309479
forex_8,-0.0011627747956880707
marketing_10,-0.0011629686355375535
markets_6,-0.0011629999058528461
BUY_AND_HOLD_9,-0.0011646230581030537
DOW_JONES_2,-0.0011649064644314588
virginia_2,-0.0011649885805566917
republican_2,-0.0011681192916845218
party_6,-0.001168310708691589
governor_19,-0.0011687372295545284
society_13,-0.0011691536179502914
risk_2,-0.001171075329492921
york_9,-0.0011726739359452897
travel_17,-0.001173948100736988
court_17,-0.0011739598931352457
consumption_2,-0.0011772172467882757
culture_7,-0.001177557859475553
financial_8,-0.0011780643842178363
color_2,-0.0011785535266371605
virginia_3,-0.0011809946101940083
companies_5,-0.0011809952402888958
blacklist_5,-0.001182039717064165
elections_15,-0.001182776331837454
ceo_1,-0.001183783126793081
earnings_5,-0.0011867978645946353
county_17,-0.0011870013628774378
products_11,-0.0011884752936513142
tennessee_3,-0.0011892839669402021
media_8,-0.00119042080522751
money_4,-0.0011919978725629886
derivatives_19,-0.0011920098299393667
federal_8,-0.0011930291343540845
portfolio_13,-0.0011936050283631206
members_4,-0.0011954998434348329
ring_4,-0.0011960042837630969
fun_6,-0.0011994902619583137
economic_13,-0.0012003221783243312
default_13,-0.0012020766337644373
stocks_15,-0.0012045022692079854
transaction_10,-0.0012045810633143806
fed_2,-0.0012065103005415745
social_5,-0.0012069696183432121
portfolio_17,-0.0012079115286764974
police_7,-0.0012086846776791615
market_11,-0.0012094841034185455
dow_jones_14,-0.001210054580080544
garden_6,-0.0012101389271283569
health_2,-0.0012107848688724277
energy_9,-0.0012111350273182886
governor_16,-0.0012117219150846736
stocks_16,-0.0012118182588705118
sell_8,-0.001212327267661273
market_2,-0.0012130072952845738
corporation_17,-0.0012138069194092215
inc_6,-0.0012159160395612601
returns_9,-0.0012160557275004535
tourism_19,-0.0012163290932822423
ohio_9,-0.0012165036791461636
dividend_5,-0.0012195281118273726
cash_8,-0.0012197859939361289
union_8,-0.001224247355990493
credit_13,-0.0012246823976961086
unemployment_4,-0.0012262239413926902
financial_markets_8,-0.0012278310337375143
movie_16,-0.0012279501757277878
tourism_20,-0.001228056453515336
rights_8,-0.001229371798136958
world_5,-0.0012293994860244962
representatives_17,-0.0012300894547883079
restaurant_8,-0.0012308873476983618
environment_1,-0.0012317853673000424
security_1,-0.0012321561535781679
gain_3,-0.0012324319881485747
car_1,-0.0012343000529002391
war_20,-0.0012347658032806352
rich_14,-0.0012348311280736325
freedom_11,-0.001236663921163994
industry_2,-0.0012393379084325584
chance_11,-0.0012394236699008853
bubble_9,-0.001241207636548558
consume_2,-0.0012412462113579048
business_2,-0.001241907644685436
growth_4,-0.001243080296120791
rights_1,-0.001244816846086194
gold_8,-0.0012452198403724469
cancer_18,-0.0012456168060886786
transaction_3,-0.0012458959105163814
act_17,-0.001246862377090574
wisconsin_2,-0.0012470903709228542
earnings_16,-0.0012471321368473065
business_17,-0.0012477654060777388
county_14,-0.001248968950791518
election_8,-0.0012496501542583528
invest_17,-0.0012498283881686278
industry_1,-0.0012513975728645655
members_19,-0.0012534600276234097
law_8,-0.001254170984632519
restaurant_3,-0.0012548151247809614
labor_4,-0.0012568094082819892
minister_18,-0.0012571384446279587
representatives_3,-0.0012571770888575972
founded_10,-0.0012573782908276375
project_9,-0.0012575624773752958
party_1,-0.0012594284903130193
representatives_16,-0.001259845221364131
cancer_10,-0.0012602412190821921
dow_jones_6,-0.0012607585737670624
arts_16,-0.0012608005939582557
hedge_11,-0.0012609614264357028
kentucky_14,-0.0012616943752590925
arts_12,-0.0012622886098775155
earnings_11,-0.0012645958368667776
fun_16,-0.001264692460565553
economics_5,-0.0012647966489375273
house_13,-0.0012649127169377162
case_20,-0.0012676358574694735
million_5,-0.0012692367190335397
project_8,-0.0012705042396012444
gain_5,-0.0012705431163856362
world_14,-0.0012710505179091224
environment_16,-0.0012721228256526106
freedom_19,-0.001276206207798225
virginia_14,-0.0012765705627030722
secretary_13,-0.0012768196011983869
illinois_2,-0.0012771652630542585
consume_15,-0.0012797932890141084
derivatives_14,-0.0012799222478210083
return_3,-0.0012801685535998697
companies_13,-0.0012807865500356285
dividend_13,-0.0012811860235367955
inc_14,-0.001282211516417231
community_8,-0.0012829320222253805
secretary_3,-0.0012840160432802783
development_8,-0.0012850661267679753
growth_8,-0.0012854343057405737
gold_13,-0.001286401729531228
environment_3,-0.0012869309504839332
marketing_3,-0.0012896672471934378
inc_8,-0.001290760820028569
gains_7,-0.0012908956536671567
firm_12,-0.0012919748114814222
ore_13,-0.0012927809305954385
vermont_19,-0.0012946710115056882
companies_8,-0.0012951017966590372
energy_17,-0.001296090244518222
federal_6,-0.0012961256630724892
banking_18,-0.0012964284336871358
buy_20,-0.0012977365586444467
rich_6,-0.0012991880886266127
train_6,-0.001300381885424473
pennsylvania_12,-0.0013008325959963595
social_17,-0.0013025498360935916
derivatives_12,-0.0013030187550551408
justice_2,-0.0013033984276552113
wisconsin_5,-0.0013046920728949861
rights_14,-0.001305480318870389
success_9,-0.0013064510851813261
justice_17,-0.0013069330532049061
stock_market_16,-0.0013079354389299968
bank_2,-0.0013111434014639878
ceo_17,-0.0013111523740784836
party_8,-0.0013126896026653956
present_8,-0.0013134994997603844
security_13,-0.00131380462801316
stock_market_13,-0.0013142733948536378
management_17,-0.001314416679128505
kitchen_20,-0.0013145831618850857
default_5,-0.0013150014869596437
returns_11,-0.0013152217243342257
housing_8,-0.001316300516674862
water_14,-0.0013168307563049542
earnings_3,-0.0013170725295507334
stats_6,-0.0013173446084218331
police_18,-0.0013183642559353892
color_4,-0.001319142909545623
elected_3,-0.0013222816078543697
fed_1,-0.001323238181984987
social_2,-0.0013233990459509126
market_17,-0.0013235963016150043
invest_10,-0.0013273154249460628
industry_9,-0.0013281903643561853
water_17,-0.0013290192235937194
happy_7,-0.0013334376434521289
holiday_11,-0.0013338052355882368
train_10,-0.001336643886727451
government_13,-0.0013372386280210424
greed_5,-0.001338036349425553
federal_2,-0.0013412411309551952
governor_4,-0.0013416266673583089
inflation_19,-0.0013430033930655228
business_8,-0.0013430709424494091
revenue_3,-0.0013435502831572466
democratic_10,-0.0013439513113677303
services_8,-0.0013449663405018964
nyse_4,-0.001345438890650663
government_5,-0.0013474477458682132
risk_1,-0.0013478041627829284
dividend_16,-0.0013484928643305416
earnings_15,-0.0013499086049139075
stocks_9,-0.001350619193482383
invest_13,-0.0013557794287789803
district_8,-0.0013559298791554265
restaurant_4,-0.0013564498077323962
portfolio_16,-0.0013587796202570335
unemployment_12,-0.0013600354931079916
religion_8,-0.0013608816285834101
college_18,-0.0013609857521112545
finance_17,-0.0013611531157277311
transaction_14,-0.0013619221817340766
massachusetts_18,-0.0013623427979621461
judge_1,-0.001362914368700774
vermont_13,-0.001363696812370252
forex_3,-0.0013647973709600247
debt_17,-0.0013672022880637958
arts_3,-0.0013692898342038573
kitchen_1,-0.0013699226826863864
forex_15,-0.0013715867764987565
kentucky_5,-0.0013717001125289397
water_8,-0.001373986216206724
corporation_3,-0.0013743827576461643
fed_11,-0.0013747915451556513
default_14,-0.0013751779231263139
arts_17,-0.001377502120483487
inc_17,-0.0013788631196617774
products_1,-0.001379808605913846
energy_1,-0.0013800034474178435
credit_18,-0.0013822428582374701
dividend_4,-0.0013824549003503828
market_8,-0.0013841456668489682
representatives_1,-0.0013864948774548358
social_1,-0.0013873727580047568
act_1,-0.0013874927846748042
illinois_8,-0.001388241535223167
house_17,-0.0013892115552530005
technology_1,-0.0013902361837724087
world_6,-0.0013910126484342645
ministry_6,-0.0013926762395197524
home_5,-0.0013971655757004874
illinois_9,-0.0013978989681939335
fun_3,-0.001398522975989458
marketing_17,-0.001398534228536885
marketing_1,-0.0014029933950283845
texas_8,-0.001403761019959271
inflation_18,-0.0014037982515226143
police_13,-0.0014064378895049412
lifestyle_20,-0.0014076856422541972
pennsylvania_1,-0.0014081470617193226
committee_15,-0.0014085925522890452
tennessee_13,-0.0014105034185594612
banking_11,-0.0014117620832227785
kitchen_8,-0.0014143898011698352
kitchen_17,-0.0014153522393885564
development_1,-0.001419029266775329
secretary_6,-0.0014193557148090453
ceo_12,-0.001420574371229888
committee_18,-0.0014209429620936076
dividend_15,-0.0014213073344027326
college_5,-0.0014222351532477528
elections_16,-0.0014229605136858669
investment_16,-0.0014230927213243483
religion_20,-0.0014241040948026029
gains_19,-0.001424623054455454
present_2,-0.0014251664739938664
court_2,-0.0014277185972817908
gain_13,-0.001430085791468061
labor_3,-0.001432903371590455
economic_5,-0.0014329865561437227
fed_10,-0.0014353066308841588
washington_9,-0.0014361981002140479
technology_17,-0.0014378468169336412
health_5,-0.001438173972470902
headlines_15,-0.0014390549761214232
products_12,-0.00144040238999259
ltd_11,-0.0014462709628473291
texas_18,-0.0014465310495376694
nasdaq_18,-0.0014471164085117839
york_13,-0.0014478061903640204
management_1,-0.0014500551952643104
finance_13,-0.0014508221223999084
credit_1,-0.0014513024166364907
markets_8,-0.0014539986947908813
buy_13,-0.0014555890357543344
development_18,-0.0014590657461412526
bonds_15,-0.0014598488958764478
served_11,-0.0014606476917609968
train_9,-0.001461540560540997
missouri_14,-0.0014646630799466155
gains_5,-0.0014679937281455225
ltd_14,-0.0014690176781109177
banking_4,-0.001470046958606308
culture_14,-0.001473124516902491
representatives_5,-0.0014731752095439976
war_18,-0.0014784270979072422
inc_2,-0.001482320646357871
loss_18,-0.001482858196411385
economics_14,-0.0014836194067518794
washington_12,-0.0014868875395325
debt_2,-0.0014879164554982617
case_13,-0.0014882005619913264
office_5,-0.0014912404799564793
stock_market_1,-0.0014950353615717615
holiday_13,-0.0014952404027737342
train_1,-0.0014978464979039873
county_13,-0.0014983012310403998
profit_1,-0.0014987068260799096
world_20,-0.0014987930538960415
government_9,-0.001499811425348252
movie_18,-0.0014998728052101561
labor_16,-0.001500843880797209
banking_5,-0.0015013350859319542
car_5,-0.0015017616011971935
district_13,-0.0015023781502289558
office_13,-0.001503188658341914
crisis_12,-0.0015042237249716984
investment_2,-0.0015047118476225086
global_17,-0.0015048564358270955
carolina_14,-0.0015054222642895353
consume_7,-0.0015058849005060494
profit_8,-0.0015060000657587612
color_13,-0.001509739768629914
culture_12,-0.001510171714709374
success_1,-0.0015132452893389825
industry_8,-0.0015165070749845189
happy_5,-0.0015191114178660925
business_5,-0.0015207401304420554
financial_markets_10,-0.00152144875532505
opportunity_1,-0.0015217816258919603
short_selling_20,-0.0015223581048136258
illinois_13,-0.0015242315112557136
crisis_6,-0.0015256478973734388
fun_8,-0.0015261061017594279
train_8,-0.0015273952815115788
bonds_11,-0.0015280516192498262
money_17,-0.0015304744692562267
minister_6,-0.0015321581912745685
gains_3,-0.0015376653816032925
economic_1,-0.001537973122286207
culture_1,-0.0015386712949890357
committee_11,-0.0015387277006831735
conflict_16,-0.0015396344748382252
restaurant_2,-0.0015400954946674483
blacklist_12,-0.0015416909381131161
invest_18,-0.001542689273284914
services_13,-0.0015459663010529922
government_17,-0.0015479331680510633
law_13,-0.0015538094069960317
party_13,-0.001554505291063646
georgia_17,-0.0015554956933843567
senate_18,-0.0015558610678595875
credit_5,-0.0015595711419983172
finance_9,-0.0015605584826944296
housing_17,-0.0015626350920631804
global_12,-0.001563643383704183
short_selling_5,-0.0015652481385243222
corporation_1,-0.0015654535785954993
tourism_7,-0.001565723251046025
housing_2,-0.001565729644205871
transaction_1,-0.0015663064095446043
opportunity_6,-0.0015694789749482573
finance_14,-0.001571531737441001
marketing_2,-0.0015744332246061977
crash_5,-0.0015745695388840407
profit_15,-0.0015809305074898639
georgia_8,-0.0015820292369989942
markets_7,-0.0015821137084784942
washington_8,-0.0015836452146452905
served_2,-0.0015907907260581445
present_15,-0.0015913316184655857
representatives_9,-0.0015925600133460227
blacklist_2,-0.0015942025296993068
buy_10,-0.001596975049557936
present_20,-0.001598100013194248
energy_12,-0.0015991886715353675
gains_8,-0.0015997786823503724
wisconsin_18,-0.0015998653600724166
votes_17,-0.0016035821347651913
massachusetts_13,-0.0016044863934518538
dow_jones_15,-0.0016059189121525375
water_1,-0.0016065615727166582
act_19,-0.0016076430181437562
secretary_5,-0.0016107559207573009
house_1,-0.0016136571436950575
georgia_14,-0.0016148563753593192
virginia_13,-0.0016176133639141722
union_14,-0.0016187784788309623
garden_17,-0.0016194547420794736
illinois_17,-0.0016199615002570945
political_5,-0.0016212773642901412
housing_12,-0.0016227232452503237
gain_19,-0.0016240804305716061
stock_market_20,-0.0016254481076363625
missouri_8,-0.0016268937752315527
consumption_6,-0.001627432297393261
restaurant_10,-0.0016297488580590213
arts_13,-0.0016317163418186453
health_17,-0.0016317932115161194
community_13,-0.0016335587799457985
georgia_9,-0.0016338219435220625
tennessee_12,-0.001634071043247598
crisis_5,-0.001636454274335053
global_9,-0.001641099159470283
inflation_4,-0.0016413623185692616
virginia_8,-0.0016433408217254586
pennsylvania_2,-0.0016444338414564718
social_18,-0.0016444523543089674
fine_7,-0.0016446979767077874
inc_18,-0.0016455605671326535
marriage_13,-0.0016468473389059436
stock_market_8,-0.0016505711973591852
elected_14,-0.001653138439948587
act_5,-0.001653400415246331
district_2,-0.0016544446777271293
short_sell_13,-0.0016544616566500857
seats_13,-0.0016548603861743505
served_7,-0.001655568557349363
financial_18,-0.0016638806252384341
portfolio_20,-0.0016641289961832673
buy_9,-0.001667123424142236
senate_13,-0.0016673262105485697
members_3,-0.001669393189709778
business_1,-0.001669585716528066
corporation_14,-0.0016707233954638579
investment_5,-0.0016711197574388326
stocks_4,-0.0016728357986727006
greed_4,-0.0016758404658083537
members_10,-0.001676481444020439
credit_8,-0.0016765190881347313
fond_14,-0.0016777334501479446
labor_5,-0.001678408598542136
ore_18,-0.0016788306188862067
election_1,-0.0016794286446927486
fun_5,-0.0016817730132129504
opportunity_5,-0.0016827398450268926
district_18,-0.001683597015968008
democratic_7,-0.001685904767687152
marketing_9,-0.0016874628665793257
media_17,-0.0016915736420043625
members_5,-0.0016935440768202303
food_8,-0.0016976102415335425
short_sell_1,-0.0017020874012478426
minister_14,-0.001704373843174478
governor_1,-0.0017044660096633192
global_3,-0.0017066475289245543
market_12,-0.0017067357599441335
firm_5,-0.0017071658913338616
health_8,-0.0017077814554101068
texas_13,-0.0017083846616897879
kentucky_2,-0.0017090287717184572
metals_9,-0.001711194165726071
chance_8,-0.001714845485940386
services_14,-0.0017165267659529082
crash_13,-0.001719885246656605
bonds_20,-0.001720640364573045
seats_3,-0.0017209301640287444
million_14,-0.0017218816382263524
election_3,-0.0017226270164528712
college_8,-0.0017253711668138827
district_17,-0.0017256445646633533
members_2,-0.0017267693965682175
ceo_11,-0.0017268254139329198
seats_20,-0.0017325485734681844
financial_markets_9,-0.0017370429605006788
dow_jones_2,-0.0017398138451341304
police_11,-0.0017408459344682603
home_1,-0.0017409564353311868
bank_3,-0.0017466302239436571
forex_9,-0.0017492492818458548
million_20,-0.00174928234577989
ring_20,-0.00175114657682498
banking_1,-0.0017512232809649753
government_14,-0.001751579045395002
bonds_3,-0.0017533554315575905
short_sell_18,-0.0017586199422761739
court_14,-0.0017603488560126613
hedge_7,-0.0017674212472368334
dow_jones_5,-0.0017682176167854058
transaction_8,-0.0017699170906405382
returns_2,-0.0017700108412530557
inc_1,-0.0017700740785960845
stocks_1,-0.0017704114805137117
fun_14,-0.0017738572119982531
color_5,-0.001778025290510743
profit_17,-0.0017788908132772897
health_14,-0.0017812107289381096
technology_13,-0.0017813748008356444
representatives_14,-0.0017815329700432204
conflict_1,-0.0017822321074631331
founded_14,-0.0017824810901137412
business_13,-0.001784381205905783
freedom_17,-0.0017891769131216373
council_1,-0.0017907803416819413
present_13,-0.00179278735675652
management_14,-0.0017935661306507367
debt_14,-0.0017945606664223402
election_10,-0.0017983877644710989
movie_20,-0.0018009279695355928
security_17,-0.0018010132939858315
economy_6,-0.0018013159971181692
oil_13,-0.0018024310492894546
nasdaq_10,-0.0018041939110301942
bank_13,-0.0018042635515066463
tennessee_8,-0.00180502134265077
marketing_18,-0.001805379414097774
market_6,-0.0018079271666516573
revenue_5,-0.0018079798572710136
service_9,-0.001813158437879614
derivatives_11,-0.0018145076338141664
industry_17,-0.0018159040860331378
revenue_1,-0.001816286451031468
credit_9,-0.0018167370879042188
hedge_2,-0.0018216113267849553
debt_13,-0.0018240026956366506
stock_market_9,-0.0018246965677603422
war_17,-0.0018252534613067307
fed_9,-0.0018259246722338363
founded_5,-0.0018289407460590156
texas_14,-0.0018309686047996766
tennessee_11,-0.0018337908028686512
massachusetts_17,-0.0018345564085526344
present_12,-0.0018347691378579611
pennsylvania_8,-0.001836343530318496
bank_14,-0.0018402292089384265
movie_19,-0.0018408081307925927
trader_6,-0.0018481502754126966
million_7,-0.001848191086733042
freedom_20,-0.0018517534394992374
bonds_18,-0.0018522367364282254
massachusetts_1,-0.0018548739782539903
corporation_2,-0.0018553284205933274
nyse_19,-0.0018583961614021538
returns_1,-0.001859500887587995
security_14,-0.0018596489822386264
office_2,-0.0018602770029142457
illinois_5,-0.0018608486799037926
environment_10,-0.0018608785917945125
ministry_12,-0.0018618937306720262
restaurant_13,-0.0018638110108779803
services_18,-0.001864633730461618
law_1,-0.0018672747269282918
community_17,-0.0018672795870403381
corporation_9,-0.0018768330852213522
nyse_2,-0.0018785864688006582
ring_8,-0.0018795484967703668
justice_5,-0.0018812335468131104
blacklist_3,-0.0018847825118012197
leverage_7,-0.0018885289606235477
social_13,-0.0018915168776818092
bank_18,-0.0018960847051432417
invest_14,-0.0019060169962792806
illinois_1,-0.0019112647308911156
investment_10,-0.0019135689360068263
gain_10,-0.0019149706508586606
legal_11,-0.0019153897223335825
buy_4,-0.0019193914985786487
present_17,-0.0019199522066056574
governor_3,-0.0019209565980702115
carolina_1,-0.0019226437368290439
union_1,-0.0019228957926295865
bonds_16,-0.0019265168804417198
stocks_13,-0.0019288238725557517
gain_12,-0.0019291076804752948
ore_20,-0.0019302934672488226
business_14,-0.00193182779900265
gold_5,-0.001932903593000157
derivatives_7,-0.0019333822959001212
politics_18,-0.001935168537156451
federal_14,-0.001935433945803111
pennsylvania_17,-0.0019356954489640587
market_18,-0.0019368549768136623
government_1,-0.0019375793718803048
office_14,-0.001938603488973012
economy_15,-0.0019394978698124455
sell_17,-0.0019405304763875143
cash_13,-0.0019485111577935087
invest_3,-0.0019498222301463474
ore_8,-0.0019498468995657215
committee_5,-0.0019501000437711635
office_18,-0.0019502230561820432
justice_19,-0.001950708602417528
home_17,-0.0019517529402860666
vermont_3,-0.0019524157163712363
kitchen_4,-0.001959139190099335
elected_12,-0.0019593501490672073
money_18,-0.0019613734420535823
firm_4,-0.001962132729993904
lifestyle_13,-0.0019634016052541003
gains_9,-0.0019639042589727263
virginia_9,-0.0019675730532912493
rich_17,-0.0019679448227113206
elections_3,-0.0019682914105591644
freedom_4,-0.0019688222459554707
markets_9,-0.001971917791288469
firm_1,-0.001973280222093576
court_8,-0.0019743882579254636
dow_jones_12,-0.0019747715986574875
fine_14,-0.0019753385393279864
election_2,-0.00197729093927741
community_1,-0.0019774504960574204
rich_1,-0.001983185698085599
house_14,-0.001986377048165444
services_17,-0.001993519713051617
banking_13,-0.001996156296194851
banking_12,-0.002000365967136419
fed_5,-0.0020014670843940597
service_14,-0.0020023864912640963
fed_14,-0.0020032767710814747
management_5,-0.0020039798279452457
chance_1,-0.0020094017631232973
stock_market_4,-0.0020108377664981303
county_5,-0.002011614731888156
movie_8,-0.0020129582297620185
garden_20,-0.002013981851000235
lifestyle_4,-0.0020198948443665766
bonds_1,-0.002020536131203432
housing_3,-0.0020288015536475967
members_14,-0.0020318445611167803
federal_18,-0.0020332613782563236
profit_7,-0.002033879148944662
loss_1,-0.0020394092183282806
health_13,-0.002040425550456959
illinois_14,-0.0020410773420209472
chance_18,-0.002042285727626947
service_13,-0.002045914566575213
DOW_JONES_16,-0.002046021761532746
stock_market_17,-0.0020467132146792188
ltd_5,-0.002051721627625347
debt_15,-0.002053474413074774
service_5,-0.002054429225042487
firm_19,-0.002057008774594826
served_8,-0.002059000653600629
DOW_JONES_12,-0.0020604432105958857
loss_17,-0.002060662686012016
legal_9,-0.0020607191083237496
community_9,-0.0020627323796073684
marketing_19,-0.002067732909437714
office_17,-0.002073114125027686
virginia_17,-0.002076512024922339
missouri_13,-0.002077237033879564
tennessee_17,-0.002077417834734563
markets_19,-0.0020834596901710078
restaurant_17,-0.002085204915025285
york_1,-0.002085982834314848
million_6,-0.0020902606302179104
court_5,-0.0020911124598193
garden_7,-0.002091430347625467
media_14,-0.0020931968844176475
fond_13,-0.0020979197599115375
earnings_1,-0.002098782303205882
derivatives_3,-0.0020993944934521334
community_5,-0.002100810074637094
elected_1,-0.0021032984098629413
garden_8,-0.0021080207856927213
virginia_1,-0.002108301025519799
services_5,-0.002108625003609532
banking_2,-0.0021090137671343047
act_9,-0.0021104074680468265
bonds_5,-0.0021109281273206104
office_8,-0.0021113346350645212
debt_1,-0.0021125721374640307
housing_1,-0.002112992596584684
tennessee_1,-0.0021131435962085552
law_9,-0.0021142969726583027
global_8,-0.0021214940368641686
firm_2,-0.0021221743128321258
court_9,-0.0021236858999276187
fond_1,-0.0021245615107011286
invest_2,-0.002128081351289568
court_13,-0.00213626873641215
products_17,-0.0021391623185017085
representatives_12,-0.002140886531444686
washington_17,-0.002152275976771034
short_sell_17,-0.0021540314819840757
society_2,-0.0021560978829444633
freedom_18,-0.002159067907819634
management_9,-0.0021643763556750796
stock_market_6,-0.002169294715278003
representatives_13,-0.002170248476565062
financial_13,-0.00217100210110579
county_1,-0.0021734432788713897
washington_1,-0.0021735951650375895
oil_14,-0.002179649209068768
kitchen_13,-0.002179966677867573
technology_5,-0.0021828347021610297
risk_17,-0.002189246140413603
movie_13,-0.0021909402711476566
ministry_11,-0.0021930899274628323
bank_1,-0.0021971936564838313
nyse_14,-0.00220078519315956
served_12,-0.0022022433544989896
financial_5,-0.002203787885936981
ohio_13,-0.002205934412856725
office_1,-0.002206337722898821
metals_4,-0.002206359827983384
election_16,-0.0022098218012108093
bank_5,-0.002210907469310364
development_5,-0.0022129235302608572
district_1,-0.0022166192041622734
hedge_14,-0.002221868043902253
founded_13,-0.0022225100264722684
president_2,-0.0022230081052447836
headlines_3,-0.0022238517129691713
dow_jones_16,-0.002226685002394446
police_1,-0.002226727812199636
sell_14,-0.0022303119873578136
pennsylvania_13,-0.0022308954450640074
arts_14,-0.0022325408224806776
nasdaq_4,-0.002235318764986105
fond_15,-0.0022393377451992657
return_14,-0.0022418291218215813
loss_14,-0.0022433705535410465
movie_4,-0.002245055112725525
kitchen_2,-0.002250959740524916
economics_9,-0.0022510657885099093
consumption_12,-0.0022531691301104885
judge_2,-0.0022571096210866727
million_19,-0.0022681594559561535
metals_12,-0.0022740271051171048
inc_5,-0.0022741391290192147
project_1,-0.002275311096100152
judge_18,-0.002275340143302662
revenue_17,-0.002278483113738905
democratic_13,-0.0022788306626663423
garden_5,-0.0022789322578646853
health_1,-0.0022843967318864735
marketing_14,-0.002290471224727364
services_1,-0.0022913631403361557
hedge_6,-0.0022927094919460876
BUY_AND_HOLD_8,-0.002294240344862253
union_11,-0.0023016384442025918
judge_11,-0.00230857904712749
elected_18,-0.0023137205796863293
companies_9,-0.0023156494828179054
dow_jones_9,-0.0023169773200311106
forex_18,-0.002317642883280491
act_14,-0.002318913777738185
gain_18,-0.0023194756064733426
senate_8,-0.0023202911318992436
finance_11,-0.0023245807043070776
stocks_17,-0.0023257353136400425
district_5,-0.0023296289885031962
washington_13,-0.002331067504158102
religion_17,-0.002332295748898594
global_2,-0.0023419281907749888
finance_8,-0.002343677913415032
county_18,-0.002346237662348827
justice_12,-0.0023488595117484136
leverage_18,-0.00235110926288169
rich_5,-0.002352189587614251
garden_4,-0.0023593397031983487
wisconsin_1,-0.002359848865890557
chance_13,-0.002361519817740909
police_14,-0.0023626166267513016
short_sell_5,-0.0023635706474672835
profit_12,-0.0023659147432074424
bank_17,-0.0023691066391110737
restaurant_11,-0.002371853598630258
services_2,-0.0023731330424077825
car_13,-0.002377063980326599
industry_18,-0.002380281518660432
world_4,-0.002384779704528217
forex_17,-0.0023859093880379766
happy_9,-0.0023971979356959493
unemployment_9,-0.0023973269197142153
senate_3,-0.00241015165130678
trader_5,-0.002413915656440224
fond_6,-0.0024234931882339606
health_9,-0.0024288125113814283
service_1,-0.0024296922489823515
election_4,-0.002433768413871795
law_2,-0.0024355939261094584
lifestyle_14,-0.0024370419067145654
council_9,-0.0024403927018140205
fond_11,-0.00244321338062794
senate_2,-0.0024480824953700075
opportunity_18,-0.0024528183849740425
economic_14,-0.00245950542919835
profit_11,-0.0024635813179226806
culture_13,-0.0024637179294297873
william_14,-0.0024874127866038264
texas_9,-0.002489728565199245
tourism_16,-0.0024949904457354233
dow_jones_7,-0.002504422597522105
religion_18,-0.002507648011522967
elected_2,-0.002516289070937727
religion_13,-0.002516989713931572
ore_3,-0.0025182780954455587
present_4,-0.002518589087373413
project_14,-0.00252111941696751
BUY_AND_HOLD_15,-0.0025279874078525167
services_9,-0.002528263755107574
senate_12,-0.002529259810752227
color_17,-0.002534298500581311
firm_16,-0.002541289946634695
judge_7,-0.002542821189086708
financial_9,-0.002557469731132045
social_9,-0.0025607221360617106
business_9,-0.0025644758796866452
elected_5,-0.002566410143203801
DOW_JONES_15,-0.002570178527112721
senate_9,-0.0025704816692631916
justice_11,-0.002570925952442593
labor_14,-0.0025716499955652948
voters_2,-0.002574311851176203
present_7,-0.0025789512035802042
happy_13,-0.0025872821510564137
college_9,-0.0025903818013144784
wisconsin_17,-0.002604536282550263
portfolio_5,-0.0026053524713747444
derivatives_10,-0.0026061720063658366
georgia_1,-0.0026095821963486587
founded_3,-0.0026119834062183324
bonds_13,-0.0026146439391144362
revenue_14,-0.0026149069719782147
founded_15,-0.0026211692927367246
security_9,-0.0026464951237978205
opportunity_14,-0.002658829482549785
inc_9,-0.0026729188431577457
office_9,-0.0026780857335158004
metals_13,-0.0026797494634276386
ohio_8,-0.002691974765472738
political_1,-0.0026996142724660553
development_14,-0.0027082454415643387
tennessee_14,-0.0027195085825481914
trader_13,-0.0027214302172699377
happy_17,-0.002729943028340509
opportunity_17,-0.0027325002366319407
fed_17,-0.002734830352361839
york_17,-0.0027386280365367275
firm_18,-0.0027491502243177646
committee_1,-0.0027548349221579336
texas_1,-0.002765073208348445
environment_14,-0.002769416036814576
nasdaq_3,-0.00277046312924738
dividend_7,-0.0027884170956623765
DOW_JONES_10,-0.0027908513185567418
credit_2,-0.0027947332205005447
ore_10,-0.0028025924252468746
bank_8,-0.0028031720929005076
elected_15,-0.0028141257408556886
federal_9,-0.0028281038413513703
happy_14,-0.0028286274742420183
county_9,-0.0028291927959073204
county_8,-0.0028300412613641466
fine_8,-0.0028557313694068664
finance_5,-0.0028784427390704526
transaction_9,-0.002879968693039392
culture_18,-0.002887873568247978
election_17,-0.002888652053436536
development_9,-0.002889142231562136
travel_14,-0.0028914895116013196
dow_jones_10,-0.0028917046126378577
security_5,-0.0028932890417123327
consumption_14,-0.0028940629347455893
marriage_14,-0.0029032281073044343
society_17,-0.002906827524237232
act_18,-0.002913519306990442
credit_14,-0.002930232360797125
energy_14,-0.0029322843771175224
movie_14,-0.0029490071643647696
cancer_14,-0.002959221876817031
bonds_17,-0.0029675653793687974
DOW_JONES_8,-0.002972347092682437
earnings_14,-0.0029827487557250397
washington_14,-0.002993609632242822
movie_6,-0.002999517261674756
headlines_17,-0.0030006148708387804
buy_5,-0.003001345757078111
firm_8,-0.003016928830361998
social_14,-0.003020246172554186
million_10,-0.0030303200511387907
union_5,-0.0030348396520728073
secretary_1,-0.0030427214723514505
ceo_19,-0.003050825891878306
society_14,-0.0030643463110317628
bonds_8,-0.00306728168882382
dividend_8,-0.0030692924356699345
nyse_10,-0.003094506880462933
BUY_AND_HOLD_7,-0.003106127924199642
financial_17,-0.0031088403924919294
headlines_16,-0.003130029463081052
district_9,-0.003142588094223986
district_14,-0.003146278962121629
founded_6,-0.003146394488392312
opportunity_15,-0.003164004568686618
unemployment_5,-0.0031659099230813225
home_13,-0.0031665199550040104
blacklist_18,-0.0031772030496622916
college_13,-0.0031879120076301337
world_1,-0.003192631988842365
headlines_5,-0.00320279707099822
nasdaq_14,-0.003206988766376995
dividend_10,-0.0032073994989513244
ohio_1,-0.0032199102240289433
arts_2,-0.0032289811247220744
union_17,-0.003232802362013576
justice_14,-0.003237559035687543
corporation_5,-0.003248383567381374
stats_8,-0.003252505511216519
unemployment_8,-0.003269974159593225
metals_14,-0.0032822419770810905
consume_6,-0.003290481248775934
transaction_5,-0.0033080496762913913
companies_14,-0.0033171783220960816
stats_14,-0.0033303447437634135
housing_13,-0.0033381517481769095
housing_14,-0.0033441966728152916
gains_10,-0.003362381549739801
happy_8,-0.0033690837959067022
short_sell_8,-0.0033730907257284227
movie_9,-0.003379908370001061
opportunity_2,-0.003399665333254509
derivatives_9,-0.003439167524660558
cancer_17,-0.0034653602100248814
community_14,-0.003468128714673213
financial_14,-0.003487192848218834
freedom_14,-0.003492937762399162
college_1,-0.0035157554676173318
senate_4,-0.0035262589756895
car_14,-0.0035307729220916293
war_14,-0.003548782158165409
college_14,-0.0035526888918278486
freedom_10,-0.003560076704053783
elections_17,-0.003561064756452792
oil_17,-0.0035617599647655763
transaction_4,-0.0035682341710122634
law_14,-0.003589729430729283
dividend_9,-0.003621943480967493
case_14,-0.0036714649210140226
firm_17,-0.0036767557271734086
federal_5,-0.003679955633699117
police_17,-0.0036813705916403983
earnings_2,-0.0036947602058579943
religion_14,-0.0037398336926472986
derivatives_1,-0.0037420129087876175
governor_5,-0.0037601883962794513
technology_14,-0.003787530820821705
opportunity_4,-0.003812312327163836
credit_17,-0.0038394637156591973
invest_1,-0.0038459741198464624
bank_9,-0.0038558269104755905
energy_13,-0.003857464577937275
lifestyle_1,-0.0038718776349972563
federal_17,-0.0039302520004245835
legal_14,-0.003964786143068166
DOW_JONES_1,-0.00406624183966342
DOW_JONES_7,-0.004075557789104556
ore_6,-0.004083830380617037
kentucky_1,-0.00409003027905388
gains_14,-0.004200818096048086
development_17,-0.00420755992164148
nyse_20,-0.0042149456922025985
ore_4,-0.004230636139640786
stock_market_14,-0.004259687992180861
derivatives_20,-0.004331540104682929
global_14,-0.004409889784150578
headlines_4,-0.0044735977255124125
derivatives_8,-0.004501644978540176
oil_1,-0.004564550895156905
seats_14,-0.004596854775108539
investment_14,-0.004621493036933044
carolina_17,-0.004622186924783689
fond_5,-0.004650802376301865
kitchen_5,-0.004652915685214731
profit_5,-0.004663604529857213
economy_14,-0.0046775262875612175
million_8,-0.004698785891960977
lifestyle_12,-0.00474101878103248
crash_14,-0.004924644667007483
color_14,-0.004934946210135483
metals_8,-0.00494246468974977
forex_14,-0.005023931960267425
holiday_14,-0.005236943394412674
ore_7,-0.005390826595129195
justice_13,-0.0055210110802049964
markets_17,-0.0056349732671576724
movement_14,-0.005657783513181691
forex_6,-0.005693825945851727
present_14,-0.005733808542839424
investment_9,-0.005751157323370437
headlines_11,-0.005859133677884642
bonds_14,-0.005896203369395447
markets_20,-0.005968909522244381
firm_9,-0.006247228630268431
stock_market_15,-0.006250411455221894
markets_18,-0.0065031988898136325
judge_10,-0.006562312322810571
bonds_4,-0.006593386511269705
dividend_14,-0.006862674900057675
movie_5,-0.007092672941514611
short_sell_15,-0.007447404182202022
senate_1,-0.007913982632132232
chance_14,-0.008873015156111141
