features,feature_score
voters_19,0.0019344516104393304
investment_2,0.0018952641535829975
returns_6,0.0015455707628588907
hedge_16,0.0015238059798803583
media_18,0.0013693750732326185
economy_12,0.001305021100470951
culture_8,0.0012925482841423719
debt_13,0.0012695418544987987
success_15,0.0012395029959993483
religion_7,0.0012391130638004482
service_5,0.001176875652305686
nyse_16,0.0011759358340961723
founded_9,0.0011534254966342247
democratic_12,0.0011489682431654288
returns_12,0.0011265378498757305
project_7,0.0010976807258639145
nasdaq_2,0.001078838754345536
legal_3,0.0010780095297676707
voters_13,0.0010779789282352843
food_7,0.0010711396303737788
nyse_11,0.0010637058263914664
massachusetts_18,0.001046310309558535
voters_10,0.001042306652270582
blacklist_16,0.0010324478724985859
president_13,0.0010290688753460705
massachusetts_4,0.0010273300190970758
fun_12,0.0010262015087247145
representatives_11,0.0010120414456918304
community_12,0.0009766533757266586
debt_15,0.0009758883934470255
million_2,0.0009635300920301014
law_16,0.0009510545178344755
voters_16,0.0009496822384487933
buy_20,0.0009439085350089906
votes_17,0.0009112566099347681
marriage_11,0.000911255295360183
house_8,0.000907100129678754
travel_20,0.0009001968291960308
political_1,0.0008841763768963042
fine_5,0.0008816683074375227
society_1,0.0008813282032361573
holiday_8,0.0008725093636649274
returns_11,0.0008699116910953604
carolina_6,0.000866036792055561
votes_15,0.0008590574284740647
wisconsin_4,0.0008581791632989277
rights_20,0.0008573006748735793
hedge_5,0.0008367135021469022
home_16,0.0008347557706628996
stock_market_14,0.0008311497255959362
pennsylvania_12,0.0008269387324050864
invest_18,0.0008232259396638322
world_4,0.0008202450660019374
votes_4,0.0008143523621275742
credit_3,0.0008108514822470562
labor_8,0.0008023602065571061
nyse_1,0.0007999178003717909
voters_14,0.0007981672613106392
investment_17,0.0007961713499333768
religion_12,0.0007956432869299157
security_7,0.0007892678077624452
technology_8,0.0007877716552191092
bank_19,0.0007848563936785451
kentucky_13,0.0007845938117195954
pennsylvania_15,0.0007843628413606225
sell_20,0.0007793084283440304
hedge_2,0.0007767606184045878
elected_12,0.0007730687225319476
virginia_14,0.0007712414889551645
republican_3,0.0007547342508180998
chance_20,0.0007546812401714718
house_12,0.0007526524607196636
college_19,0.0007501881808874165
politics_20,0.0007488975845436127
ceo_6,0.0007454976466068295
ltd_1,0.0007450596395235754
cash_17,0.0007449924639998478
garden_17,0.0007448326593396936
democratic_18,0.0007422849405456895
union_17,0.0007421576526673188
elections_6,0.0007392110320748704
car_12,0.0007359503039650092
county_15,0.0007326334835869258
credit_17,0.000732515409041688
president_2,0.0007304894819819602
nyse_18,0.0007300094852740866
rights_10,0.0007285021675141691
missouri_10,0.0007194832128656862
justice_11,0.0007165023348710258
housing_12,0.0007147767730196338
republican_8,0.0007128760453208054
committee_16,0.0007110324207246255
council_4,0.0007108925062201377
ceo_15,0.0007107848793110423
metals_9,0.0007098149974970189
loss_14,0.0007085672832788388
georgia_1,0.0007063197668480569
government_10,0.0007059653985990053
house_5,0.0007053660717409416
democratic_14,0.0007047007131179548
conflict_11,0.0007042004765205838
house_1,0.0006990869120976952
seats_3,0.0006979344794446648
gains_2,0.0006956709574916149
pennsylvania_6,0.0006939232361743759
loss_7,0.0006934037424543084
party_4,0.0006923737110564885
political_6,0.0006892413630004123
president_6,0.0006890138690854122
stats_6,0.0006858592602941517
elections_17,0.0006844595313509581
world_19,0.0006829914607146368
money_19,0.0006809395197588881
york_17,0.0006793057364787177
election_14,0.0006792838465191279
market_6,0.0006760087004619124
buy_3,0.0006752403110478925
law_8,0.0006727885940246322
freedom_1,0.0006720440284780739
services_4,0.000670334335498905
profit_18,0.0006686508042581225
votes_2,0.0006672124239592794
votes_3,0.0006671155940676149
political_13,0.0006665823233173394
kentucky_7,0.0006662836920628129
federal_16,0.0006660200277976468
massachusetts_11,0.0006655226347314777
war_5,0.0006625279841496327
elections_12,0.0006604460031707361
ring_10,0.0006577594909852844
banking_15,0.0006570473117893124
voters_15,0.0006557294892773759
gains_19,0.0006555487950954335
inc_5,0.0006524177914253137
texas_18,0.0006522591033395177
economy_14,0.0006510312332566801
political_10,0.0006508606000052359
democratic_15,0.0006503984411005512
food_9,0.0006503426905606646
crash_8,0.0006491123444494327
credit_8,0.0006463188670183781
york_16,0.0006456375262513608
return_6,0.000645593807942045
credit_9,0.0006453177030596825
democratic_8,0.0006424370691694702
ltd_11,0.0006402684587339412
founded_19,0.0006374939992999059
carolina_20,0.0006362745902393187
missouri_2,0.0006343168397294406
elections_14,0.0006331964358233102
marriage_5,0.0006328096650627008
buy_11,0.0006319139980358229
religion_4,0.0006300182185225602
movie_10,0.0006299209131658872
government_15,0.0006298177019872251
stocks_12,0.0006288085843356008
crash_14,0.0006284735566655903
present_11,0.0006283884781398261
conflict_10,0.0006268341527980113
william_15,0.0006252940777199172
culture_7,0.0006250649624623887
inc_6,0.000624574836108347
society_20,0.0006245598105634301
elected_17,0.0006241165291895639
crisis_12,0.0006236271487260496
act_9,0.0006199092960261856
dow_jones_1,0.0006167851793448379
travel_6,0.0006167718325602141
sell_7,0.0006165797862218018
secretary_3,0.0006156304791398338
dow_jones_12,0.0006147001144960765
religion_17,0.0006141885213699445
law_12,0.0006141629819552462
election_17,0.0006135415069823902
world_11,0.0006120765786729991
blacklist_13,0.0006117968186264161
fed_3,0.0006117263634261332
rights_19,0.0006115196531405071
party_18,0.0006111417506420041
office_7,0.0006103472442961454
water_5,0.0006099352274902087
oil_15,0.0006096392444995834
wisconsin_15,0.0006081404853615669
police_11,0.0006081371869823824
happy_7,0.0006076337029286092
republican_20,0.000607255435093206
revenue_10,0.0006060240113783191
virginia_13,0.0006038408404585025
car_2,0.0006028026889059085
federal_5,0.0006018019949486322
community_15,0.0006010828802352952
DOW_JONES_14,0.0005987953099413887
bank_14,0.0005985375825121366
culture_6,0.0005973168839172356
marriage_12,0.0005959782276342655
conflict_1,0.0005957327235723268
car_9,0.0005953966396031765
media_16,0.0005942341779283694
gains_3,0.000593105328389063
stock_market_3,0.0005923305047127792
train_6,0.0005903227984162036
opportunity_20,0.0005899970781014475
party_15,0.0005897347115984058
returns_7,0.0005890181152259633
corporation_7,0.0005885497290599173
president_14,0.0005880481116001646
house_10,0.0005874966445091965
credit_10,0.0005871746223961386
garden_3,0.00058577866365485
dow_jones_2,0.0005856400482548026
federal_17,0.0005842491273889105
movie_12,0.0005836113812370753
party_3,0.0005826241710268879
office_12,0.0005788544985333836
county_13,0.0005780384526823386
garden_6,0.0005779769547530559
world_16,0.0005775901747181167
industry_18,0.0005775252482858201
return_8,0.0005764165608088547
police_10,0.0005760942278985869
missouri_9,0.0005757062537347869
politics_14,0.0005752184985992576
restaurant_17,0.0005740256881030275
economic_11,0.0005740020593361974
members_4,0.0005732406937891603
rights_1,0.0005719188140500219
dividend_14,0.0005718994351116784
bubble_19,0.0005714488114774332
movie_14,0.0005709835770369764
crash_1,0.0005708946494172264
industry_9,0.0005700972632490599
economic_17,0.0005694112457731333
elections_16,0.000568551351403522
gains_11,0.0005683789547688609
industry_14,0.0005681215248562119
present_17,0.0005672888891065491
culture_10,0.000566873722600717
elections_1,0.000566568966654383
texas_16,0.0005647956280268521
credit_5,0.0005643889627509747
election_18,0.0005639826462672039
earnings_19,0.000563232620108653
tennessee_16,0.0005631866507838807
opportunity_13,0.0005627639216180927
fed_17,0.0005624555347106356
world_2,0.0005624499718433119
war_16,0.000561647174158581
democratic_3,0.0005610690748833533
corporation_1,0.0005609296079790878
crisis_18,0.0005608969957235665
home_5,0.000559135804695903
business_2,0.0005587437063977997
earnings_6,0.0005582836247874052
labor_3,0.0005565762005388272
inc_20,0.0005558361610020258
carolina_9,0.0005552487079391892
health_17,0.0005525208271841007
market_12,0.0005518962412309662
housing_19,0.0005507582130169326
fine_19,0.0005505346363570665
rich_10,0.0005498848848228445
conflict_17,0.0005498241059820918
marriage_6,0.0005494226664597154
inc_3,0.0005489293701542922
house_19,0.0005487860982681579
returns_14,0.0005475302691179782
act_5,0.0005460527567426327
virginia_3,0.0005458893300136133
markets_17,0.0005457772818500228
returns_8,0.0005442598995844761
opportunity_17,0.0005436039459315339
business_13,0.0005431614381177733
college_9,0.000540934513296536
conflict_13,0.0005408676019589496
house_2,0.0005403507616907239
train_1,0.0005401809958136597
texas_2,0.0005398660232576065
massachusetts_20,0.0005397259890094384
inc_13,0.0005394787920338593
dow_jones_15,0.0005393837779138452
labor_13,0.0005380234010270441
health_19,0.0005379795844142099
office_1,0.0005379401189966615
happy_11,0.0005372247003272038
health_12,0.0005369896770396229
federal_6,0.0005368113457997586
world_1,0.000536561152585806
environment_19,0.0005362675981966559
justice_5,0.0005357745884141106
carolina_16,0.0005353642612514494
world_14,0.0005353600219429679
opportunity_10,0.0005353218231865892
buy_15,0.0005352933205306883
republican_4,0.0005351820460260644
pennsylvania_1,0.0005350151957681789
senate_4,0.0005343844897356839
garden_13,0.0005343368773571437
massachusetts_10,0.0005340244478641994
chance_19,0.0005335099788015168
energy_13,0.00053349062762508
society_11,0.0005330765176028534
district_14,0.0005315371008635996
justice_16,0.0005310161880211149
war_11,0.0005309395309765385
law_6,0.0005307829154698133
media_11,0.0005304817691075679
hedge_1,0.0005303537360666696
industry_1,0.0005296872315146587
markets_3,0.0005286244794468411
color_8,0.0005284568061049415
ltd_4,0.0005283703133092897
home_17,0.0005277931961937194
carolina_12,0.0005275327180496531
restaurant_14,0.0005273942530992258
election_19,0.0005269375591048884
color_13,0.0005268514435404039
opportunity_4,0.000526514613968418
elections_13,0.0005262457652551566
buy_10,0.0005259366670617114
bank_11,0.0005251986345549823
democratic_1,0.0005242873150840331
invest_13,0.000522796733945276
credit_4,0.0005226802499943645
holiday_4,0.0005221961993006289
stats_3,0.0005211957908340219
party_12,0.0005204846563962793
health_4,0.0005197763605029035
justice_2,0.0005191637634749346
governor_1,0.0005186414623281831
returns_17,0.0005185297013486091
economic_2,0.0005180292346709391
community_20,0.0005179180534248122
markets_15,0.0005178287048088763
returns_19,0.0005176220339637531
politics_18,0.0005175383132631908
county_12,0.0005170462704813201
house_13,0.0005169762976413722
wisconsin_1,0.0005168419654986337
tennessee_13,0.0005160414696310622
political_4,0.0005158545090180454
bonds_12,0.0005149820464272509
votes_1,0.0005144789642932132
georgia_3,0.0005134700063628326
water_12,0.0005130239580603682
risk_4,0.0005129215587739395
political_19,0.0005125052966471676
food_3,0.000512411995150292
rights_15,0.0005122695452801773
county_4,0.0005119558383664092
illinois_11,0.0005117681165183213
loss_10,0.0005114520762510227
fine_11,0.0005110360360193385
products_13,0.0005109326359117744
housing_6,0.0005107695137879212
republican_15,0.0005106974663527338
virginia_2,0.0005104718425031515
court_18,0.000510390936690767
oil_13,0.0005102787512394055
rich_18,0.0005084353397955839
corporation_17,0.0005084242592343685
republican_11,0.0005082250283101009
bank_17,0.0005079481371255004
services_19,0.0005068834942293466
social_12,0.0005066414886445907
democratic_16,0.0005065993999152746
crash_15,0.0005060493698389899
unemployment_12,0.0005052079966431939
cancer_3,0.0005045363447009365
health_7,0.0005036541509725755
york_14,0.0005036183888080687
bonds_1,0.0005013021497054515
york_8,0.0005003766847739994
bonds_17,0.0005001061724075118
war_9,0.0004999231452201634
return_20,0.0004993394972593624
georgia_16,0.0004980074818514835
health_18,0.0004977320800784489
economic_14,0.0004976833684224482
votes_11,0.0004970616090059253
representatives_16,0.0004970265153735527
business_18,0.0004969261039143291
texas_4,0.0004967818643218721
nyse_17,0.0004957601416978715
global_15,0.0004951900312147344
happy_18,0.0004950315203446607
bubble_8,0.0004938493168232085
conflict_15,0.0004927127063962897
environment_7,0.0004926509436274368
texas_10,0.0004926161293116166
products_14,0.0004924050204675517
war_4,0.0004916827424591373
law_4,0.0004913615243740785
rights_12,0.0004910508390037974
fine_6,0.0004909997908941189
loss_18,0.0004908404033669725
missouri_4,0.0004905797810833767
carolina_19,0.0004904581006876632
trader_4,0.0004904292493205845
stock_market_18,0.0004896186042828056
president_20,0.0004893826535942192
corporation_18,0.0004893162555306829
color_12,0.0004889271359745607
opportunity_15,0.0004881791289569266
house_17,0.00048801739747676785
management_12,0.00048784221862345636
cash_5,0.0004878038606439986
global_19,0.00048701342498010786
police_7,0.00048590611050760435
inc_16,0.0004858712355876026
case_7,0.00048583921968140675
members_20,0.00048577913776283455
democratic_11,0.00048547308183280674
york_18,0.00048515315285075104
companies_5,0.0004848716247314262
million_19,0.0004847532524562552
president_10,0.0004847208826692061
community_3,0.0004845337049721043
world_18,0.0004844389527532764
county_11,0.00048407521701705395
default_5,0.0004837778855614027
water_18,0.0004837487915055934
project_15,0.00048306752748945197
georgia_18,0.00048232108653887976
county_6,0.0004820399614172956
politics_12,0.00048195324032391216
companies_18,0.0004816279296799433
conflict_14,0.00048132296282157286
illinois_5,0.0004812573942678856
judge_8,0.00048124872078005444
cancer_13,0.00048106858224160543
market_20,0.0004808069311380896
bank_18,0.00048027006189851223
dividend_12,0.0004801909075848568
union_1,0.00047919215941004894
rights_2,0.00047903271346672976
bonds_9,0.00047855757677078365
health_1,0.00047849809982006535
seats_8,0.0004784531567432298
global_8,0.000478340219678635
president_11,0.00047829695945363017
case_18,0.00047776257575357563
marketing_14,0.0004772901336994008
health_16,0.00047639083184638836
opportunity_6,0.000476328217962407
bank_8,0.0004757456240006898
rich_16,0.0004755428902164502
loss_19,0.0004748090902888849
fed_11,0.00047458433909721115
illinois_4,0.0004745652612826587
world_7,0.000474237904345812
restaurant_7,0.0004742191457733613
president_1,0.000474124641146533
management_1,0.0004740449378782348
federal_13,0.0004737594136247885
republican_6,0.00047351637290337
democratic_19,0.00047323721819307553
fed_4,0.0004730192501148872
government_1,0.00047294534547748706
culture_2,0.0004724609038019769
sell_1,0.0004724004063794157
union_18,0.00047129709231452183
fun_13,0.0004712147778722668
bank_20,0.00046983917756092565
wisconsin_13,0.000469626758327062
texas_15,0.00046744553404947167
DOW_JONES_3,0.0004670448100667117
garden_1,0.00046630729005300376
texas_17,0.00046630489370047984
markets_8,0.0004659144194808426
risk_1,0.0004658251684657895
services_20,0.0004656444174995751
law_14,0.000465212168290175
world_6,0.00046510500907517995
secretary_19,0.00046502243011876124
chance_1,0.00046502000601891276
william_1,0.0004644835985132204
credit_6,0.0004644482763031793
committee_9,0.0004642668125824088
money_3,0.00046418583723191703
case_5,0.00046397843301223716
banking_12,0.0004638066164468137
world_8,0.00046370340541106734
vermont_4,0.00046368284023690743
elections_11,0.0004635074297407207
money_17,0.00046349534107185324
dow_jones_7,0.0004633878699258871
home_15,0.0004633308272224643
cancer_16,0.00046312733653536145
york_11,0.0004631038963816643
social_4,0.000462575856713982
growth_10,0.0004624114687955328
council_15,0.00046211834474812433
credit_11,0.0004620689302669557
housing_5,0.00046193368197466135
court_4,0.0004618873473151137
representatives_17,0.0004610323772746785
vermont_15,0.0004598840262632518
companies_17,0.0004597014452878989
car_17,0.00045957853238937123
massachusetts_15,0.00045865728528982194
rich_8,0.0004585009899640318
business_11,0.0004584645828725699
council_18,0.00045838143182110877
movie_8,0.00045768654139703203
global_13,0.00045765046511102964
georgia_17,0.00045763619652812253
party_5,0.00045702207686090134
college_8,0.0004568908826872902
blacklist_12,0.0004568833180959723
court_9,0.00045639700634632206
politics_3,0.00045636348373687976
chance_14,0.0004563452787120477
house_18,0.0004553059763858094
security_4,0.000455104736169592
kentucky_18,0.0004550554406389049
nasdaq_5,0.0004548659393104254
finance_1,0.0004548570609367562
happy_6,0.00045479505694527014
revenue_17,0.000454784734076769
york_4,0.00045458865475531037
republican_9,0.00045457784812022564
conflict_4,0.00045454201497572536
court_5,0.0004543489639430655
missouri_14,0.0004543438094880625
oil_7,0.0004541515462289686
rich_2,0.00045373061510066794
happy_17,0.00045337479612403626
party_17,0.00045302679293116683
travel_17,0.00045258821365077277
restaurant_9,0.00045234392420488907
financial_4,0.0004521702889468152
committee_20,0.00045209845754527706
management_18,0.0004519527039265265
buy_13,0.00045110611153619787
government_19,0.0004510847692885914
oil_20,0.0004507830668896971
project_6,0.00045068836345292165
movie_4,0.0004506772158382313
fine_4,0.0004505930209872217
fine_8,0.0004505665866077084
social_1,0.00045010417967855085
health_11,0.0004497254091462699
case_1,0.0004497226202142351
energy_9,0.0004496069445349308
police_15,0.0004494775985693627
unemployment_17,0.000449335420639466
technology_16,0.00044933175656295597
home_1,0.00044922807511507375
bank_1,0.00044911274827077487
companies_11,0.00044909049530657486
fed_6,0.000448611598548635
million_6,0.00044856803318983266
elected_13,0.00044852816006312124
bonds_19,0.0004479976848628584
oil_10,0.000447658773579497
law_1,0.00044759024264178095
markets_2,0.0004471156129581988
business_3,0.00044700260943601706
marketing_17,0.00044658064011345033
democratic_2,0.00044648384346047487
religion_8,0.00044637138861843776
rights_16,0.0004463564124133392
wisconsin_9,0.00044614997927097124
arts_19,0.00044608923278376946
holiday_12,0.0004458851312331242
services_6,0.00044583417994032104
markets_12,0.0004458314056555055
technology_6,0.0004456442449726545
governor_12,0.0004454906421334295
house_6,0.0004450675043830086
business_5,0.0004450231904775584
office_9,0.00044455875168992803
massachusetts_6,0.00044454817038472414
york_13,0.00044425323125686465
products_11,0.000443561507660349
health_8,0.00044337806466916853
home_7,0.000443343341159649
services_18,0.0004433222438052963
management_20,0.0004432328826958306
health_6,0.00044312203275294034
happy_10,0.0004426088027393382
marriage_8,0.00044253207332870323
products_4,0.00044232368796888526
secretary_17,0.0004422287303555197
office_4,0.00044197816658382675
ohio_18,0.00044173118989641896
culture_12,0.00044145017773004804
corporation_12,0.0004411231683102343
development_11,0.00044110172455545806
profit_14,0.00044063833056709104
color_15,0.0004406115959062174
office_17,0.0004405813713200878
services_16,0.0004404178295485114
party_9,0.0004400674393291145
arts_15,0.00044004721022443324
rich_3,0.0004399849184304491
judge_15,0.00043997197346097995
freedom_7,0.0004398384158073517
house_15,0.00043975117271320815
movement_18,0.00043967591563141763
holiday_11,0.000439565046689208
gain_19,0.0004394987887451982
stocks_1,0.0004388407543218406
republican_2,0.00043842938857934475
governor_8,0.00043794757749204317
union_15,0.0004378642719412192
development_17,0.0004374005854580799
holiday_9,0.0004372409481495148
train_9,0.0004372090624706514
home_14,0.0004370868539763051
train_19,0.00043691095875584044
cash_9,0.0004362271548555109
election_10,0.00043567240152765196
election_3,0.0004353728032515635
restaurant_1,0.00043498547222286306
votes_14,0.00043483917971828123
freedom_11,0.00043476444856638524
world_13,0.00043460693400423006
rich_19,0.00043437691077698474
growth_17,0.0004342412630831024
dow_jones_17,0.00043384388385718487
war_14,0.00043366093609421044
buy_7,0.00043363098964154233
environment_9,0.00043351208383227906
security_16,0.0004332650765996385
election_20,0.000432929224618778
community_14,0.00043265669876383186
home_3,0.00043230215490246767
votes_18,0.00043174504775823517
society_16,0.000431418363167592
ohio_2,0.0004307673197990906
chance_6,0.00043069976482668483
stock_market_4,0.00043067309413894107
environment_14,0.0004303531602266755
security_10,0.00043035125949629705
markets_11,0.0004302816862846699
car_5,0.00042988648577192603
washington_18,0.0004298760994404226
bank_15,0.00042929462906855494
services_5,0.00042913639886537334
stocks_5,0.00042895649376888383
tennessee_15,0.00042885323983926323
firm_18,0.0004288501217457203
federal_20,0.00042878738737633286
ohio_10,0.0004286431328052807
county_5,0.00042851731878342257
credit_14,0.00042841058478513904
chance_15,0.0004283960305876403
election_12,0.0004281632836697572
carolina_14,0.00042778562395227664
garden_5,0.00042760146136519236
debt_5,0.00042743636756774735
oil_4,0.0004273948959248614
case_16,0.00042722018149315044
companies_12,0.0004271752958356052
society_15,0.00042697766605114614
crash_5,0.00042641911391855453
dow_jones_6,0.00042641210572858326
illinois_16,0.0004263608212796045
security_6,0.0004256320141092878
hedge_8,0.00042529175462064446
happy_9,0.0004251027162705366
technology_13,0.00042481673342479025
ring_13,0.0004246175673647015
massachusetts_8,0.00042425676918083456
return_4,0.0004238939054645434
county_17,0.000423840153355258
ohio_1,0.00042382336174459677
crash_7,0.00042377748577521006
gold_18,0.00042343060352649313
freedom_2,0.00042342373053256226
security_20,0.00042320439170505847
secretary_6,0.0004229667423427275
global_20,0.0004223869615538181
texas_13,0.00042184451934595664
oil_3,0.00042177135292296747
profit_20,0.00042163046716612587
revenue_18,0.0004215805449879655
texas_11,0.0004214938384404785
democratic_17,0.00042100270258836365
politics_19,0.00042040206976822023
health_9,0.00042030334973527526
york_6,0.00042014695552023573
marketing_10,0.00042013362532362296
water_8,0.00042000167986370985
markets_5,0.00041978521490081236
services_1,0.00041910787236868103
members_11,0.00041822206924780806
gains_6,0.0004182154061457456
blacklist_10,0.00041813130043591543
financial_8,0.00041801288800642994
market_5,0.0004180084275688557
energy_11,0.00041789419999390065
georgia_19,0.00041779851067649267
development_15,0.0004176204427897075
office_15,0.00041755553197994356
business_16,0.0004173347203083413
texas_1,0.0004172072740951169
growth_8,0.0004170293919936219
inc_15,0.0004169743787898546
bonds_13,0.00041673398525184606
religion_2,0.0004166248428315056
energy_12,0.0004165031790211586
service_14,0.00041634543481542996
ring_6,0.0004162017031252716
management_16,0.0004160206468936233
judge_20,0.0004158777789772278
energy_16,0.00041528943703744026
happy_2,0.0004151079495739311
council_20,0.0004150100433585087
movie_11,0.0004149601432373004
sell_17,0.00041483870488054483
office_19,0.0004142528767134903
politics_5,0.0004137723207544278
act_8,0.00041368772138976963
oil_12,0.0004134742744666821
profit_12,0.00041339695894209246
holiday_20,0.0004130853564217347
money_2,0.00041262212077747637
color_9,0.0004126056781826599
color_20,0.00041257329114007045
members_16,0.00041252246678489775
court_20,0.0004118808966868419
president_15,0.00041180617814528506
council_13,0.0004113102686780638
virginia_15,0.00041115997489680974
buy_2,0.00041101615261057917
money_7,0.0004110124818322002
washington_14,0.0004110013494159108
energy_20,0.0004109561229480216
development_12,0.00041055656797623025
unemployment_18,0.000410446075667497
DOW_JONES_18,0.00041030368307870747
markets_14,0.00041016852279180516
senate_2,0.0004101387303434912
president_9,0.00041012472346131255
food_16,0.00041006467381758677
governor_20,0.0004097304456133084
election_15,0.0004093496687834612
happy_3,0.0004092547650573419
oil_5,0.0004090504797489442
inc_9,0.0004090438985118003
media_14,0.0004090040576420817
house_11,0.00040856230834518365
william_5,0.00040832102378535114
culture_11,0.00040800033722640874
court_8,0.00040794048992640064
case_15,0.00040733888703926245
firm_19,0.0004067902608776636
police_17,0.0004067177510306595
restaurant_11,0.00040665443580057233
cancer_5,0.0004065341364042982
georgia_9,0.0004065340727811574
success_8,0.0004059714575055217
virginia_17,0.00040591218250288506
world_9,0.0004054769696636712
members_1,0.00040532703964871837
legal_4,0.0004053132007717305
founded_15,0.00040526998374206213
georgia_11,0.0004049537244958048
sell_4,0.00040483637763974467
william_14,0.0004047095287696364
car_13,0.0004045271178655875
color_16,0.0004042813732767217
president_3,0.00040420267880780406
william_19,0.0004041204386182712
investment_5,0.0004040270863404684
ceo_18,0.0004038364266781066
ohio_14,0.000403407933487327
credit_2,0.00040331090014685385
food_17,0.00040316837243462413
market_1,0.0004029222606605575
union_14,0.0004021490034528322
happy_13,0.0004015732586758039
companies_2,0.00040131386421659806
members_7,0.00040123749352501527
profit_6,0.0004010593236355461
crash_3,0.0004007298858588089
revenue_7,0.0004006272172663338
happy_19,0.00040006665700049646
union_2,0.0003998902546228192
chance_13,0.00039985325523268816
federal_19,0.00039962495089056454
court_2,0.00039937693612391933
service_19,0.0003993342399361998
business_10,0.00039922576776955547
invest_12,0.00039914255393752075
county_19,0.00039888775312119855
travel_9,0.0003988747969887866
cancer_19,0.00039876324029528064
politics_6,0.0003987152477329283
buy_5,0.00039868558971616205
inc_2,0.00039842953997891174
county_3,0.0003983032394572212
inflation_18,0.00039828530286112497
nasdaq_15,0.00039823915187763974
service_1,0.0003978397555715555
governor_7,0.0003975936235543764
texas_20,0.00039746722684933617
president_12,0.00039722487776723184
fun_17,0.0003970685357162623
conflict_18,0.0003969120556311454
texas_6,0.00039680482343522886
republican_17,0.00039679061256253325
arts_9,0.0003967771382162966
governor_4,0.0003967771218435299
house_16,0.00039675713840097153
portfolio_12,0.0003961164656548361
minister_11,0.0003960288221845273
office_18,0.0003960118815535622
election_1,0.00039595025443492013
democratic_10,0.00039593393484673865
war_1,0.0003958744984700093
stock_market_9,0.000395716777104823
bubble_5,0.00039555939003961993
fun_4,0.0003955256204333599
corporation_10,0.0003954556282200109
law_5,0.0003950871972423603
republican_10,0.0003950375664594646
pennsylvania_13,0.0003949362570298853
credit_18,0.000394726109813515
union_9,0.0003946250639698304
food_10,0.00039447385228807806
ceo_13,0.0003944112216381407
return_12,0.0003942172677228451
water_3,0.0003934826804780447
buy_4,0.0003934626021713077
social_5,0.0003934247250230154
legal_6,0.00039280339738398385
service_20,0.00039268493327235395
democratic_7,0.0003924627611189533
culture_17,0.00039212719047829235
minister_5,0.0003919626536584014
elections_15,0.0003918355773346904
kentucky_5,0.0003916054753459405
crisis_17,0.00039137853211773183
freedom_4,0.00039127996893983046
social_8,0.00039107912443097585
management_19,0.0003908787688650161
loss_16,0.00039087283963965675
hedge_3,0.00039084308948580357
water_6,0.0003908274896486748
representatives_20,0.00039050084613879337
credit_1,0.0003903416153297085
social_3,0.00039023640685920363
votes_13,0.0003899373352116337
republican_5,0.00038971328657098474
service_6,0.0003897053971506932
political_18,0.0003891937299783228
war_13,0.0003891876902868261
security_9,0.00038917948414855227
case_4,0.0003888372909765063
business_15,0.0003886054665400693
housing_13,0.0003885228334098147
money_6,0.0003885209005736051
blacklist_11,0.0003884319234512868
train_7,0.00038836063017066687
stocks_7,0.00038782101198364986
founded_12,0.00038763954337174854
corporation_20,0.00038726571497748295
illinois_13,0.00038687143157570476
york_2,0.0003864536799519168
war_20,0.000386346604597776
ltd_13,0.00038634197361649234
movie_20,0.0003862450661031618
governor_11,0.0003860891426184768
industry_17,0.0003858927178999184
crash_9,0.00038569225513196664
pennsylvania_18,0.0003848461704590522
ceo_8,0.00038465303221451767
politics_7,0.0003845287341425367
housing_20,0.00038424303425766706
rights_11,0.00038409939504284555
media_15,0.0003838902111960015
risk_10,0.0003834648774734827
credit_16,0.00038333315863142627
office_20,0.0003833163176617306
stats_11,0.000383088902917926
ceo_17,0.00038284141732388967
pennsylvania_17,0.0003824151129230264
religion_3,0.00038233614518773276
market_2,0.0003823208639490271
financial_1,0.000382261321622095
portfolio_3,0.0003822441925097063
college_18,0.00038216529962779795
security_11,0.0003816339678581778
return_15,0.00038144157941757116
kentucky_9,0.0003810681755404711
sell_8,0.00038100875209743165
project_3,0.000380949386391643
voters_1,0.000380929616170815
college_11,0.0003809286345101763
movie_17,0.0003805976277301466
sell_14,0.0003805955448679232
ohio_9,0.0003802586488803993
gains_10,0.00038019093571721744
president_19,0.00037998681917118094
elections_8,0.0003798453589320777
media_3,0.00037956528776084033
sell_16,0.0003794491308054836
home_13,0.00037925227299367135
gain_14,0.0003792456763305282
color_7,0.00037922360092644005
district_19,0.0003791520341736501
war_12,0.0003788578767610509
district_1,0.00037838237731898294
restaurant_18,0.0003783265951822275
oil_17,0.0003783155129930616
world_5,0.00037752043173407276
development_8,0.0003774847211537395
social_14,0.00037743645739740823
health_13,0.0003772469822877231
conflict_6,0.0003772129095693029
missouri_20,0.000377051431900752
kentucky_8,0.0003770325158883404
train_12,0.0003770093336406083
revenue_12,0.0003768622977443416
DOW_JONES_16,0.0003768058496785712
movie_9,0.0003764330607655047
illinois_3,0.00037614227148976274
political_12,0.00037594023190735563
service_11,0.0003759257112436514
finance_3,0.00037584033103491596
industry_12,0.00037583052192759626
garden_19,0.00037560964272579777
federal_10,0.0003755377166539586
act_2,0.0003754304877643472
business_4,0.00037506595884764544
market_14,0.00037498386019352493
social_2,0.00037489490503493265
crash_6,0.00037485930179757224
security_15,0.00037467557378022693
development_14,0.00037462787457735036
gain_17,0.00037456881033234656
tennessee_11,0.0003745617560808789
party_8,0.0003742392364436229
act_15,0.000373947071319548
dow_jones_4,0.00037348901275266363
society_10,0.0003734537365512254
act_10,0.0003732710000215099
police_2,0.0003730354732515472
social_7,0.00037303161701270234
seats_4,0.0003729516149452201
water_14,0.0003728480955431043
garden_15,0.0003727902170639045
kentucky_17,0.0003726246021204017
invest_19,0.00037257367501913744
garden_10,0.0003722347661752455
election_16,0.0003722279854659669
georgia_6,0.00037214738976909463
social_6,0.00037208065844585524
act_4,0.0003717286596227578
garden_12,0.0003715687284038231
police_19,0.00037129653454791745
washington_5,0.00037118829059900216
products_12,0.00037071676973219567
bank_5,0.0003704273735492023
portfolio_20,0.0003698653172191945
stocks_4,0.0003698593342744545
court_11,0.0003698145099489737
fine_15,0.00036976507636566036
risk_19,0.00036969028195468973
virginia_10,0.000369460422761112
texas_5,0.00036937964904435106
kitchen_16,0.0003690759057890765
health_2,0.000369002935113756
kentucky_3,0.0003687590887708835
county_7,0.0003684473505857802
governor_2,0.00036839807072701147
wisconsin_11,0.0003683415027074175
revenue_2,0.0003682877597795419
members_5,0.00036814528364005985
housing_4,0.00036808236222790787
fun_8,0.0003677827260716698
finance_9,0.0003677404198301564
community_13,0.00036739819399465883
trader_14,0.00036696952635726753
service_2,0.00036682985675740487
industry_19,0.0003667810848684074
stocks_17,0.00036656825321973533
fed_5,0.00036647095372171904
services_7,0.0003663834549440888
color_10,0.0003663187698212798
project_16,0.00036625941513798943
election_11,0.00036548262074341027
voters_20,0.0003653660174417965
home_18,0.00036513778886339304
case_11,0.0003650046308489566
social_13,0.00036498938985013034
revenue_6,0.00036494219593278913
companies_19,0.0003647641681614517
ohio_19,0.0003646383337867413
senate_6,0.0003644318854807261
ohio_16,0.00036436348157868674
chance_4,0.00036403713282254295
service_3,0.00036403215300640515
returns_20,0.0003639035484207309
representatives_7,0.00036356877780257483
happy_15,0.00036355307256438453
college_16,0.0003635182204882663
college_2,0.0003632750658163843
cancer_20,0.00036312344828663576
bank_6,0.0003631137885042861
college_6,0.0003630042517183533
ring_15,0.000362759721189359
federal_4,0.0003624072999503553
corporation_14,0.0003622063620305228
virginia_6,0.000362206126136088
travel_4,0.0003621472026361555
fine_18,0.0003617456835403236
ceo_12,0.0003615918399624864
government_18,0.00036153672529404523
hedge_14,0.00036146719011644204
development_4,0.00036133959488851775
service_4,0.00036128886109393365
district_10,0.0003612583484038143
return_9,0.00036082661348605516
water_1,0.0003607340666142433
government_16,0.0003604819537383406
rights_5,0.00036044912362534004
management_10,0.0003600767789771746
act_18,0.0003599764356736808
ohio_13,0.000359688586279859
secretary_5,0.0003596655737286022
color_11,0.0003591459712809542
kentucky_10,0.00035897799309338
case_3,0.0003589751079280166
county_8,0.00035890183051995116
metals_17,0.0003586504203157738
council_17,0.0003585438482194798
washington_9,0.00035842062989172827
crash_13,0.0003582881320007126
carolina_1,0.00035803997147466996
chance_16,0.00035780629302229123
industry_8,0.0003577671968499007
ring_7,0.0003575609675921474
virginia_20,0.0003575481997008404
industry_10,0.0003574658187166225
restaurant_2,0.00035728821373181066
unemployment_15,0.0003570555378062496
carolina_5,0.00035698603120188716
security_8,0.00035680655984895906
committee_18,0.00035680443050439587
carolina_2,0.00035652290204299625
law_15,0.0003564497818199628
governor_17,0.00035644271140156835
car_16,0.0003562791841944667
oil_11,0.00035622812796967126
risk_18,0.00035618672199549224
court_1,0.00035605972782204464
project_2,0.0003559439976600571
home_2,0.0003559116247124173
community_18,0.00035577885121703404
labor_18,0.00035532312849864553
political_8,0.0003553015966897145
fun_7,0.00035524156650998525
return_2,0.0003539739105856332
water_20,0.00035395591616141917
unemployment_3,0.00035377219287574546
debt_10,0.0003536251043300327
garden_7,0.00035348876192933966
food_15,0.0003534222201179297
district_9,0.000353415701225041
ring_18,0.0003534100812512079
crisis_7,0.00035335614310390317
union_8,0.0003533545513941012
environment_16,0.0003533288657254062
health_5,0.00035281766119950157
cancer_6,0.0003525844440431099
car_8,0.00035247226017666737
war_10,0.0003522744456702866
economic_9,0.0003522076106074473
federal_11,0.00035215976832387767
ltd_8,0.00035205688463155237
county_16,0.00035186714653154163
missouri_17,0.0003515818434556312
sell_9,0.00035154885188971304
tennessee_19,0.00035146687108464624
services_17,0.00035135631082883916
DOW_JONES_17,0.00035129861246971193
community_11,0.0003511194267324573
elected_4,0.0003509408927091131
ohio_5,0.0003508287007065783
project_19,0.0003507056255002806
society_12,0.00035070499722759355
train_2,0.0003505013406093873
management_14,0.00035031824088126065
rich_14,0.0003502179298866108
nyse_12,0.0003501010002456614
missouri_12,0.00035007003368228793
arts_3,0.000349881422187571
act_3,0.00034988085171466684
revenue_11,0.00034972610398305884
money_4,0.00034967965481298604
economy_13,0.00034966411476033233
management_5,0.00034922974367774834
representatives_13,0.00034913026794215724
hedge_11,0.000349089223890001
georgia_12,0.00034907086943391683
kentucky_6,0.00034904902260906104
council_14,0.0003490120960650538
management_2,0.0003489796678177197
portfolio_16,0.00034890757076252136
georgia_5,0.00034879228965742636
banking_11,0.00034858628771828356
present_2,0.000348438849722344
inc_17,0.0003483191930347883
president_16,0.00034785496575875593
william_10,0.0003475994016224167
york_9,0.00034751279169313695
trader_1,0.0003470152381024988
restaurant_20,0.0003469282238554688
marketing_5,0.00034683126721554735
cancer_10,0.00034681544787234906
marketing_7,0.00034671593117912
legal_18,0.0003466038601093144
health_15,0.00034656810686049344
county_2,0.0003464886977330986
bank_2,0.0003462054821558292
social_18,0.00034619419187296595
district_20,0.00034592222209029
war_7,0.0003454811821575814
representatives_6,0.00034534294911336006
democratic_13,0.0003451388179115749
party_10,0.00034504852860232763
gold_11,0.00034497294010572713
economics_5,0.0003449610968447662
kitchen_1,0.0003448745788363953
world_3,0.0003448190413466804
market_7,0.0003447245943623968
committee_19,0.0003443039846962595
restaurant_16,0.0003442923695558965
car_14,0.0003442718346925354
movement_10,0.00034398825361555086
case_10,0.00034388046968293785
georgia_2,0.0003429848285984037
color_19,0.00034294794054196855
rich_6,0.00034290039601160625
management_17,0.0003428085843149354
health_3,0.00034249468448973566
secretary_7,0.0003424529559480126
society_7,0.0003424226445788453
conflict_20,0.0003422761824533299
buy_1,0.0003422200247005867
york_20,0.0003416615775648301
seats_2,0.00034136783594278654
management_15,0.0003411823111987385
markets_10,0.000341097067699214
political_15,0.0003409374306809833
food_6,0.0003409274276382216
metals_16,0.0003407964771047327
stock_market_5,0.0003406711363951414
war_2,0.00034047902605430203
present_8,0.0003404189807807241
corporation_15,0.00034030494444204
success_10,0.00034024039171415813
color_14,0.00034019679988309375
happy_14,0.00034000821051678514
rich_12,0.0003399784185673443
debt_11,0.0003398939772055341
freedom_12,0.00033909257567218677
senate_9,0.000338776199376554
home_4,0.0003384478929290691
union_12,0.00033842018158853254
texas_19,0.0003383776693576253
finance_8,0.0003381949627930815
movie_6,0.00033808815483198274
court_3,0.0003380389306536475
million_11,0.0003380367406766875
kitchen_17,0.00033719733105838114
democratic_5,0.000337179172216768
ohio_20,0.0003370370108559275
government_4,0.0003369350782164215
freedom_15,0.00033655373585709245
carolina_18,0.00033610185679763214
credit_7,0.0003360471003618272
bank_12,0.0003359513550477125
marketing_9,0.00033587625111552587
environment_6,0.0003358672729168166
loss_1,0.0003358070025218498
money_14,0.00033574844387849985
holiday_17,0.00033567992485400433
college_1,0.0003354102652398176
gold_3,0.0003353731669107547
travel_5,0.00033533805787850745
wisconsin_20,0.0003352834451861743
food_18,0.0003352195668133677
water_4,0.00033484248323531436
global_1,0.00033481103997963247
home_9,0.00033463667130684
party_7,0.0003346173450554151
case_14,0.0003346021084428351
happy_16,0.00033451628437206705
committee_11,0.00033419295689355807
community_10,0.0003340773769820318
money_12,0.00033383466155678025
culture_16,0.0003338134096782889
media_20,0.00033378643855113153
development_20,0.0003337349085451946
cancer_2,0.00033354875403453395
community_8,0.00033343414954518897
travel_15,0.00033341568889257747
stock_market_12,0.0003333452849170133
william_11,0.00033333616441700296
economics_3,0.00033303914110630273
energy_19,0.0003328740976055439
loss_12,0.0003328237629121836
party_2,0.0003327986803754252
kentucky_16,0.00033275813949802083
ltd_20,0.00033273941395367643
election_5,0.00033264078426796604
washington_2,0.00033261908331701435
companies_15,0.0003325793578484329
representatives_4,0.00033257210040621047
service_18,0.0003319936377747254
money_13,0.00033192683619376204
republican_18,0.00033189700915592596
unemployment_1,0.0003318503661840008
cash_1,0.0003314907936242921
police_18,0.0003314161869646156
massachusetts_1,0.00033126224716648127
firm_16,0.0003310843131885948
buy_17,0.0003308761852769799
money_8,0.00033054537847328934
culture_13,0.00033053484603699464
judge_4,0.0003302128799307656
law_9,0.0003301880428898274
war_17,0.0003300868800218887
religion_10,0.00033004605775549973
stats_14,0.0003299023034837304
bank_7,0.00032989890293408364
ring_5,0.0003298268876170339
train_3,0.00032901591982155464
house_9,0.0003289841121868625
credit_19,0.00032894656721686776
media_12,0.0003288702192401936
judge_10,0.00032882430222507615
senate_18,0.0003288052452531295
media_2,0.00032859856597968444
trader_8,0.0003283905147636747
earnings_8,0.0003282608818857769
firm_17,0.00032802101877949414
marriage_17,0.0003276056279110201
council_5,0.00032735318010684703
food_12,0.0003272072180772455
wisconsin_17,0.00032714807235855543
crisis_1,0.0003271156318013824
finance_14,0.00032706912632748323
restaurant_4,0.00032706521592665885
firm_3,0.0003269334797618994
ohio_6,0.0003268413911532966
marriage_2,0.00032681676683655065
unemployment_4,0.00032674964350474616
movement_4,0.00032670541608866254
housing_2,0.0003266740765960339
government_2,0.00032626715107054993
banking_7,0.0003260331435239338
government_3,0.00032577021880469715
ltd_9,0.00032561056254177737
million_10,0.00032547478312399655
police_6,0.0003252305763353775
rights_4,0.0003252289492285133
metals_7,0.000325142731012251
district_7,0.00032506281845114327
investment_13,0.00032483163074566976
opportunity_9,0.0003248195472189399
cancer_17,0.00032475326711334023
corporation_3,0.00032456649692206316
management_7,0.0003241752864793017
blacklist_9,0.00032406468618005645
finance_18,0.00032380152557262966
court_15,0.0003237105024814254
carolina_7,0.0003232910314838685
virginia_19,0.0003231009352915904
project_14,0.0003230972008520855
finance_4,0.0003227753625182638
food_2,0.00032274539152695765
votes_20,0.0003224257784813216
car_1,0.0003223496052710159
kitchen_20,0.0003222429308206273
fed_16,0.00032224096541567693
corporation_13,0.00032214965574537725
unemployment_10,0.00032209260690099214
security_1,0.0003220269751668796
inc_7,0.0003220238594931205
technology_17,0.00032181016898849806
district_12,0.0003217038302353322
elections_10,0.0003216710867269307
senate_13,0.00032161376582128497
founded_16,0.00032158328278986684
bank_9,0.0003211230601271211
dividend_8,0.00032068203295582717
labor_11,0.00032065893576677866
washington_15,0.0003205481940960132
rights_8,0.00032015103269391416
district_17,0.00032008488792152173
ring_17,0.0003199006561169262
conflict_16,0.0003197940786727971
food_19,0.0003197845333300762
court_17,0.00031976806813957103
college_17,0.0003197458720626704
county_9,0.0003194020035308716
energy_1,0.00031937324997518293
fine_17,0.00031918040092768354
rights_7,0.00031913635845497184
gold_2,0.0003189973590347
home_10,0.00031885388803133295
stocks_11,0.00031874624630506045
rich_15,0.0003185992314056206
rich_5,0.00031858742685120375
trader_12,0.0003185289444963759
energy_6,0.00031844860520124024
council_16,0.00031824009192865606
project_12,0.00031820406811092515
conflict_9,0.0003181999749534134
development_3,0.00031801941785908203
companies_3,0.0003179341307051222
ring_4,0.00031790211822002454
pennsylvania_7,0.00031770783468609436
DOW_JONES_2,0.00031758729157034825
technology_9,0.0003175571246405769
republican_12,0.00031744613106203675
voters_12,0.0003174213625737447
election_4,0.0003170698105626883
president_7,0.000317008737225376
kitchen_7,0.000316858128582679
crash_10,0.0003168171010128885
money_11,0.00031681033781494675
senate_15,0.000316735036769144
earnings_3,0.0003167158991679892
ohio_12,0.00031651506481764725
security_12,0.00031623563991176463
bank_10,0.0003161550910064634
million_14,0.00031600292293540867
election_2,0.0003158617241991949
secretary_18,0.0003157728044453146
votes_9,0.000315485272346031
color_17,0.0003154021101427958
office_11,0.00031536292007622676
college_3,0.0003152998186505559
illinois_18,0.0003151936461533204
service_15,0.00031511750561306407
illinois_2,0.0003150722035010872
stock_market_6,0.0003149519650623502
housing_17,0.00031494092424801985
holiday_5,0.00031482020778678067
profit_15,0.0003146452527879205
market_18,0.00031452323185522153
bubble_9,0.0003145049048673959
world_20,0.000314302016787616
home_19,0.0003139565814009146
governor_15,0.0003135837016826597
illinois_10,0.00031348397470283123
marriage_7,0.00031347468965679494
happy_1,0.0003133814527896612
business_8,0.0003131577820026898
corporation_5,0.0003131325872119503
police_5,0.00031281298287712283
ceo_20,0.0003126259359089912
services_12,0.0003126239847036213
unemployment_16,0.0003124264281766849
economic_16,0.000312374668418791
virginia_7,0.00031232346463818425
service_8,0.0003123231321664824
return_1,0.00031226597367221506
oil_1,0.00031217975476374385
movie_3,0.0003120536831312294
world_12,0.0003120336277068152
stocks_9,0.0003120170058095819
trader_2,0.00031184379561180513
movie_7,0.0003115477678643073
minister_4,0.0003114643208265912
blacklist_2,0.0003112717050675817
ring_3,0.00031115724098870426
products_19,0.0003109956014009141
economics_7,0.0003107902139654223
social_11,0.0003107155863944741
growth_18,0.00031064806171015203
project_13,0.00031018975404301075
credit_12,0.000310076143895915
portfolio_18,0.00031006716804167375
kentucky_1,0.0003097956127849056
council_8,0.00030961752861872983
president_17,0.00030960807931658505
debt_18,0.0003094844614777896
revenue_19,0.00030946176261675606
district_18,0.00030906323583023364
restaurant_10,0.0003089752834563506
kentucky_19,0.0003089739403371638
earnings_2,0.0003089344932655955
service_10,0.0003088620324448728
governor_10,0.0003088081396450674
inc_18,0.00030870911261605
stocks_18,0.0003085275479157782
governor_6,0.0003085054846755018
community_17,0.0003084426141637807
garden_20,0.0003083977960816461
service_17,0.0003083789292037595
secretary_11,0.0003083521723257596
holiday_10,0.00030833113773048464
portfolio_14,0.0003081779157706378
services_15,0.00030817188177005523
arts_13,0.00030774123363077233
members_19,0.0003076582257315556
financial_6,0.00030760351913407795
portfolio_8,0.0003075763555003014
investment_1,0.00030749116033149685
credit_20,0.00030735535688705256
office_3,0.0003071071928511597
politics_17,0.00030701677379391183
government_6,0.00030695704800516604
ring_11,0.000306922078755157
food_4,0.000306821707930541
union_7,0.000306819188028207
community_6,0.00030676933346821195
ohio_17,0.0003067381354241407
founded_18,0.00030662327099269314
court_10,0.0003063259406692127
georgia_20,0.00030629369983684913
college_15,0.0003062360593282736
seats_18,0.00030606680722856196
buy_9,0.00030578609668727863
bubble_3,0.0003054306826826451
loss_15,0.00030519116668510616
crash_16,0.00030500384994057574
development_18,0.00030499469607631237
york_7,0.00030487523690335015
banking_2,0.0003048444928980823
sell_6,0.00030474776946912314
world_17,0.0003045467921975545
labor_6,0.0003044992901456873
business_7,0.0003042732856262355
ohio_3,0.0003040650363805899
fed_20,0.00030378637685372196
financial_16,0.00030346426205815765
county_20,0.00030337537727645795
success_5,0.0003033571026418719
fun_18,0.00030280105944913605
religion_20,0.00030269919649738577
oil_2,0.0003024068601458435
economics_19,0.00030235072552102363
oil_16,0.0003020447195250375
finance_19,0.00030196674352161036
judge_2,0.0003018717858389004
car_15,0.00030167953393652456
act_12,0.0003015731472143947
development_16,0.00030131663737601036
labor_1,0.00030126415211736453
conflict_7,0.0003010520093134586
economics_2,0.0003009728194153211
president_8,0.0003002199491408379
project_20,0.0003001990384964772
financial_18,0.0003001731490758621
success_17,0.0003001548219347843
gold_19,0.0003001421271751938
police_12,0.00030012044722233975
revenue_8,0.00030002198756382003
happy_5,0.00029995311675202856
fun_10,0.0002997101357513085
home_20,0.0002995466203706143
cash_8,0.0002995030969306519
county_10,0.00029950003204095774
wisconsin_3,0.0002994161469874746
wisconsin_7,0.00029923501547299573
stats_7,0.0002991086344453675
missouri_7,0.00029884451750928953
act_13,0.0002986933958458388
committee_4,0.0002984443394683657
conflict_19,0.00029842140531445533
metals_3,0.00029826963291984353
illinois_14,0.00029815848993199566
fed_12,0.0002980937069264755
crash_12,0.00029807116591191204
senate_12,0.00029802073281519917
economics_15,0.0002980090897807313
virginia_4,0.00029800878941450213
political_3,0.0002979899622086485
arts_11,0.0002979509416563851
justice_18,0.00029768657523603054
development_13,0.0002975654258389094
kitchen_2,0.0002974181156156671
religion_9,0.0002970717870472296
party_13,0.00029695707101300395
judge_5,0.0002969022148043957
office_13,0.0002962979657536754
crash_11,0.00029618895678525917
political_2,0.00029581962260579283
return_11,0.0002958179875448919
bank_16,0.00029571706869475044
gold_15,0.0002956300968673854
republican_14,0.00029552682055255375
debt_14,0.0002954822825875659
economic_19,0.00029542646038561445
senate_17,0.0002954133914989144
movie_16,0.00029537943515642215
community_16,0.00029527748947846767
success_3,0.00029526985063286495
development_19,0.0002952046187039904
color_2,0.0002951045324167504
tennessee_20,0.00029509235048494304
restaurant_5,0.0002950762786415144
carolina_3,0.000294799713841217
markets_13,0.0002947879827683379
sell_15,0.0002947858921818352
trader_19,0.0002947759293036189
college_4,0.00029466877233360505
investment_6,0.0002944989492439101
social_9,0.0002944118131212757
stocks_15,0.0002943733925180658
companies_6,0.00029411970491617385
culture_20,0.00029367335692128305
growth_7,0.00029365887395258676
bubble_14,0.00029359482416116753
gold_9,0.00029356086025012423
district_16,0.0002934220596872173
senate_11,0.0002933596274050202
gain_4,0.00029319169267617905
representatives_8,0.00029269279023787627
dow_jones_8,0.00029260724876408476
wisconsin_16,0.0002925135274285115
fed_19,0.00029244751965102104
housing_11,0.0002924172986440796
office_8,0.0002924022813696474
corporation_16,0.000292168278403248
ohio_15,0.0002919276446814225
cash_13,0.0002919061351090493
elected_9,0.000291851687518755
committee_14,0.00029182598832354806
risk_13,0.000291767891958038
law_20,0.00029160464834899
services_14,0.0002915822532184976
market_17,0.0002915689052611778
buy_19,0.0002915601567707482
holiday_14,0.0002912259010384326
gold_16,0.0002911587545748558
founded_10,0.0002911166757661142
present_18,0.00029108800668758636
inc_12,0.0002908671651209732
buy_14,0.00029082650077696465
bubble_1,0.0002908240310323425
markets_1,0.0002907459649577259
movement_2,0.00029073029992943394
success_13,0.00029051480284265934
bank_13,0.00029023261026122927
garden_18,0.0002900936460351666
restaurant_15,0.0002900252816868226
global_12,0.0002896049605178427
election_9,0.00028956243280542213
vermont_6,0.00028945759979917795
house_14,0.00028944968237785203
growth_12,0.0002894463121125895
office_16,0.00028940998648560606
york_5,0.00028906512709559314
texas_12,0.0002890461219295043
business_12,0.00028872061557304654
ltd_18,0.00028863891419411827
elections_5,0.00028831180472128594
labor_10,0.00028828566158021823
oil_6,0.0002881801730851306
economics_8,0.0002881666934035444
economics_12,0.0002880710616682983
fun_15,0.0002880525258147448
trader_6,0.0002879598542741327
market_19,0.00028762115412197875
social_15,0.00028751812130908074
representatives_1,0.0002873379867090399
world_15,0.00028732334446909406
growth_3,0.00028722260844964793
court_16,0.00028715788665449805
senate_19,0.00028715534426866315
rich_4,0.00028686416020464025
ohio_11,0.00028650089204966436
train_13,0.0002864607528193641
chance_10,0.0002863995653325877
color_4,0.0002863464609852601
banking_14,0.00028618304233680184
companies_20,0.00028601949937509367
college_10,0.00028586769017552153
kitchen_9,0.0002858090855130106
court_19,0.0002857406424371159
republican_13,0.00028558972375275954
economic_12,0.0002855578320569655
water_17,0.0002853190552744357
investment_10,0.00028521371422054754
washington_20,0.000285154359646738
finance_11,0.000285064132449641
secretary_1,0.0002850345370287201
union_11,0.00028485969609689973
energy_4,0.00028458718247978377
economic_18,0.00028448912320799233
unemployment_8,0.00028389119033310495
happy_20,0.00028361758063731953
technology_5,0.00028353158362870836
secretary_4,0.0002834229408016127
stats_18,0.000283304483352965
carolina_17,0.0002832882828050795
movement_20,0.00028324664909868785
services_13,0.00028308180776897516
train_16,0.0002829702815446351
loss_6,0.0002828921792415722
labor_15,0.0002826484001240067
health_14,0.0002825760860230481
blacklist_8,0.00028253861440715166
environment_17,0.0002825245478500117
legal_5,0.0002823830712294343
politics_10,0.00028236359061671785
social_20,0.00028235589273315626
water_13,0.00028232036501570285
political_17,0.00028217629077038187
legal_15,0.00028202708468698736
federal_8,0.0002819124868130809
money_1,0.0002818806237925458
cancer_1,0.00028152949781923227
returns_9,0.0002814835895447002
kentucky_15,0.0002814146465825556
project_4,0.00028139947652422583
wisconsin_5,0.0002811081874579983
seats_19,0.0002809010295331961
pennsylvania_11,0.00028029756681623
present_7,0.00028008093458244723
labor_4,0.00027974716175807493
stock_market_8,0.00027971740499146253
politics_11,0.0002796602682283559
carolina_11,0.00027964835567246567
project_11,0.00027924053060486695
debt_19,0.0002791422204574606
stock_market_16,0.00027910571741580014
vermont_19,0.000278634353167872
energy_14,0.0002786294178375404
economics_9,0.0002786239072606865
act_7,0.00027842849710435724
financial_15,0.00027837979155070897
committee_12,0.00027836433514586843
governor_16,0.0002782920306762312
service_16,0.00027825289618899546
act_11,0.0002782523497007499
senate_14,0.0002781252640308525
banking_5,0.00027761848510316997
committee_8,0.0002774065044262181
car_10,0.00027736791044326596
metals_4,0.0002773382468072519
stats_15,0.00027716722947430407
ring_12,0.0002770918486853647
financial_7,0.0002770589642117102
return_5,0.0002770196724692257
council_9,0.00027694971196116225
water_16,0.0002768464218637755
representatives_14,0.0002768385465459659
market_10,0.00027680587860696114
governor_3,0.0002766578811616802
party_16,0.000276654147691107
court_12,0.0002765282050143041
financial_19,0.00027645353155938507
investment_20,0.0002763757950702062
development_7,0.0002763544423979427
global_2,0.0002761939592021603
gold_10,0.00027608161850287355
gain_13,0.0002760207547415857
pennsylvania_14,0.0002759127890788002
gold_13,0.0002757853242462961
election_13,0.00027568904850423857
global_5,0.0002756867826333056
legal_9,0.000275640399351055
train_10,0.0002755557749848893
dow_jones_16,0.0002755395628363485
economic_6,0.0002751716174724472
college_13,0.0002749839046274151
case_17,0.00027488478054951124
freedom_3,0.00027448627751373844
house_3,0.00027421418254082615
housing_9,0.00027406765500557004
case_20,0.00027393850908762865
community_2,0.00027356965613660337
act_20,0.0002734133712425997
blacklist_19,0.00027338867600976494
trader_20,0.00027273039350319867
color_6,0.0002726377862051166
markets_9,0.0002725305482366568
virginia_8,0.0002723583644721433
voters_8,0.00027230842722779326
ceo_14,0.00027220929471628055
act_16,0.0002721651285287833
products_6,0.00027214664564902244
unemployment_11,0.00027206938877176267
metals_20,0.00027190992728990516
georgia_7,0.0002716529936817638
success_16,0.00027161345483817876
credit_13,0.0002714599508919171
return_17,0.0002714260504375799
blacklist_3,0.0002709604687887082
finance_2,0.0002708963687763363
stats_8,0.0002708753892298819
health_20,0.0002706489769429266
election_7,0.0002706261752380259
legal_19,0.00027054973506749903
legal_20,0.0002705142739716034
blacklist_1,0.00027037836120633144
secretary_20,0.00027030841363555064
technology_18,0.0002701710067622719
government_13,0.00027012866878186475
college_7,0.000270122003467023
technology_12,0.0002700904442349171
food_13,0.0002699222969409429
war_6,0.0002696240305097178
world_10,0.0002693922100901342
politics_2,0.0002692856402157916
movie_13,0.0002692717261582432
business_14,0.0002692425446584198
republican_1,0.0002691378204467736
investment_16,0.0002690299672711176
water_19,0.00026902859586221383
kentucky_14,0.0002689567508405457
tennessee_8,0.0002687264894103246
william_2,0.00026872491503199426
wisconsin_12,0.00026869013006631176
train_11,0.00026866396092717533
home_11,0.0002686605648912588
police_14,0.00026850808339223386
elections_18,0.00026811469637418457
federal_3,0.00026795615559700085
market_4,0.00026789836825668266
kitchen_18,0.00026789711790944535
act_19,0.000267661495381442
media_4,0.00026763186358247685
market_16,0.00026730805976703546
products_1,0.00026728730761225414
voters_5,0.0002672523648993253
arts_14,0.0002671839011505427
movement_8,0.00026713113059549285
car_11,0.00026711184032825576
ohio_7,0.00026710376200828815
committee_3,0.0002669229127580874
banking_3,0.0002665625268177125
case_12,0.0002663404383619466
office_2,0.0002662162125895715
happy_4,0.00026615704954416965
movie_2,0.0002660820666235944
arts_6,0.00026605106548965857
conflict_2,0.0002659066042252697
travel_1,0.0002657660175889225
gold_6,0.00026576111108840057
metals_18,0.00026574100484329715
texas_7,0.0002657389738245918
act_14,0.00026564766488132137
ltd_14,0.00026545246976613995
washington_3,0.00026540313246352544
william_4,0.0002653322988817221
vermont_17,0.00026517457871627224
color_5,0.00026515343898218785
media_10,0.00026510577371219296
train_15,0.0002649802550776003
metals_15,0.0002649062795895041
buy_6,0.0002647731323899907
william_6,0.0002647408853662892
train_14,0.0002647350490385508
cancer_12,0.00026457519151945467
stats_10,0.00026449118857462775
movement_15,0.00026438560407140787
county_14,0.00026433487703676057
fed_18,0.0002641980021993745
unemployment_14,0.00026399825304511724
products_17,0.0002639590046330647
success_4,0.00026370884151825257
marketing_12,0.00026368086278945714
massachusetts_3,0.00026362162209966086
kitchen_8,0.0002634462344683841
cash_11,0.0002634179026300487
industry_20,0.00026338849552181865
founded_2,0.0002632603350347768
garden_4,0.0002631068297114724
culture_18,0.0002630975485930747
growth_13,0.00026300762316258284
movie_18,0.00026273864407680105
court_13,0.00026272194671396
environment_3,0.00026270297079760026
federal_7,0.00026253344019569886
war_8,0.00026237032554328287
million_4,0.0002622175806214816
markets_20,0.00026183690405345546
political_16,0.0002617120009741722
business_1,0.0002615333959542577
house_20,0.00026134168416635904
portfolio_10,0.00026132136615764583
county_18,0.0002612598025487924
community_4,0.00026105643679532405
money_15,0.0002609093591175451
train_8,0.00026080692115403584
elections_3,0.0002604824409443374
companies_8,0.00026034918219617324
pennsylvania_2,0.000260328732281699
debt_20,0.00026014483230137406
success_12,0.0002600545708562514
crash_4,0.00025992840979560656
investment_9,0.000259880877742375
cancer_15,0.00025987683767740853
blacklist_7,0.0002597048834736646
stats_4,0.00025961600901979506
bank_4,0.00025959224139305626
ceo_2,0.0002595646080869282
trader_3,0.0002594677086852348
economics_14,0.0002594059651307319
illinois_12,0.0002591038787922068
police_1,0.000259020305293949
technology_3,0.00025889183399612723
restaurant_6,0.0002588740293996191
council_19,0.00025883708770468796
labor_20,0.00025880822909052153
politics_13,0.00025875545357320216
media_13,0.0002586725148165386
bonds_18,0.00025859916170071514
secretary_10,0.00025858195598360914
washington_19,0.00025853275836576787
tennessee_9,0.00025852471668345845
environment_10,0.00025841874896318325
rights_18,0.0002583883575326267
religion_6,0.0002583638899877273
governor_14,0.00025835743853653913
district_5,0.00025815129685719207
oil_8,0.00025800676006519494
founded_13,0.00025778845836757914
invest_7,0.00025731124664063015
district_11,0.00025726704873352626
services_2,0.0002572603056545189
washington_13,0.00025724964286790916
tennessee_1,0.00025718012566378014
georgia_10,0.0002570188763435392
earnings_20,0.0002569842703016483
dow_jones_11,0.00025688370920588473
office_10,0.0002568363687266743
carolina_13,0.00025675265938331055
color_1,0.00025662398158494526
freedom_5,0.0002565432530497714
media_6,0.0002564739863043615
secretary_8,0.000256340940805485
invest_6,0.0002559885615009629
elected_3,0.00025585115282406875
returns_13,0.00025575535918370414
massachusetts_13,0.0002557343701001046
stock_market_10,0.0002557059814089653
economics_16,0.00025566408440963934
president_4,0.00025565555366997134
return_14,0.00025550395004302805
sell_5,0.00025546180325414014
dow_jones_19,0.00025537059913942567
washington_7,0.0002548744630801852
tennessee_4,0.00025472255490436766
stats_16,0.0002545931287097554
cash_18,0.00025454877343645947
law_19,0.00025451670890823684
gold_1,0.0002545135731809363
cash_3,0.0002544959658977076
dow_jones_9,0.0002543853217889656
companies_9,0.00025435896617658583
risk_3,0.0002540152024074938
DOW_JONES_8,0.00025399006756416547
DOW_JONES_7,0.0002539624383608456
dividend_5,0.00025381980993446527
profit_11,0.00025367286451641026
industry_3,0.00025351861938109404
stocks_16,0.00025336693731689217
industry_16,0.0002532467075876157
college_20,0.00025317897502361275
movie_15,0.00025293735064175696
society_19,0.0002527298928849884
security_3,0.0002526982174749475
products_2,0.0002526542442809859
york_15,0.00025261149030184337
william_17,0.0002525371805598237
service_12,0.000252128299077866
market_3,0.0002518770509573537
act_1,0.00025186990937487927
car_6,0.0002515861761389294
police_8,0.00025150129232688
stocks_10,0.0002514902867298179
bubble_13,0.00025126115369915883
democratic_20,0.000251255954039823
growth_1,0.0002511355417357952
sell_13,0.00025113222944865104
marketing_13,0.0002511207205114597
case_9,0.00025107194496853247
returns_18,0.00025096965807020974
committee_15,0.00025095166374762594
culture_19,0.00025090788102847676
representatives_5,0.00025083487610320774
business_20,0.00025081334128149266
unemployment_5,0.0002507392774914931
bubble_20,0.00025049284162949667
gold_4,0.00025046627750927
companies_4,0.0002500454614226557
travel_14,0.00025001566034705603
justice_3,0.00025001231984006657
office_5,0.0002498449176851646
garden_2,0.00024983639249337344
banking_19,0.00024972021743475763
security_19,0.00024966289512661004
union_19,0.0002496152280850927
earnings_18,0.00024954106946363866
gain_8,0.00024944844497444633
ceo_19,0.0002492923365379178
government_8,0.00024910497759848973
fed_1,0.00024897581929375536
legal_17,0.0002489496530768128
housing_15,0.0002488326141130559
bubble_4,0.00024830450959864483
movement_5,0.0002482185270704396
global_4,0.00024809905398480556
car_7,0.00024799305366278316
law_2,0.0002478915974895842
president_18,0.0002478461614060443
votes_6,0.0002478276995039611
financial_10,0.00024766408390974475
pennsylvania_16,0.0002475841364340656
energy_8,0.0002475383879579227
elections_20,0.00024737780858591693
restaurant_13,0.00024714786981315393
opportunity_1,0.00024698363124572034
firm_5,0.00024695148946018785
community_7,0.0002467941463363155
food_1,0.0002467823890804056
money_16,0.0002467550008838205
political_9,0.0002465864272444722
financial_13,0.00024657796422641556
texas_8,0.00024657755172945037
development_10,0.00024647081212594233
industry_15,0.0002463205737881152
invest_2,0.000246247217121234
business_17,0.00024623032830282243
firm_9,0.0002462016062782856
police_9,0.0002461968646343628
buy_16,0.00024616763311548093
stocks_20,0.0002460393473806771
stats_2,0.00024602925560507697
management_6,0.00024588720153308067
secretary_14,0.00024573626293238217
unemployment_9,0.0002455951581105115
crash_17,0.0002455044521216348
illinois_7,0.0002453239451703405
culture_3,0.00024513568199906866
virginia_16,0.00024503144457281475
freedom_16,0.00024501366408304044
arts_20,0.0002448156412490149
union_3,0.0002447490784226298
minister_6,0.00024467957986211593
present_5,0.0002446371320558273
energy_5,0.000244551117131236
york_10,0.000244526980640056
kitchen_15,0.00024426685126998184
justice_9,0.0002442444656093319
district_15,0.0002441515386809109
inc_11,0.00024410159636445412
success_18,0.000244077471549278
culture_1,0.0002438495934215188
sell_3,0.00024376470030362823
community_9,0.00024357862049758275
fed_13,0.0002434568133656752
loss_9,0.00024331372306381644
housing_7,0.0002432812794018253
metals_6,0.00024312344910561339
loss_5,0.00024303779572732386
global_18,0.00024287349227543586
holiday_7,0.00024244035352659747
fun_6,0.00024235864215501178
management_3,0.00024217854813762224
district_6,0.00024208159783585472
bonds_7,0.00024200204248494553
elections_19,0.00024193995602950287
corporation_6,0.0002418532267635597
carolina_8,0.00024176371271547755
tennessee_12,0.00024169115300803228
corporation_9,0.00024164256407301418
votes_12,0.0002415277713617495
william_20,0.00024136727472434197
district_2,0.0002413240138743066
tennessee_18,0.00024104540515736152
holiday_2,0.00024102010890559664
william_7,0.00024080746292498911
happy_12,0.00024050220891809907
loss_2,0.0002404692760947436
housing_1,0.00024043352308769658
legal_7,0.00024040918940946594
energy_17,0.00024035732892724345
market_8,0.00024025273243623324
government_12,0.0002399564668715017
law_18,0.00023995487781896586
labor_19,0.00023990429735096222
justice_20,0.00023972766971348835
law_17,0.00023972760087762388
media_5,0.00023969506169021874
project_9,0.00023952619898375381
ltd_12,0.0002394757665404299
fun_16,0.00023921051555073086
labor_12,0.00023919750619208233
freedom_17,0.00023916001821567195
elections_2,0.00023877035402406068
texas_9,0.00023875207881527078
food_11,0.00023868000075414247
kitchen_12,0.00023863050555799302
freedom_8,0.00023859235157422208
ring_19,0.00023848653369164247
banking_4,0.00023845654339645414
massachusetts_2,0.00023841413006969408
blacklist_18,0.00023836463156783505
washington_10,0.00023829532919148545
district_8,0.000238271448911669
seats_1,0.000238225066212313
stats_13,0.00023816644235685814
voters_11,0.0002381087925924256
hedge_18,0.000238014693406167
earnings_7,0.00023799911952615703
gains_9,0.00023789185657942003
tennessee_10,0.00023785119136316292
media_17,0.00023784372044940966
fine_3,0.0002377596888515367
ltd_2,0.000237580528812086
kitchen_14,0.0002375084922313992
risk_20,0.0002374834592949172
stocks_2,0.00023725532797204047
fun_3,0.0002370493239545459
fine_13,0.00023650839814652808
kitchen_19,0.0002364682919882827
justice_19,0.0002364663067972919
culture_15,0.0002364400952828536
companies_16,0.00023635933532142344
growth_20,0.0002362721524350923
banking_20,0.00023599576340379243
home_12,0.00023580467790245622
products_8,0.00023577727887711224
government_5,0.00023574118614850048
council_6,0.00023573673528359167
chance_2,0.0002356948566757846
minister_14,0.00023563233042168968
garden_16,0.00023560015251164568
revenue_16,0.00023558021018522815
travel_11,0.0002355103693088546
ltd_5,0.00023535929521925598
oil_9,0.00023508970347093692
culture_4,0.0002350321561727742
DOW_JONES_20,0.00023500493630414072
marketing_18,0.00023499760339770704
rich_11,0.0002349060421601206
election_8,0.00023488364940587282
kitchen_11,0.00023471991212319543
development_2,0.0002343999889792335
minister_9,0.00023438867691285499
dividend_9,0.00023418050048581413
holiday_3,0.00023417424252971747
georgia_4,0.00023415975443673775
labor_2,0.00023395053094643595
service_9,0.00023390514846163352
movement_3,0.0002337625552432757
washington_16,0.00023375313467376396
unemployment_13,0.00023353210694873795
chance_3,0.00023353158721262275
stats_20,0.00023280236573435602
senate_5,0.00023262353743163768
car_20,0.00023257768844885772
cash_2,0.00023257432390458288
gold_7,0.00023227606890771204
finance_13,0.0002321773774482279
culture_5,0.00023211574299569125
sell_2,0.00023203989648516778
stats_5,0.00023203470616543756
ring_16,0.00023197741303534336
economy_4,0.00023183845729663887
trader_15,0.00023166582609795885
fed_7,0.00023159956334073374
movie_1,0.00023134662201390756
water_10,0.00023124616911143154
nasdaq_4,0.0002310871639694711
loss_17,0.00023093366950058958
fun_11,0.0002307231950343696
elected_5,0.00023051715787903728
minister_12,0.0002305024975979337
inc_14,0.00023035166899261841
court_7,0.0002302691920631734
marriage_18,0.00022999391575630028
investment_14,0.00022990221873861835
energy_7,0.00022988380827174886
corporation_11,0.0002298401170400209
gold_20,0.00022963957371318234
marriage_16,0.00022953551504716345
loss_4,0.0002294863568309826
society_14,0.00022948032448376533
war_3,0.0002293928826893674
cancer_11,0.00022924699253321253
senate_1,0.00022922075744210148
water_9,0.000229200037802956
companies_14,0.00022886802660472625
wisconsin_10,0.00022881813403531813
restaurant_3,0.000228772437636433
illinois_1,0.00022876765227781978
voters_4,0.00022871956973136468
industry_7,0.0002283173948741167
garden_8,0.00022825506438418474
dow_jones_5,0.0002282224846355838
economics_20,0.00022809643439272503
kentucky_20,0.00022806823674294347
car_3,0.0002280506571857219
minister_19,0.00022793400818253395
government_20,0.00022786653981796134
finance_16,0.00022764614303997648
business_9,0.0002276130721820329
justice_10,0.00022757407244467735
committee_7,0.00022736486065643216
democratic_4,0.00022728574804979708
democratic_6,0.00022717067397616455
return_7,0.00022713474264800834
credit_15,0.00022707282103561329
votes_10,0.0002270572086770763
governor_19,0.0002270220483557409
rights_14,0.00022693113453317872
council_10,0.00022682636203672052
market_15,0.0002268129160283201
college_12,0.00022653871991708824
senate_10,0.00022639732309315218
economics_11,0.00022639382775679984
tennessee_17,0.00022628681431315244
million_18,0.00022612347997494293
banking_9,0.00022578351492098572
fine_12,0.00022572384959696157
society_4,0.00022570183180284196
return_19,0.00022557788122873161
legal_12,0.00022540760690770433
holiday_18,0.00022509790576522333
color_18,0.0002249950225612313
opportunity_11,0.00022489185940982115
food_5,0.0002248425222280093
technology_2,0.0002247838650348433
inc_4,0.00022470117621004772
inc_8,0.00022463246020560943
economic_3,0.00022455444432143364
oil_19,0.0002243881213958623
travel_12,0.0002241864975975817
inflation_4,0.00022398692394339154
court_6,0.00022390825349702994
marriage_3,0.00022380116420566657
travel_16,0.00022374095277780966
minister_13,0.00022370302205857617
restaurant_8,0.00022366508187018992
banking_17,0.00022339118824535743
york_1,0.00022336040541260036
case_8,0.0002230342759612142
risk_14,0.0002230101707958374
william_16,0.00022286158891304561
nyse_5,0.00022267589106103364
district_3,0.00022240610468060275
police_4,0.0002223806112496619
massachusetts_19,0.00022234572094367624
finance_12,0.0002222237871709464
cash_7,0.0002220804244232571
government_14,0.00022196455614440354
financial_14,0.00022191480213558495
college_14,0.00022185846815780876
holiday_6,0.00022172131443740992
social_16,0.0002214992021801257
bubble_10,0.0002214005608101013
minister_10,0.00022139928344900138
food_14,0.00022138397907072601
voters_18,0.00022136094457509683
bubble_15,0.00022094189694158776
missouri_11,0.00022078949774720363
cancer_14,0.00022069994827348419
marriage_14,0.00022068617703182507
founded_20,0.00022063158640588842
marketing_2,0.00022057395339096668
wisconsin_6,0.0002204889613852828
present_14,0.00022043926701576636
global_9,0.00021997460718090807
society_2,0.00021996305448781183
million_8,0.00021988184251075022
house_4,0.00021986849635843638
georgia_8,0.0002198080762823058
chance_8,0.0002196195141248039
earnings_4,0.00021959482711361836
carolina_4,0.00021941514688206924
firm_15,0.00021933231786098925
risk_6,0.0002191996743204278
housing_8,0.00021912816752059174
metals_2,0.00021904501462873316
dow_jones_10,0.0002190234084922479
economic_1,0.00021899870314916555
security_17,0.00021898789414862498
ceo_7,0.00021887106686252093
technology_4,0.000218826779220622
case_6,0.00021858234342989624
DOW_JONES_15,0.0002184264785168549
returns_2,0.00021838294003617733
chance_7,0.0002182072383021333
minister_20,0.00021814110296417322
hedge_19,0.00021803432079710324
loss_3,0.00021794506509209967
chance_17,0.000217940941484104
rights_9,0.0002177900687953893
massachusetts_16,0.00021773994899561367
office_14,0.0002176186405025398
health_10,0.00021738558247209918
founded_3,0.0002172755038239155
district_4,0.00021718157357307602
washington_11,0.00021712309119312835
opportunity_7,0.00021671916178415867
legal_10,0.0002166585295610341
fun_14,0.0002165780752951806
housing_16,0.00021649167563596815
portfolio_19,0.00021646689448626545
water_11,0.0002164037828955005
risk_11,0.0002162267428403025
carolina_10,0.00021613023423492524
environment_15,0.00021600251334888656
sell_19,0.0002159889585848007
york_19,0.00021567870158524692
metals_13,0.00021565375297029482
management_4,0.0002156210409535184
members_6,0.00021536144042713315
economics_4,0.00021522236792692167
committee_5,0.00021522028202758064
gold_12,0.00021507906460647573
crash_19,0.00021500355447837284
ohio_8,0.00021496849739853716
money_18,0.00021490238090130713
services_10,0.00021482163961903433
food_8,0.00021481535837271395
economic_7,0.00021480580444592482
voters_2,0.00021475990841322035
ceo_10,0.00021475080727364202
founded_7,0.00021462573740285517
present_9,0.0002146061948875015
garden_14,0.00021451828053886644
senate_16,0.0002145173727185634
service_13,0.00021446610257991412
arts_18,0.0002143526370554153
security_18,0.00021434360395526677
union_20,0.00021433751960880847
return_18,0.00021433636255944907
stock_market_1,0.0002142686343710591
legal_14,0.0002142595519122724
freedom_18,0.0002141590373897011
train_5,0.00021400929913965294
million_12,0.00021399306991568253
movement_12,0.0002139857399207693
portfolio_15,0.00021384620645897932
environment_13,0.00021380291520824474
judge_6,0.00021375262345146818
party_19,0.00021371916176453205
invest_9,0.0002136234861491773
million_20,0.00021356072174656646
rich_1,0.00021341742801374427
bonds_6,0.00021337567273910127
profit_8,0.0002133637209835838
food_20,0.0002132993749396285
virginia_9,0.00021321275642983089
marketing_16,0.00021317577311333953
earnings_17,0.0002128823017300079
labor_7,0.00021284804553695587
william_9,0.00021239713527662114
returns_5,0.00021233267952484414
unemployment_19,0.00021232250887041873
opportunity_5,0.00021213874560861457
markets_4,0.00021210118396786966
global_16,0.00021207820849390675
party_11,0.0002118082006231448
buy_12,0.00021157635337159107
markets_7,0.0002113153786579607
georgia_14,0.00021130092490616054
economic_13,0.00021115384134170095
inc_10,0.00021084618385034602
banking_18,0.00021083677492560697
risk_12,0.00021035651821510885
georgia_13,0.0002103537376324579
bonds_20,0.00021008300492069014
rich_17,0.00021004420969523405
travel_18,0.000209962084055925
movement_14,0.00020994842531016212
economics_18,0.00020987051631628708
missouri_6,0.00020971147159774147
success_1,0.00020966813012244267
members_2,0.0002096111121877061
pennsylvania_20,0.00020951210418681954
committee_2,0.0002094266272034126
holiday_19,0.00020930254610528097
housing_14,0.0002091834645180088
stocks_14,0.00020916940156624373
nyse_14,0.00020900435192555084
stocks_8,0.00020889580036662357
industry_4,0.00020872886632069315
republican_16,0.0002086947733377863
union_16,0.00020864099477739634
illinois_9,0.0002084500388250911
court_14,0.00020823464301607822
security_14,0.00020822217034215568
movement_9,0.0002080550606314184
opportunity_3,0.00020799710775390288
growth_19,0.0002079055262201739
money_5,0.0002078810967671408
money_20,0.00020780599863151546
justice_14,0.00020762532232579167
freedom_10,0.00020759865441976157
fine_2,0.00020726003449817102
religion_5,0.00020725817502174722
cash_6,0.0002071795469546048
million_1,0.00020715027446502454
success_20,0.0002071055112302705
loss_20,0.000206755965606303
finance_20,0.00020654565367828577
gain_18,0.0002064462226709846
finance_7,0.0002064053183137523
products_15,0.00020611674514937835
republican_19,0.00020586679361632605
financial_17,0.00020555228251234998
economics_1,0.00020554198946098721
freedom_20,0.00020552601408975422
crisis_16,0.00020548411523715036
council_1,0.0002053185191330553
union_10,0.00020499361505957485
votes_5,0.00020497699130597077
police_20,0.00020484393971701074
committee_13,0.00020483805344787446
earnings_13,0.000204523537269721
chance_5,0.00020408999491595238
market_13,0.00020405510094180802
washington_12,0.00020400278763146125
DOW_JONES_12,0.0002036746470250939
holiday_1,0.00020366921545929653
technology_15,0.00020359564502098678
union_4,0.00020355834623539482
labor_17,0.000203096653192818
holiday_15,0.00020302000953781817
council_3,0.00020268419660582498
justice_12,0.00020262275559306534
community_19,0.0002024967302952951
wisconsin_2,0.00020225349622646026
act_17,0.00020201464309356495
movement_13,0.00020183157323852807
government_7,0.00020178316720582569
car_4,0.00020166354531534224
project_18,0.00020157723032717087
metals_5,0.00020156853104586205
texas_3,0.0002013844377516229
holiday_13,0.0002012864846398679
returns_10,0.00020119742069677006
rights_3,0.00020109655305616881
virginia_5,0.00020079977906511498
party_14,0.00020078769736491054
illinois_20,0.00020075504615726825
governor_9,0.0002007107792701292
services_9,0.00020042213958401927
labor_14,0.00020040232882880915
firm_14,0.00020023031068956676
judge_9,0.00020019565831420002
elections_9,0.0001998494307718104
invest_4,0.00019983568275941518
returns_16,0.0001994830190796207
service_7,0.0001994647833989623
fine_16,0.00019944473039608152
sell_10,0.00019913999509232116
tennessee_14,0.00019903216172321363
vermont_12,0.00019896709850638242
seats_6,0.00019877710838185614
economy_11,0.00019873278616592096
representatives_12,0.00019845550969585315
political_14,0.0001980542017787848
freedom_13,0.00019798827726170601
society_8,0.00019794400469015663
financial_11,0.00019786119635039059
DOW_JONES_9,0.00019782591258806563
DOW_JONES_6,0.0001978205878741712
financial_5,0.0001977962528996695
media_8,0.0001977363848920495
growth_2,0.0001976887935618937
fed_8,0.00019761370072334138
tennessee_2,0.0001976118601696226
stats_9,0.00019757965358849114
firm_12,0.0001972912622407376
society_5,0.00019720606236417498
returns_3,0.00019692284036829588
global_11,0.0001967506918836459
companies_1,0.00019673259920274406
tennessee_6,0.0001966552477008551
arts_12,0.00019660318515922148
return_13,0.00019636099762568784
growth_14,0.00019627763068654137
financial_9,0.000196254177128305
votes_16,0.00019602512580148043
travel_2,0.0001959740496636078
restaurant_19,0.00019586113390376297
justice_7,0.00019582998088035143
development_6,0.0001957956090519864
minister_18,0.0001957171248148245
cancer_18,0.00019570888245557693
federal_18,0.0001954506669900678
economy_8,0.0001953318530493126
legal_2,0.00019518533380330434
political_11,0.00019504834028913408
finance_15,0.00019503466860093074
water_2,0.00019491943401322425
dow_jones_18,0.00019491166853243596
finance_17,0.00019488767542483632
movement_1,0.0001944959427257715
car_19,0.00019448026252340015
profit_17,0.00019445812586071204
security_2,0.00019444428572917719
dividend_18,0.00019434354979270296
religion_14,0.00019430549268562546
economics_6,0.00019420126700441532
travel_8,0.0001941141663128873
profit_7,0.0001937932901889568
office_6,0.0001936157556153909
members_17,0.00019361538792301975
gain_3,0.00019350413912743738
present_4,0.00019341462797127108
pennsylvania_10,0.00019340842363007538
secretary_9,0.00019331576780522085
financial_12,0.00019304754133686646
project_5,0.00019278765696009183
project_8,0.00019263964608655018
loss_11,0.00019262786751703917
marriage_4,0.0001926219017504469
union_13,0.00019226623781813158
stats_12,0.00019224296680984412
companies_13,0.00019223960845252548
cash_19,0.00019220309326099965
law_3,0.00019165412644689438
products_20,0.00019154463771599056
judge_19,0.0001913944083389793
oil_14,0.00019126341067104855
stocks_19,0.00019121565210871623
marriage_1,0.0001911119022067797
risk_8,0.00019109971539309925
kitchen_4,0.0001910588695345074
union_5,0.0001909711435291787
trader_18,0.0001909573779275097
risk_2,0.00019092584482574863
fine_20,0.00019069488112794894
metals_12,0.00019061628755497382
products_7,0.0001903616283683747
members_8,0.0001897198946584653
members_12,0.0001897188690210755
tennessee_3,0.00018951372208167103
earnings_11,0.00018946869878201447
present_12,0.00018936362603999947
crisis_3,0.00018933644863094632
growth_16,0.00018929312039470329
council_12,0.00018896051080591884
judge_1,0.0001888466914008936
votes_19,0.0001883704567271647
arts_8,0.0001881866489660953
financial_3,0.00018817889973195566
union_6,0.00018801080951232513
dividend_15,0.0001875029477909479
illinois_15,0.00018744279092141236
economic_5,0.0001873241312250079
democratic_9,0.00018698849066421005
dow_jones_20,0.00018678710210327253
DOW_JONES_19,0.00018649589449957896
religion_15,0.0001863851227443608
business_6,0.00018637179104504984
profit_13,0.0001862434944892399
rich_9,0.00018600633467832223
case_13,0.00018599672674990525
water_7,0.00018538042823377794
society_13,0.00018522665549935548
buy_18,0.00018498065372884038
markets_18,0.00018488345330751004
society_18,0.00018458602886571118
culture_9,0.00018454961438156821
blacklist_17,0.00018445779353364595
party_20,0.0001844481627105636
management_8,0.0001844051236270261
revenue_1,0.000184277211017109
million_17,0.00018413875892000966
chance_12,0.00018383487065749647
judge_16,0.00018376482460676611
economy_3,0.0001835639619454373
william_8,0.00018317006278498318
risk_17,0.0001831050265557318
industry_11,0.00018308840762915697
voters_6,0.00018305846327300256
community_1,0.00018290667708687906
returns_4,0.00018224329346609974
elected_15,0.00018224170297951827
missouri_13,0.00018221532395090134
fun_5,0.00018209312031970554
movie_5,0.00018190106053484913
federal_2,0.00018188687475644949
missouri_8,0.00018186587079105465
crash_20,0.0001815854953786586
firm_8,0.0001814773208570215
kitchen_3,0.0001813758885566874
marketing_1,0.00018127488349773012
movement_19,0.00018123167240413775
portfolio_17,0.00018118886845158545
profit_16,0.00018113879370636917
illinois_8,0.00018112372482301145
war_15,0.0001810021185560134
ring_20,0.00018080564529551448
federal_1,0.0001805807488352643
fun_9,0.00018055647814525487
votes_8,0.00018023098133808368
elected_20,0.0001801557343335628
banking_10,0.00018002270556395807
revenue_3,0.0001799939241927048
opportunity_8,0.00017991883718278
home_8,0.00017949599415711378
district_13,0.0001790299667867159
ohio_4,0.00017898999301572407
unemployment_20,0.00017893227181183918
dividend_17,0.00017886715478539385
movement_11,0.0001785957652836401
growth_4,0.00017829769627454535
technology_1,0.0001782517842787697
travel_10,0.00017807509160385528
economy_19,0.00017795683910159065
representatives_19,0.000177897731659295
million_9,0.00017774947314487817
judge_17,0.0001776938368668394
committee_6,0.00017763859181784412
energy_2,0.00017750207461541116
members_13,0.0001774895181997266
marriage_9,0.00017748160280092225
earnings_14,0.0001774536038677375
fun_2,0.00017741414034560052
finance_6,0.00017734951616153768
crash_18,0.00017703959845755888
housing_18,0.00017694796781256308
governor_13,0.00017693024441171987
energy_3,0.00017677200996243244
voters_17,0.00017667393820835722
minister_7,0.00017658591296080512
environment_18,0.00017653597849089052
bonds_8,0.00017642949027404692
social_17,0.0001763879743973977
governor_5,0.00017609788067236682
stats_19,0.00017608989312352792
wisconsin_14,0.00017608202267455845
rights_17,0.00017598397736014607
judge_18,0.0001757292496246986
social_19,0.0001756177061211683
conflict_8,0.0001754409471247229
minister_15,0.0001752191534402864
million_3,0.00017495991769232402
blacklist_6,0.00017491739308944524
economy_7,0.0001748582166926042
hedge_20,0.0001747172739177055
missouri_18,0.00017460187866191488
buy_8,0.0001745054027325205
justice_15,0.00017436469040496327
law_10,0.00017434486786475768
money_10,0.00017418271240899342
economic_4,0.00017412491923410577
washington_6,0.00017389695073084422
portfolio_9,0.00017378144258373436
blacklist_20,0.0001737685508553097
tennessee_5,0.00017362865102018432
votes_7,0.0001735274374504815
hedge_6,0.00017329110479877776
judge_7,0.00017322746471210913
environment_5,0.00017319549847305112
corporation_19,0.00017315529674716092
marketing_3,0.00017305267725244006
massachusetts_12,0.00017292696681686998
justice_13,0.0001727572333266889
gain_15,0.0001726427939827273
war_18,0.0001725131982501755
trader_16,0.00017233275922460823
freedom_6,0.0001722188175618302
federal_12,0.00017219020930095213
technology_7,0.00017206462530471657
banking_16,0.00017197801078681958
fun_1,0.000171960888966631
bonds_14,0.00017190947180777217
justice_8,0.0001718642330031896
movement_6,0.00017156231332148678
fun_19,0.0001715606532779186
house_7,0.00017145483890632386
carolina_15,0.000171368182204256
holiday_16,0.0001709881610325166
politics_16,0.00017098515633642798
technology_11,0.00017096428971197217
services_3,0.00017091342085487053
judge_13,0.00017054920337008763
arts_4,0.00017052221417624842
senate_8,0.00017042055553692255
nasdaq_12,0.00017032059517147548
cash_10,0.00017020554730339335
portfolio_4,0.0001701620377297799
president_5,0.0001701130303865133
seats_16,0.00016997616852455183
inc_19,0.000169415016202212
labor_5,0.0001689758704270465
present_13,0.00016868026638594178
nyse_6,0.00016866361225814896
judge_11,0.00016849529823660388
firm_11,0.00016840014675712528
party_6,0.00016813041057820214
fed_2,0.00016776359020989403
chance_18,0.00016771420069799074
cash_14,0.00016765314226972213
stocks_13,0.0001676188208980727
police_16,0.00016758104337013044
marketing_20,0.00016713913935165704
judge_14,0.0001671193977457646
housing_3,0.00016709158448526514
nyse_7,0.00016706750623102343
economic_10,0.00016686784960844587
project_17,0.0001668415163554223
committee_17,0.0001667011265277087
texas_14,0.00016668933679416968
chance_11,0.00016664994520123528
kentucky_2,0.0001664530189559809
project_1,0.00016620814086329137
technology_10,0.00016618655988960202
debt_7,0.00016612243868370272
minister_16,0.0001660650699901939
religion_16,0.0001657602335230586
financial_20,0.00016559309049733232
religion_11,0.00016538079965225285
seats_14,0.00016516295440145208
metals_19,0.00016509111088173004
dividend_6,0.0001650771056850441
missouri_1,0.00016507299246955963
war_19,0.0001647473161419275
economy_9,0.00016456366186123233
bonds_11,0.00016408465426023426
finance_10,0.00016374804630699694
present_20,0.00016360849130104435
freedom_19,0.00016359234291752153
dow_jones_3,0.00016357827538218098
bank_3,0.00016356509625734968
cancer_9,0.00016338519730196765
home_6,0.00016324480831676346
blacklist_14,0.00016312976229531108
debt_9,0.00016301422029920293
members_9,0.00016299495642234556
investment_18,0.00016291441709467174
election_6,0.0001628828412308814
elections_7,0.00016280648825976268
corporation_2,0.00016272795475208578
present_10,0.00016262718990316927
bubble_7,0.0001625926762592146
travel_7,0.00016257631377127504
senate_20,0.0001623980160518198
economic_20,0.00016238473011323472
politics_4,0.00016237304408585178
gold_14,0.00016222277256058753
global_3,0.00016216175577515827
growth_6,0.00016197086588735238
politics_9,0.00016157125110165523
environment_20,0.00016129943270035724
freedom_9,0.00016121017033979192
judge_3,0.00016118966831065883
blacklist_4,0.00016096507894092427
markets_19,0.00016075182890869878
legal_1,0.00016070653579600125
stock_market_17,0.0001606295081287302
virginia_18,0.00016049528979099505
missouri_19,0.00016041313380948613
missouri_5,0.0001603252248576711
media_7,0.00016026736477054706
profit_10,0.00016020357653646666
trader_10,0.00015983316778038143
republican_7,0.0001595088947949366
oil_18,0.00015939749326411763
development_9,0.0001590023772587109
marriage_15,0.00015896438144362047
fine_9,0.00015891258732289403
million_16,0.00015891004092570017
county_1,0.00015885376807372968
fed_10,0.00015876439221470002
trader_5,0.00015862981915560896
growth_9,0.00015857679995793142
senate_7,0.0001585595332410784
federal_15,0.00015833399312894893
inc_1,0.00015822620795790065
corporation_8,0.00015820647013270334
members_18,0.00015764489292333043
kitchen_10,0.0001573193508773956
nasdaq_16,0.00015703274179550576
bubble_12,0.0001570239558239978
party_1,0.00015694733708069032
stock_market_20,0.00015691701805160284
ltd_15,0.00015680605697791005
economy_16,0.0001566016606979084
law_13,0.00015644085588886853
missouri_15,0.00015634638263849177
crisis_6,0.00015606051245843668
portfolio_11,0.00015601020469637405
society_9,0.00015562874352597773
global_14,0.0001555746084372449
rich_20,0.0001554196740710481
garden_11,0.00015491859638189752
kentucky_11,0.00015467426041174793
housing_10,0.00015465729349063432
legal_8,0.00015465202793292154
firm_13,0.00015464110442867834
political_20,0.00015447638176853152
hedge_10,0.0001544125809347123
loss_13,0.00015431905721949415
management_13,0.00015430028128383104
economics_10,0.00015426703161628127
technology_20,0.00015426290245972369
opportunity_2,0.00015426040567805067
fed_14,0.0001539977384965787
ltd_6,0.00015375817245758604
economy_18,0.00015375662588982213
arts_1,0.00015346019492171466
DOW_JONES_4,0.00015343022277042792
crisis_11,0.0001532566790352171
police_3,0.0001531557646527065
loss_8,0.0001530538072656623
gold_5,0.00015294666362220035
gain_5,0.00015248082068257892
legal_11,0.00015236409344901138
community_5,0.00015236011102652054
government_17,0.00015231217252319204
ring_2,0.000152293481705131
return_16,0.00015188084388729667
washington_17,0.00015186733302208327
products_18,0.0001516103485127894
virginia_1,0.00015129855672967634
earnings_10,0.00015119537569831755
case_19,0.00015113632476161074
politics_1,0.00015101103503370965
elected_18,0.00015090558834437008
law_7,0.0001504152084134099
media_9,0.00015041185439474463
train_17,0.00015038096269544165
york_3,0.00015037875333494572
conflict_12,0.0001503519313697501
financial_2,0.00015025616726154268
happy_8,0.00015018745505997926
senate_3,0.00015006768568266964
train_20,0.00014988858115795185
energy_10,0.0001496156495030017
products_10,0.00014917772160150436
massachusetts_14,0.0001484282191103084
seats_10,0.00014818035258667595
elected_7,0.0001481749515182074
stats_1,0.00014779512739149345
judge_12,0.00014766630698047033
energy_18,0.00014764277724500316
travel_19,0.0001475894475685756
color_3,0.0001475368748749616
ring_9,0.0001473634537580285
industry_13,0.00014730482143995722
william_18,0.00014720639601138255
washington_4,0.00014719078133262133
minister_2,0.00014705711434255327
council_7,0.0001464951817175344
revenue_15,0.0001462265842089628
environment_8,0.00014619152228614486
ceo_4,0.0001461838607585441
society_6,0.00014605499275630748
ceo_9,0.00014604937890605888
fine_1,0.00014604675901437464
development_1,0.00014569436369836757
college_5,0.00014551061965947722
massachusetts_9,0.00014536345027017818
metals_11,0.00014491748605559068
firm_4,0.0001448175341132417
kentucky_12,0.00014479912053636356
nasdaq_8,0.0001447675725976834
portfolio_5,0.00014468086849385862
bonds_10,0.00014467424153150456
products_5,0.0001445320242642117
blacklist_15,0.00014438707285709901
gain_10,0.00014418072111336804
bonds_3,0.00014409455468526833
economy_1,0.00014346971893875298
politics_8,0.0001434266991000535
rights_13,0.00014320237363424175
elections_4,0.00014310219229588807
wisconsin_19,0.00014297612229260894
ring_14,0.00014291002338431415
movie_19,0.00014287309034310898
kitchen_6,0.0001427978797346438
environment_2,0.000142728502945569
government_11,0.00014260114456835863
case_2,0.000142438948539594
virginia_11,0.0001424252756610734
dividend_20,0.00014230292730306517
government_9,0.000142295273011643
rich_13,0.00014220767044559438
nyse_10,0.0001421726755672693
justice_17,0.00014213975779626227
market_9,0.00014202972006282708
DOW_JONES_11,0.0001419897906666516
elected_16,0.00014193544970800243
success_19,0.00014182740430130714
crisis_20,0.00014179085624069562
sell_11,0.00014169008721845173
gain_20,0.00014115820313424495
economics_13,0.00014105339733683504
ltd_19,0.00014101072491026615
security_13,0.000140921358605876
firm_6,0.00014087819941299102
economy_10,0.00014082103806399568
gain_12,0.00014081074478604303
bubble_2,0.00014032244938772627
crisis_14,0.00014026391373360826
council_11,0.00014023511959314322
hedge_15,0.00013966204811544764
illinois_17,0.00013961696900629037
global_7,0.00013956125674284477
founded_1,0.00013925495478347765
ltd_17,0.00013916403522602048
banking_6,0.000138935071855332
labor_9,0.0001388588844973026
success_7,0.0001387361516170819
water_15,0.0001387312620567664
gain_9,0.00013866846862057767
services_11,0.00013826458244210006
labor_16,0.0001381512916798723
restaurant_12,0.0001380529263634221
stats_17,0.00013774744588559588
media_19,0.00013771639820228248
earnings_1,0.00013759488330241875
portfolio_6,0.00013729639465576656
gain_6,0.00013701947771981607
banking_8,0.00013698039773245315
voters_9,0.0001369718310171015
fun_20,0.00013686845850024854
default_9,0.00013667943559019156
opportunity_19,0.0001364258359353229
project_10,0.00013624812285038194
cash_12,0.00013555175470500948
movement_7,0.0001354289389627619
invest_3,0.00013539263832735627
gold_8,0.00013537772980020798
movement_16,0.00013533867740399258
representatives_18,0.0001351818503093623
media_1,0.00013485039345982917
metals_10,0.000134714962843853
ltd_16,0.00013412551089792433
secretary_13,0.00013382933572230341
global_17,0.00013380378731962043
religion_18,0.00013353740418262807
nasdaq_7,0.00013332014838179728
fine_14,0.00013317966647248558
products_3,0.00013315771551948468
banking_13,0.00013299164706285344
missouri_16,0.00013294785859330267
chance_9,0.000132925450971346
justice_6,0.00013258397334733342
train_18,0.00013245724050858914
crisis_4,0.00013192279330726404
marketing_4,0.00013191919143431706
investment_7,0.00013135213616076018
members_10,0.00013117224066681597
federal_9,0.00013087851213585279
security_5,0.00013078740666789442
energy_15,0.000130689465357102
seats_9,0.00013033285615315527
profit_5,0.0001300690393674978
development_5,0.00012974000991749186
arts_7,0.00012902806642973348
investment_15,0.00012848712556011237
return_10,0.00012846834009873844
marketing_11,0.0001283603735933771
management_9,0.00012784845758822487
success_14,0.00012783255137199798
crisis_13,0.00012768520800511226
dividend_4,0.00012755394126647782
fine_7,0.00012753510748662062
industry_6,0.00012743838500891172
present_16,0.00012682547997983111
crash_2,0.00012651386572757264
william_13,0.00012646484313908295
trader_7,0.00012641391698973084
business_19,0.00012603772196820068
markets_6,0.00012603148967628918
committee_1,0.00012573099093094158
bubble_16,0.00012570796443086006
market_11,0.00012567313694005402
train_4,0.00012538490758670163
social_10,0.00012538264652802602
washington_1,0.00012529556429824134
debt_16,0.00012486222910302846
ring_1,0.0001245716456827492
debt_12,0.0001243133571361369
risk_15,0.00012401262486164136
sell_12,0.00012382218218192923
justice_1,0.00012352679925625024
portfolio_2,0.00012328326677831704
fed_9,0.0001231922255003685
illinois_6,0.0001231602010397548
nyse_9,0.00012306539184239786
arts_10,0.00012280210387603154
crisis_2,0.00012259826382745012
trader_9,0.0001223321768925019
freedom_14,0.00012224873223661093
car_18,0.00012217894318566775
rich_7,0.00012195927986224461
earnings_12,0.00012187097143251598
cancer_4,0.00012185781491319493
stock_market_15,0.00012178659892978693
economic_15,0.00012162065592249708
crisis_15,0.00012147801349321324
revenue_20,0.00012088917341547787
portfolio_7,0.00012081805989082852
washington_8,0.00012057568996404257
conflict_5,0.00012042024819844113
revenue_5,0.00012019028927454446
technology_14,0.00012007875925404627
cancer_7,0.0001199828902816232
kitchen_13,0.00011983089540609311
legal_16,0.00011978956934256165
million_15,0.0001197032090944795
secretary_12,0.0001195495292419299
ceo_3,0.00011928574544287027
million_7,0.00011916614357930665
dividend_3,0.00011910990682347654
revenue_14,0.00011910792336748535
bonds_16,0.000119018937614272
risk_16,0.00011896095604881105
massachusetts_7,0.00011893888970565566
stock_market_13,0.00011862644031733893
environment_11,0.00011824019795024618
virginia_12,0.00011810405720387439
founded_6,0.00011770884169570648
travel_3,0.00011749980869362816
secretary_15,0.00011726167593654377
growth_15,0.00011703578177116047
gain_7,0.00011696476914697277
ring_8,0.0001168667245371691
debt_3,0.00011677828001958665
society_17,0.00011664765213405665
dividend_2,0.00011659660845248162
cash_20,0.00011623188981221987
crisis_5,0.00011606463630955289
governor_18,0.00011598813441172664
trader_11,0.00011561409005203792
voters_7,0.00011542089786011594
cancer_8,0.00011541080950219634
DOW_JONES_1,0.00011518084827623939
trader_17,0.0001147313500881844
religion_1,0.0001146488022442156
marketing_8,0.00011443198402322726
default_15,0.00011422869746227145
invest_11,0.00011418717245700023
economy_20,0.00011418573049358957
revenue_13,0.00011358348952945115
conflict_3,0.00011302851983055706
gain_11,0.00011288104766842808
fed_15,0.00011258723652336144
pennsylvania_8,0.00011257063299615856
york_12,0.00011191931831952171
politics_15,0.00011182016839263832
representatives_9,0.00011173732048178845
federal_14,0.0001117269804775052
global_10,0.00011171811692800464
wisconsin_18,0.00011164864614711964
nyse_20,0.00011106430782939107
earnings_15,0.0001106674010049633
corporation_4,0.00011044773762864768
justice_4,0.0001098494287243166
bubble_18,0.00010984845648031538
technology_19,0.00010980079424572751
returns_15,0.00010942352039617952
marketing_15,0.00010914000879900383
voters_3,0.00010913983458660875
marketing_6,0.00010908410613231096
stock_market_2,0.00010868112462311158
kitchen_5,0.00010857990993116136
environment_4,0.00010856815181499556
minister_3,0.00010834351420949816
default_13,0.0001081991173398899
hedge_4,0.00010776033696575463
society_3,0.00010730475779189078
dow_jones_14,0.00010704734746134235
minister_8,0.0001064457749383767
revenue_4,0.000106192849015125
rights_6,0.0001060192692960574
fine_10,0.00010586025432879618
kentucky_4,0.00010558836638303285
risk_5,0.00010558658020186504
growth_11,0.00010555731901131188
founded_4,0.0001050105998587084
legal_13,0.0001048632515634888
political_7,0.00010485876879857678
earnings_16,0.00010455136533178283
growth_5,0.00010401679165506433
missouri_3,0.0001035736266669398
earnings_9,0.00010334651212029881
metals_8,0.00010269064937949853
secretary_2,0.00010255863686984388
wisconsin_8,0.00010235021735918276
investment_8,0.00010226573051550556
massachusetts_5,0.00010223218226408789
portfolio_13,0.00010171733912781909
ceo_1,0.00010160573658592412
profit_3,0.00010159645258577476
crisis_10,0.00010139929271675925
law_11,0.0001012411818852493
economics_17,0.00010115039486443865
vermont_1,0.0001004054786328854
stocks_6,9.961646694491468e-05
gain_2,9.905302542480862e-05
economic_8,9.90346443417441e-05
founded_17,9.831387499183965e-05
georgia_15,9.816075784706636e-05
bubble_6,9.814274629325171e-05
companies_10,9.785967982106156e-05
tennessee_7,9.74512008972175e-05
stock_market_19,9.717751647997285e-05
risk_9,9.709267478951502e-05
profit_2,9.681671305777667e-05
religion_19,9.674144976891872e-05
money_9,9.660192838255035e-05
garden_9,9.64131784021751e-05
inflation_17,9.628370591651994e-05
seats_17,9.570267586959683e-05
crisis_8,9.530647738277972e-05
environment_1,9.51870425603563e-05
present_19,9.499809420227933e-05
portfolio_1,9.458826976412945e-05
industry_5,9.442598659345726e-05
cash_4,9.397146735806651e-05
unemployment_2,9.366883869588043e-05
returns_1,9.35810259277872e-05
DOW_JONES_10,9.314420235397829e-05
metals_14,9.300422313553299e-05
elected_6,9.233369305095662e-05
success_2,9.162167202999737e-05
blacklist_5,9.135866902783888e-05
gold_17,9.12105588647817e-05
police_13,9.082943282900236e-05
pennsylvania_9,9.068916954814596e-05
pennsylvania_5,9.038364640551307e-05
management_11,8.962624198547376e-05
stock_market_7,8.951550487575026e-05
ceo_16,8.936505312430477e-05
seats_13,8.893043152352005e-05
cash_15,8.853744733846535e-05
present_6,8.845254583791573e-05
bubble_17,8.792234832110361e-05
gains_16,8.762412203253929e-05
arts_17,8.714628613392891e-05
seats_12,8.700776597238169e-05
risk_7,8.564695748849104e-05
debt_1,8.557742077938499e-05
dividend_11,8.555237878623091e-05
markets_16,8.463587406991269e-05
bonds_4,8.402616398864234e-05
members_14,8.352528129754119e-05
nasdaq_6,8.297720441202691e-05
ltd_10,8.290921031118798e-05
gains_18,8.234212930747544e-05
founded_8,8.208301008177915e-05
marriage_19,8.181294727953016e-05
william_12,8.161556653703622e-05
arts_5,8.160684267301872e-05
metals_1,8.108735164477056e-05
unemployment_6,8.07178810489172e-05
earnings_5,8.069068925296906e-05
committee_10,8.060090652868039e-05
dividend_10,8.03714146525502e-05
products_9,8.031971627224645e-05
minister_17,8.023642721423736e-05
million_13,8.009694125185165e-05
pennsylvania_3,8.005794980386691e-05
nyse_2,7.99507050389352e-05
bonds_2,7.971474055627654e-05
default_17,7.953688557506858e-05
opportunity_16,7.94664968862681e-05
pennsylvania_4,7.93483445406334e-05
profit_19,7.904090197985161e-05
products_16,7.858164076413197e-05
secretary_16,7.773543442671376e-05
sell_18,7.678906302215306e-05
present_3,7.654253348830796e-05
unemployment_7,7.63728998612208e-05
debt_6,7.58646359040673e-05
gains_20,7.502857844900304e-05
arts_2,7.464274542272793e-05
cash_16,7.458914678299614e-05
illinois_19,7.314006121052953e-05
firm_10,7.242153130313665e-05
opportunity_12,7.221929855849187e-05
opportunity_14,7.160798272875136e-05
representatives_15,7.106271693744076e-05
crisis_9,7.088556393266076e-05
ltd_3,6.97677649626169e-05
debt_8,6.9389480936145e-05
movement_17,6.930170716944378e-05
present_1,6.873685862267585e-05
marketing_19,6.847017247962669e-05
founded_11,6.84436788838034e-05
debt_17,6.791328760760326e-05
stocks_3,6.76991146481279e-05
environment_12,6.738927695816905e-05
stock_market_11,6.709193287319671e-05
global_6,6.637239648650535e-05
travel_13,6.59995469820233e-05
nyse_3,6.595402851688823e-05
finance_5,6.518221236724663e-05
bonds_15,6.484047204834115e-05
revenue_9,6.365021803019993e-05
hedge_13,6.224727038388706e-05
gain_1,6.206986058046102e-05
profit_1,6.109302499203362e-05
services_8,6.067417380415961e-05
investment_11,6.037088110255323e-05
dow_jones_13,6.032205092319202e-05
massachusetts_17,5.923578172747438e-05
banking_1,5.891926357380622e-05
gains_13,5.847332830645334e-05
arts_16,5.806096100744789e-05
marriage_20,5.717665888264288e-05
founded_5,5.673400555352039e-05
million_5,5.6401740683165196e-05
members_3,5.604332783047572e-05
members_15,5.479036696016906e-05
culture_14,5.4405613348205204e-05
investment_19,5.28079147968582e-05
bubble_11,5.142081905957218e-05
profit_4,5.1329935350535715e-05
DOW_JONES_5,5.1143831191992934e-05
crisis_19,5.0877158043120895e-05
default_16,5.026157968651921e-05
firm_2,5.007998113865812e-05
seats_15,5.0016903987650446e-05
firm_20,4.9407699325684665e-05
default_19,4.895816604744318e-05
default_4,4.851939964609869e-05
return_3,4.802739676000468e-05
DOW_JONES_13,4.750141707459002e-05
seats_7,4.738004909402112e-05
dividend_1,4.734562881595557e-05
trader_13,4.6785724142235115e-05
act_6,4.5998614607340033e-05
inflation_14,4.5956950282251263e-05
dividend_13,4.54325746923119e-05
pennsylvania_19,4.468579825206182e-05
firm_1,4.438405658641661e-05
seats_11,4.4206246260969634e-05
nasdaq_13,4.179541729128015e-05
inflation_10,4.1335936424258194e-05
seats_5,4.029622846124021e-05
default_7,4.0256539185683395e-05
inflation_20,4.019030439260082e-05
gains_15,3.9579147908144664e-05
nyse_13,3.946589231172079e-05
inflation_11,3.81299417248155e-05
william_3,3.723473838250238e-05
present_15,3.7083143749876305e-05
inflation_8,3.6917327592163986e-05
gains_4,3.667713981476611e-05
inflation_19,3.6245621941679414e-05
companies_7,3.569830549146766e-05
ltd_7,3.404935449106353e-05
gain_16,3.335549429627304e-05
profit_9,3.320939607096312e-05
minister_1,3.225081663160211e-05
success_6,3.1306594233777685e-05
representatives_10,3.107481920614592e-05
success_11,3.107216017604632e-05
political_5,3.0954666749100994e-05
hedge_17,3.0938099154965286e-05
vermont_8,2.963869768566503e-05
gains_14,2.926496835582901e-05
default_1,2.8514514997340097e-05
economy_5,2.8213810690067993e-05
council_2,2.7751267536348035e-05
nasdaq_10,2.7701248007654467e-05
bonds_5,2.598325231880928e-05
economy_2,2.5802258850073572e-05
opportunity_18,2.529234321517484e-05
debt_2,2.5021510435498414e-05
investment_3,2.475376074489313e-05
economy_6,2.4654851509154445e-05
ceo_5,2.3417351043333053e-05
invest_10,2.3210940778174503e-05
religion_13,2.172630736456026e-05
inflation_9,2.091769244135254e-05
hedge_12,1.9948159425320645e-05
elected_11,1.9136907568563282e-05
founded_14,1.881262509093217e-05
default_2,1.8748277213327767e-05
invest_17,1.7089962536607e-05
nyse_15,1.662499210190675e-05
debt_4,1.6180047692029627e-05
nasdaq_11,1.5921940205127643e-05
investment_12,1.580198740246904e-05
industry_2,1.5681554178475727e-05
ceo_11,1.5416431680549396e-05
dividend_7,1.4969209813088246e-05
inflation_16,1.3870024840473778e-05
dividend_16,1.3517004714320232e-05
representatives_3,1.3213328209259325e-05
elected_10,1.2136805524835406e-05
nasdaq_1,1.1484886460142367e-05
firm_7,1.0193049759066527e-05
hedge_7,9.967324345375271e-06
inflation_7,8.241634137337455e-06
vermont_16,7.342675965885088e-06
served_7,6.423160709430763e-06
default_6,5.904462304945536e-06
economy_15,5.509686275594674e-06
default_20,4.71959313405042e-06
hedge_9,3.27380799903856e-06
invest_15,2.7567625824707733e-06
marriage_13,1.0981246611158992e-06
investment_4,1.0756632551844168e-06
invest_8,1.02752110576577e-06
representatives_2,1.0169435337664414e-06
elected_1,6.734557793123042e-07
gains_1,6.285011884647668e-07
served_10,6.229149488839621e-07
inflation_6,2.659079746715296e-07
default_8,2.302888478988869e-07
gains_17,1.6826745751187858e-07
inflation_15,1.2972794917062942e-09
BUY_AND_HOLD_1,
BUY_AND_HOLD_2,
BUY_AND_HOLD_3,
BUY_AND_HOLD_4,
BUY_AND_HOLD_5,
BUY_AND_HOLD_6,
BUY_AND_HOLD_7,
BUY_AND_HOLD_8,
BUY_AND_HOLD_9,
BUY_AND_HOLD_10,
BUY_AND_HOLD_11,
BUY_AND_HOLD_12,
BUY_AND_HOLD_13,
BUY_AND_HOLD_14,
BUY_AND_HOLD_15,
BUY_AND_HOLD_16,
BUY_AND_HOLD_17,
BUY_AND_HOLD_18,
BUY_AND_HOLD_19,
BUY_AND_HOLD_20,
consume_1,
consume_2,
consume_3,
consume_4,
consume_5,
consume_6,
consume_7,
consume_8,
consume_9,
consume_10,
consume_11,
consume_12,
consume_13,
consume_14,
consume_15,
consume_16,
consume_17,
consume_18,
consume_19,
consume_20,
consumption_1,
consumption_2,
consumption_3,
consumption_4,
consumption_5,
consumption_6,
consumption_7,
consumption_8,
consumption_9,
consumption_10,
consumption_11,
consumption_12,
consumption_13,
consumption_14,
consumption_15,
consumption_16,
consumption_17,
consumption_18,
consumption_19,
consumption_20,
default_3,
default_10,
default_11,
default_12,
default_14,
default_18,
derivatives_1,
derivatives_2,
derivatives_3,
derivatives_4,
derivatives_5,
derivatives_6,
derivatives_7,
derivatives_8,
derivatives_9,
derivatives_10,
derivatives_11,
derivatives_12,
derivatives_13,
derivatives_14,
derivatives_15,
derivatives_16,
derivatives_17,
derivatives_18,
derivatives_19,
derivatives_20,
dividend_19,
economy_17,
elected_2,
elected_8,
elected_14,
elected_19,
financial_markets_1,
financial_markets_2,
financial_markets_3,
financial_markets_4,
financial_markets_5,
financial_markets_6,
financial_markets_7,
financial_markets_8,
financial_markets_9,
financial_markets_10,
financial_markets_11,
financial_markets_12,
financial_markets_13,
financial_markets_14,
financial_markets_15,
financial_markets_16,
financial_markets_17,
financial_markets_18,
financial_markets_19,
financial_markets_20,
fond_1,
fond_2,
fond_3,
fond_4,
fond_5,
fond_6,
fond_7,
fond_8,
fond_9,
fond_10,
fond_11,
fond_12,
fond_13,
fond_14,
fond_15,
fond_16,
fond_17,
fond_18,
fond_19,
fond_20,
forex_1,
forex_2,
forex_3,
forex_4,
forex_5,
forex_6,
forex_7,
forex_8,
forex_9,
forex_10,
forex_11,
forex_12,
forex_13,
forex_14,
forex_15,
forex_16,
forex_17,
forex_18,
forex_19,
forex_20,
gains_5,
gains_7,
gains_8,
gains_12,
greed_1,
greed_2,
greed_3,
greed_4,
greed_5,
greed_6,
greed_7,
greed_8,
greed_9,
greed_10,
greed_11,
greed_12,
greed_13,
greed_14,
greed_15,
greed_16,
greed_17,
greed_18,
greed_19,
greed_20,
headlines_1,
headlines_2,
headlines_3,
headlines_4,
headlines_5,
headlines_6,
headlines_7,
headlines_8,
headlines_9,
headlines_10,
headlines_11,
headlines_12,
headlines_13,
headlines_14,
headlines_15,
headlines_16,
headlines_17,
headlines_18,
headlines_19,
headlines_20,
inflation_1,
inflation_2,
inflation_3,
inflation_5,
inflation_12,
inflation_13,
invest_1,
invest_5,
invest_14,
invest_16,
invest_20,
leverage_1,
leverage_2,
leverage_3,
leverage_4,
leverage_5,
leverage_6,
leverage_7,
leverage_8,
leverage_9,
leverage_10,
leverage_11,
leverage_12,
leverage_13,
leverage_14,
leverage_15,
leverage_16,
leverage_17,
leverage_18,
leverage_19,
leverage_20,
lifestyle_1,
lifestyle_2,
lifestyle_3,
lifestyle_4,
lifestyle_5,
lifestyle_6,
lifestyle_7,
lifestyle_8,
lifestyle_9,
lifestyle_10,
lifestyle_11,
lifestyle_12,
lifestyle_13,
lifestyle_14,
lifestyle_15,
lifestyle_16,
lifestyle_17,
lifestyle_18,
lifestyle_19,
lifestyle_20,
marriage_10,
ministry_1,
ministry_2,
ministry_3,
ministry_4,
ministry_5,
ministry_6,
ministry_7,
ministry_8,
ministry_9,
ministry_10,
ministry_11,
ministry_12,
ministry_13,
ministry_14,
ministry_15,
ministry_16,
ministry_17,
ministry_18,
ministry_19,
ministry_20,
nasdaq_3,
nasdaq_9,
nasdaq_14,
nasdaq_17,
nasdaq_18,
nasdaq_19,
nasdaq_20,
nyse_4,
nyse_8,
nyse_19,
ore_1,
ore_2,
ore_3,
ore_4,
ore_5,
ore_6,
ore_7,
ore_8,
ore_9,
ore_10,
ore_11,
ore_12,
ore_13,
ore_14,
ore_15,
ore_16,
ore_17,
ore_18,
ore_19,
ore_20,
rare_earths_1,
rare_earths_2,
rare_earths_3,
rare_earths_4,
rare_earths_5,
rare_earths_6,
rare_earths_7,
rare_earths_8,
rare_earths_9,
rare_earths_10,
rare_earths_11,
rare_earths_12,
rare_earths_13,
rare_earths_14,
rare_earths_15,
rare_earths_16,
rare_earths_17,
rare_earths_18,
rare_earths_19,
rare_earths_20,
seats_20,
served_1,
served_2,
served_3,
served_4,
served_5,
served_6,
served_8,
served_9,
served_11,
served_12,
served_13,
served_14,
served_15,
served_16,
served_17,
served_18,
served_19,
served_20,
short_sell_1,
short_sell_2,
short_sell_3,
short_sell_4,
short_sell_5,
short_sell_6,
short_sell_7,
short_sell_8,
short_sell_9,
short_sell_10,
short_sell_11,
short_sell_12,
short_sell_13,
short_sell_14,
short_sell_15,
short_sell_16,
short_sell_17,
short_sell_18,
short_sell_19,
short_sell_20,
short_selling_1,
short_selling_2,
short_selling_3,
short_selling_4,
short_selling_5,
short_selling_6,
short_selling_7,
short_selling_8,
short_selling_9,
short_selling_10,
short_selling_11,
short_selling_12,
short_selling_13,
short_selling_14,
short_selling_15,
short_selling_16,
short_selling_17,
short_selling_18,
short_selling_19,
short_selling_20,
success_9,
tourism_1,
tourism_2,
tourism_3,
tourism_4,
tourism_5,
tourism_6,
tourism_7,
tourism_8,
tourism_9,
tourism_10,
tourism_11,
tourism_12,
tourism_13,
tourism_14,
tourism_15,
tourism_16,
tourism_17,
tourism_18,
tourism_19,
tourism_20,
transaction_1,
transaction_2,
transaction_3,
transaction_4,
transaction_5,
transaction_6,
transaction_7,
transaction_8,
transaction_9,
transaction_10,
transaction_11,
transaction_12,
transaction_13,
transaction_14,
transaction_15,
transaction_16,
transaction_17,
transaction_18,
transaction_19,
transaction_20,
vermont_2,
vermont_3,
vermont_5,
vermont_7,
vermont_9,
vermont_10,
vermont_11,
vermont_13,
vermont_14,
vermont_18,
vermont_20,
