feature,feature_score
william_19,0.009907382348867188
chance_15,0.004977587983313412
dividend_19,0.004963676183344983
hedge_3,0.0039781655930032425
market_14,0.00361724785107066
oil_3,0.0032291884894385487
economics_11,0.0032058783246296236
council_16,0.0031775503156672913
district_15,0.003093906541493193
garden_18,0.0030669613027077703
william_11,0.0029822264709103872
tennessee_18,0.002938256417807629
kentucky_7,0.002920297308731304
community_3,0.002803824177739755
business_8,0.002780090644151985
war_5,0.0027776886562810273
crisis_8,0.00273698834761318
health_14,0.002715192711155587
labor_11,0.0027051967428012727
washington_3,0.002696151422883325
energy_8,0.002693498613740893
happy_16,0.0026482535017540274
police_15,0.002639085956939249
arts_10,0.0026226531192014364
council_2,0.0026090856321590353
governor_11,0.002608877732063007
oil_20,0.002506422130353069
ceo_1,0.0025043785926856057
inc_3,0.002401051997682156
court_11,0.0023980245185980164
act_16,0.002394895158491106
trader_4,0.002357532704032712
color_14,0.002344716122022613
secretary_14,0.002313533576260724
washington_7,0.002259140106322525
community_18,0.0022132882378141025
court_18,0.002197703833271644
movement_17,0.002164726172191566
election_14,0.0021070131965403487
housing_5,0.002082525343950824
georgia_20,0.0020303692839879605
case_11,0.002028128672391283
dow_jones_9,0.002018147667668603
credit_5,0.002012953633334427
money_14,0.0019879416225039672
social_5,0.001962112695789923
social_4,0.001954851392873188
rights_18,0.0018961698167690448
war_14,0.001879130326149912
senate_9,0.0018624915102500852
fine_8,0.001843703022000238
fine_10,0.0018411734548314624
sell_4,0.001836912982400234
restaurant_3,0.001818378798106635
war_8,0.0018154081605351374
travel_4,0.0018013873793839847
elected_12,0.001793945634834363
virginia_17,0.0017841076839368649
union_3,0.0017750367814368085
blacklist_4,0.001774893032440454
stats_13,0.0017706301658401004
secretary_2,0.0017683356909218872
society_6,0.001755905113593834
market_19,0.001748694077449826
oil_16,0.001737690496170089
secretary_10,0.0017355843721040766
york_4,0.0017313625299495714
service_9,0.001714899766385503
election_3,0.0017083669141914404
fine_6,0.0017057750106755298
buy_8,0.0017049204589557525
million_17,0.0017049099806814936
senate_18,0.0017021128429052256
inc_12,0.0016963941293541107
debt_14,0.0016949746980298426
economic_5,0.0016883233560834642
media_19,0.0016722416940730882
color_13,0.0016627690032223026
republican_18,0.0016571668888498787
judge_2,0.0016567402210438042
legal_9,0.0016558839005334448
portfolio_9,0.0016462769630484473
war_9,0.001622548915513846
credit_11,0.0016158127803021073
justice_17,0.0016007198916503337
political_13,0.0015804969976369973
fun_19,0.0015703567534514115
democratic_19,0.001543328951669356
political_14,0.0015309039177472598
massachusetts_4,0.0015219186055488874
garden_14,0.0015211783907646936
war_2,0.0015051940213421475
office_15,0.001499494780085162
case_17,0.001479983808029436
markets_13,0.0014785712199364555
seats_1,0.001446702954456366
legal_3,0.001441806529158917
opportunity_17,0.0014339520726523753
buy_17,0.0014313814962212046
restaurant_14,0.0014303202332674302
government_14,0.001416586011955684
water_5,0.0014125459156274095
county_12,0.0014123013858958536
council_3,0.0014006017884037414
republican_4,0.0013959856848712155
service_20,0.001388392684984592
return_12,0.0013722930805469165
markets_20,0.0013717605439426015
global_6,0.0013717066852890333
culture_19,0.0013711834760341255
texas_15,0.0013671260464470088
community_5,0.0013643796281855225
cancer_12,0.0013619256892969714
bonds_5,0.0013513792620305136
home_19,0.0013496512738549993
world_6,0.0013369824077774904
happy_14,0.0013361298866129258
house_4,0.0013267869348677216
economy_1,0.0013080652896147232
justice_13,0.0012982571546020724
york_17,0.0012695890269412385
college_18,0.0012678858349228885
happy_15,0.001265955714565791
republican_5,0.001263849727868315
restaurant_16,0.0012538572082608176
founded_14,0.001244435910257072
district_13,0.0012413587389646509
security_4,0.0012376215057022992
court_14,0.0012364130075709096
college_17,0.0012300780501023195
members_19,0.00122370095083286
ltd_5,0.0012204213061622249
housing_4,0.0012190834313839426
development_4,0.0012170234975871766
color_8,0.001210607200216593
ohio_2,0.0012053018177118748
democratic_10,0.0012025030598549265
risk_6,0.001187927267575168
services_16,0.0011874707620711249
illinois_2,0.0011698430397289214
trader_11,0.0011243148228922961
party_11,0.0011228978414294859
president_1,0.0011195530125269226
food_14,0.001119288670763209
stock_market_5,0.0011171531852452712
stocks_4,0.0010964780927684627
members_13,0.0010851596375601753
DOW_JONES_14,0.0010840668944798494
oil_11,0.0010820763826069162
virginia_10,0.0010817386033151607
politics_11,0.0010769898720885832
credit_10,0.0010671968828091874
technology_8,0.0010661371274003641
movie_3,0.0010629058299410352
financial_15,0.0010560403295085672
movie_14,0.001046257539479777
government_20,0.0010458230368003939
market_9,0.0010452035412540591
seats_19,0.0010417757156524858
office_8,0.0010417490843797948
union_1,0.0010387311936807255
rights_4,0.001035649859862558
lifestyle_12,0.001030924255272532
success_1,0.0010297358367856511
politics_3,0.0010242296002462268
restaurant_7,0.0010173621539174087
fun_6,0.0010164474688800576
rights_20,0.0010148124855512168
fine_19,0.0010117041184761599
missouri_4,0.0010056941028028434
crash_16,0.0009926467227589254
county_11,0.0009904781896319906
companies_19,0.000987566556710975
buy_20,0.0009773768239817221
party_10,0.0009767912460344193
members_18,0.0009762952520700383
war_18,0.0009721303589272127
credit_1,0.00095853724649954
labor_16,0.0009557990234915047
management_19,0.0009549576804702377
rich_16,0.0009541238370802649
district_6,0.000939184218576473
growth_10,0.0009360265586729948
present_11,0.0009301852682636972
rich_19,0.0009241784358257038
ltd_18,0.000923901887891769
secretary_3,0.0009156501399001564
council_12,0.0009101812418242988
politics_5,0.0009044670957772564
court_7,0.0009027220060701877
risk_7,0.0009023915970394651
texas_11,0.0009000360777202074
opportunity_14,0.000898976832441883
justice_12,0.0008961833715303363
massachusetts_11,0.0008938896571508619
rights_9,0.0008913305221243186
returns_9,0.000888184585599631
elections_16,0.0008862756375249043
service_19,0.0008790754155285855
car_1,0.0008757278110788151
chance_13,0.0008744499115282582
union_6,0.0008714352548504338
stock_market_12,0.0008689692164609286
pennsylvania_6,0.0008683473883284062
governor_15,0.000865901085713429
ceo_2,0.0008635016876214216
fine_2,0.0008630559362213168
dow_jones_18,0.0008563924944638407
federal_17,0.0008558898087570381
movement_4,0.0008548522925904953
restaurant_6,0.0008503050659191935
home_6,0.0008462152960853869
travel_15,0.0008395153773457231
election_19,0.0008382337885257176
buy_3,0.0008381686921992106
service_4,0.0008366411437635013
color_2,0.0008357800408562452
texas_7,0.000834884993236747
movie_10,0.000827117198185526
water_12,0.0008266043139397147
technology_10,0.0008258124265042486
color_6,0.0008252649551014786
founded_9,0.0008235207560972617
cash_7,0.0008233741920379547
texas_16,0.0008198105665450798
development_10,0.0008159746308151642
oil_13,0.0008131786875774352
oil_9,0.0008113125884273838
committee_18,0.0008109129676046826
finance_12,0.0008023985919256558
train_14,0.0008022990914255254
project_14,0.0007988143684193701
stats_8,0.0007983590751775147
committee_19,0.0007978282831299334
gold_18,0.0007969028329920991
social_9,0.0007935216158928977
union_15,0.0007898769440971867
opportunity_20,0.0007896726400973367
social_19,0.0007882243089263469
stocks_16,0.0007854719872085553
house_13,0.0007847267651766699
car_16,0.0007829396866205126
dividend_20,0.0007794048172439806
founded_4,0.0007791373727892559
conflict_15,0.0007783318396417481
election_13,0.0007732592340367282
senate_3,0.0007722099214379299
ring_3,0.0007702448470887207
finance_2,0.0007662500166285573
county_3,0.0007655709580186022
washington_13,0.0007646406440555009
financial_11,0.0007626843736126128
marketing_13,0.0007611914579288211
federal_8,0.0007584890429846455
banking_6,0.0007549951272465147
pennsylvania_10,0.0007498521060827362
train_5,0.000747251306791275
home_15,0.000746902373583205
management_14,0.00073974565047633
culture_1,0.0007394535177788151
pennsylvania_8,0.0007391069361852191
buy_14,0.0007375997885917232
unemployment_4,0.0007366498093743692
opportunity_3,0.0007362640680671289
financial_9,0.0007359723077286291
missouri_16,0.0007355466949169402
pennsylvania_1,0.0007320452994340553
million_5,0.0007300738062525633
votes_16,0.0007283989820875853
tennessee_10,0.0007277627492463028
pennsylvania_2,0.0007270435040747841
holiday_4,0.0007270162783948947
cash_14,0.0007268766985856015
seats_15,0.000726654156606686
fed_8,0.0007265313716373457
politics_19,0.0007261718193188254
food_11,0.0007216659657898566
college_8,0.0007213130218882563
garden_7,0.0007182405961046963
portfolio_18,0.0007161974210328969
companies_3,0.0007160442809088214
rich_18,0.0007159295488923035
bonds_10,0.0007158352739967214
unemployment_13,0.0007151710162996872
stock_market_2,0.000714546110687568
business_13,0.0007132378257556887
color_20,0.0007124215681022057
market_4,0.0007123686801257152
union_19,0.0007113030094800723
energy_3,0.0007094950871745271
election_4,0.0007049722032031041
bank_14,0.0007012262665029558
community_4,0.0007007393503822866
million_19,0.0006983716333863457
debt_6,0.0006932808672827301
rights_12,0.0006927999104314036
society_9,0.000689622862882553
global_9,0.0006859203807713641
garden_9,0.0006857219959616037
blacklist_11,0.0006855446530925356
gold_8,0.0006833234393993262
nasdaq_5,0.0006809921640602019
home_1,0.0006802088607231009
house_7,0.0006793422523939159
kentucky_12,0.0006787996966527622
portfolio_8,0.0006754933409336317
economy_6,0.0006752193680835686
credit_13,0.0006750178073719978
crash_8,0.0006744325482057169
returns_5,0.0006732472192433541
marriage_3,0.0006725741183471293
garden_3,0.000671585340816575
judge_17,0.0006675792942152423
return_16,0.0006655397657563212
firm_3,0.0006610984193633492
movie_1,0.0006595530928057385
president_4,0.0006583953111400668
culture_4,0.0006566681247035602
train_2,0.0006562538009569754
bank_17,0.0006535131868849242
senate_4,0.0006505033381753148
religion_2,0.0006499086122417699
trader_19,0.0006497640492332728
garden_1,0.0006494746517135543
color_9,0.0006493373834007247
governor_19,0.0006471888147316894
tennessee_19,0.0006467249429208952
marriage_14,0.0006453207794376063
banking_4,0.0006449052239829169
cash_20,0.0006423298333246778
garden_17,0.0006408250928355068
restaurant_5,0.0006398686234402349
gain_7,0.0006390770721938942
culture_15,0.0006388491365779843
blacklist_16,0.0006368998130743535
holiday_17,0.0006366882383266612
labor_14,0.0006362510351361693
union_5,0.0006362339993796973
votes_7,0.000636153200761192
council_11,0.0006361252224684132
social_2,0.0006326543187608887
legal_4,0.0006324870327695808
food_3,0.0006317925450514923
missouri_18,0.0006303726595521434
water_16,0.0006291457550225174
gold_2,0.0006237928793460874
members_1,0.0006218060241077638
virginia_9,0.0006199063094339054
security_14,0.0006183376569021577
william_9,0.0006149792991653768
development_5,0.0006149323993589184
missouri_1,0.0006104323975423041
society_4,0.0006100604851304784
metals_15,0.0006083774519985298
opportunity_19,0.0006043541359629403
global_8,0.0006029539955182433
fun_5,0.000602534819901129
health_18,0.0006020558281437358
york_5,0.0006020471976078934
corporation_18,0.0006019859072009327
water_4,0.0005993012822794457
carolina_12,0.0005988349813632559
society_3,0.0005986324540377383
politics_16,0.0005980623249315691
finance_4,0.0005980192560937602
kitchen_10,0.000595766153480421
investment_6,0.0005947688477486593
blacklist_7,0.0005941887785907044
economic_9,0.0005939687578901415
color_15,0.0005925692707680402
dow_jones_14,0.0005924426926295465
county_1,0.0005923673454476376
governor_16,0.0005918917065490339
products_18,0.0005915408117760771
conflict_7,0.0005906097553576148
food_10,0.0005888788157240351
inc_7,0.0005887544916197764
voters_9,0.0005882125803165684
texas_14,0.0005855872057686737
management_9,0.0005850484918434359
war_19,0.0005837280794784352
ring_18,0.0005837136828077558
missouri_20,0.0005833428249541825
chance_20,0.0005818299899712487
services_3,0.0005797580537539457
bank_4,0.0005788090665981955
members_15,0.0005786706499980341
texas_20,0.0005772523366337522
marketing_18,0.0005767348624343415
crash_7,0.0005753831060860722
restaurant_15,0.0005741903428164894
credit_17,0.0005740664574224582
union_10,0.0005736527987540693
wisconsin_17,0.0005736300703013506
votes_11,0.0005704299537121032
world_9,0.0005661182476302319
market_1,0.0005659925169005798
unemployment_14,0.0005651768591862561
million_9,0.0005649304910769602
money_11,0.0005645081625287508
georgia_14,0.0005628825757137603
food_19,0.0005621107265804472
york_9,0.0005604104361321106
election_16,0.0005598880071608644
service_1,0.0005585354853349318
metals_19,0.0005577616947707279
oil_6,0.0005577257765835038
culture_13,0.0005573490715791593
bubble_18,0.0005563880312790526
washington_15,0.000554883121023249
project_7,0.0005546937058447998
virginia_8,0.0005542828036110035
debt_10,0.0005529711014292698
texas_12,0.0005503184866922929
virginia_5,0.0005483670208239411
bank_13,0.0005469215175240826
law_8,0.0005468653977004191
governor_3,0.0005464197251146825
fed_19,0.0005453687923089355
bank_19,0.0005450803447929595
rights_17,0.0005450694109417662
act_17,0.0005439258646851744
home_7,0.0005417980135769434
movement_3,0.000541364262743593
money_19,0.0005396481376496306
restaurant_20,0.0005386250410894653
wisconsin_14,0.0005378066914792562
success_6,0.000537738927606063
dow_jones_1,0.0005373090816049767
wisconsin_4,0.0005372017455535728
office_3,0.0005367973055696788
election_7,0.0005365705613281066
college_16,0.0005358944703198284
police_1,0.0005341357512951314
project_10,0.0005340974432926182
movement_19,0.0005340787467381458
office_12,0.0005338480957810494
members_10,0.0005311909426463796
home_18,0.0005307838740625477
markets_15,0.0005305987281293703
party_6,0.0005289239812884521
companies_15,0.0005288005204467908
legal_5,0.0005285762135525642
washington_14,0.0005270068799157981
fun_16,0.0005261813342721125
firm_10,0.0005260144933502321
representatives_16,0.0005243983882676662
founded_1,0.0005241498597428013
rights_16,0.0005228355377911547
college_20,0.0005228105299052483
virginia_13,0.0005225691915847118
york_7,0.0005223908452543743
economics_14,0.0005220721285624476
carolina_10,0.0005220458592957696
georgia_9,0.0005215736658571589
health_16,0.0005211419675480385
success_13,0.0005200216501181946
present_16,0.0005198642304032454
president_19,0.0005193741904357152
election_15,0.0005188393652428551
fine_20,0.0005182158073276357
law_19,0.0005175466223130711
corporation_5,0.0005174810829019663
ltd_8,0.0005172068205634543
labor_3,0.0005165177536414602
secretary_5,0.0005164078118632273
society_7,0.0005161919003150303
inc_20,0.0005155828771013221
home_9,0.000515468423622149
present_6,0.0005149985694331424
votes_3,0.0005144898874529085
fine_15,0.0005119142487061356
buy_13,0.0005116035632951714
republican_19,0.0005112799997568759
media_17,0.0005110035750437982
county_9,0.0005097249843334144
freedom_13,0.0005082425762571595
fine_14,0.0005069589015919523
wisconsin_20,0.0005054336381201029
ring_14,0.0005049965784224634
economic_15,0.0005043710400360762
nyse_16,0.0005037520704601751
office_19,0.0005009849128972848
media_9,0.0005004995141358878
finance_8,0.0005003739522995602
sell_15,0.0004999793000167974
party_12,0.0004985408349139004
party_20,0.0004983466103413769
sell_7,0.0004977929326596891
district_5,0.0004974456087602588
economics_10,0.0004969679254633731
house_14,0.0004931347367726587
money_1,0.0004926817638061305
ohio_7,0.0004926533281764023
nasdaq_3,0.0004922966540654953
products_16,0.0004907977763453713
inc_19,0.0004907206947400828
movie_5,0.0004906760925427014
ohio_19,0.0004892736549924928
security_2,0.0004892351005329975
court_4,0.0004889940535804913
markets_14,0.00048808204988143886
opportunity_13,0.0004876889692627575
service_14,0.0004874811326176936
founded_10,0.0004863203083887036
votes_10,0.00048601007521246163
pennsylvania_4,0.00048576845938906555
georgia_18,0.00048539469800746465
bank_2,0.0004845696385147051
cash_10,0.0004838032897723085
governor_9,0.00048350074981357596
elections_6,0.00048218353228430633
government_9,0.0004817330171266915
buy_18,0.0004798699001034289
debt_3,0.00047977400376263206
chance_17,0.0004782003627631657
growth_17,0.0004776108164446934
portfolio_19,0.00047687165524620725
health_8,0.0004767889867157257
elections_7,0.0004765446889163383
arts_9,0.00047629604273654094
party_2,0.00047626412015272117
world_14,0.0004757037873548587
security_1,0.0004747608448818288
financial_19,0.00047253226611807805
ring_6,0.00047252300394336915
freedom_15,0.0004720709332752713
crash_3,0.00047074390497930783
gold_20,0.0004704928874592276
restaurant_1,0.00046942902083999216
founded_16,0.00046897581174023113
committee_5,0.00046780230507507373
DOW_JONES_5,0.00046726545319729503
services_11,0.0004664812211743202
garden_19,0.0004661550247740374
loss_10,0.00046605270116753116
rich_20,0.000466044600402121
earnings_17,0.00046578168626461866
freedom_17,0.00046546658927967247
social_15,0.00046362191175231405
development_14,0.0004633377655550127
election_10,0.00046321733481939804
home_5,0.000462673732040328
energy_2,0.0004613725814672925
buy_11,0.00046124658065734784
political_20,0.00046102079918291464
college_1,0.0004597323023605976
happy_4,0.00045953927387720186
service_6,0.00045832440306895665
DOW_JONES_1,0.00045814448040198025
william_17,0.00045683181785065134
secretary_6,0.00045621037100993065
representatives_5,0.0004561663329827988
world_5,0.0004555371636501777
society_1,0.00045469062168882607
vermont_2,0.00045456916730083
restaurant_4,0.00045392049196091386
DOW_JONES_7,0.00045327863871844656
banking_15,0.00045299661632008535
federal_14,0.0004526455247211617
kitchen_20,0.0004522651579083
million_1,0.0004518858315855684
credit_12,0.00045160374100058134
metals_5,0.0004511243211350956
tennessee_6,0.0004506170540299872
house_19,0.0004503382970999489
growth_19,0.00045023303019579934
georgia_17,0.0004496383442170325
act_1,0.00044800955286587355
color_10,0.00044747194827187694
fine_9,0.0004469316580774088
DOW_JONES_18,0.00044683742806912393
election_6,0.00044669312404291083
union_7,0.0004466865220349375
holiday_15,0.00044584320122355184
political_2,0.000445380329706571
social_3,0.0004440499621257213
crash_17,0.00044367699304303035
returns_16,0.0004436712362716387
inc_1,0.0004436456686930758
earnings_4,0.00044236195057573445
party_5,0.0004389973728931709
missouri_2,0.00043867518203993865
crash_13,0.00043815050259749904
washington_16,0.0004379543799938227
economics_8,0.000437476133184252
opportunity_1,0.0004368553323089552
growth_20,0.00043667429105299314
train_6,0.00043611061082896003
governor_17,0.00043606177556772485
portfolio_11,0.00043554431898363687
federal_1,0.00043540984488619973
dow_jones_5,0.0004339683190849938
rich_2,0.0004334337547065628
war_7,0.0004328926524278203
union_14,0.00043263041963497156
president_9,0.0004300099257699725
freedom_3,0.0004298208380367253
president_2,0.000429323403251208
dividend_7,0.0004293000332548228
services_20,0.0004292024843457933
texas_17,0.0004291373919782334
market_20,0.00042912557261250937
firm_14,0.0004287038913991063
services_13,0.0004275836500670648
energy_5,0.0004274703701620084
legal_19,0.00042625062527966895
court_2,0.000426204350585568
union_18,0.0004251709152409217
restaurant_8,0.0004249924452409223
secretary_11,0.0004247902089082545
political_19,0.00042389316245807797
democratic_13,0.0004233015774403512
dow_jones_10,0.0004231686949356602
products_20,0.0004229743632900386
senate_11,0.00042229278560388864
secretary_13,0.0004213993828787181
district_18,0.00042114093934474985
community_12,0.000420276513345588
district_11,0.0004202553170445113
movie_8,0.00041971877679400127
act_20,0.0004188369887281986
office_4,0.0004185540092412956
corporation_19,0.0004175399498759074
political_10,0.00041752861400090737
texas_18,0.0004173485276944129
blacklist_15,0.0004172762478847876
elections_15,0.00041679135186954637
elected_4,0.00041676236721752586
court_16,0.00041528793631770953
corporation_9,0.00041461283326570906
crisis_13,0.00041460509373458684
bubble_15,0.0004142898381271924
cash_16,0.00041360123530790216
religion_12,0.0004135225800046813
technology_18,0.00041337574460664534
business_18,0.0004131986561043757
fun_14,0.0004129426385278356
movie_19,0.00041277702781775496
sell_2,0.000412284340410007
growth_4,0.00041182031886797903
holiday_2,0.0004106179777469421
cash_6,0.00041048786768891363
founded_17,0.000410054117787656
happy_20,0.00040941172914453743
car_14,0.0004085186812629575
elections_11,0.0004083206029054868
election_9,0.000408302045527172
office_1,0.0004079730004241805
college_6,0.00040795707260449617
DOW_JONES_19,0.0004075786771934095
kentucky_8,0.0004074377344251949
county_18,0.00040742265204990566
investment_20,0.0004055854101284244
democratic_16,0.00040535054397509057
risk_5,0.0004051488563956884
risk_1,0.00040459762894972783
bubble_4,0.00040456946150754683
washington_10,0.0004045548706321029
president_15,0.0004045029409704672
fun_1,0.0004044813591660807
college_13,0.00040326551243408587
lifestyle_1,0.0004014864097143952
rights_6,0.00040146090744602687
service_10,0.0004010401275266751
judge_8,0.00040048332984845495
political_5,0.0004004066291261841
freedom_11,0.00039987078985353363
government_2,0.00039920553355099486
ring_8,0.0003985560827504921
invest_7,0.00039736639169075656
car_8,0.0003969804798967885
buy_5,0.00039651767427975815
debt_17,0.0003963770564426107
travel_6,0.000395728787641693
culture_18,0.0003953433285543548
finance_14,0.0003934970690358961
community_2,0.0003929387794841004
ohio_18,0.0003927850809816084
economic_14,0.0003918213136234236
sell_1,0.00039002613548562117
government_4,0.00038985707798980116
million_6,0.000389535647710493
founded_8,0.00038943568996566087
conflict_13,0.00038937430096712416
risk_14,0.0003882468247873368
massachusetts_1,0.0003880144504559263
missouri_7,0.0003878003735378304
founded_19,0.00038666391341388796
freedom_4,0.0003860091136601869
elections_18,0.0003857979212463597
tennessee_8,0.0003857277732735647
rights_19,0.0003855446224326931
trader_15,0.0003848985245888616
holiday_14,0.0003848600472302788
secretary_12,0.000384512056328853
law_2,0.0003844202548882487
georgia_1,0.0003843262708613031
global_20,0.0003843032483421853
georgia_19,0.00038267039104647
service_8,0.0003826141349399603
travel_14,0.0003822865332130647
services_10,0.00038176525642786955
loss_6,0.00038163666707072237
governor_6,0.0003811311109113281
dow_jones_17,0.00038105690804160253
ohio_4,0.0003810256976699114
buy_19,0.00038059993292243903
ohio_8,0.00038018591124399325
office_13,0.0003797745990471155
opportunity_18,0.0003797331511596535
democratic_18,0.0003791988714565596
project_8,0.0003785335978133185
social_18,0.00037787221610835817
debt_13,0.0003776705810019365
government_1,0.00037709615638671363
services_9,0.0003770147170536998
kitchen_8,0.00037673896284753835
dow_jones_2,0.0003765471088366026
georgia_8,0.00037618324386832596
culture_20,0.00037610284949228577
stock_market_14,0.0003751067523547881
water_14,0.000374908716622288
money_18,0.0003748518371041935
wisconsin_18,0.00037464991829885564
carolina_5,0.0003739296836629479
stock_market_16,0.0003739127710996608
gain_8,0.0003737450792827287
ohio_11,0.00037356024989377553
market_15,0.00037351770273705867
movement_18,0.00037298468322120187
election_17,0.00037246480996091716
war_4,0.000372358556245908
society_18,0.000372042009838337
cash_3,0.0003718598239255769
marketing_5,0.0003718353654905669
york_18,0.0003712856115374541
elections_8,0.0003711162470057642
carolina_18,0.00037105636940825554
car_4,0.0003707244607326148
credit_8,0.0003704578564624703
minister_9,0.00037026877101299465
elections_5,0.00037026213988034667
opportunity_4,0.00037019600810395554
management_4,0.0003701726672754797
holiday_20,0.00036987895717947443
return_18,0.00036925136768654177
opportunity_16,0.0003683204294055808
marketing_15,0.0003674696066607899
kitchen_9,0.00036743717034680055
risk_8,0.000367218411999023
banking_20,0.00036715095496192335
restaurant_10,0.0003670801449894692
kentucky_10,0.00036693635069911927
dividend_1,0.0003667966166021348
ring_13,0.0003666065931798576
college_19,0.0003660112363881464
inflation_14,0.0003645466992683043
tennessee_12,0.000364191771778842
car_17,0.0003640132397537016
district_1,0.00036389398257898156
movement_7,0.00036368877675149313
corporation_13,0.0003635476167565648
market_5,0.00036233694524339234
project_11,0.0003620167963567634
fine_11,0.0003619002781625877
garden_2,0.0003611812803336377
million_13,0.0003609304596566951
federal_19,0.00036077257411827796
senate_8,0.00036014714114128454
police_2,0.00035977455902974783
stats_17,0.00035972958077732465
stats_20,0.00035925339530722605
religion_14,0.0003581957979847668
crisis_5,0.00035806784853749445
texas_5,0.00035771173164566466
chance_16,0.00035748756898924816
DOW_JONES_4,0.000356647852956862
returns_17,0.00035660175133506085
office_2,0.00035629533265764114
republican_11,0.00035608020186894684
products_2,0.0003560325326936653
ohio_17,0.00035580478499508823
ltd_4,0.0003556677219081588
loss_1,0.00035542778747018586
dow_jones_11,0.0003552830400617955
police_5,0.0003552318698991415
county_13,0.00035508099637052165
house_1,0.0003550279114964435
government_5,0.00035499144703855865
dow_jones_13,0.000354755040155251
william_14,0.00035462026777425713
labor_13,0.00035454147204034225
return_15,0.0003541474364405127
financial_13,0.0003536733300489683
lifestyle_2,0.0003532547617455888
missouri_14,0.00035292060322889414
money_9,0.000352487260201523
cash_12,0.0003524107581951683
trader_16,0.0003521306790673062
hedge_14,0.00035162878712625685
management_2,0.00035119297606500303
president_3,0.00035105759220475284
judge_19,0.00035091669135975373
georgia_11,0.00035056176768061167
firm_19,0.0003505183478896177
returns_11,0.0003504774529494892
success_19,0.00034957370388648284
texas_4,0.0003489448813916522
health_6,0.00034885629806962815
district_10,0.000348732736737747
companies_7,0.00034867288817709867
cash_18,0.0003485146331513212
media_20,0.00034826399964604
members_9,0.00034806908106659355
color_1,0.00034805113664537713
secretary_20,0.00034802510514745185
energy_20,0.0003479959415476732
seats_20,0.0003477871649088715
crisis_6,0.0003476290069461222
texas_9,0.00034755958663363793
washington_6,0.000347462779851062
economy_20,0.0003472674350108603
credit_9,0.0003472195877144255
district_19,0.00034682480051927085
wisconsin_1,0.0003467898815566322
loss_17,0.0003464917020788868
project_3,0.00034610454503442885
loss_16,0.00034507465960356004
loss_15,0.00034505697915225027
justice_15,0.00034461816510343915
gold_3,0.0003441073181004444
virginia_14,0.00034383606563665635
virginia_2,0.0003432064410512292
restaurant_17,0.00034319865352378903
million_3,0.0003431706212003305
restaurant_9,0.00034286621915736873
food_6,0.0003427211760982305
oil_17,0.0003425284803796888
governor_8,0.00034207594405191147
county_5,0.0003412859713088851
arts_11,0.00034110963992017835
arts_18,0.0003405252540432318
missouri_12,0.0003403390405127748
senate_15,0.0003399605800610712
car_18,0.000339665180823325
health_9,0.0003396641794523457
york_3,0.00033951459841218196
pennsylvania_7,0.00033945706981602073
act_2,0.0003390843747708929
washington_20,0.0003389726407458585
development_1,0.00033860311892890344
loss_5,0.00033837753373379864
ohio_20,0.00033796422436138836
federal_15,0.00033692344645367713
gain_4,0.0003369179835768436
global_5,0.0003364322626925833
sell_17,0.00033609418550645714
housing_11,0.00033549356756327873
dividend_6,0.00033546128534112253
money_3,0.00033535168367330336
freedom_20,0.00033531088633780335
corporation_15,0.0003350959615900101
food_18,0.0003348130085523432
governor_2,0.0003348049455848138
county_10,0.00033407593565526
development_17,0.00033401764288726283
president_14,0.0003332211727487129
risk_15,0.0003330098685118772
dow_jones_16,0.00033259506901680517
county_4,0.00033252330863014237
kentucky_15,0.00033186703401034257
conflict_19,0.00033154567508207665
case_7,0.00033152310058979915
food_1,0.00033126158846477757
sell_12,0.0003311128143683725
movement_1,0.0003307857457022755
council_1,0.00033055543202924334
stats_9,0.0003289100010898397
million_7,0.0003288678530880788
rich_8,0.00032879734287787375
party_13,0.0003285928083813964
train_17,0.00032850996271377203
nyse_11,0.00032832039573659936
happy_10,0.0003281203997511801
votes_20,0.00032799519512952824
inc_2,0.0003279919959798837
voters_12,0.00032796705070355244
georgia_2,0.00032782508303586834
party_17,0.00032726571994164876
car_7,0.00032722013383270715
travel_5,0.00032672517859389465
virginia_18,0.00032659011907407604
environment_10,0.0003263562189412291
rich_5,0.0003263335580159055
portfolio_12,0.00032624199354127384
holiday_6,0.00032562969133511803
movie_11,0.00032523334243887356
legal_8,0.00032498056010840665
georgia_5,0.0003249246959901962
movie_15,0.0003245439510219315
car_11,0.0003242935932120669
global_18,0.0003242713432339667
stats_2,0.00032400064384195936
college_12,0.00032378563884305803
committee_17,0.00032321178685315496
holiday_19,0.0003225846019265049
religion_11,0.0003222335507652428
case_9,0.0003220550817186257
business_14,0.00032200182496816733
million_15,0.0003219149004769839
political_7,0.00032152662497217274
money_10,0.00032122910106474487
fed_10,0.0003209715748571318
DOW_JONES_13,0.0003206927650631
car_13,0.0003206336621933582
economics_19,0.00032043054177479627
community_20,0.00032033601072361585
wisconsin_5,0.00032022429832653614
president_20,0.0003197492851305644
fine_4,0.00031914866758779104
markets_10,0.00031913512581771233
home_10,0.00031905959038143467
firm_18,0.0003189690110915368
invest_19,0.00031884911467397405
world_10,0.0003188316568849853
wisconsin_19,0.0003187428207281189
court_3,0.00031812627322486413
chance_7,0.000317915826114748
credit_6,0.0003178991640587965
council_17,0.00031770354259218913
ltd_14,0.00031768461170853847
community_14,0.00031766979155344255
management_10,0.00031739088645251184
development_18,0.000317356608323567
water_1,0.00031728345048364227
technology_4,0.0003165622561037309
management_18,0.000316429669302795
unemployment_7,0.00031552279895472615
war_16,0.0003154467251801393
federal_9,0.00031509415957763396
products_4,0.0003150334806390932
council_9,0.0003149332807384885
fed_9,0.000314680565528714
dividend_13,0.00031450551583507547
district_16,0.0003144391909825843
housing_17,0.00031429210304575534
office_5,0.00031411431902924746
committee_10,0.00031366333491899466
stock_market_18,0.00031329950792589683
world_20,0.00031305276372610896
travel_3,0.00031286881538410816
global_15,0.0003117250380476129
opportunity_8,0.0003106117966664901
rights_13,0.00031039499034987017
bank_7,0.00030992895569606466
firm_6,0.00030967787681155935
returns_15,0.0003096633172140891
service_2,0.000309543783991742
union_12,0.0003093856255459306
elections_14,0.0003093567224105029
global_14,0.00030878626639607856
nasdaq_14,0.00030858160336026165
texas_2,0.00030785374436855363
elections_19,0.00030774816689426257
york_10,0.00030736318393902184
movement_15,0.00030731052160402997
firm_11,0.00030718035587539913
bubble_9,0.00030657382258403646
buy_16,0.00030532461993961185
elections_20,0.0003052965291152116
social_20,0.00030513610632023366
inc_5,0.0003050659723288009
revenue_2,0.0003047909883925042
metals_6,0.0003046391604224545
health_1,0.00030449930412339337
district_7,0.00030438478961279387
texas_6,0.00030432998487413737
inc_18,0.0003041660309813465
committee_7,0.0003041640254341583
political_16,0.0003035112743637588
texas_1,0.00030325532377393447
cash_1,0.00030325086335155645
risk_9,0.00030282379925087563
markets_19,0.0003027179559988279
district_8,0.00030265664263319075
fun_8,0.00030256413695256985
DOW_JONES_10,0.00030254674280200464
stock_market_10,0.00030236231846533963
home_11,0.00030221026482712217
votes_8,0.0003020316113057081
kentucky_17,0.0003011245822422604
marketing_12,0.000300761423575139
votes_19,0.00030061655554070537
carolina_9,0.0003003818844831764
police_7,0.0003001162763240733
judge_5,0.0003000732760603816
fun_10,0.00029957471185168035
profit_10,0.00029946424800316595
technology_20,0.0002992626178317516
financial_20,0.0002992087809737045
kentucky_2,0.000299013689073543
court_1,0.0002986956411757808
labor_19,0.00029869373429629005
service_16,0.0002985192617404118
return_20,0.00029832702721875403
travel_11,0.00029786523731842107
service_15,0.00029753761568864737
politics_8,0.000297291646418509
founded_20,0.00029646338257054643
massachusetts_15,0.00029615728852580494
council_7,0.0002961497264564978
services_5,0.0002960967264471725
marketing_8,0.00029596835994134563
case_8,0.00029577860260974846
tennessee_4,0.0002954070678433368
committee_8,0.0002952224602366364
founded_11,0.00029507254436293104
politics_12,0.00029502453704676135
finance_6,0.0002949433334184
invest_6,0.0002947472084953434
court_10,0.0002946925163677013
police_11,0.0002945927145805908
portfolio_6,0.0002943948385344001
products_11,0.00029395988456543365
war_15,0.00029350214381714847
labor_18,0.0002934427278194209
governor_13,0.0002932250995098606
development_20,0.000292553216663087
senate_6,0.00029243577152497733
conflict_18,0.00029232793947776603
inc_9,0.0002922936564316065
office_10,0.0002920323389037512
law_13,0.00029182084108230014
house_8,0.000291478503212997
elections_1,0.00029131758598664953
virginia_15,0.0002912027432974609
politics_15,0.00029112692391224744
market_2,0.0002908941761271362
virginia_20,0.00029068604832864123
ring_10,0.00029067566950213847
metals_12,0.0002903440722456193
travel_9,0.00029031359315724955
tennessee_5,0.0002899222032031816
law_14,0.0002896859214277842
happy_8,0.0002896568822272462
million_11,0.0002895783544901156
law_5,0.0002880201975020891
project_5,0.0002867497636154709
return_17,0.00028668425955303363
president_16,0.0002863720694688355
financial_14,0.00028612143332108503
holiday_11,0.0002860093407673188
car_19,0.0002858506812809556
finance_13,0.0002858137267794647
act_6,0.00028553283633424905
inc_15,0.00028509808739965496
money_6,0.0002850532844150556
college_3,0.0002849428594173955
food_12,0.0002849059604059233
committee_12,0.00028451693245920334
business_2,0.00028428242402214613
community_10,0.0002841346844330747
earnings_10,0.00028389613455549246
william_15,0.00028387463986573243
business_16,0.0002836398977043224
inc_16,0.00028342639273396826
party_7,0.0002829703345469631
republican_12,0.000282874993264808
business_10,0.0002827467323730544
services_15,0.0002825133582629706
fine_12,0.0002822726195684186
business_6,0.00028224930353855013
bank_18,0.00028220518760613863
elections_4,0.00028199235727327434
council_10,0.0002815884360298794
market_11,0.00028110148153084863
democratic_20,0.00028102788207169915
loss_19,0.0002803728931328196
health_13,0.0002802499508796273
conflict_10,0.00028015082295796204
dow_jones_15,0.00028005039228001983
district_4,0.00027978727357501045
invest_12,0.00027966878648113337
revenue_12,0.0002789721207299518
housing_9,0.00027839523109252627
voters_14,0.00027824896978659904
marketing_10,0.0002776329513728526
president_18,0.00027714589642167427
social_16,0.0002768933054241359
kitchen_2,0.000276738323502772
kitchen_3,0.00027669583911992847
invest_3,0.0002755781316024367
washington_1,0.0002755220929268051
bank_11,0.0002753437818350205
development_19,0.00027523354860521713
money_4,0.0002752211174593501
carolina_17,0.0002746805227422935
gold_13,0.0002745481663467232
political_18,0.0002744359833023704
movie_13,0.00027430157583517453
house_16,0.0002736717631845532
house_10,0.0002734820752877876
energy_7,0.00027347740389157453
security_12,0.00027333046138763265
corporation_1,0.0002730017975499817
cancer_3,0.0002729410139105381
water_2,0.00027291938075127024
justice_2,0.00027291642050837893
services_8,0.00027270001078615025
governor_4,0.0002725249708687282
committee_9,0.00027251543038873445
project_17,0.00027244000730195373
opportunity_15,0.000271867918689495
fed_7,0.0002717959963220196
return_4,0.0002711650386232855
washington_19,0.00027085095398593837
market_12,0.0002707993999493056
voters_11,0.00027053820581857135
cancer_1,0.00027043518724642797
revenue_18,0.00027032473442032047
political_8,0.0002702218187361829
representatives_8,0.0002700607623120125
kitchen_14,0.00027003919984810515
food_16,0.0002699579909554448
DOW_JONES_6,0.0002695935420315202
metals_17,0.00026948415781276623
economics_5,0.0002692556239078914
economy_9,0.0002687364130063909
case_1,0.0002687289270053413
carolina_14,0.0002683425586041368
movie_17,0.00026796722918340866
law_6,0.00026789711415358845
wisconsin_3,0.00026782369988554843
movement_6,0.00026780062776321885
washington_5,0.00026769469097663443
inc_10,0.00026749811759214855
community_7,0.0002674305354297993
senate_7,0.00026704177679452457
world_17,0.0002667863203751309
portfolio_2,0.00026666633648672166
train_3,0.0002666009819681479
kitchen_12,0.000266500887529874
district_17,0.0002664528083262853
york_2,0.00026623351194940924
unemployment_20,0.00026604200971451383
law_3,0.0002659335882264879
judge_16,0.0002656261199820665
federal_12,0.0002653064616764356
portfolio_1,0.0002651601185926321
vermont_14,0.00026488717310894395
secretary_16,0.00026453623328546164
politics_20,0.0002643282421661324
kitchen_17,0.00026423304799780484
party_9,0.00026399685859506783
inc_4,0.0002637270149221377
movie_9,0.0002631986555820208
hedge_16,0.0002631954295605472
health_17,0.0002629874971261626
votes_2,0.00026297493891971137
energy_19,0.00026293197317516333
judge_12,0.0002626388780706768
county_16,0.00026263279850456044
energy_13,0.0002626224012598195
seats_11,0.00026261623735330435
social_11,0.00026246223223997344
stock_market_6,0.000261856000632466
tennessee_16,0.0002618078993880373
market_3,0.00026158294886381023
texas_10,0.0002612985838059696
fine_1,0.0002609125433427129
happy_17,0.0002608937695031187
governor_1,0.0002606736887897758
products_17,0.00026052261370490136
republican_8,0.0002604519133707241
opportunity_10,0.0002600523381004355
service_7,0.00026002584902671383
washington_11,0.00025940042665961033
garden_11,0.0002593285094003769
firm_17,0.00025918198819730343
housing_1,0.00025903850224287235
senate_2,0.0002590075659145208
bank_12,0.00025899986557725136
portfolio_4,0.0002589753058421701
buy_10,0.00025884484224529493
earnings_14,0.00025880236998760455
happy_2,0.0002585353892326036
security_19,0.00025780612265686927
DOW_JONES_15,0.00025764090340936425
college_7,0.0002575320635178536
justice_7,0.0002574290866951525
elections_10,0.00025729007842460516
energy_17,0.000256854394081534
services_4,0.0002567576006013765
health_20,0.0002567109272086125
act_9,0.00025646200771314685
water_3,0.0002562541060978881
sell_9,0.0002558897970762148
color_4,0.0002544692716581828
finance_9,0.00025445143702045763
governor_12,0.0002544509364175344
security_20,0.00025393954230364926
police_16,0.0002539210751224121
york_1,0.00025376246031965386
media_4,0.0002535879118992703
movement_10,0.0002535778193713372
happy_7,0.0002533540974843147
housing_3,0.0002532912656775951
crash_10,0.00025324738499487014
gold_19,0.0002530919241084648
fed_3,0.00025290529424575536
cancer_17,0.00025286261884888313
firm_9,0.00025263002313012
police_19,0.0002525104873372992
environment_19,0.00025228052355148647
seats_13,0.00025206115173240115
senate_17,0.0002519353953490112
william_10,0.00025188784500365
color_12,0.0002518726402793235
elected_14,0.00025165211949919314
judge_14,0.00025137944615162414
business_19,0.000251370291412813
train_1,0.0002512625507063035
justice_9,0.0002510562205927247
media_11,0.0002510283333820574
present_3,0.00025080203585282554
pennsylvania_3,0.0002507135847004803
holiday_8,0.00025040250061712034
kentucky_18,0.0002503963996484189
social_13,0.00025021291615409143
banking_3,0.0002495976764218117
court_13,0.000249537097096029
debt_18,0.0002494970383387479
dow_jones_6,0.0002492730438365398
stock_market_8,0.0002491456213255875
political_3,0.0002483351981286928
governor_20,0.0002482126243270792
bank_20,0.0002480696867675961
market_13,0.0002479356551376
markets_16,0.0002479310905893032
house_20,0.00024758355930495435
culture_11,0.0002474183892470347
representatives_1,0.0002473943080587288
credit_19,0.00024722021417687473
council_15,0.00024704741765049857
companies_13,0.0002468957938436995
market_16,0.00024686749951607185
returns_1,0.00024652664900569825
invest_4,0.00024625423457437653
train_19,0.00024611652461065787
water_6,0.0002460819634142198
security_13,0.00024601880717883216
million_16,0.00024587803953996304
firm_15,0.00024583263740238464
health_2,0.00024562191513174877
religion_4,0.0002455540543605924
tennessee_20,0.0002455054723600786
cancer_18,0.00024549635358323484
illinois_6,0.0002454872839115017
ohio_14,0.0002454543061961668
technology_15,0.0002454107405829449
bank_5,0.00024527964905925897
elections_9,0.0002449805909256729
train_11,0.00024446033984346956
world_11,0.00024439409194453997
justice_18,0.0002443311491695133
bubble_20,0.0002439670407975393
governor_18,0.0002435020031917085
world_1,0.00024320104859125097
kentucky_13,0.000242390584843587
hedge_6,0.00024219986190803853
million_18,0.00024209829124840235
stock_market_11,0.00024186500655127148
social_6,0.00024183907652743252
vermont_7,0.0002416989362154897
technology_14,0.00024166841277908829
federal_18,0.00024122050800651129
dividend_8,0.00024109567549176241
rich_3,0.0002410521411366577
committee_14,0.00024087840208536566
house_9,0.00024087201172054033
sell_6,0.0002404038089380517
chance_19,0.00024015832749930697
government_19,0.000239851357659912
economics_17,0.00023975855449986407
earnings_2,0.00023945607712846603
seats_3,0.00023929381499449286
president_12,0.00023918999923706357
fine_18,0.00023903071156407109
energy_14,0.00023887453346684535
county_2,0.0002388210613180144
fed_17,0.0002386672689424459
vermont_13,0.00023865608552078735
metals_7,0.00023855372174086715
kitchen_18,0.00023835670127493169
missouri_10,0.00023799786681161865
buy_12,0.0002378610727793619
money_7,0.00023766978830268154
media_18,0.00023764843470032193
dow_jones_8,0.00023751323782905567
stats_6,0.00023747307406459
legal_10,0.00023732802986268936
voters_6,0.0002370693333231645
portfolio_16,0.00023690739036708746
development_2,0.00023676772812727148
project_12,0.00023662778977713588
fun_3,0.00023659137914826083
health_3,0.0002364548555984666
management_11,0.00023603773072829458
sell_3,0.0002355097012338667
world_2,0.0002353313966859833
law_16,0.00023526493127548682
freedom_8,0.00023515798038705195
members_17,0.00023512319359750693
election_11,0.00023488787180581876
district_3,0.00023484317706720895
project_20,0.00023473199373330464
ring_20,0.0002347094424793826
dividend_12,0.00023466564744489902
restaurant_18,0.0002346639011775734
movie_12,0.00023408394337219048
seats_16,0.00023403288074826708
community_16,0.00023391082642772046
wisconsin_2,0.00023372296330591123
republican_10,0.0002336886209688876
markets_18,0.0002335431269039085
loss_20,0.00023347769535967764
illinois_19,0.0002332768848369879
carolina_20,0.00023286791587085132
markets_11,0.00023276250039759293
community_11,0.00023226829482801166
financial_10,0.00023158517405375052
case_2,0.00023135887615331402
ohio_15,0.0002311779283195993
act_15,0.00023100091557976357
william_20,0.0002309861086934133
holiday_7,0.00023090351876578477
social_14,0.00023077845535227718
profit_12,0.00023076474084238072
arts_20,0.0002307019978218128
holiday_9,0.00023066692048640352
train_12,0.00023058107969721068
health_4,0.00023023057779443252
growth_1,0.0002293973483443099
members_4,0.00022918756398388008
union_9,0.0002289817416052522
color_3,0.00022876615645026215
college_9,0.0002286545598615572
college_4,0.00022860076031081133
college_14,0.00022837890361296538
missouri_19,0.00022823766777477466
bank_9,0.00022778371911404122
house_6,0.0002273741777080541
movie_18,0.0002272868085564664
william_18,0.00022717991816340039
car_12,0.00022716065100849482
pennsylvania_18,0.00022709285024086402
york_6,0.00022687270968189935
markets_17,0.00022669836695254252
texas_8,0.00022637579918133712
economic_12,0.00022632991474873476
judge_7,0.00022623848714433556
technology_3,0.00022608194953019253
cancer_16,0.00022586174287697158
holiday_5,0.00022561623161091905
illinois_15,0.0002255727493005337
economic_20,0.0002253095043400652
car_10,0.00022484030438593477
credit_15,0.00022470000174111378
water_13,0.00022412755811253437
loss_3,0.00022401682654624283
fine_13,0.0002240125048864224
judge_3,0.00022354899380976987
college_10,0.00022310836687426157
revenue_11,0.00022306903058210402
religion_10,0.00022301285032988785
oil_8,0.00022257831485772637
georgia_6,0.0002223067809394333
management_16,0.0002222106276740963
committee_20,0.0002221184184961375
buy_9,0.00022209722377748278
wisconsin_8,0.0002219117419064105
home_20,0.00022167463032302242
nasdaq_12,0.00022156037068318823
ring_9,0.0002214837301185541
car_3,0.0002213664501826378
security_17,0.0002212512294099671
federal_10,0.00022118182839532866
act_7,0.00022085033419806104
cancer_8,0.00022060470821590167
corporation_2,0.00022046050829671826
invest_1,0.00022015323399133432
bank_1,0.0002196956672986856
culture_17,0.00021902478245141365
union_11,0.00021882535350769961
dividend_15,0.0002185166439779829
ohio_16,0.00021848535640976133
services_2,0.00021841266548044958
election_12,0.00021808678259551008
law_11,0.00021798626957727092
business_9,0.0002179053439922909
world_4,0.00021771606266715295
unemployment_10,0.0002175325316781721
travel_13,0.00021752642091575733
stock_market_20,0.00021746023819617675
carolina_8,0.0002174575405027562
democratic_9,0.0002174209002378163
representatives_17,0.00021737997434088718
economic_6,0.00021733219483295813
unemployment_8,0.00021720377116411272
economic_7,0.0002170864179068099
freedom_10,0.00021696359429575232
marketing_17,0.00021690959150362564
bubble_11,0.00021634915351208327
social_10,0.00021625206171591366
million_10,0.00021614983538293696
politics_14,0.00021614002611000327
dow_jones_12,0.0002160743791560789
DOW_JONES_17,0.0002160036124024564
buy_4,0.0002158482029823945
judge_11,0.00021547772388901736
bank_3,0.00021530141223703457
conflict_17,0.00021497395394333915
illinois_7,0.0002149226943531069
conflict_20,0.00021480464090284067
money_5,0.0002144859404780456
portfolio_13,0.00021448072470066072
health_10,0.00021430324195317004
party_8,0.00021430005743900356
district_12,0.00021412619519604078
council_8,0.0002140548649485992
government_8,0.00021390655019306259
council_4,0.0002138269690947683
act_3,0.0002135355055757024
marketing_9,0.00021343076189035467
police_9,0.0002133321011970499
cancer_2,0.00021322108196485676
ceo_15,0.00021315141766559842
law_9,0.00021313008800597492
corporation_4,0.00021284236371744476
case_12,0.00021277184206220168
movement_13,0.00021262669311075195
development_15,0.00021253303309913063
stocks_19,0.0002121821363611157
cash_17,0.0002120540728927453
rights_14,0.000211916082219195
energy_10,0.00021181938440529863
gain_19,0.00021163908009308127
service_3,0.000211626549144623
markets_5,0.00021161082724179318
money_16,0.000211574390238586
management_15,0.00021040881645506863
cancer_9,0.00021031542433757968
dow_jones_4,0.00020962872146950171
business_20,0.00020957406024333928
culture_10,0.00020948856071702367
happy_13,0.00020945692712105653
train_18,0.00020942158295248232
inc_14,0.00020930426724339143
bank_16,0.00020922881339614912
law_20,0.0002091874439258765
ohio_9,0.0002091339059582716
government_11,0.0002091230419194609
marketing_20,0.00020895793912755972
district_2,0.00020873863954915293
committee_15,0.00020869605939062
water_8,0.00020865091778454856
arts_16,0.0002085539835301088
case_5,0.00020848007710941554
case_18,0.00020791456894553672
finance_17,0.0002075071407865501
service_11,0.00020740431587315696
garden_16,0.00020731834468496323
food_8,0.00020730031589122659
success_9,0.00020724438046974605
office_6,0.00020723960623480632
society_11,0.00020707072185201648
community_17,0.00020686747022140452
dividend_3,0.00020681255318179568
police_17,0.0002066628095569142
business_5,0.00020651091567326936
washington_4,0.00020640910196360228
million_8,0.0002061496076182394
office_14,0.00020606338260617218
gains_12,0.00020604378683167018
project_15,0.0002059950022309384
financial_5,0.0002057627030529036
government_16,0.00020571256741495818
virginia_1,0.00020570581711334618
federal_20,0.00020562790548191986
senate_10,0.00020557846274801053
community_6,0.00020546130945515528
economics_15,0.00020539229088948051
labor_12,0.00020536184624461422
development_16,0.000205292749584452
finance_18,0.00020503205225517562
inc_13,0.00020485403835989767
management_12,0.00020459149183480631
stock_market_19,0.0002045060606615745
society_12,0.0002042822375956926
stocks_11,0.0002039734132000485
energy_9,0.00020395251418244096
million_20,0.00020391637571721543
return_13,0.0002035311282441861
services_18,0.00020345926375987732
crisis_20,0.0002034036868351304
travel_19,0.0002033886777793332
ring_4,0.000203352204511032
companies_14,0.00020310005626591722
election_18,0.00020305004141430395
rights_10,0.00020296953887701904
judge_4,0.00020271099847108672
products_3,0.00020261179374659867
legal_14,0.0002025884588816909
justice_4,0.00020247820436331863
stats_10,0.00020247257425149784
bubble_14,0.00020213764002567676
companies_8,0.00020205710734463446
banking_2,0.00020176969399059362
wisconsin_12,0.0002015180101543728
food_4,0.00020151267549987508
kentucky_11,0.0002014191872147481
judge_20,0.00020131272866143359
blacklist_20,0.00020101045551133235
william_2,0.00020089935457821105
train_16,0.00020089087440328647
political_12,0.00020087363431400872
environment_15,0.00020086877623805657
social_12,0.00020081931796297705
office_16,0.00020048611885083392
economics_7,0.00020044113370909129
corporation_20,0.00020042158442851253
global_17,0.00020017442229531329
ceo_20,0.0002000778622882071
secretary_8,0.00019922197433324524
federal_3,0.0001991108505960586
revenue_7,0.00019876400662291436
services_17,0.00019843757434426107
markets_12,0.0001983660420511136
president_7,0.00019830256607660817
companies_4,0.0001982844771701061
rights_3,0.00019806387515729887
county_17,0.0001979543837475212
federal_5,0.00019785114601602626
banking_12,0.00019772980863072418
train_20,0.00019760257295406173
minister_8,0.0001975963641695106
invest_9,0.00019714724436240068
community_9,0.0001969307292212949
freedom_1,0.0001968758581917161
carolina_16,0.0001968732486220277
vermont_12,0.00019679193426564337
health_12,0.00019676864665228082
ohio_12,0.00019675433319136653
seats_12,0.00019662842197258268
inflation_8,0.00019653116700036341
office_7,0.00019652671121731544
judge_9,0.00019640561084896923
ceo_4,0.00019613922097845514
service_18,0.00019613615137456205
illinois_13,0.0001961257011732952
senate_1,0.00019582166217397475
elections_2,0.00019558008646091465
garden_15,0.00019514259978865647
inflation_3,0.00019507611803483695
york_8,0.00019496561882457463
carolina_7,0.0001948867914182156
dow_jones_20,0.00019479434920839718
money_17,0.00019475004703148465
william_8,0.00019467758927781936
stats_3,0.00019453710171556484
garden_10,0.00019435719729541884
train_4,0.00019407817315670616
society_17,0.00019406895869821173
management_13,0.00019405713747043418
gold_17,0.0001937260688025465
security_9,0.00019353860014214363
train_13,0.00019321059996136632
office_17,0.00019277017374668272
washington_2,0.00019265696458930817
environment_20,0.00019259805105539086
unemployment_15,0.0001925786576070683
freedom_6,0.0001923731802684064
stats_7,0.00019220618444146272
unemployment_9,0.00019204477806743524
wisconsin_10,0.00019194327465320613
oil_4,0.0001919392002151025
justice_14,0.0001919040717161037
DOW_JONES_20,0.000191809991420874
massachusetts_18,0.00019170256989224267
color_11,0.0001915933231731626
world_13,0.0001915224316652408
media_8,0.00019146171388235127
car_6,0.0001912247930886849
district_14,0.00019118809457082064
development_6,0.0001911759694231424
voters_13,0.00019107284403755976
oil_2,0.0001909781681716165
opportunity_6,0.0001909071014489706
politics_9,0.00019074615008123915
health_19,0.00019071450904442811
movie_6,0.00019050054646014642
growth_3,0.00019049431475820576
stats_12,0.00019040705332359887
development_12,0.00018997139131275652
inflation_6,0.00018988935829216693
arts_1,0.00018983556982359764
housing_7,0.0001894460036051389
opportunity_2,0.0001891932852407716
hedge_4,0.00018910883421333977
companies_9,0.00018906516320950026
security_8,0.00018902040818062177
success_17,0.00018901319964918382
financial_17,0.00018858803394416283
invest_20,0.00018843711268749588
dow_jones_3,0.00018829186922146292
elections_17,0.00018825807576339768
federal_13,0.00018802957279542577
kentucky_4,0.00018760665186747237
fun_11,0.00018734043878168585
senate_19,0.0001872510862789523
movie_20,0.00018719036601586202
political_11,0.0001871385998583584
law_7,0.00018702027530914856
democratic_14,0.00018699398983899968
food_2,0.00018671338003583727
car_9,0.00018668695388455563
kitchen_19,0.00018634342902537512
representatives_12,0.0001861933330972173
earnings_1,0.00018613807452494118
dividend_14,0.00018605281662747606
william_6,0.0001860504796725032
kentucky_14,0.00018584137789205517
food_13,0.0001856480102727341
gain_13,0.0001853181246283233
earnings_3,0.00018514984680250638
inflation_17,0.00018505674069824806
bubble_2,0.0001849674365082253
movie_4,0.00018482711699172968
rights_11,0.00018472625580427692
development_8,0.00018463656659842558
house_11,0.00018429908521121058
ohio_3,0.00018416826368047846
return_3,0.00018414670718606066
restaurant_19,0.0001841208759549125
firm_8,0.00018409437728100628
cancer_10,0.00018408038315745966
fun_9,0.00018405734785936165
election_2,0.0001839690916888025
house_18,0.0001838132058672903
inc_17,0.00018378910649918847
social_7,0.0001837263112482984
gain_2,0.00018333293929254297
democratic_3,0.00018281722817503572
justice_19,0.00018277185556169544
project_19,0.00018269375223151278
loss_18,0.0001825272814282037
fine_16,0.00018241705387622625
trader_10,0.0001822320249575292
bonds_2,0.000182226690582884
labor_20,0.0001817732108721802
society_5,0.00018109792185253172
voters_16,0.00018106516528014892
college_11,0.00018102551627420847
energy_12,0.00018089458539517664
massachusetts_9,0.0001807302483900941
media_16,0.00017982751228448504
act_19,0.00017963187705159785
services_6,0.00017958146344080068
senate_13,0.00017954504624860534
act_11,0.00017934299553223296
nasdaq_17,0.00017903710272300827
tennessee_14,0.00017900447856032382
sell_8,0.00017875868849243453
corporation_6,0.00017861171153700034
nasdaq_7,0.00017854447084157609
virginia_16,0.00017806971249985522
bank_6,0.00017800945262432858
profit_15,0.0001779677619563265
society_2,0.00017788012976455728
water_7,0.00017760787948617042
sell_10,0.00017752851631033413
missouri_17,0.00017750569619103906
tennessee_17,0.00017728496800113676
metals_16,0.00017712948724830826
metals_4,0.00017712272276037666
tennessee_2,0.0001770661204658557
water_11,0.0001768649602424345
religion_18,0.00017672953144081118
products_5,0.00017650627991430782
travel_18,0.00017633348256033642
technology_16,0.0001762923854344633
president_8,0.00017628351108512098
opportunity_9,0.00017626232053812951
cancer_20,0.00017616949565671234
democratic_5,0.00017596350674484052
cancer_11,0.00017594124430769329
chance_6,0.00017580942212259824
global_12,0.00017551652771806382
portfolio_17,0.00017542538296395495
democratic_2,0.00017541723482945938
opportunity_12,0.00017537298620116178
religion_19,0.00017536524778204507
success_8,0.0001751665638168099
energy_1,0.00017516246146521714
house_17,0.00017501030400327936
secretary_18,0.00017499573376948002
home_14,0.00017491304126796684
freedom_9,0.00017479424079416218
republican_9,0.0001747928711703795
travel_17,0.00017472181625871302
government_6,0.0001746565021847484
firm_4,0.00017459839619443182
fed_2,0.0001745946882619614
finance_5,0.0001742801257047542
water_10,0.00017418917182209382
car_20,0.00017418042537213188
missouri_9,0.00017416457152262275
york_15,0.00017403061697447337
elections_3,0.00017384559918915446
police_10,0.00017352153405564153
food_17,0.0001732678756347505
finance_10,0.00017317890830775013
carolina_13,0.0001731323220761705
financial_8,0.0001727671817715006
cancer_5,0.0001722887921579221
community_19,0.00017179401004725493
fed_20,0.00017177844593310357
credit_18,0.00017154748531341183
earnings_18,0.00017152831358791592
stock_market_13,0.00017140897837346922
carolina_11,0.00017123703756629334
dividend_18,0.00017122497141213
management_3,0.00017120509748044425
invest_2,0.00017114768923496776
crash_20,0.00017100089922371896
secretary_19,0.0001709438448653829
debt_16,0.00017091048581344893
politics_10,0.00017089268178083165
politics_7,0.00017086973100211852
loss_12,0.00017085899080684043
debt_7,0.00017081989402198438
health_7,0.00017067166636707088
fun_13,0.00017061691982785514
illinois_9,0.00017009664709819987
college_5,0.00017004731494523918
hedge_18,0.00016995214045804744
founded_5,0.0001694288925526149
stock_market_7,0.00016895956138858513
seats_4,0.00016895944080768662
representatives_6,0.00016885226607548314
york_20,0.00016870907890475557
gold_14,0.00016869073330759332
metals_1,0.00016827763245388903
pennsylvania_13,0.00016788894075685858
profit_14,0.00016783056830443335
religion_8,0.00016762024381367395
democratic_8,0.0001674425405466285
society_19,0.00016735077651317324
inflation_12,0.00016731611304507055
stats_16,0.0001671384831356806
technology_17,0.00016710258880273986
energy_6,0.00016693473128549525
court_6,0.0001668814415570623
DOW_JONES_12,0.00016681390490765082
banking_11,0.00016666067733707934
ltd_13,0.00016662811258439983
security_11,0.00016660165623232006
trader_7,0.00016658770493977755
home_16,0.0001664400857467863
ring_19,0.00016634294482836218
gains_16,0.00016619001343523234
risk_13,0.00016607593519224904
loss_7,0.00016595163352606276
political_4,0.00016592927748208987
house_12,0.00016590627133304632
money_2,0.00016576467775481044
opportunity_11,0.00016576299649564323
justice_1,0.000165629682497131
york_12,0.00016549263872659716
georgia_15,0.00016542273241407592
fed_16,0.00016537505775174373
virginia_3,0.00016537353492536577
fun_18,0.00016535084635665819
corporation_12,0.0001646538388850455
william_3,0.00016442460173134342
companies_6,0.00016426279481111954
housing_19,0.00016412819502487416
buy_2,0.00016408595716305407
social_8,0.00016401015261226405
money_13,0.00016363069672154092
return_9,0.00016352233592636006
federal_11,0.00016350566007854148
credit_2,0.00016344887098989418
committee_3,0.00016331560907323974
crash_15,0.0001630263194487478
culture_7,0.00016282505713655456
wisconsin_9,0.00016275071810050815
ltd_3,0.00016267737707864596
politics_18,0.00016249550405542204
housing_16,0.00016230761115908492
office_18,0.0001619464906147163
finance_16,0.00016191125639067824
representatives_3,0.00016135046279110139
success_4,0.00016116738161184223
college_15,0.000161101240382891
sell_18,0.000161069934192806
garden_6,0.00016098073307474204
union_13,0.00016074050221124542
gain_17,0.00016066408373748733
culture_9,0.0001605248880397307
stock_market_9,0.00016040885831928662
office_20,0.00016020758953973668
markets_7,0.00015991426838802604
votes_12,0.00015990777424352418
services_7,0.00015971089204695093
finance_19,0.00015953412022639454
housing_15,0.00015948616272187205
food_20,0.00015944615239444352
elections_12,0.00015926675552779642
democratic_15,0.0001591822986652315
rich_9,0.00015896439989701615
home_8,0.00015895815861390928
court_5,0.00015881547006138346
gain_16,0.00015880782836297081
color_17,0.00015880741946183282
illinois_10,0.0001587971097106911
police_3,0.0001587878270797943
gain_3,0.0001587786019178181
companies_1,0.00015862769479016938
founded_15,0.00015855850604330372
media_2,0.00015855439227412067
ring_17,0.00015855194595595869
loss_14,0.00015853311351538888
members_20,0.0001584804545211384
business_1,0.00015844376966110506
court_19,0.000158422368591442
financial_3,0.00015840064533997758
cash_5,0.00015834512447825214
firm_2,0.00015827403417195695
restaurant_13,0.0001581753054011511
democratic_1,0.00015808435951241993
senate_12,0.0001579377221497241
corporation_7,0.00015783806784223586
loss_11,0.00015780816834294725
party_3,0.00015770638417491245
freedom_2,0.00015769936832666756
union_16,0.00015741906815296017
case_10,0.00015738581885837527
government_18,0.0001563421296098387
freedom_19,0.000156297509436633
health_15,0.00015625879385036684
law_15,0.00015606334096072074
gold_7,0.0001559890132450482
corporation_8,0.0001559425508158635
success_12,0.00015574321701884998
present_17,0.00015551975050897302
portfolio_10,0.00015551102711410054
economics_20,0.00015538494402842176
office_11,0.00015535441936994756
case_6,0.00015532832560447772
portfolio_15,0.00015532467773583716
hedge_2,0.00015522495373166136
environment_14,0.00015494767662740968
washington_9,0.00015483908290164284
banking_8,0.00015459113196392258
fine_3,0.00015443729326131448
fine_7,0.00015410549275547016
products_1,0.00015387242418224732
inc_11,0.00015386479678283869
wisconsin_15,0.00015382783547468224
corporation_10,0.00015372172130956836
labor_6,0.00015369419911514834
debt_19,0.0001533030985620109
products_14,0.0001532787414283032
risk_12,0.00015317847583039152
metals_8,0.00015275125921965625
companies_5,0.00015264486324605833
members_14,0.00015255287063827867
culture_16,0.00015222803464724286
secretary_1,0.0001521013393642864
massachusetts_16,0.00015196342049977643
portfolio_14,0.0001515851735583875
cancer_4,0.00015148706880621909
virginia_19,0.00015143684690029362
firm_7,0.00015139854917434222
stats_18,0.0001513827159225269
companies_20,0.00015134214288887188
inc_6,0.00015117663141185427
virginia_6,0.0001511516091490076
million_14,0.00015072086395435008
water_17,0.00015055640937160426
conflict_1,0.00015051107808196118
unemployment_11,0.0001499217037891719
DOW_JONES_9,0.000149855969652357
culture_5,0.00014983915077425186
case_20,0.00014979357783488092
conflict_11,0.0001497824623947593
county_20,0.00014978155898926306
dividend_16,0.00014944070917964806
oil_15,0.00014939063690724722
movement_5,0.00014938579363772843
financial_12,0.00014930427008246768
finance_3,0.00014927280378860516
nasdaq_4,0.0001490879033431616
car_2,0.00014904449562088708
DOW_JONES_16,0.00014878341404611888
growth_16,0.000148689514211138
bonds_1,0.0001486048288135123
texas_13,0.00014859796771224946
food_7,0.00014848100582768944
industry_12,0.0001484652588150589
illinois_14,0.00014832722629223548
stats_1,0.00014821314355618515
bonds_16,0.00014807339145555862
revenue_13,0.0001478317515472015
missouri_15,0.00014777518922414831
travel_7,0.00014776887193069672
justice_3,0.00014733529107480105
food_15,0.0001473155703548551
food_9,0.00014723787212464235
ring_5,0.00014705246117287284
loss_2,0.0001470208198219732
loss_13,0.00014692860664732062
politics_13,0.00014666407541443294
party_14,0.00014657639081244302
committee_6,0.0001465215141000807
georgia_10,0.00014646850521622532
corporation_14,0.00014643873158167627
stocks_15,0.00014639433301911732
case_4,0.00014629738220979958
sell_11,0.00014602922883798415
massachusetts_20,0.00014588689606396065
gain_10,0.00014576758968140718
dividend_4,0.00014555844003023678
pennsylvania_11,0.00014555583773567682
senate_5,0.00014555568604526857
ceo_12,0.00014535697997298177
voters_5,0.00014500553749545952
money_12,0.00014488293918806167
crash_11,0.00014483315087397754
president_11,0.00014469189991034323
energy_18,0.0001446386329984505
illinois_11,0.0001446217579819506
security_3,0.00014455409096252332
georgia_16,0.00014453242137398036
blacklist_13,0.00014401684804797363
holiday_13,0.0001437754642014387
rights_15,0.00014371806322667626
risk_17,0.0001435647608755473
invest_15,0.00014347749416334366
buy_6,0.00014346864039003823
war_20,0.00014345806001451482
law_18,0.00014340508882246806
products_13,0.0001432417572201119
train_8,0.00014321533606978927
happy_1,0.00014294369492133958
vermont_20,0.00014280128050549968
president_5,0.00014246232395626632
bubble_13,0.00014241519929373818
returns_7,0.0001422239906473279
federal_16,0.00014214086892274072
president_13,0.0001420069826955116
politics_17,0.00014193767261715644
government_13,0.00014192550847855082
world_18,0.00014168460370286127
return_7,0.00014168422095513239
secretary_7,0.00014140447373173402
committee_1,0.00014132233072121578
blacklist_17,0.00014118855977182852
vermont_19,0.00014117156744323408
return_1,0.00014107380852846615
law_17,0.00014106632565613218
legal_16,0.0001410613841948498
stocks_13,0.0001410590690908593
products_7,0.00014104421096044638
services_19,0.00014081649048158302
society_8,0.00014077685795844656
union_2,0.00014055483346328413
marketing_4,0.0001405274470636339
gold_5,0.00014043288446622274
world_19,0.00014004844943880002
committee_2,0.00014001941134516015
council_20,0.00013993941082391214
bonds_9,0.0001395971510704799
judge_10,0.00013956614162456606
justice_8,0.00013951744561919722
rights_7,0.00013937802699146766
members_16,0.0001393205295468035
sell_5,0.00013895603643497638
holiday_16,0.0001388199835696867
georgia_3,0.0001388074121300633
rich_4,0.00013832749661846021
union_4,0.00013828765987514832
markets_8,0.00013798711378320118
party_1,0.00013794906810440726
return_5,0.00013791380977213106
metals_2,0.00013783713891702358
media_15,0.0001377247876377394
housing_10,0.0001376357371301035
security_18,0.00013753781082978365
security_6,0.00013732216513095158
cash_11,0.00013689447395864754
market_7,0.00013667263965725594
democratic_4,0.00013644946285936178
holiday_3,0.00013596703697299261
credit_3,0.00013591908686788853
service_5,0.00013584763546905094
law_12,0.00013582637655860244
sell_19,0.000135744330851867
gold_1,0.0001356635162428562
business_7,0.00013563366499049994
holiday_12,0.00013563206414218557
happy_12,0.00013543687304221392
labor_10,0.0001354307738997447
happy_6,0.00013529115442110107
illinois_1,0.00013524669224283234
culture_14,0.00013509837743633316
secretary_4,0.00013504955341432225
crash_5,0.00013476022742892998
court_12,0.00013462176131936014
dividend_10,0.00013455038576677363
fed_1,0.0001342995474540475
financial_2,0.00013408537816329429
management_17,0.00013390768624055595
republican_15,0.00013380090322153622
republican_17,0.0001335843494547557
nyse_7,0.00013354177706545675
society_20,0.00013348159144125818
party_18,0.0001333862926874973
risk_2,0.00013336344905151738
travel_10,0.00013335097696194712
labor_4,0.0001333311798884743
technology_1,0.00013303286739104982
committee_13,0.00013280311171935452
york_13,0.00013262277216916142
stocks_7,0.00013239594551900087
georgia_4,0.0001322235987132695
markets_4,0.00013215535241911642
environment_6,0.00013193649003486756
county_8,0.00013192622356334078
unemployment_5,0.00013179310583111224
sell_16,0.00013142460447169895
finance_15,0.00013132977954485292
president_10,0.00013108187003104242
president_6,0.00013101983900424275
founded_12,0.0001309661426859051
federal_7,0.00013055571760141985
gain_11,0.00013037053425028714
earnings_13,0.00013036670309684396
legal_6,0.00013029967847755594
return_11,0.00013021767363972117
blacklist_12,0.0001300718241738337
revenue_16,0.00012991475709343668
police_13,0.00012990048182941874
DOW_JONES_11,0.00012985630526421134
house_5,0.00012980389342169346
bonds_8,0.00012950686604730146
loss_8,0.00012950565353411075
rich_10,0.00012946294546169586
project_4,0.00012925012145562396
court_20,0.00012912767973046298
carolina_3,0.00012906671555996062
justice_6,0.00012899543444820906
crisis_9,0.00012893066024259454
return_10,0.00012883704037736096
metals_13,0.00012881676743246376
gold_10,0.00012860998178076542
movement_11,0.00012841322048003225
cash_4,0.00012840600005651476
stocks_9,0.0001281173068732087
security_5,0.0001280176827085519
act_5,0.00012772005345471256
gold_16,0.00012768012208588892
buy_1,0.00012766851896144432
party_16,0.00012763264074838903
business_3,0.00012761633655169167
finance_11,0.0001275712637792047
elected_9,0.00012748407562491383
founded_2,0.0001273319397933344
home_3,0.0001273034996253021
judge_18,0.00012703651410513075
nasdaq_8,0.0001268028820978455
committee_16,0.0001266023695288304
stats_15,0.00012648160076496188
earnings_15,0.00012643453953947926
labor_2,0.00012639297377414928
growth_12,0.0001257064693805235
fun_15,0.00012564031614271855
county_19,0.00012551875461837882
banking_19,0.00012542452997916666
housing_18,0.00012536598331742518
debt_8,0.0001252859386939004
ltd_12,0.00012518339998534322
unemployment_17,0.00012504107029334425
million_12,0.00012501839557580019
illinois_12,0.00012501299318357382
energy_16,0.00012498092224682097
minister_19,0.00012492979582587774
arts_15,0.0001247427065774827
marketing_6,0.00012470320326530364
dow_jones_7,0.00012449976577131954
economic_1,0.00012446783003964624
labor_15,0.0001244625903309639
media_7,0.00012445694519900007
gain_5,0.000124204441402952
stock_market_17,0.000124034909893397
conflict_16,0.00012400861501728644
management_6,0.00012393075515994438
political_6,0.00012388707984104284
markets_6,0.00012376704068330245
economic_8,0.00012376322068010935
happy_3,0.00012369645222456215
stocks_2,0.0001236630604847293
environment_9,0.00012365422650464794
oil_10,0.00012361179558102872
world_15,0.00012358996915247007
blacklist_19,0.00012347877276229
crisis_15,0.00012343114036723982
revenue_1,0.00012335939864124992
market_6,0.00012331290896970686
georgia_7,0.0001232877417595617
trader_8,0.00012312620271294302
founded_6,0.0001229827942281384
chance_18,0.0001229723595153659
development_9,0.00012277781425434764
labor_5,0.00012272289520035248
present_10,0.00012243573820335768
credit_16,0.0001224192070529013
bonds_7,0.00012233870352264638
trader_14,0.00012209579276994563
business_12,0.00012198617482170425
earnings_20,0.00012196804319526004
unemployment_19,0.00012188704712244614
carolina_2,0.00012167600944141841
development_11,0.00012163556396952524
bubble_12,0.00012159124922443415
ltd_19,0.00012156015837278225
bank_15,0.00012148187022177256
service_12,0.00012135659497881694
stats_5,0.0001211794874839539
oil_18,0.00012116599483227766
travel_2,0.00012106765938829668
train_7,0.00012074774809838816
oil_12,0.00012064808156657588
carolina_4,0.00012049742745122517
act_8,0.00012036852970387652
carolina_19,0.00012031501088538689
members_12,0.00012031123173426298
economics_1,0.00012016433600504949
members_5,0.00012005042385606848
movie_7,0.00012002157584292393
trader_1,0.00011999145144625376
revenue_6,0.00011973178112472605
law_10,0.00011972126144055195
election_20,0.00011956170357602402
water_9,0.00011952103537059107
finance_7,0.00011945032864984428
world_12,0.00011934063092172972
act_13,0.00011930327169186992
fine_17,0.00011892391142945921
federal_2,0.0001189202403668198
war_1,0.00011882486449705318
illinois_3,0.00011875653371541788
growth_15,0.00011799765289888445
business_17,0.00011788302202385471
office_9,0.00011787993906173709
court_9,0.00011780493399178558
hedge_20,0.00011772218113469959
financial_6,0.00011767070575810879
massachusetts_3,0.00011750572434769663
color_5,0.00011735277344603379
war_17,0.00011733521643361963
environment_12,0.00011706434364735608
stocks_6,0.00011694528156403484
trader_13,0.00011688796940364223
rich_11,0.00011654384455855227
media_5,0.00011636883049100184
water_20,0.00011624854127699624
republican_6,0.0001158804692830124
gold_6,0.00011573506693262004
world_3,0.00011562621437446753
conflict_5,0.00011544055326952849
war_11,0.00011539380817302442
crash_2,0.00011538226430057076
texas_3,0.00011524525086011386
labor_7,0.00011521204079143564
housing_12,0.00011503268859969763
products_19,0.00011496433907367595
illinois_8,0.00011494524578076826
invest_5,0.00011442341358856528
community_1,0.00011420944383169234
missouri_3,0.0001138282018920511
community_15,0.00011345988550131165
minister_6,0.0001133810008232408
portfolio_7,0.00011320973714951284
council_6,0.00011320604070985652
ltd_1,0.00011319881114045054
culture_2,0.00011314732371823677
restaurant_2,0.00011314389476680992
technology_11,0.00011291395813288248
growth_6,0.00011266186686882469
crisis_1,0.00011245186049815149
gain_15,0.00011233953088663391
kitchen_6,0.00011215517038601487
project_18,0.00011207565873559812
banking_17,0.00011186293121859126
minister_16,0.00011180166350934576
DOW_JONES_3,0.0001117038155627598
election_5,0.00011140066895105424
growth_7,0.00011130049261867869
management_1,0.00011113526140372537
media_6,0.00011111115135399982
markets_1,0.0001110740377866642
happy_11,0.0001110613968586064
ltd_20,0.00011096748884156175
ohio_1,0.00011083366106479243
home_2,0.00011078684690556721
returns_3,0.00011054051272991333
gold_4,0.00011048906330221946
revenue_4,0.00011044933386787374
media_10,0.00011027900974228047
conflict_4,0.00011001377722054983
unemployment_12,0.00010980898492293121
conflict_9,0.0001098029607996227
development_3,0.00010967289513053437
federal_6,0.00010951153857795486
market_17,0.00010947767672033634
washington_18,0.00010943089245273418
gain_9,0.00010914473802796808
ceo_5,0.00010910180421204488
travel_16,0.00010899112146680309
stats_19,0.00010871878455941911
house_2,0.0001084221451897723
democratic_12,0.00010825871639084146
secretary_15,0.00010796693584417706
chance_12,0.0001079457008983218
stocks_3,0.00010787119787386329
risk_11,0.0001078555911313185
stocks_14,0.00010773504003564117
fun_17,0.00010765545551972181
massachusetts_19,0.00010757333993935608
color_19,0.00010743803767093798
nasdaq_10,0.00010735433313709024
county_6,0.00010734949134276977
virginia_4,0.00010717412614487017
elections_13,0.00010692795509724256
security_7,0.00010671394825456736
texas_19,0.0001066123154301008
war_6,0.00010657313277338556
college_2,0.00010655498343683114
blacklist_3,0.00010651949172868903
food_5,0.00010620368122978096
restaurant_12,0.00010610620268178786
georgia_12,0.00010608672380319017
massachusetts_14,0.00010605541567385456
court_8,0.00010603730530283972
crash_12,0.00010586792133311506
cancer_13,0.00010583353865091635
color_7,0.00010549831370051068
movement_16,0.00010539771958411226
products_6,0.00010526169378607379
portfolio_5,0.00010472545649388643
lifestyle_14,0.00010452133890529632
fed_18,0.00010441489856256601
illinois_16,0.00010437135507614456
vermont_8,0.00010437091275502136
tennessee_11,0.00010436406862164806
financial_1,0.00010427263955208898
train_9,0.00010421399780053875
risk_19,0.00010410256792903182
market_18,0.0001039480661381115
william_7,0.00010376182156377568
global_4,0.00010374389922669189
health_11,0.000103352123318789
invest_10,0.00010324426265454372
dow_jones_19,0.00010316960248559332
legal_2,0.00010310912790440048
police_14,0.0001028685950834828
invest_11,0.00010281639638230808
earnings_11,0.00010265306343504416
massachusetts_10,0.00010264980217045
house_3,0.00010262476222866812
banking_14,0.00010257075526860416
million_4,0.00010231845602887836
housing_8,0.00010222017253380882
fun_12,0.00010206077103331224
pennsylvania_17,0.00010204493485446126
votes_1,0.00010202391600598174
bonds_15,0.00010200244068703678
service_13,0.00010186001274993897
governor_10,0.00010182682463233571
economics_4,0.00010176574562306372
wisconsin_7,0.0001017499519747114
credit_4,0.00010149801305961098
revenue_10,0.00010136841266986677
global_7,0.00010119805794068884
world_16,0.00010088820678688352
william_4,0.0001007831456458985
credit_20,0.00010078215036461384
bonds_17,0.00010062175994358576
stock_market_1,0.0001004267148235762
stock_market_3,0.00010038467495461324
cancer_14,0.00010022910946965908
metals_11,0.0001001255132102792
loss_4,0.00010009212354030313
earnings_9,0.0001000542100062144
project_16,0.00010003874169859172
movement_9,0.00010001505007890108
invest_14,9.991801751975622e-05
banking_1,9.978676095054265e-05
members_8,9.966719473280904e-05
society_14,9.961087448633318e-05
senate_16,9.952515351960208e-05
tennessee_3,9.929097161955144e-05
justice_20,9.91187408603804e-05
police_12,9.849607314811982e-05
house_15,9.84658957463996e-05
corporation_16,9.833236752449857e-05
government_17,9.825173554216685e-05
environment_16,9.791700293662506e-05
act_12,9.784094758944368e-05
markets_9,9.771996155190692e-05
oil_5,9.744625861193848e-05
media_1,9.740964919164246e-05
oil_14,9.738639513618512e-05
housing_2,9.736563287862657e-05
representatives_19,9.734215910511911e-05
york_11,9.727166655032974e-05
debt_11,9.724924736942898e-05
carolina_15,9.70515914900979e-05
william_16,9.693427394278864e-05
pennsylvania_19,9.6790466142625e-05
inc_8,9.654802570042475e-05
present_9,9.652033459881e-05
secretary_17,9.632208651445363e-05
judge_1,9.613461882268615e-05
corporation_11,9.602768404400148e-05
seats_17,9.597111349949578e-05
health_5,9.595995711042303e-05
gain_6,9.59137067104523e-05
products_15,9.581294085264113e-05
freedom_5,9.579342274720069e-05
seats_9,9.569502867567026e-05
trader_5,9.552952100463184e-05
missouri_8,9.54732539368846e-05
ohio_5,9.5365898289466e-05
growth_18,9.533794645610937e-05
restaurant_11,9.52413570001154e-05
fed_11,9.522639136633066e-05
media_13,9.515092134087265e-05
members_3,9.494362381516736e-05
tennessee_9,9.476535842420555e-05
present_8,9.474367898013137e-05
stocks_8,9.458905972579924e-05
technology_12,9.458441887184975e-05
case_14,9.45171722681996e-05
police_20,9.446050180453487e-05
republican_3,9.437409658773938e-05
revenue_20,9.428980934443879e-05
financial_18,9.424190181735142e-05
invest_18,9.419160083410824e-05
nyse_6,9.415107897449101e-05
marketing_7,9.391225505983308e-05
buy_7,9.38400527141412e-05
politics_6,9.366893751208149e-05
government_7,9.365021456847392e-05
dividend_17,9.363419293496524e-05
unemployment_16,9.361341309395341e-05
social_17,9.360521442092979e-05
hedge_12,9.32803227911873e-05
bonds_19,9.3208836879066e-05
voters_17,9.306836314128039e-05
growth_13,9.302037371125003e-05
representatives_18,9.28641777994414e-05
million_2,9.272651398806613e-05
global_11,9.258231548782402e-05
unemployment_6,9.25705120271058e-05
global_10,9.222175479181848e-05
tennessee_13,9.193920861158458e-05
ohio_13,9.175326239043876e-05
earnings_12,9.1670541520267e-05
car_5,9.156665617790655e-05
movie_16,9.145844480557996e-05
ring_2,9.134065431426744e-05
cash_13,9.13276773369088e-05
judge_6,9.128446899655984e-05
economics_9,9.118091798055914e-05
color_16,9.112025484847604e-05
kentucky_6,9.082693803624036e-05
case_19,9.078397848850818e-05
firm_1,9.070697630842936e-05
cancer_7,9.050844679100241e-05
happy_5,9.04958833029615e-05
vermont_1,9.047662742691056e-05
arts_8,9.036635936061335e-05
seats_5,9.03424401475832e-05
gold_11,9.023829413258271e-05
union_17,9.023331042179947e-05
kentucky_16,9.009086223253092e-05
election_8,8.991459430054575e-05
risk_20,8.991284800706716e-05
global_1,8.984421303355201e-05
law_4,8.984275851714063e-05
housing_20,8.969440957601327e-05
world_7,8.923343204063991e-05
county_15,8.917450275509306e-05
government_10,8.916927556926787e-05
marketing_2,8.913316013266698e-05
virginia_11,8.897296386104359e-05
act_18,8.873538749241204e-05
companies_12,8.867233259839617e-05
blacklist_10,8.858314255730517e-05
political_15,8.840977553655002e-05
risk_18,8.833167993544926e-05
success_3,8.815297718078432e-05
justice_10,8.798369873096283e-05
law_1,8.767928938205311e-05
government_3,8.763397466781463e-05
nasdaq_18,8.751002572944797e-05
kitchen_16,8.747786992952237e-05
energy_4,8.747186492505251e-05
freedom_18,8.741942028500122e-05
return_6,8.724143820222262e-05
revenue_15,8.719885332477316e-05
revenue_14,8.713994906309982e-05
risk_10,8.708241625037296e-05
train_10,8.703296582901914e-05
business_11,8.674600492035496e-05
movement_14,8.672916659731654e-05
invest_16,8.670577995484624e-05
unemployment_1,8.662742163098258e-05
present_14,8.62962153887082e-05
society_15,8.612005737134854e-05
security_10,8.601853632966742e-05
cancer_15,8.598989543915514e-05
cancer_19,8.596771394344207e-05
council_19,8.595075470957497e-05
ohio_10,8.5934089400339e-05
revenue_8,8.587441667191182e-05
stats_4,8.573767100560676e-05
products_12,8.558589518385898e-05
cash_2,8.555660235386692e-05
gains_11,8.519268144429665e-05
financial_16,8.507144165384816e-05
rights_5,8.506441872447039e-05
environment_17,8.499450251390365e-05
marketing_3,8.489942510617247e-05
president_17,8.46693244652581e-05
credit_7,8.459430881253335e-05
portfolio_3,8.458291922884458e-05
marketing_11,8.451412397823409e-05
religion_9,8.443243033385704e-05
act_4,8.421168324956883e-05
gain_12,8.418854532302827e-05
markets_2,8.41863791953114e-05
economic_3,8.418399084689107e-05
nyse_17,8.392627782178215e-05
kentucky_9,8.390040331957361e-05
portfolio_20,8.389530469834939e-05
cash_19,8.37735708137011e-05
senate_20,8.37540490187521e-05
massachusetts_7,8.371700557027924e-05
economic_10,8.351985688910688e-05
labor_17,8.344769263935618e-05
freedom_7,8.339410577597722e-05
county_7,8.304443867758956e-05
district_20,8.294580952364191e-05
legal_20,8.285648690188908e-05
bonds_14,8.266752992971689e-05
religion_17,8.25727294781218e-05
travel_12,8.25137962857873e-05
vermont_10,8.249311183723783e-05
legal_7,8.247072792514352e-05
money_8,8.246545591135258e-05
government_15,8.236316904125914e-05
inflation_10,8.235353741646078e-05
oil_7,8.23272604869293e-05
ceo_11,8.205859525604069e-05
profit_13,8.198941527025868e-05
social_1,8.181004196001148e-05
firm_13,8.164188470916195e-05
inflation_1,8.161240370159417e-05
earnings_19,8.160697620166146e-05
carolina_6,8.145182639805681e-05
holiday_1,8.125455849924581e-05
services_14,8.11607646141705e-05
present_19,8.114621629874286e-05
legal_12,8.112351296188853e-05
revenue_5,8.109387447214356e-05
war_3,8.098006384064536e-05
gold_12,8.069809014824738e-05
rich_6,8.068302894827684e-05
william_12,8.064164062519088e-05
crash_14,8.047537649775758e-05
happy_18,8.041483846245522e-05
products_8,8.020195642694365e-05
court_17,8.018818644563721e-05
companies_2,8.010638654752124e-05
ceo_3,8.004300540513445e-05
union_8,7.998670111322264e-05
crash_1,7.989594558748515e-05
illinois_5,7.976866006171683e-05
management_5,7.960566879759431e-05
buy_15,7.954340020572805e-05
financial_7,7.939667073978504e-05
oil_1,7.937334645186885e-05
housing_13,7.93644793743777e-05
holiday_18,7.93548038712228e-05
legal_17,7.932472285195516e-05
industry_10,7.924273067484438e-05
business_4,7.909395238501433e-05
voters_20,7.897323895247741e-05
present_2,7.883191308327596e-05
return_8,7.865267890546695e-05
tennessee_7,7.864456416357113e-05
gold_15,7.859009547534809e-05
returns_12,7.850467184448542e-05
default_13,7.829595601513204e-05
freedom_14,7.828993455047934e-05
economic_16,7.828116410419218e-05
legal_15,7.786152968846196e-05
chance_3,7.771779426796797e-05
companies_11,7.764302408957909e-05
environment_11,7.740162437650791e-05
stocks_5,7.7224375313758e-05
kitchen_5,7.717739867635098e-05
train_15,7.682036528035039e-05
wisconsin_16,7.65373639333689e-05
stats_11,7.651991644846363e-05
products_10,7.650104482446595e-05
act_10,7.645376869005865e-05
DOW_JONES_2,7.617465252172091e-05
blacklist_8,7.616244497859826e-05
success_20,7.568455366138245e-05
services_12,7.565585057507849e-05
project_9,7.543303761439591e-05
conflict_12,7.536803409984079e-05
york_14,7.535556699095164e-05
marriage_12,7.525478616513967e-05
crash_9,7.522614024299742e-05
council_14,7.513926792028859e-05
conflict_8,7.505550353298116e-05
corporation_17,7.501490190860169e-05
act_14,7.493795969885201e-05
bank_8,7.484270811266493e-05
committee_11,7.483464464255342e-05
banking_10,7.476453628664975e-05
metals_10,7.451216794388e-05
republican_2,7.444168342726765e-05
market_10,7.440354101989391e-05
corporation_3,7.431711357805165e-05
economic_2,7.405398775927509e-05
ltd_15,7.385874494974508e-05
present_5,7.348302185881707e-05
pennsylvania_16,7.325021585195802e-05
founded_18,7.323578106719402e-05
earnings_7,7.323535426112738e-05
profit_20,7.288810805535686e-05
seats_8,7.28529816153986e-05
home_4,7.279791172852667e-05
rich_12,7.259388125222526e-05
rich_1,7.248403337643255e-05
opportunity_5,7.246583024120202e-05
crisis_12,7.232758056192637e-05
conflict_14,7.217430840770236e-05
marriage_10,7.189388112841314e-05
seats_10,7.169863839007426e-05
DOW_JONES_8,7.164321384894157e-05
present_12,7.142205053789345e-05
party_15,7.139979285544231e-05
garden_8,7.136700392640234e-05
garden_5,7.12304285834729e-05
william_13,7.106606981509488e-05
money_20,7.064226084988888e-05
nasdaq_1,7.060142771758306e-05
success_7,7.059044680415636e-05
lifestyle_9,7.01257562488827e-05
home_17,6.996509104941527e-05
security_15,6.971446254031313e-05
party_19,6.966031647201062e-05
chance_10,6.943473237570405e-05
service_17,6.933284507218994e-05
society_16,6.932930029251798e-05
crash_18,6.921289202697915e-05
crisis_14,6.915548779153347e-05
project_6,6.911497651306482e-05
blacklist_9,6.856070286988532e-05
marriage_19,6.847125471083978e-05
william_5,6.839635848730123e-05
risk_4,6.839327053036236e-05
ltd_6,6.832816136928897e-05
ceo_7,6.827864367508015e-05
movie_2,6.819695436548438e-05
bubble_16,6.803022493234517e-05
case_13,6.79494892762917e-05
gains_17,6.784963283046363e-05
nasdaq_20,6.772773825280537e-05
garden_12,6.768722024901567e-05
kentucky_1,6.75631759691529e-05
returns_10,6.75578039921781e-05
water_19,6.753173428064365e-05
technology_7,6.72849192259154e-05
illinois_17,6.68371460202032e-05
technology_6,6.681364062548178e-05
gain_18,6.666737944453061e-05
bubble_5,6.6648115960708e-05
fed_6,6.641310759068707e-05
gain_20,6.620786579619476e-05
conflict_3,6.610972572067625e-05
ltd_2,6.606983665977925e-05
companies_16,6.602935132294456e-05
management_7,6.575719987853599e-05
movement_2,6.574501958378356e-05
bubble_3,6.547103861220845e-05
global_13,6.546797098353997e-05
county_14,6.523267402114016e-05
york_16,6.516452453596194e-05
return_14,6.516201109490883e-05
movement_12,6.504636567020221e-05
dividend_5,6.502375521416768e-05
management_20,6.490470494758766e-05
seats_7,6.490068491646579e-05
chance_1,6.480364601827057e-05
arts_4,6.467161614399163e-05
case_15,6.452615236111939e-05
nasdaq_15,6.451540912361842e-05
sell_13,6.450359547889954e-05
illinois_20,6.424299056128583e-05
union_20,6.423752893414754e-05
metals_14,6.406641331621106e-05
holiday_10,6.384810830502997e-05
happy_19,6.36985406425965e-05
york_19,6.36765397399625e-05
ltd_17,6.363654087507148e-05
trader_12,6.337746473701237e-05
legal_1,6.329547328769454e-05
culture_8,6.291911995625752e-05
returns_14,6.282854160452341e-05
ring_16,6.267984376300434e-05
movement_8,6.265936254440522e-05
marketing_19,6.260644465824812e-05
technology_9,6.257848637650396e-05
present_1,6.25655044457505e-05
ltd_16,6.239747763661128e-05
management_8,6.230769306770448e-05
risk_16,6.20053172214114e-05
opportunity_7,6.193522961167255e-05
water_18,6.176737587901965e-05
crisis_17,6.164478660991659e-05
seats_18,6.160342946509492e-05
chance_14,6.149943086305825e-05
political_9,6.143911131310517e-05
bubble_17,6.120898669296064e-05
business_15,6.108524121252968e-05
bank_10,6.100936231673867e-05
rich_14,6.0938987934867396e-05
economic_13,6.087978692171942e-05
return_19,6.074724989965458e-05
growth_14,6.0726714450852125e-05
project_1,6.068280155113936e-05
representatives_2,6.0445551232983604e-05
housing_6,6.027836823969723e-05
representatives_20,6.027357584507443e-05
present_18,6.021530954243137e-05
banking_18,5.9912285040294704e-05
representatives_4,5.9650784093431886e-05
justice_11,5.957332837766062e-05
votes_5,5.9535460429223324e-05
gains_14,5.9509352176901224e-05
senate_14,5.948292380076154e-05
industry_5,5.936125165304451e-05
happy_9,5.9239841834564365e-05
debt_2,5.9115928519809264e-05
debt_12,5.9063802478340445e-05
war_12,5.872522638855678e-05
court_15,5.8667418662235704e-05
growth_8,5.866366584431481e-05
technology_13,5.8661337922947816e-05
stocks_12,5.862635391178872e-05
crash_6,5.858065925963508e-05
firm_20,5.852868852521575e-05
members_6,5.849867131186574e-05
cash_8,5.8491800133760314e-05
present_20,5.833473651197224e-05
debt_4,5.8330792118118045e-05
fed_5,5.821158102983474e-05
bonds_12,5.798420791351267e-05
marriage_15,5.7979620950361986e-05
products_9,5.7865820561069704e-05
minister_12,5.749374751393657e-05
culture_3,5.727905343639855e-05
missouri_5,5.717173962415349e-05
credit_14,5.683479726264022e-05
kentucky_20,5.6779561610805075e-05
economic_18,5.674956229195155e-05
nyse_9,5.657008949183982e-05
success_11,5.652595243459536e-05
environment_4,5.642654198045489e-05
fed_4,5.559397236699102e-05
republican_13,5.5471163665168906e-05
community_8,5.5397493854979614e-05
fine_5,5.5248307056087855e-05
police_8,5.5227802717976065e-05
seats_2,5.502944940087967e-05
ring_11,5.499523358893195e-05
democratic_17,5.483257632178802e-05
transaction_19,5.446519590955982e-05
kentucky_3,5.445097707613824e-05
party_4,5.4427784959316025e-05
case_3,5.434627623145717e-05
markets_3,5.4321085150743434e-05
william_1,5.4244309143221836e-05
companies_10,5.41998665097679e-05
kitchen_11,5.4145076893045314e-05
religion_7,5.40772653993726e-05
representatives_14,5.403006173950864e-05
stocks_20,5.301079042020448e-05
environment_7,5.298576773885749e-05
voters_2,5.2798726292525326e-05
returns_6,5.2759104408111606e-05
fun_7,5.273675942323023e-05
case_16,5.2579484080827194e-05
bubble_8,5.24994898300867e-05
earnings_16,5.238566338774721e-05
services_1,5.226421495271904e-05
crisis_10,5.220308336177947e-05
bubble_7,5.18890213584425e-05
ltd_10,5.1267912383600626e-05
technology_2,5.101489426419546e-05
metals_18,5.088538589959012e-05
global_2,5.063900534808596e-05
tennessee_1,5.0585001838446195e-05
legal_18,5.0375641198890585e-05
religion_13,4.9986176773404825e-05
massachusetts_2,4.964276210183653e-05
society_10,4.940184306341078e-05
illinois_18,4.9084695033587846e-05
carolina_1,4.906101199185216e-05
ring_12,4.905152884902881e-05
world_8,4.8606512088508115e-05
crash_4,4.855120993254535e-05
democratic_6,4.853666125370888e-05
crash_19,4.8489809449093625e-05
rich_7,4.84309201803326e-05
growth_9,4.831909230359986e-05
republican_14,4.8306740265488897e-05
stocks_10,4.801985968718749e-05
sell_14,4.7669221875888614e-05
ltd_7,4.760770410304222e-05
profit_8,4.750938054334489e-05
government_12,4.744365682396952e-05
trader_6,4.741294386139906e-05
revenue_3,4.730349420348674e-05
pennsylvania_14,4.7245499114902646e-05
virginia_7,4.709824436116455e-05
oil_19,4.707540951314004e-05
finance_1,4.678812987298227e-05
cash_15,4.670526691264461e-05
kentucky_5,4.666839338016996e-05
society_13,4.650596325276117e-05
religion_3,4.64569945372202e-05
energy_15,4.643353850035604e-05
cancer_6,4.627693458700315e-05
home_12,4.617022474899542e-05
firm_12,4.6068437706962045e-05
community_13,4.606308935447196e-05
rights_1,4.595285427815082e-05
missouri_13,4.591956113882633e-05
success_5,4.5873121946529697e-05
nasdaq_2,4.566223823624729e-05
politics_2,4.5535914296562895e-05
marketing_14,4.5377418518535606e-05
growth_11,4.521019805966585e-05
invest_13,4.484346140898357e-05
kentucky_19,4.4710848393932944e-05
media_3,4.470937343793302e-05
bonds_18,4.459325870343869e-05
travel_8,4.455058847157562e-05
trader_2,4.454276741771592e-05
inflation_18,4.4121440161871835e-05
finance_20,4.4091853345200785e-05
returns_8,4.395746365266134e-05
economics_16,4.383467919444924e-05
loss_9,4.356524586627101e-05
religion_1,4.349409789345462e-05
market_8,4.34512932384098e-05
wisconsin_11,4.331298177599571e-05
garden_4,4.3236030084466796e-05
kitchen_4,4.320617404488183e-05
bonds_11,4.2824713687599573e-05
energy_11,4.2807474450074706e-05
minister_5,4.266275377658321e-05
kitchen_1,4.246755046997624e-05
chance_4,4.244066176857359e-05
crisis_16,4.2430516472865504e-05
economics_13,4.2125116007971134e-05
missouri_6,4.2043986481465116e-05
environment_3,4.198391629716217e-05
banking_7,4.1707074106620985e-05
present_4,4.1562537731686794e-05
illinois_4,4.137776155455611e-05
metals_20,4.105367356453159e-05
washington_17,4.0944632351242075e-05
ceo_19,4.089402857563951e-05
media_14,4.085245821929779e-05
crisis_3,4.060505953841693e-05
economy_15,4.0548997250797354e-05
washington_12,4.049201317905674e-05
earnings_5,4.0467879587799735e-05
fed_13,4.04188164274721e-05
car_15,4.025860117957777e-05
district_9,4.0189103688038926e-05
lifestyle_17,3.998675250473932e-05
fun_4,3.986077443869541e-05
police_4,3.9531465046308006e-05
voters_10,3.9249352852832866e-05
transaction_17,3.921184748469864e-05
profit_3,3.9028446320304153e-05
garden_20,3.889469907705148e-05
committee_4,3.873298063313116e-05
risk_3,3.862105311080197e-05
election_1,3.8620686518449544e-05
economics_18,3.855639503292345e-05
unemployment_18,3.8157694130080055e-05
inflation_13,3.8130545560474606e-05
nyse_3,3.799404450986281e-05
ring_15,3.787637376264271e-05
home_13,3.781420994668192e-05
movement_20,3.781078637306076e-05
banking_5,3.780198120053958e-05
political_1,3.778729385733808e-05
ohio_6,3.7711547418955074e-05
blacklist_5,3.73007807519216e-05
development_7,3.721653692810987e-05
federal_4,3.7125743589812237e-05
environment_1,3.69732752054191e-05
project_13,3.695816339333642e-05
ltd_11,3.6790910967968416e-05
georgia_13,3.676181582902982e-05
metals_3,3.665918074892848e-05
rights_8,3.649953786911437e-05
marriage_2,3.585048986896072e-05
gold_9,3.5718452359525034e-05
votes_6,3.533548573649373e-05
bubble_1,3.525873363132269e-05
bonds_20,3.5212333297314465e-05
earnings_6,3.5138915526488674e-05
massachusetts_12,3.4902493560323686e-05
governor_14,3.475846282782779e-05
stocks_1,3.438315962604389e-05
dividend_11,3.3975790824713656e-05
arts_5,3.3901242829831864e-05
debt_9,3.383820697958628e-05
kitchen_15,3.361936090275661e-05
industry_7,3.3605516084505244e-05
travel_20,3.356765236415675e-05
return_2,3.3542092244426593e-05
metals_9,3.340386730962285e-05
tennessee_15,3.322767067405581e-05
profit_19,3.3183789285289806e-05
banking_16,3.3095229916702465e-05
war_13,3.290439702573577e-05
debt_15,3.285930682924708e-05
kitchen_13,3.275252172362329e-05
economic_19,3.268400760104345e-05
wisconsin_6,3.2367531796409226e-05
gain_14,3.234558974056357e-05
unemployment_3,3.207074253455012e-05
financial_4,3.206559427311467e-05
freedom_16,3.195095704548167e-05
seats_14,3.183895375170724e-05
technology_5,3.1452242416989724e-05
wisconsin_13,3.1391008847612894e-05
minister_2,3.126664073666227e-05
stats_14,3.102411368951973e-05
stocks_18,3.095796878820755e-05
ceo_14,3.075358568364049e-05
growth_2,3.074342645335537e-05
representatives_11,3.053979712094279e-05
banking_9,3.0307041970449055e-05
industry_16,2.995785450764045e-05
rich_17,2.9915517123023213e-05
global_3,2.971890891064467e-05
blacklist_18,2.9521565032877614e-05
legal_11,2.9478344586667493e-05
revenue_17,2.9361995205720092e-05
governor_7,2.935179925768078e-05
economy_16,2.921117994252338e-05
crisis_19,2.913385085605704e-05
stock_market_15,2.9047695986160534e-05
stocks_17,2.885119977442712e-05
conflict_6,2.8769796096874432e-05
firm_5,2.8722367116317798e-05
culture_12,2.8661308069635285e-05
fun_2,2.8588157231565974e-05
labor_8,2.8426829280136706e-05
dividend_2,2.841330474763375e-05
companies_17,2.8391323289781044e-05
project_2,2.832951856871693e-05
arts_2,2.7995693525893407e-05
voters_15,2.7803906546443177e-05
secretary_9,2.7748748118807733e-05
earnings_8,2.7680229161037568e-05
ring_1,2.7474871753451e-05
returns_20,2.7288725778088972e-05
economic_11,2.7181978673227185e-05
unemployment_2,2.713960650178455e-05
bonds_13,2.701078832197515e-05
marriage_9,2.6960216097322947e-05
crisis_18,2.6640256139925302e-05
minister_18,2.623653795924524e-05
housing_14,2.5924372685999836e-05
judge_15,2.562878860890207e-05
voters_19,2.561705122620559e-05
trader_20,2.5531566516265424e-05
environment_2,2.552445611332249e-05
nasdaq_13,2.544513150975279e-05
political_17,2.5051488099333745e-05
arts_19,2.5051097609812395e-05
trader_17,2.497684882773369e-05
minister_14,2.4487596807686998e-05
marketing_1,2.399480127035377e-05
security_16,2.371954452540919e-05
blacklist_6,2.366174649283041e-05
nasdaq_16,2.361736701366633e-05
police_18,2.3476259668919352e-05
nasdaq_11,2.341592765561252e-05
invest_8,2.3405114664657862e-05
minister_17,2.3247462885376364e-05
nyse_1,2.3086074935949324e-05
gains_10,2.286688520352873e-05
vermont_4,2.283424746272261e-05
nasdaq_9,2.247184081263311e-05
crisis_7,2.2344557207195364e-05
environment_8,2.2281226959618887e-05
freedom_12,2.2227328917197104e-05
justice_5,2.190028916670676e-05
economics_6,2.180563026338944e-05
dividend_9,2.159647203179077e-05
founded_7,2.1276993357250105e-05
republican_20,2.088814277861838e-05
minister_15,2.086682509848433e-05
virginia_12,2.0568864352090133e-05
marriage_11,2.0458918403969665e-05
global_16,2.0348175293094475e-05
votes_4,2.0306317727087013e-05
nyse_13,2.0165746174001128e-05
firm_16,1.9850305377361583e-05
color_18,1.977796166316677e-05
cash_9,1.975048420857996e-05
chance_8,1.9718247463170842e-05
minister_13,1.9595272430661426e-05
founded_3,1.9476699581005082e-05
environment_5,1.9400154385417035e-05
arts_7,1.921298401915121e-05
trader_18,1.9165248150311392e-05
present_15,1.8999883152016597e-05
voters_1,1.890227351103557e-05
success_18,1.8875423457625157e-05
legal_13,1.8857116451975395e-05
environment_18,1.876867503169625e-05
gain_1,1.8732725735401367e-05
bonds_4,1.8706780187809922e-05
seats_6,1.8699106503207547e-05
labor_9,1.859678470516088e-05
revenue_9,1.857480836948318e-05
democratic_11,1.807669769861172e-05
marriage_8,1.805895626139786e-05
ring_7,1.8009522234047375e-05
development_13,1.7983380506724305e-05
lifestyle_18,1.794607080328497e-05
minister_7,1.791393801699107e-05
religion_16,1.786927270215159e-05
pennsylvania_20,1.7826643723443218e-05
council_5,1.7563659478415244e-05
republican_1,1.735533280703859e-05
returns_13,1.7276070419227736e-05
voters_18,1.7126922672172452e-05
democratic_7,1.6912229816155008e-05
representatives_9,1.6794445505797338e-05
bonds_6,1.6656175401332498e-05
water_15,1.6541675866278376e-05
labor_1,1.6289429325913568e-05
inflation_15,1.6283969550166924e-05
massachusetts_8,1.6249669805435227e-05
religion_6,1.6111319490217097e-05
media_12,1.6073787103502327e-05
massachusetts_17,1.5916322489044432e-05
success_2,1.585993320384306e-05
marriage_18,1.5785162206121285e-05
gains_13,1.576453345369508e-05
nasdaq_6,1.5612459356270807e-05
economy_3,1.5200156706075765e-05
missouri_11,1.5199839485044547e-05
justice_16,1.5143147046962606e-05
war_10,1.5098437176949935e-05
inflation_7,1.5086693782243978e-05
voters_8,1.4973375030728434e-05
global_19,1.4726830449416811e-05
industry_18,1.4628668507083804e-05
profit_11,1.4471205358136015e-05
garden_13,1.3216564040104907e-05
fun_20,1.31591321264138e-05
council_13,1.2950066339511646e-05
invest_17,1.2949894526121276e-05
politics_4,1.2790798316613227e-05
revenue_19,1.2708285080512425e-05
arts_12,1.2585449807944654e-05
gains_8,1.2528322122612625e-05
vermont_11,1.2442622538052462e-05
rights_2,1.1939994037693574e-05
success_10,1.1715133194885111e-05
crisis_4,1.1535947848554606e-05
investment_19,1.1461593163531543e-05
arts_14,1.11606508199496e-05
nasdaq_19,1.0764360136360436e-05
representatives_7,1.066992726194404e-05
founded_13,1.062568188618317e-05
ltd_9,1.0507595735869555e-05
stock_market_4,1.046832799034794e-05
nyse_18,1.0147445900229385e-05
fed_15,9.963988134659792e-06
inflation_4,9.796822965282581e-06
washington_8,9.767277199082263e-06
returns_19,9.746911309159951e-06
pennsylvania_5,9.662121534917275e-06
republican_16,9.562200872525017e-06
kitchen_7,9.313294187753028e-06
elected_15,9.22429238641443e-06
vermont_6,9.170325975280206e-06
blacklist_2,8.972471877112053e-06
arts_6,8.76190274841227e-06
vermont_17,8.577121577170368e-06
default_14,8.186648624646389e-06
representatives_10,8.185983226852014e-06
chance_2,7.748400864893904e-06
returns_18,7.671170811860809e-06
gains_15,7.550275530049402e-06
marketing_16,7.400719539054694e-06
vermont_16,7.370267273615781e-06
ceo_17,6.674716159490779e-06
conflict_2,6.504993490434117e-06
ceo_10,6.353868989633513e-06
lifestyle_11,6.1488899268189765e-06
sell_20,5.804806763159911e-06
pennsylvania_15,5.715571279329951e-06
lifestyle_16,5.6787117699702756e-06
judge_13,5.395480066636752e-06
money_15,5.2737341131480245e-06
ceo_13,5.163367588459087e-06
rich_15,5.082604643194998e-06
arts_13,4.85340586616735e-06
gains_19,3.8809335622738745e-06
minister_11,3.849227188903408e-06
council_18,3.8017064835270797e-06
bonds_3,3.673322659249796e-06
crisis_2,3.470672501655908e-06
inflation_19,3.0914496475204437e-06
members_7,3.0517431196203616e-06
inflation_2,2.986037999792476e-06
minister_20,2.9231686586680784e-06
religion_5,2.864320275692078e-06
crisis_11,2.6670058370554797e-06
bubble_19,2.640818793116832e-06
pennsylvania_12,2.5917924711051352e-06
nyse_14,2.456679335960126e-06
police_6,2.3240784556600998e-06
returns_4,2.215595596387485e-06
economics_3,2.073529533542533e-06
vermont_9,1.9647153971031287e-06
success_15,1.585911259373441e-06
culture_6,1.5300782626325442e-06
inflation_9,1.1911286285791232e-06
vermont_5,1.0601876567728038e-06
massachusetts_5,9.822614236756623e-07
governor_5,9.260600316203748e-07
industry_19,8.405742627467402e-07
votes_17,8.374602413496513e-07
arts_17,8.073309053833961e-07
representatives_13,4.966085622466024e-07
default_16,4.394073958066599e-07
economic_4,4.3775549919236357e-07
members_11,3.4742084913418196e-07
economics_2,3.2797589264103044e-07
hedge_11,2.0340105586707658e-07
gains_18,2.014026537511777e-07
profit_16,1.2778620000417808e-07
elected_5,1.19167026246924e-07
minister_4,7.192889273151154e-08
nyse_20,3.792669077014466e-08
inflation_11,5.763453109132636e-09
trader_9,5.215195703605203e-10
fed_14,1.9152052842395242e-10
vermont_18,2.965383038745795e-12
BUY_AND_HOLD_1,
BUY_AND_HOLD_2,
BUY_AND_HOLD_3,
BUY_AND_HOLD_4,
BUY_AND_HOLD_5,
BUY_AND_HOLD_6,
BUY_AND_HOLD_7,
BUY_AND_HOLD_8,
BUY_AND_HOLD_9,
BUY_AND_HOLD_10,
BUY_AND_HOLD_11,
BUY_AND_HOLD_12,
BUY_AND_HOLD_13,
BUY_AND_HOLD_14,
BUY_AND_HOLD_15,
BUY_AND_HOLD_16,
BUY_AND_HOLD_17,
BUY_AND_HOLD_18,
BUY_AND_HOLD_19,
BUY_AND_HOLD_20,
arts_3,
banking_13,
blacklist_1,
blacklist_14,
bubble_6,
bubble_10,
ceo_6,
ceo_8,
ceo_9,
ceo_16,
ceo_18,
chance_5,
chance_9,
chance_11,
companies_18,
consume_1,
consume_2,
consume_3,
consume_4,
consume_5,
consume_6,
consume_7,
consume_8,
consume_9,
consume_10,
consume_11,
consume_12,
consume_13,
consume_14,
consume_15,
consume_16,
consume_17,
consume_18,
consume_19,
consume_20,
consumption_1,
consumption_2,
consumption_3,
consumption_4,
consumption_5,
consumption_6,
consumption_7,
consumption_8,
consumption_9,
consumption_10,
consumption_11,
consumption_12,
consumption_13,
consumption_14,
consumption_15,
consumption_16,
consumption_17,
consumption_18,
consumption_19,
consumption_20,
debt_1,
debt_5,
debt_20,
default_1,
default_2,
default_3,
default_4,
default_5,
default_6,
default_7,
default_8,
default_9,
default_10,
default_11,
default_12,
default_15,
default_17,
default_18,
default_19,
default_20,
derivatives_1,
derivatives_2,
derivatives_3,
derivatives_4,
derivatives_5,
derivatives_6,
derivatives_7,
derivatives_8,
derivatives_9,
derivatives_10,
derivatives_11,
derivatives_12,
derivatives_13,
derivatives_14,
derivatives_15,
derivatives_16,
derivatives_17,
derivatives_18,
derivatives_19,
derivatives_20,
economic_17,
economics_12,
economy_2,
economy_4,
economy_5,
economy_7,
economy_8,
economy_10,
economy_11,
economy_12,
economy_13,
economy_14,
economy_17,
economy_18,
economy_19,
elected_1,
elected_2,
elected_3,
elected_6,
elected_7,
elected_8,
elected_10,
elected_11,
elected_13,
elected_16,
elected_17,
elected_18,
elected_19,
elected_20,
environment_13,
fed_12,
financial_markets_1,
financial_markets_2,
financial_markets_3,
financial_markets_4,
financial_markets_5,
financial_markets_6,
financial_markets_7,
financial_markets_8,
financial_markets_9,
financial_markets_10,
financial_markets_11,
financial_markets_12,
financial_markets_13,
financial_markets_14,
financial_markets_15,
financial_markets_16,
financial_markets_17,
financial_markets_18,
financial_markets_19,
financial_markets_20,
fond_1,
fond_2,
fond_3,
fond_4,
fond_5,
fond_6,
fond_7,
fond_8,
fond_9,
fond_10,
fond_11,
fond_12,
fond_13,
fond_14,
fond_15,
fond_16,
fond_17,
fond_18,
fond_19,
fond_20,
forex_1,
forex_2,
forex_3,
forex_4,
forex_5,
forex_6,
forex_7,
forex_8,
forex_9,
forex_10,
forex_11,
forex_12,
forex_13,
forex_14,
forex_15,
forex_16,
forex_17,
forex_18,
forex_19,
forex_20,
gains_1,
gains_2,
gains_3,
gains_4,
gains_5,
gains_6,
gains_7,
gains_9,
gains_20,
greed_1,
greed_2,
greed_3,
greed_4,
greed_5,
greed_6,
greed_7,
greed_8,
greed_9,
greed_10,
greed_11,
greed_12,
greed_13,
greed_14,
greed_15,
greed_16,
greed_17,
greed_18,
greed_19,
greed_20,
growth_5,
headlines_1,
headlines_2,
headlines_3,
headlines_4,
headlines_5,
headlines_6,
headlines_7,
headlines_8,
headlines_9,
headlines_10,
headlines_11,
headlines_12,
headlines_13,
headlines_14,
headlines_15,
headlines_16,
headlines_17,
headlines_18,
headlines_19,
headlines_20,
hedge_1,
hedge_5,
hedge_7,
hedge_8,
hedge_9,
hedge_10,
hedge_13,
hedge_15,
hedge_17,
hedge_19,
industry_1,
industry_2,
industry_3,
industry_4,
industry_6,
industry_8,
industry_9,
industry_11,
industry_13,
industry_14,
industry_15,
industry_17,
industry_20,
inflation_5,
inflation_16,
inflation_20,
investment_1,
investment_2,
investment_3,
investment_4,
investment_5,
investment_7,
investment_8,
investment_9,
investment_10,
investment_11,
investment_12,
investment_13,
investment_14,
investment_15,
investment_16,
investment_17,
investment_18,
leverage_1,
leverage_2,
leverage_3,
leverage_4,
leverage_5,
leverage_6,
leverage_7,
leverage_8,
leverage_9,
leverage_10,
leverage_11,
leverage_12,
leverage_13,
leverage_14,
leverage_15,
leverage_16,
leverage_17,
leverage_18,
leverage_19,
leverage_20,
lifestyle_3,
lifestyle_4,
lifestyle_5,
lifestyle_6,
lifestyle_7,
lifestyle_8,
lifestyle_10,
lifestyle_13,
lifestyle_15,
lifestyle_19,
lifestyle_20,
marriage_1,
marriage_4,
marriage_5,
marriage_6,
marriage_7,
marriage_13,
marriage_16,
marriage_17,
marriage_20,
massachusetts_6,
massachusetts_13,
members_2,
minister_1,
minister_3,
minister_10,
ministry_1,
ministry_2,
ministry_3,
ministry_4,
ministry_5,
ministry_6,
ministry_7,
ministry_8,
ministry_9,
ministry_10,
ministry_11,
ministry_12,
ministry_13,
ministry_14,
ministry_15,
ministry_16,
ministry_17,
ministry_18,
ministry_19,
ministry_20,
nyse_2,
nyse_4,
nyse_5,
nyse_8,
nyse_10,
nyse_12,
nyse_15,
nyse_19,
ore_1,
ore_2,
ore_3,
ore_4,
ore_5,
ore_6,
ore_7,
ore_8,
ore_9,
ore_10,
ore_11,
ore_12,
ore_13,
ore_14,
ore_15,
ore_16,
ore_17,
ore_18,
ore_19,
ore_20,
pennsylvania_9,
politics_1,
present_7,
present_13,
profit_1,
profit_2,
profit_4,
profit_5,
profit_6,
profit_7,
profit_9,
profit_17,
profit_18,
rare_earths_1,
rare_earths_2,
rare_earths_3,
rare_earths_4,
rare_earths_5,
rare_earths_6,
rare_earths_7,
rare_earths_8,
rare_earths_9,
rare_earths_10,
rare_earths_11,
rare_earths_12,
rare_earths_13,
rare_earths_14,
rare_earths_15,
rare_earths_16,
rare_earths_17,
rare_earths_18,
rare_earths_19,
rare_earths_20,
religion_15,
religion_20,
representatives_15,
republican_7,
returns_2,
rich_13,
served_1,
served_2,
served_3,
served_4,
served_5,
served_6,
served_7,
served_8,
served_9,
served_10,
served_11,
served_12,
served_13,
served_14,
served_15,
served_16,
served_17,
served_18,
served_19,
served_20,
short_sell_1,
short_sell_2,
short_sell_3,
short_sell_4,
short_sell_5,
short_sell_6,
short_sell_7,
short_sell_8,
short_sell_9,
short_sell_10,
short_sell_11,
short_sell_12,
short_sell_13,
short_sell_14,
short_sell_15,
short_sell_16,
short_sell_17,
short_sell_18,
short_sell_19,
short_sell_20,
short_selling_1,
short_selling_2,
short_selling_3,
short_selling_4,
short_selling_5,
short_selling_6,
short_selling_7,
short_selling_8,
short_selling_9,
short_selling_10,
short_selling_11,
short_selling_12,
short_selling_13,
short_selling_14,
short_selling_15,
short_selling_16,
short_selling_17,
short_selling_18,
short_selling_19,
short_selling_20,
success_14,
success_16,
technology_19,
tourism_1,
tourism_2,
tourism_3,
tourism_4,
tourism_5,
tourism_6,
tourism_7,
tourism_8,
tourism_9,
tourism_10,
tourism_11,
tourism_12,
tourism_13,
tourism_14,
tourism_15,
tourism_16,
tourism_17,
tourism_18,
tourism_19,
tourism_20,
trader_3,
transaction_1,
transaction_2,
transaction_3,
transaction_4,
transaction_5,
transaction_6,
transaction_7,
transaction_8,
transaction_9,
transaction_10,
transaction_11,
transaction_12,
transaction_13,
transaction_14,
transaction_15,
transaction_16,
transaction_18,
transaction_20,
travel_1,
vermont_3,
vermont_15,
voters_3,
voters_4,
voters_7,
votes_9,
votes_13,
votes_14,
votes_15,
votes_18,
