features,feature_score
blacklist_17,0.03419911068729105
garden_1,0.019794092853318755
media_19,0.018561682522259777
members_19,0.01635394165071258
founded_9,0.015636301685604717
crisis_20,0.013437150480536234
votes_13,0.013191959655783767
success_18,0.011172579668809694
nyse_19,0.010972491516893106
representatives_19,0.01081753686354534
risk_9,0.010790328600493096
republican_6,0.010599844037018356
party_15,0.010576816076574647
movie_3,0.010522830129852983
housing_20,0.010257261289698809
founded_13,0.010018997172230957
development_16,0.009944126396199801
leverage_18,0.009861096940531038
politics_10,0.00933471804965711
bank_8,0.009327266233218392
credit_15,0.009273678535017319
credit_17,0.009207163016681114
products_16,0.009160990194517528
secretary_6,0.008657855112872275
nyse_2,0.00865372083200272
federal_10,0.008515529187321855
texas_16,0.008372489649899553
development_6,0.008346270046750943
profit_9,0.007912230988879021
court_18,0.007516113330228039
community_1,0.0075011054127682815
massachusetts_7,0.007471346156926867
inc_16,0.007349890499583059
restaurant_1,0.007297533232444991
energy_11,0.007217596979223114
police_1,0.006809665685519487
party_14,0.006762750883863383
consumption_9,0.006642170565875033
loss_20,0.00661756322647562
companies_15,0.006589848354271854
elections_20,0.006519262283286108
business_2,0.006406136952973502
community_19,0.006305752593386317
ohio_20,0.006270881347482614
politics_13,0.006238466233255525
movie_11,0.0062359508092864726
companies_19,0.006181568256998939
products_11,0.006141353265298176
default_20,0.006084758541230689
movie_16,0.006022115361168631
services_19,0.005890643389448302
travel_11,0.00584316083644938
case_12,0.005779776041015369
movie_17,0.005762666501577815
returns_13,0.005592182665788749
tennessee_20,0.005546590520569951
cash_16,0.005531813789368177
ministry_10,0.005510427957707975
justice_12,0.005413902508392264
tennessee_18,0.0052817654421878045
revenue_11,0.005275709038178116
washington_15,0.005252707704614764
bank_9,0.005112183272697329
growth_17,0.005075394861945743
act_8,0.004936732279796886
world_11,0.004909361082506634
court_1,0.004882550538511361
train_17,0.004765908469236842
trader_13,0.004724210532159892
derivatives_19,0.004658353278026158
services_10,0.004651363892702528
energy_12,0.004557059230518529
restaurant_13,0.004522495573083432
service_20,0.004463925498284566
project_11,0.004430487099835083
finance_4,0.004408512666843404
police_7,0.004371216614036333
stock_market_7,0.004356422717313357
ohio_4,0.004231501990389895
transaction_19,0.004199165030734049
economics_20,0.004166143622069022
committee_18,0.004149151909917369
social_11,0.0040736038060923034
council_4,0.00403090660133572
election_19,0.004004662497310405
social_9,0.003953497122654626
firm_17,0.003940359184323115
market_20,0.003939011616548004
court_6,0.0038926579475723365
ore_9,0.0037766258099581483
college_5,0.0036879065547920278
service_9,0.0036768191187126933
house_15,0.0036093721692763135
college_6,0.003548119203172302
restaurant_20,0.00354756204051908
stock_market_20,0.0035360853193931703
carolina_3,0.0034631662618356215
law_8,0.0033066106719686346
federal_20,0.0032721618499298682
massachusetts_15,0.0032695969039349057
gains_19,0.003203807400824681
derivatives_17,0.0031180614389394417
management_17,0.003035184010910776
pennsylvania_20,0.0030309966994117904
buy_16,0.0029655566344016686
massachusetts_8,0.0029617396875795503
health_5,0.0028988794375589227
secretary_12,0.0028978673321185754
case_13,0.002876346780715318
law_4,0.00282849969049532
court_7,0.002821538706531942
technology_13,0.00278457815269942
train_5,0.002767535335028127
fed_16,0.0026446967205988815
business_15,0.002640989459185179
committee_6,0.0026169696291121554
district_11,0.0025143790886460494
gold_16,0.002455199761900963
governor_16,0.002423966405945802
william_20,0.0023432865242542437
DOW_JONES_17,0.002258789463986017
marriage_13,0.0022263576643916745
technology_2,0.0022240364078297574
union_8,0.0021807502162455097
votes_19,0.002167530826791229
marketing_11,0.0020698697298879142
risk_14,0.0020484846321461637
movie_7,0.0020274891154651994
train_10,0.0019787236948297154
religion_9,0.001968740500495488
council_19,0.0018548264924113927
crash_18,0.0018524349922285192
votes_3,0.0018409030512215635
legal_1,0.0018225988898543728
car_6,0.0018206595841751376
security_8,0.0017967114349724054
gold_1,0.0017825198925006712
police_10,0.001754461079639467
community_6,0.0017514778009074467
loss_19,0.0017037575975562067
home_2,0.0016992785035269953
democratic_6,0.0016988745374826016
inc_3,0.0016205242060142375
president_19,0.0016049239748015401
risk_2,0.0015531475554673095
industry_5,0.0014988908593384263
tourism_12,0.0014543151361538524
washington_9,0.0014167553797179533
dow_jones_15,0.0014133181148163587
restaurant_19,0.001379283705505598
million_19,0.001364687019345742
house_20,0.0013336276044745188
rights_16,0.0013238754995604405
war_2,0.0013131935737111624
party_12,0.001285994822190713
returns_18,0.0011912828036406186
services_17,0.0011873748049998436
industry_13,0.0011772354886790584
voters_13,0.001174556786491233
texas_4,0.001171803750770871
world_6,0.0011690549049848651
home_12,0.0011385804441868212
finance_7,0.0010975687741085994
default_2,0.0010903027004812375
case_16,0.00106707822518653
unemployment_8,0.0010435527933330073
senate_20,0.001028566482191653
virginia_16,0.0010083805682354892
earnings_9,0.001004398765765391
members_9,0.0010013359260802037
georgia_11,0.0009788982838075814
movement_15,0.0009686629028238738
act_7,0.0009474389816869196
holiday_18,0.0009333810327653297
dow_jones_10,0.0009278544110674944
growth_18,0.0009235547786374512
freedom_7,0.0009139441825065302
william_13,0.0009058651241770642
portfolio_16,0.0009038001192243138
illinois_19,0.0009015723883061285
chance_18,0.0008885181134128142
social_5,0.0008821774410203185
market_11,0.000873990175863104
council_10,0.0008447367905751582
transaction_11,0.0008426630518287088
service_5,0.0008420834864457333
gain_12,0.000841926995088468
justice_18,0.0008308197002924258
ring_3,0.0007966461102231575
security_10,0.0007884071310888274
york_16,0.000785373981306312
federal_16,0.0007762361370788327
kitchen_3,0.0007751706516915944
train_2,0.000733007763161939
world_12,0.0007288438473502264
metals_18,0.0006790632239201882
pennsylvania_6,0.0006785287043459286
water_20,0.0006712194317023124
travel_8,0.0006708487571869208
banking_19,0.0006269250639724175
stock_market_2,0.0006231168543600112
movement_17,0.0006095776774236668
committee_11,0.0006004256357996213
credit_2,0.0005912790999136266
train_15,0.0005901741718730742
debt_19,0.0005856993080412562
conflict_10,0.0005834483279365617
invest_11,0.0005713201653398294
marriage_7,0.000556965196982821
votes_9,0.0005568815664128467
oil_7,0.0005523059874342261
texas_7,0.0005416053777639393
ore_4,0.0004937857587491111
portfolio_1,0.0004932237436141239
president_13,0.0004931698866988024
stats_15,0.0004870405102689056
inc_6,0.00047496145336839955
happy_18,0.0004630017197158201
products_1,0.0004601101348899291
finance_16,0.00045693325341795884
missouri_10,0.0004548305301468649
kitchen_10,0.00045407873506543036
union_19,0.0004499295519933896
risk_3,0.0004488482954287363
society_17,0.0004407120661828229
kentucky_14,0.00043759114178938414
opportunity_17,0.00043313801185248114
carolina_11,0.0004212469885539052
conflict_7,0.0004211401285548151
ministry_1,0.0004201735910812766
cancer_11,0.00041210098995595205
rights_12,0.0004102090625385503
return_16,0.0004065191061871732
rights_10,0.00039885930791013163
union_16,0.0003976484834465803
washington_1,0.00038920175823310775
gains_17,0.0003871887635215556
energy_10,0.0003831524725240105
act_16,0.0003797106597706545
sell_8,0.0003620063835813183
wisconsin_1,0.0003619544784618334
nyse_1,0.00036084400073788174
project_9,0.00035957711231372996
county_2,0.00035694693163532907
unemployment_18,0.0003509721198065131
returns_5,0.00034347061589995784
train_6,0.00033094654466452684
home_20,0.0003298061262804777
revenue_10,0.00032164280507295353
illinois_17,0.0003195752010418823
judge_15,0.00031713771825441167
sell_6,0.0003169873403715196
inc_11,0.0003160595537708515
business_1,0.0003130681100499368
security_5,0.0003126942233657531
government_3,0.00031100682911123215
credit_4,0.0003108211810178008
bubble_8,0.0003103758239630239
federal_14,0.00030984724692799436
million_13,0.0003093206694694154
investment_9,0.0003089479443006251
success_17,0.00030835868766459313
election_13,0.00030483532926699593
derivatives_2,0.00030156373608136456
ministry_7,0.0002999946274213289
elected_20,0.00029561400340603184
georgia_8,0.00029474615707858476
oil_20,0.00029382190703217457
holiday_14,0.0002930379448771257
tourism_15,0.0002866524755539062
elections_1,0.0002866131327520058
corporation_8,0.00028619748931169346
elected_8,0.00028501914071473356
products_2,0.0002849666196091742
banking_10,0.0002840163292444716
global_9,0.0002836588932564928
fine_19,0.00028199135194718986
project_14,0.0002788458033533376
freedom_13,0.00027794698688148967
georgia_14,0.00027565832911358266
management_11,0.00027463502633981706
senate_1,0.000274596801148425
william_11,0.0002701346244757837
fun_10,0.000268246660830118
legal_14,0.00026377557419113507
members_17,0.0002633184653428846
health_2,0.00026309309842606515
lifestyle_7,0.0002627075633794289
voters_5,0.00026063787369910295
vermont_17,0.0002598972354981473
police_8,0.0002591262426132403
economics_9,0.00025723314605715703
garden_2,0.0002570403710881964
fed_19,0.0002552099255993122
culture_15,0.00025322003018565597
corporation_7,0.0002530594652467361
marriage_9,0.00025156648352110553
environment_15,0.0002496430109992767
gains_15,0.00024918116780822517
unemployment_12,0.0002486438296406207
growth_12,0.0002478831030770151
present_12,0.0002477090573049751
environment_18,0.0002476809081351987
office_15,0.0002459693364923143
elections_13,0.0002450896494826359
sell_3,0.00024439974374969656
movie_1,0.00024382195166081864
environment_9,0.0002437780028811674
technology_15,0.0002435646036531116
inflation_14,0.0002415195541007309
firm_2,0.00023921238948102495
economics_13,0.0002383960453607902
crash_11,0.00023766384769290948
committee_12,0.0002369897596773074
kentucky_6,0.00023453587995314593
nasdaq_10,0.0002329249500668425
train_12,0.00023237322497852
council_5,0.00023213749323914643
growth_13,0.00023108995168744965
security_19,0.00023022666689994641
secretary_14,0.0002299515339302989
kentucky_9,0.00022967081431270485
buy_13,0.00022894495661857564
management_6,0.00022735199059195705
bonds_20,0.0002266193935713802
economics_11,0.00022633194484521322
political_11,0.00022586425853826766
services_6,0.00022575099326724738
car_5,0.00022303728010532575
legal_20,0.00021820291162534362
texas_3,0.00021759461395422293
council_15,0.00021757262802689603
members_13,0.00021651314169281497
cash_18,0.0002135108184095474
nyse_17,0.00021216698020987173
stats_11,0.00020977133095328147
labor_16,0.00020910898859608643
development_3,0.0002088497085190523
ltd_9,0.00020620076121371546
election_9,0.00020565085950654326
nasdaq_5,0.0002051609020114157
police_5,0.0002026757281323575
carolina_19,0.00020233852235168126
rights_13,0.0002002287545360494
social_20,0.00019903916975482847
ltd_12,0.00019902615318818784
financial_17,0.00019846168936185564
dow_jones_14,0.00019808400411753838
markets_8,0.00019698794260797854
government_13,0.00019555162980069922
food_18,0.00019541104146936257
crisis_3,0.00019517880094760228
media_14,0.00019331477904180994
act_9,0.00019205343386475508
illinois_11,0.00019142885947956827
nasdaq_19,0.00019082001951763
vermont_11,0.00019025217447972678
bubble_20,0.00018880166393507388
wisconsin_18,0.00018846121332823795
food_8,0.00018720051551125954
council_9,0.00018672778540226162
service_18,0.00018663815449253553
government_18,0.00018660934831253638
war_20,0.00018626807299528783
buy_8,0.00018603665621504342
credit_16,0.00018312586364983274
energy_4,0.00018223695588644753
senate_18,0.0001814533062928181
global_14,0.00017956322734784486
dividend_11,0.00017931476848190794
william_17,0.00017703596605769817
opportunity_20,0.00017646148591908193
ltd_7,0.00017608488877567216
college_4,0.00017546146536469398
money_8,0.00017509965212578063
bubble_9,0.00017354668379196615
district_6,0.00017052903007029298
stats_7,0.00017014184222822882
housing_8,0.00017006080237617408
governor_11,0.00016985126949259542
project_7,0.00016783829637505575
world_10,0.00016714402260575617
corporation_6,0.0001635416512177338
college_13,0.00016026789941077333
act_2,0.00015899969446075426
elections_14,0.00015875516103617697
development_15,0.00015795473138814343
housing_4,0.00015727146913039692
rights_8,0.00015708836544433164
stats_10,0.00015693385180957464
federal_1,0.00015686549878108006
debt_3,0.00015522107892064157
short_selling_15,0.0001545377148216354
portfolio_3,0.00015245726073042935
products_12,0.00015233129753520995
credit_14,0.0001512042441818797
service_2,0.0001511129994953276
leverage_15,0.00015051385735677814
gold_14,0.00015040097563126992
court_4,0.0001503791847209372
business_3,0.0001489339169219304
virginia_17,0.00014888222189012902
water_7,0.0001488547747506721
invest_18,0.00014613239790695225
court_20,0.0001461021677973553
inc_9,0.0001458336299930894
cancer_18,0.00014463870309210393
cancer_13,0.00014412061196367637
transaction_6,0.00014326203045408116
default_11,0.00014264657952516884
college_11,0.00014225931558413927
home_1,0.0001416170228559176
return_12,0.0001408156446500863
office_7,0.00014055116355890445
credit_9,0.00014027791367401767
food_1,0.00014009309774774435
court_19,0.00013982596463203603
served_1,0.00013949042197083705
dividend_15,0.00013947207845665816
million_11,0.00013903618623430303
consumption_16,0.00013873426756591872
case_11,0.00013860338515674753
oil_17,0.00013849455039571904
social_3,0.0001382294629089887
travel_6,0.00013808209415176162
bank_3,0.00013717380632476245
wisconsin_16,0.00013650174952835765
district_16,0.0001358967237520704
DOW_JONES_19,0.0001352382078696506
judge_20,0.00013500904855073245
government_11,0.00013471367797648757
growth_4,0.00013469537085757406
freedom_3,0.00013354289487560033
fun_4,0.00013351571926925666
fond_10,0.0001325422331543066
water_9,0.00013192008877945725
fun_19,0.00013141885095684336
ministry_15,0.0001312236139590105
secretary_5,0.00013014014909229005
marketing_15,0.00012972813533691384
dow_jones_18,0.0001296716262114853
fed_7,0.0001295206280682739
representatives_8,0.00012940795494189162
holiday_7,0.00012903668997006406
act_13,0.00012891233840689952
government_4,0.0001288093186125588
inc_1,0.0001286313594545065
media_13,0.00012804068285578838
trader_7,0.00012799808647093414
wisconsin_4,0.00012759186476967252
forex_12,0.00012753089147866036
risk_12,0.00012723991952183424
environment_16,0.00012723148112341208
law_6,0.00012715854634061038
financial_4,0.00012592907871800617
energy_7,0.0001255916807552684
bubble_17,0.00012503028838214752
bank_14,0.00012396634619046246
fed_13,0.00012372601173869
founded_10,0.00012346582982449564
ore_15,0.00012228479784731101
return_6,0.00012217672516383397
business_6,0.00012211047940826196
war_11,0.00012158339633915298
president_5,0.00012145274474815284
firm_6,0.00012102949450347209
stocks_19,0.00012075175236515138
texas_8,0.00012009146341915227
companies_16,0.0001199222060001293
georgia_9,0.00011886323550149414
war_13,0.00011869486334975711
travel_4,0.00011850872792676585
party_20,0.000118381016310781
firm_5,0.00011831833243324405
marketing_9,0.00011813847902121751
fed_8,0.00011777770632211344
house_11,0.00011770867201619796
metals_11,0.0001175920309646543
dividend_10,0.00011727577340668337
legal_17,0.00011707706198723553
million_18,0.0001168847820422452
DOW_JONES_13,0.00011671648229499357
senate_13,0.00011527618472713047
government_9,0.00011477076136650524
oil_3,0.00011471591463707108
economy_2,0.00011448044852054175
returns_10,0.00011429848377156009
oil_13,0.00011404149346250897
office_9,0.00011390751572167628
gold_4,0.00011381562149785353
industry_20,0.0001131349676170202
travel_15,0.00011312839047261574
politics_11,0.0001128140470570651
firm_15,0.00011258357140054568
development_9,0.00011243070021647103
default_18,0.00011234674133360598
college_18,0.00011181026298863982
companies_7,0.00011080786247392181
votes_4,0.00011062285821440313
forex_10,0.00011046500801038994
markets_10,0.00010889308782143387
democratic_15,0.00010869804867570943
investment_12,0.00010828443669796606
forex_19,0.00010826253317338711
service_8,0.00010808394703018625
default_12,0.00010797843085233488
government_15,0.00010784004751924465
war_9,0.00010779920078031422
transaction_20,0.00010754622230406086
republican_16,0.00010741537254084626
fond_3,0.00010724538013779378
global_11,0.00010719491663628005
culture_10,0.00010688771830970938
served_9,0.00010650851686166017
social_2,0.00010641198092343966
revenue_12,0.00010633728403623181
republican_19,0.00010626204929275797
government_6,0.0001061303802163664
travel_17,0.00010609734251524933
fun_1,0.00010572984428883962
virginia_5,0.00010538345291983996
gains_18,0.00010523997209952916
home_7,0.00010500251572352768
gain_4,0.00010490504039384734
house_19,0.00010482751524359393
project_20,0.0001047990281063713
massachusetts_17,0.00010469595745016063
council_13,0.00010458034420726315
served_10,0.00010449516146193419
ceo_3,0.00010398820983323475
energy_20,0.00010353250761573045
portfolio_6,0.00010322268583855151
DOW_JONES_6,0.0001029804764376429
crash_3,0.00010282587314739355
media_8,0.00010276125097925179
cancer_7,0.00010265775138048895
justice_3,0.00010247544405785492
travel_9,0.00010196065133109596
republican_18,0.00010178177502815505
loss_18,0.00010133261487588192
health_13,0.0001012899122288485
bonds_1,0.00010066876674050467
georgia_10,0.0001006327054181861
stock_market_15,0.0001000274210705874
banking_7,9.97711034930881e-05
secretary_17,9.964777905730317e-05
money_11,9.956199711169983e-05
social_1,9.953995062231124e-05
pennsylvania_9,9.932492557790192e-05
leverage_8,9.922200678048711e-05
opportunity_9,9.919589268486913e-05
project_19,9.895819001056503e-05
cancer_1,9.861390561605834e-05
cancer_17,9.852874625108996e-05
hedge_15,9.834100527912811e-05
restaurant_11,9.803940785595509e-05
justice_14,9.801574145847134e-05
election_7,9.801173817114833e-05
office_8,9.760458980047374e-05
unemployment_3,9.755214230998648e-05
media_3,9.720149708398277e-05
ore_11,9.708194550579584e-05
risk_10,9.676746301274566e-05
money_12,9.67415203907151e-05
food_2,9.604410971839773e-05
car_14,9.580910053370108e-05
credit_1,9.568397579254088e-05
management_20,9.535288050024867e-05
ring_5,9.514567277325041e-05
project_5,9.499343597123722e-05
bank_11,9.463258693082782e-05
industry_2,9.458007315749633e-05
movement_10,9.427015740317592e-05
representatives_18,9.421624703247677e-05
senate_9,9.38978662007491e-05
labor_19,9.380468817522983e-05
environment_7,9.379869248382682e-05
religion_6,9.370540053152402e-05
social_16,9.347784633752232e-05
banking_2,9.307736807911315e-05
kentucky_3,9.307131323455622e-05
washington_19,9.300048325406427e-05
law_16,9.27550897447662e-05
industry_8,9.254540638537616e-05
council_12,9.198258341628267e-05
consumption_19,9.191542837520451e-05
governor_12,9.186772618061485e-05
marriage_17,9.175905137247817e-05
inflation_13,9.156075937583978e-05
project_4,9.150871263307472e-05
health_11,9.141257059917491e-05
vermont_4,9.119683414967168e-05
wisconsin_14,9.117707773292407e-05
opportunity_18,9.104676530316604e-05
economic_7,9.07479956752944e-05
washington_13,9.04836697215366e-05
kitchen_13,9.017749112945609e-05
georgia_17,8.949038537278696e-05
police_4,8.92379005124755e-05
technology_3,8.902721116915985e-05
carolina_9,8.892413634438381e-05
unemployment_13,8.88925334746939e-05
products_15,8.865216017305209e-05
ministry_18,8.859599087909655e-05
finance_17,8.83039887787482e-05
court_16,8.810482791167691e-05
health_6,8.789924400422467e-05
chance_20,8.77529613490491e-05
tennessee_12,8.772196487662075e-05
illinois_6,8.753582488322434e-05
loss_16,8.731160444683784e-05
founded_3,8.703266585863252e-05
members_14,8.691831315961709e-05
credit_7,8.686413781819203e-05
metals_1,8.669647979637322e-05
bank_1,8.668477085471884e-05
college_7,8.663088435229458e-05
senate_6,8.639565275191018e-05
vermont_14,8.595467972007664e-05
DOW_JONES_11,8.59129073974151e-05
project_15,8.589042293186814e-05
holiday_16,8.551308776707003e-05
religion_7,8.545086368690593e-05
media_2,8.520261745290665e-05
business_4,8.518864865801327e-05
bank_5,8.500107796975169e-05
trader_10,8.474345688129275e-05
project_3,8.459425333051165e-05
ohio_19,8.455660418329462e-05
voters_6,8.449736873465655e-05
headlines_2,8.447890660655015e-05
union_11,8.440444429645897e-05
religion_2,8.433458669547604e-05
market_8,8.403336176787053e-05
buy_2,8.392301148651838e-05
pennsylvania_15,8.384354722943316e-05
rich_17,8.371884726212187e-05
arts_20,8.327055796747098e-05
cancer_2,8.300673790254186e-05
virginia_12,8.292614473363332e-05
global_16,8.291101967691146e-05
federal_19,8.281360985436184e-05
act_11,8.271080346856146e-05
cancer_15,8.268186171749704e-05
conflict_1,8.265970133271351e-05
ministry_20,8.258192313649953e-05
representatives_14,8.227507902207286e-05
banking_6,8.216091301388592e-05
debt_4,8.200040700109171e-05
crash_2,8.193292587143178e-05
growth_15,8.190614039702273e-05
fun_3,8.184995174577758e-05
cash_10,8.175364803700436e-05
opportunity_14,8.173892577112418e-05
environment_8,8.172632817898565e-05
rich_4,8.137940102697119e-05
police_2,8.100489862144399e-05
stats_9,8.093984643099453e-05
religion_13,8.093673476076216e-05
travel_18,8.087480523164406e-05
energy_16,8.06976777267192e-05
ltd_18,8.065882261665631e-05
restaurant_10,8.051869392136913e-05
banking_15,8.050996132039526e-05
buy_14,8.03640611429511e-05
oil_11,8.026896006010151e-05
service_10,7.998786372733041e-05
marriage_12,7.982000488889004e-05
technology_11,7.974500325096866e-05
service_14,7.924817054539332e-05
bank_20,7.924471700518332e-05
inc_10,7.914699483155671e-05
william_16,7.912634913449996e-05
election_6,7.893732878773501e-05
elections_4,7.890730098644609e-05
elected_12,7.875058706997616e-05
oil_9,7.860274364373257e-05
ring_16,7.807397439483124e-05
freedom_18,7.74458648563064e-05
religion_17,7.744507593811328e-05
seats_9,7.733708006959896e-05
economic_13,7.700730441952154e-05
minister_10,7.695226902141564e-05
success_13,7.688054534911763e-05
water_10,7.686059186182564e-05
DOW_JONES_12,7.653652948166985e-05
political_13,7.632290011188255e-05
crash_20,7.606904775166222e-05
carolina_4,7.602433561509739e-05
case_8,7.599109619002828e-05
market_10,7.583382129362232e-05
fond_5,7.565581601897797e-05
marketing_3,7.549060497553634e-05
nyse_3,7.546688934852485e-05
crisis_12,7.534217106697416e-05
nyse_9,7.525718960882078e-05
finance_8,7.495661131282925e-05
case_19,7.476544818926898e-05
tourism_11,7.465683414141515e-05
dividend_9,7.464472928391673e-05
firm_1,7.461535524712694e-05
present_20,7.422423331672531e-05
bonds_6,7.417064321105793e-05
ltd_13,7.413467268693291e-05
pennsylvania_14,7.412263575180491e-05
development_8,7.324044194402505e-05
president_1,7.318532235352306e-05
restaurant_3,7.315929474914308e-05
labor_7,7.315035732249046e-05
secretary_2,7.29919885539397e-05
massachusetts_10,7.29695809516808e-05
lifestyle_9,7.2838719365082e-05
georgia_16,7.258652225277549e-05
investment_11,7.168480149386105e-05
stats_19,7.165102724251796e-05
services_16,7.158916679248597e-05
chance_4,7.15890246674171e-05
investment_14,7.147105617284996e-05
derivatives_6,7.139897663824967e-05
elections_19,7.124194960621406e-05
management_15,7.119852417192366e-05
invest_13,7.110524611551828e-05
politics_19,7.107184460643435e-05
fun_13,7.10486823626669e-05
industry_12,7.104259170050707e-05
police_11,7.091140619053577e-05
federal_12,7.089876219508372e-05
gain_14,7.075987865566964e-05
industry_18,7.068497676580096e-05
inc_20,7.060994366380532e-05
voters_14,7.046322200704763e-05
court_11,7.0451303296747e-05
nasdaq_4,7.018015180478343e-05
kentucky_16,6.99659376036806e-05
million_2,6.99075743184758e-05
forex_3,6.931708808188631e-05
revenue_8,6.912684531391492e-05
bank_12,6.90099616382202e-05
ore_16,6.862168965935235e-05
stats_8,6.848827218931338e-05
georgia_5,6.846652287794982e-05
fond_1,6.829379730566633e-05
crash_14,6.828964817338001e-05
DOW_JONES_14,6.8256446369742e-05
media_1,6.823993685274577e-05
loss_7,6.821926955527948e-05
marriage_11,6.798079662977686e-05
garden_12,6.786619465672314e-05
corporation_20,6.780023116229491e-05
hedge_12,6.75823771616369e-05
police_17,6.754576192136273e-05
global_5,6.735469204039398e-05
government_8,6.726930967492428e-05
crash_16,6.723380592551466e-05
success_14,6.693067204390394e-05
york_1,6.676887160007442e-05
virginia_2,6.663961631008625e-05
county_5,6.663231636292862e-05
banking_12,6.644529740781186e-05
case_15,6.637963280565923e-05
rich_7,6.626519913366766e-05
marketing_10,6.598760901558173e-05
chance_13,6.596216933564048e-05
president_15,6.577017019760808e-05
crisis_13,6.569374921978639e-05
investment_19,6.546811097845476e-05
housing_15,6.539084790530963e-05
religion_16,6.515251323622697e-05
college_14,6.492226320083554e-05
stats_18,6.488439419052179e-05
democratic_17,6.484634966180783e-05
case_1,6.47727924574598e-05
finance_9,6.475204280821656e-05
carolina_13,6.469580595385696e-05
office_3,6.46136363296885e-05
movie_6,6.447451240886654e-05
garden_14,6.424687380113161e-05
law_11,6.424257211172666e-05
federal_18,6.418817880300085e-05
voters_20,6.416127200718403e-05
freedom_10,6.390249391392991e-05
washington_20,6.385542875703101e-05
office_2,6.376685111912952e-05
republican_8,6.375566197925951e-05
hedge_17,6.34539508867578e-05
economic_2,6.344877817210072e-05
industry_19,6.334691094556486e-05
invest_12,6.329306640859716e-05
bank_6,6.305286740273977e-05
consumption_17,6.297843745559618e-05
dividend_5,6.266503219647953e-05
finance_15,6.251110648611514e-05
votes_2,6.250978983395123e-05
party_16,6.216426424920404e-05
food_15,6.215754833806852e-05
wisconsin_17,6.193287122720604e-05
washington_10,6.182848861998501e-05
security_6,6.172798648565529e-05
freedom_5,6.150515471936326e-05
democratic_1,6.142806970045372e-05
return_14,6.142652454912213e-05
gain_19,6.124672049342729e-05
senate_8,6.123088571617938e-05
college_16,6.114536389970243e-05
hedge_6,6.113943035254753e-05
finance_20,6.110733599840795e-05
oil_18,6.105015620595317e-05
crisis_5,6.104870873183785e-05
ring_18,6.0945987006954805e-05
dow_jones_7,6.092391058627039e-05
financial_11,6.0799027376455485e-05
served_14,6.044383185645513e-05
food_16,6.034686132927562e-05
police_6,6.0267752468196284e-05
products_20,6.0240135083442925e-05
car_3,6.0141236396862527e-05
loss_2,6.012441776858298e-05
sell_10,6.009270084349779e-05
rich_8,6.0054107083325623e-05
loss_11,5.995667839565569e-05
unemployment_11,5.99476122355414e-05
default_8,5.991624095452117e-05
energy_14,5.959316010264387e-05
ring_14,5.946675464683042e-05
freedom_17,5.945723183800739e-05
stocks_20,5.941685367896663e-05
economic_5,5.930140722922717e-05
party_8,5.9193019810110584e-05
gain_17,5.918435728481821e-05
companies_9,5.917964218869864e-05
present_6,5.916938330341116e-05
arts_4,5.883562916642851e-05
illinois_13,5.876992738633845e-05
ceo_6,5.8725143516150886e-05
water_1,5.8608974962400464e-05
kitchen_12,5.855258667940324e-05
energy_17,5.851974133540231e-05
republican_1,5.8176210425906876e-05
inflation_2,5.8070163944078444e-05
food_17,5.79963087934032e-05
marketing_6,5.777460726509782e-05
inc_2,5.770070329382345e-05
million_3,5.770038777787323e-05
train_3,5.7517832000105555e-05
union_14,5.7355771135005835e-05
buy_9,5.729373193630806e-05
industry_6,5.72801080186671e-05
million_17,5.723161504414888e-05
banking_16,5.7164555133469314e-05
elections_6,5.7087212549062116e-05
companies_4,5.703462668000299e-05
services_3,5.6995636065127176e-05
services_18,5.698701967556332e-05
train_11,5.696449666168811e-05
holiday_12,5.6823219367818996e-05
law_19,5.6668601161572406e-05
arts_18,5.661171115827237e-05
minister_15,5.650952740935761e-05
garden_9,5.6367671172113476e-05
federal_13,5.636308996397896e-05
products_6,5.618788720073738e-05
union_7,5.611686866546132e-05
bank_19,5.602293316721103e-05
wisconsin_10,5.598747883164352e-05
kentucky_4,5.56117317086381e-05
returns_19,5.561170017224738e-05
community_12,5.547529599599801e-05
headlines_5,5.536714574803125e-05
judge_12,5.5268262466689916e-05
members_18,5.5264956933824944e-05
sell_7,5.5248544710449445e-05
marketing_13,5.512251215216568e-05
texas_6,5.509560340595715e-05
georgia_19,5.509067324325819e-05
stocks_17,5.5047859508615644e-05
freedom_20,5.4878346904076624e-05
technology_7,5.482827966879241e-05
bubble_4,5.472703722721124e-05
garden_20,5.457965014960535e-05
rights_14,5.429645633695148e-05
society_8,5.4231710513145304e-05
loss_9,5.4176988107507394e-05
marketing_7,5.4095269398891985e-05
community_13,5.40753062048456e-05
act_20,5.4050927962897366e-05
crash_13,5.398482911923963e-05
legal_16,5.373617057791404e-05
stock_market_3,5.3578447640108535e-05
technology_18,5.3446539203160775e-05
service_3,5.326686077075258e-05
tennessee_15,5.321052996069608e-05
council_7,5.3204424130941726e-05
bank_2,5.319903937501051e-05
environment_10,5.298889624117547e-05
massachusetts_20,5.2879370160345666e-05
credit_13,5.286409863242369e-05
carolina_16,5.284247628968945e-05
ceo_11,5.28385262632287e-05
economic_18,5.2633980950806216e-05
ohio_9,5.262946849437051e-05
office_13,5.249772208096388e-05
votes_17,5.24061252690031e-05
chance_6,5.236232353367636e-05
house_9,5.232251624676337e-05
massachusetts_4,5.220237080244504e-05
derivatives_1,5.202786885870663e-05
leverage_10,5.190467264288159e-05
dow_jones_5,5.184312864846781e-05
health_16,5.181078677292037e-05
economy_3,5.1564564712841054e-05
tourism_18,5.1531734139736814e-05
train_9,5.1361985473106505e-05
revenue_14,5.133316489197302e-05
cancer_6,5.127307945063993e-05
cash_17,5.1244033642173526e-05
religion_8,5.114836037883075e-05
labor_3,5.1029788987043385e-05
business_16,5.095086656526355e-05
carolina_20,5.094516880526781e-05
bonds_7,5.0936284145469776e-05
voters_18,5.085932793095306e-05
republican_20,5.0767988674814926e-05
earnings_15,5.0592412749974904e-05
movie_10,5.050362813368144e-05
security_17,5.0477606381247763e-05
companies_1,5.0352555297537114e-05
representatives_20,5.0292273896464176e-05
service_11,5.018074653058273e-05
social_7,5.0170119708952877e-05
finance_11,5.002864765776791e-05
elected_4,4.994613899281908e-05
wisconsin_11,4.978779831250454e-05
metals_19,4.973326183518075e-05
water_13,4.9718538587006476e-05
happy_8,4.9710589277036255e-05
case_2,4.969106493986473e-05
legal_5,4.962047858231443e-05
happy_7,4.956513236730423e-05
kitchen_14,4.927841878930675e-05
financial_16,4.922836329496106e-05
project_2,4.9226591276009836e-05
ltd_19,4.912299901536553e-05
hedge_10,4.894198455226644e-05
nasdaq_3,4.886240228044551e-05
color_20,4.878854913484305e-05
war_7,4.8722977890871264e-05
marketing_16,4.847236263162987e-05
global_2,4.8428497021067604e-05
kitchen_11,4.8401711929322684e-05
marriage_5,4.8367633987587905e-05
banking_18,4.836647279478961e-05
william_15,4.8157271164362665e-05
bank_16,4.814950777138541e-05
judge_2,4.8036840783088116e-05
pennsylvania_12,4.802600833645705e-05
banking_17,4.777959630462487e-05
profit_4,4.764261867922306e-05
carolina_12,4.762594018019377e-05
inc_14,4.759689026400287e-05
investment_4,4.752361167367365e-05
trader_9,4.73081838505238e-05
office_11,4.7246502908733234e-05
social_6,4.716830557139092e-05
office_10,4.683988554745623e-05
consumption_12,4.678757140400401e-05
lifestyle_20,4.674772013121597e-05
trader_17,4.672078105525384e-05
district_5,4.669675303046707e-05
economic_12,4.660381618999238e-05
founded_19,4.6250005112656954e-05
food_19,4.6233947502399215e-05
virginia_4,4.621997406120712e-05
economic_20,4.61731273595318e-05
firm_20,4.613107314120504e-05
york_7,4.6104369427454615e-05
pennsylvania_7,4.60651062616213e-05
trader_2,4.605771351688151e-05
washington_17,4.579801160088765e-05
metals_16,4.5705653475256265e-05
college_17,4.552058452884103e-05
water_3,4.55094364452701e-05
environment_20,4.548952185674933e-05
DOW_JONES_10,4.548015296267265e-05
fond_4,4.5477925561713174e-05
market_7,4.5441238019507804e-05
wisconsin_7,4.539896797495069e-05
buy_5,4.537437643587035e-05
travel_2,4.5245902174595444e-05
nyse_20,4.5205197681532356e-05
inc_17,4.517760287695488e-05
political_14,4.5073995505699786e-05
media_18,4.504479225856642e-05
headlines_10,4.502096359163582e-05
portfolio_4,4.491755185952127e-05
financial_6,4.4840230544881957e-05
debt_1,4.480813728702852e-05
markets_12,4.470475288423067e-05
house_7,4.4692997334089885e-05
economics_2,4.4605586292753845e-05
industry_14,4.4488785351768255e-05
texas_19,4.444848878168845e-05
law_12,4.44416215599269e-05
ohio_10,4.441442958563463e-05
oil_2,4.4169035644096205e-05
gains_6,4.41552197259727e-05
ohio_6,4.4000650410338644e-05
firm_14,4.397721735078114e-05
ltd_4,4.397123083788263e-05
missouri_15,4.3942026323487634e-05
arts_16,4.392550639866589e-05
default_15,4.383385206727029e-05
college_2,4.380838795011311e-05
revenue_18,4.3807524296971245e-05
trader_20,4.3561104907292494e-05
county_16,4.3500220686293946e-05
revenue_4,4.334528385338404e-05
sell_4,4.331737342215285e-05
founded_14,4.315741791133046e-05
world_1,4.287553019708462e-05
stock_market_16,4.286768010064834e-05
president_11,4.267718370403956e-05
texas_18,4.259929401928535e-05
college_3,4.259140176442995e-05
massachusetts_13,4.256858430659203e-05
energy_3,4.254614807078323e-05
unemployment_16,4.239792518004527e-05
community_3,4.226767260369013e-05
oil_16,4.214994556134277e-05
chance_10,4.206617965050193e-05
technology_14,4.188768071661284e-05
elections_16,4.187918365747225e-05
office_19,4.184065236857897e-05
lifestyle_1,4.1732984817823726e-05
ohio_17,4.16935972176338e-05
nasdaq_14,4.159632886771788e-05
college_20,4.149410880799304e-05
service_15,4.148002775405275e-05
success_6,4.1442200621347484e-05
markets_6,4.1420108306312994e-05
gold_5,4.141910659860507e-05
unemployment_2,4.132782395048562e-05
buy_19,4.126600448545764e-05
bank_17,4.11176098457739e-05
kitchen_15,4.106153448257732e-05
lifestyle_5,4.097904214669083e-05
governor_13,4.0942546050561906e-05
ring_19,4.0786708582227153e-05
debt_8,4.07072351827294e-05
college_15,4.065981121087989e-05
county_12,4.0600939350526e-05
dow_jones_16,4.0587708397192255e-05
kentucky_8,4.052511689126416e-05
government_19,4.048058445551812e-05
project_17,4.041520543228978e-05
religion_19,4.027808702490143e-05
buy_20,4.027240562219465e-05
elections_2,4.0260747759449647e-05
secretary_4,4.0241456803834826e-05
bonds_14,4.0240825028049006e-05
trader_6,4.0215490016136846e-05
rights_6,4.017705734751329e-05
massachusetts_1,4.0112983733524936e-05
texas_2,4.008234277605833e-05
court_5,4.0049981313495404e-05
nyse_8,4.004168714004987e-05
democratic_5,3.998897695733215e-05
founded_8,3.996782485916878e-05
profit_1,3.9954639220967333e-05
house_1,3.966228734102938e-05
bonds_19,3.954038379794929e-05
color_1,3.953564554090432e-05
business_12,3.9499579814026783e-05
management_4,3.946052357373934e-05
wisconsin_20,3.9414941620110733e-05
default_14,3.935861162024495e-05
revenue_7,3.9199775425570686e-05
world_20,3.913182324876541e-05
georgia_1,3.907751657942809e-05
profit_19,3.895500399789032e-05
health_20,3.894865119730709e-05
energy_5,3.890462816606669e-05
gold_11,3.886758123470766e-05
minister_18,3.8797181097506716e-05
dividend_19,3.879330414572148e-05
secretary_8,3.8735405893082356e-05
dividend_4,3.8706152773105e-05
products_5,3.855164681655418e-05
economy_5,3.8441308372126994e-05
committee_9,3.8361921123996794e-05
community_10,3.834001360035527e-05
illinois_12,3.8314784485176316e-05
metals_2,3.814273125666579e-05
gold_17,3.812870310338732e-05
unemployment_7,3.806635170492206e-05
society_4,3.7975449995587344e-05
virginia_6,3.789620386059352e-05
inc_12,3.7890696399118586e-05
arts_7,3.782083298934735e-05
republican_12,3.7757698731887574e-05
travel_19,3.7752400089750765e-05
gain_2,3.771261358346612e-05
massachusetts_2,3.76642586254691e-05
nasdaq_12,3.763375256497477e-05
finance_6,3.7624482759475114e-05
technology_20,3.761379266593614e-05
minister_19,3.7586295305625834e-05
governor_19,3.751646981697828e-05
secretary_15,3.7490339247162346e-05
products_18,3.748344287615855e-05
tourism_5,3.747823772884337e-05
washington_3,3.7460803007066396e-05
conflict_17,3.7382215499000564e-05
financial_3,3.732908949436013e-05
returns_2,3.716788980321535e-05
war_19,3.7067173248318147e-05
kitchen_5,3.7035796234344646e-05
transaction_17,3.702993995770341e-05
election_10,3.698694231718413e-05
virginia_11,3.697146455818035e-05
judge_18,3.694303785183484e-05
opportunity_16,3.6916795572835905e-05
missouri_7,3.685118068524712e-05
growth_1,3.680906856650319e-05
massachusetts_12,3.6779325390458774e-05
million_16,3.676438777987352e-05
movie_15,3.673777972351463e-05
kentucky_15,3.667373973714713e-05
service_1,3.662835621351217e-05
representatives_9,3.660432438634948e-05
project_1,3.6458849279113265e-05
kitchen_19,3.63927953477357e-05
cash_4,3.637435901762143e-05
carolina_5,3.6370967884850174e-05
fine_9,3.6290852656111745e-05
bonds_10,3.624430893295503e-05
food_20,3.623542093062262e-05
transaction_13,3.621202615404123e-05
democratic_14,3.6190138233584624e-05
district_12,3.604532900796323e-05
opportunity_2,3.598507094396883e-05
service_12,3.598388385422349e-05
water_6,3.5815596957685786e-05
labor_1,3.581412053204408e-05
arts_10,3.580990601224721e-05
federal_5,3.5755578735314526e-05
services_7,3.560774219028708e-05
train_16,3.5590638116050786e-05
companies_2,3.5564259476704365e-05
office_12,3.555010618576372e-05
ohio_8,3.5543854536170776e-05
york_13,3.552794537558803e-05
holiday_9,3.544572155400903e-05
representatives_15,3.539114653261781e-05
lifestyle_3,3.5390295613413554e-05
investment_15,3.531830807206605e-05
metals_10,3.529157404984181e-05
world_5,3.5291160006489806e-05
president_10,3.5262359601177085e-05
economic_17,3.5241286016509105e-05
derivatives_4,3.520755520713579e-05
corporation_11,3.517638940484661e-05
politics_17,3.512165678204378e-05
office_1,3.502447846195298e-05
debt_12,3.5003833168520595e-05
industry_9,3.4972217673542416e-05
revenue_5,3.4940773160282813e-05
freedom_4,3.4910438918606534e-05
governor_6,3.483050399246983e-05
travel_1,3.48108032599717e-05
movement_11,3.479002807750095e-05
ring_11,3.478583122979684e-05
finance_13,3.465455517094703e-05
financial_7,3.465034627789074e-05
war_4,3.458605635626847e-05
york_5,3.449083309951535e-05
movie_2,3.4476053058807544e-05
democratic_2,3.447301467672409e-05
energy_15,3.443964085428675e-05
profit_20,3.441316332880131e-05
freedom_15,3.440280963143558e-05
movement_8,3.44000127059673e-05
DOW_JONES_8,3.437237789993324e-05
fed_6,3.434698678914157e-05
served_15,3.4308863334668265e-05
cancer_3,3.4298446096697894e-05
travel_14,3.429726213287301e-05
culture_13,3.426192229690615e-05
party_6,3.4225056203348634e-05
missouri_1,3.421485674236609e-05
culture_17,3.420045490397059e-05
movement_12,3.416550874203158e-05
economic_14,3.415952714439995e-05
money_9,3.4145317560674445e-05
bank_13,3.4086441694086104e-05
tennessee_16,3.400855272174909e-05
judge_1,3.400842628656702e-05
minister_14,3.39789276969335e-05
war_18,3.394269611818701e-05
york_9,3.3875483929031786e-05
illinois_4,3.373564090288513e-05
economy_6,3.3699543708195725e-05
portfolio_5,3.3649061099571335e-05
finance_18,3.358276181845311e-05
party_9,3.354563027127888e-05
firm_19,3.350839371411948e-05
labor_9,3.343205608372228e-05
missouri_16,3.3408753285657e-05
wisconsin_6,3.340155824697036e-05
case_18,3.3335483544235595e-05
political_17,3.328348704236532e-05
bonds_18,3.3234091677590447e-05
governor_8,3.3176558389415146e-05
banking_8,3.310929291869731e-05
profit_12,3.3101124925561175e-05
garden_6,3.304053811328647e-05
representatives_16,3.303165117770673e-05
gain_8,3.301241797839675e-05
rich_19,3.295800846069851e-05
stocks_8,3.295371101688643e-05
act_18,3.291941693318494e-05
market_14,3.2900035344904195e-05
ore_10,3.2887207073785486e-05
political_1,3.2858201028417867e-05
DOW_JONES_18,3.2738341195230466e-05
york_17,3.2682292618455545e-05
earnings_13,3.267985950133837e-05
risk_11,3.264475199709431e-05
economy_9,3.264217023458313e-05
committee_4,3.263729013864546e-05
judge_13,3.2568589369570255e-05
labor_4,3.2513660243010274e-05
housing_7,3.2483665832350335e-05
opportunity_11,3.247987620788408e-05
party_4,3.232096964898237e-05
forex_4,3.2251397666699754e-05
legal_18,3.2233887353931166e-05
lifestyle_13,3.223229629563964e-05
bubble_18,3.214409734107343e-05
sell_15,3.2109277772067555e-05
housing_1,3.208321580802746e-05
fed_10,3.204244072761665e-05
fun_2,3.2034061641160064e-05
votes_10,3.197485433338286e-05
forex_6,3.197481106317622e-05
union_15,3.184666903566791e-05
tennessee_14,3.165870726839035e-05
act_17,3.1650791699353967e-05
judge_14,3.16271929748592e-05
secretary_13,3.1466768592343104e-05
tennessee_2,3.1426954160565764e-05
carolina_2,3.129062842931082e-05
government_7,3.124904376720528e-05
home_9,3.1206800077072064e-05
happy_12,3.115839298083996e-05
default_1,3.10996374496774e-05
earnings_2,3.100073388635843e-05
success_19,3.097647021018908e-05
served_2,3.088767391140573e-05
global_20,3.0863427952249666e-05
garden_4,3.0703508805749703e-05
invest_2,3.067445724360997e-05
default_17,3.0664905614366765e-05
bonds_9,3.06333643174956e-05
rights_3,3.058758939722773e-05
revenue_2,3.0479895030064488e-05
consumption_15,3.0431455522352122e-05
fun_7,3.0343531778196497e-05
government_12,3.029922700193235e-05
health_10,3.028762408644533e-05
earnings_1,3.0254610976627952e-05
court_13,3.0158935931701526e-05
cancer_8,3.0073653638153065e-05
illinois_8,2.9930764072606583e-05
house_8,2.9920414082760066e-05
credit_18,2.986179929529494e-05
social_14,2.9834433217820754e-05
crash_1,2.980322932743002e-05
political_9,2.9691267142669857e-05
stats_14,2.964685983689227e-05
elections_12,2.9506725398471215e-05
food_7,2.9485169705557258e-05
success_9,2.946311925453498e-05
case_6,2.9340850430910043e-05
tennessee_19,2.933031870755209e-05
sell_18,2.932378921012171e-05
voters_4,2.92404640112533e-05
present_1,2.9141492611099313e-05
political_16,2.9044276511447208e-05
stocks_15,2.8995949958853225e-05
returns_6,2.898287996713855e-05
stock_market_19,2.89761345696423e-05
companies_10,2.897107292512995e-05
crisis_1,2.895458382907612e-05
default_5,2.8948992047721546e-05
finance_1,2.89438668259262e-05
ring_9,2.892827006891356e-05
hedge_8,2.8850348214039115e-05
ceo_15,2.8832962329735164e-05
water_2,2.8832423174303343e-05
government_10,2.8757824171539747e-05
corporation_13,2.8756623945878797e-05
court_17,2.873120552915244e-05
bonds_11,2.8699812348073294e-05
return_8,2.8699652800347847e-05
housing_6,2.8683361286969982e-05
arts_9,2.865272540556373e-05
gain_16,2.8623298697482777e-05
sell_16,2.8619546040231776e-05
garden_18,2.8572119959767228e-05
marriage_20,2.8489723658448145e-05
virginia_3,2.8458412538934282e-05
train_8,2.8458222612736622e-05
restaurant_8,2.8427073147102884e-05
kentucky_1,2.842542784840164e-05
war_17,2.834337323552013e-05
corporation_15,2.8320727624461368e-05
bank_4,2.8286925456240562e-05
water_18,2.828091028179929e-05
culture_4,2.8264400062006047e-05
inflation_9,2.8231075405773464e-05
earnings_18,2.8227316841882215e-05
housing_14,2.8186828586213928e-05
products_9,2.8182027180977533e-05
served_17,2.817900705621803e-05
police_12,2.816322827970848e-05
growth_8,2.8134498983413008e-05
federal_3,2.8037667411307077e-05
county_9,2.7992438552779255e-05
metals_12,2.7990048459267003e-05
DOW_JONES_16,2.7924892825407826e-05
loss_12,2.7914636131500937e-05
services_8,2.7912342225103368e-05
county_1,2.7893032400770023e-05
economy_8,2.788335041434613e-05
arts_15,2.787493736281065e-05
bubble_7,2.7843077677066786e-05
law_14,2.7815254360021747e-05
returns_11,2.7787203050981533e-05
religion_3,2.7703220704434524e-05
movement_5,2.7688371138245804e-05
members_4,2.7646447617849012e-05
oil_8,2.7550426598344444e-05
travel_10,2.7499849593203486e-05
security_1,2.7483119284513427e-05
massachusetts_16,2.743356334350441e-05
market_12,2.7386144724377463e-05
police_16,2.7375673527309396e-05
culture_11,2.7342047116210927e-05
banking_5,2.7317366679670713e-05
college_8,2.7315264178362256e-05
ceo_16,2.7311733085418782e-05
political_4,2.7263511696412208e-05
virginia_20,2.7223676625056457e-05
health_18,2.7142789800775933e-05
money_7,2.70274565381961e-05
water_17,2.702629393633394e-05
tourism_13,2.7003112354050307e-05
industry_11,2.6948622796311152e-05
industry_17,2.6928684222362433e-05
office_4,2.6885281514774166e-05
police_18,2.6849690748617277e-05
crisis_16,2.6819748574745256e-05
happy_20,2.6800772766393574e-05
technology_8,2.6797008251844426e-05
war_8,2.6781738953378783e-05
companies_6,2.666922868646162e-05
development_13,2.663360180481195e-05
corporation_4,2.662705410175937e-05
pennsylvania_4,2.652685343907301e-05
washington_18,2.6517921940514973e-05
case_7,2.6503711281870608e-05
inflation_15,2.6471302056582483e-05
william_4,2.6466795411296487e-05
color_5,2.6399658407429847e-05
food_5,2.6388038076895615e-05
texas_1,2.6369722552796093e-05
stocks_10,2.6359778299089825e-05
legal_4,2.632721826550669e-05
housing_19,2.6209535784224413e-05
senate_16,2.6144765481050104e-05
water_14,2.613383601977638e-05
freedom_6,2.609109141793111e-05
pennsylvania_11,2.6077221897955293e-05
district_19,2.6041614532820095e-05
president_4,2.6001745594401805e-05
stocks_12,2.597093019068728e-05
ohio_16,2.593612670808156e-05
travel_12,2.5836811601527217e-05
environment_13,2.576421386332842e-05
rights_11,2.5724846004740275e-05
home_16,2.5721356212225505e-05
elected_3,2.5642688013087704e-05
companies_3,2.5624817877537418e-05
religion_4,2.545480998676055e-05
rich_10,2.5412312192847735e-05
security_18,2.539525112391722e-05
served_7,2.5379995609151466e-05
stocks_3,2.5353553602869343e-05
stock_market_18,2.53083096320599e-05
development_10,2.5273921230696883e-05
office_6,2.5151871988555073e-05
office_17,2.510085114875577e-05
washington_11,2.5079388258529597e-05
elected_13,2.507315626495871e-05
dow_jones_13,2.5054324576674414e-05
georgia_15,2.4996867116404872e-05
trader_1,2.496662726530827e-05
council_1,2.4944290425594534e-05
stocks_1,2.4910501374497106e-05
house_18,2.485874901248077e-05
leverage_5,2.48491792216548e-05
pennsylvania_16,2.48244295290295e-05
leverage_6,2.4823398028484554e-05
investment_3,2.4695738957424456e-05
markets_7,2.4674853001975804e-05
crisis_7,2.4632665547346466e-05
council_6,2.4572186483357732e-05
loss_17,2.4511827188269822e-05
nasdaq_11,2.4505542547485972e-05
service_19,2.448691447589684e-05
headlines_7,2.4469330805896252e-05
fine_2,2.4429074983059142e-05
lifestyle_4,2.441066855702059e-05
founded_18,2.4400142009946778e-05
project_16,2.42870917326392e-05
secretary_11,2.4263220844216024e-05
president_16,2.4222031623997305e-05
buy_17,2.4216719506926678e-05
dividend_16,2.4213915349899254e-05
color_3,2.4139319479218373e-05
DOW_JONES_2,2.4033532257456532e-05
default_9,2.4016871274668046e-05
return_7,2.398245257905993e-05
train_18,2.392412845480733e-05
project_13,2.3879555854935363e-05
york_18,2.3871898956337672e-05
market_19,2.384917803363734e-05
community_4,2.3847514613502304e-05
fun_18,2.3834690258567094e-05
social_19,2.382875298867655e-05
stock_market_9,2.3797283931438507e-05
union_10,2.3760054927586167e-05
council_3,2.373041296198952e-05
ltd_1,2.3720902891674393e-05
election_5,2.3638804550101508e-05
county_3,2.3622229644216246e-05
texas_20,2.3603422914786437e-05
law_9,2.3597114937381418e-05
car_20,2.358406198594066e-05
restaurant_9,2.350963408976324e-05
revenue_6,2.350673565979509e-05
illinois_20,2.3475194509013213e-05
representatives_17,2.3444656849451872e-05
million_8,2.34410510213308e-05
investment_8,2.3438743798893023e-05
religion_11,2.3401602948230605e-05
project_10,2.3387656033882032e-05
war_16,2.3340680894451536e-05
banking_14,2.3332946413215927e-05
marriage_2,2.3327995064837442e-05
bank_18,2.332142699798364e-05
william_3,2.3281159189490477e-05
nyse_10,2.326311962245747e-05
financial_8,2.3221073958885183e-05
economics_17,2.319942580808375e-05
trader_18,2.3169470552357456e-05
william_12,2.3167349329602897e-05
market_15,2.310171567048245e-05
money_18,2.3093465449107076e-05
ceo_9,2.3061012970624634e-05
finance_19,2.3027729792577205e-05
labor_2,2.2991555095152197e-05
restaurant_16,2.2932467623202056e-05
revenue_15,2.2880712658864543e-05
development_19,2.285422602284032e-05
district_20,2.2853651347536e-05
garden_17,2.2762536392624877e-05
present_9,2.2742545180344256e-05
markets_16,2.2725995404422774e-05
home_11,2.2691063909306006e-05
chance_1,2.268453716372483e-05
media_11,2.2664997402352958e-05
gain_3,2.266137877189122e-05
growth_9,2.262416853942066e-05
bonds_16,2.2576364299177517e-05
washington_14,2.2559808818525117e-05
office_18,2.2551237799440185e-05
dow_jones_1,2.2481388026998374e-05
housing_5,2.2429258273850052e-05
union_20,2.2400513079055593e-05
travel_5,2.2394264013926382e-05
transaction_5,2.2349177551389355e-05
crash_4,2.2338484972026444e-05
cash_5,2.2314674069767384e-05
markets_15,2.2285939683195447e-05
act_4,2.2254769369726603e-05
ohio_12,2.224768253879717e-05
labor_11,2.218469276200092e-05
lifestyle_17,2.2182054608215707e-05
inc_15,2.1997836611521955e-05
federal_17,2.198789110956788e-05
republican_7,2.1985285771914735e-05
market_2,2.1974459130593465e-05
profit_8,2.191727889485047e-05
society_16,2.1880277119228464e-05
corporation_2,2.1876610305338837e-05
train_1,2.1842733719552687e-05
ore_18,2.18065349303274e-05
fond_12,2.1790695610752792e-05
ore_1,2.178705330998647e-05
firm_16,2.1758908372675365e-05
unemployment_9,2.159006558777756e-05
business_5,2.1584616595100738e-05
marriage_16,2.1494905929853268e-05
district_18,2.1493107597975745e-05
missouri_11,2.146477980262458e-05
dow_jones_12,2.1430285579646065e-05
water_8,2.1387304022735545e-05
buy_3,2.137071346033392e-05
nasdaq_13,2.1344896178335667e-05
crisis_18,2.1332592082347382e-05
ltd_17,2.13256056185332e-05
wisconsin_13,2.1308116001642215e-05
virginia_10,2.1275962033256662e-05
house_14,2.121108730358226e-05
justice_15,2.118079191123911e-05
stock_market_5,2.117640457720801e-05
district_15,2.1159876319254458e-05
crash_15,2.102507461129868e-05
returns_7,2.1017646130333345e-05
inc_4,2.0998256020763933e-05
movement_3,2.0981334015233916e-05
wisconsin_8,2.0971168919167495e-05
service_4,2.0969932827708637e-05
inc_18,2.0877800966121997e-05
legal_12,2.0806737260760526e-05
consumption_3,2.0787898379973792e-05
society_9,2.076834899008759e-05
sell_9,2.0749863590069868e-05
legal_7,2.0739914022584774e-05
community_11,2.073739651003702e-05
republican_11,2.0731383330402317e-05
bank_15,2.0711452476513094e-05
law_17,2.0689835674867506e-05
travel_7,2.068341636849407e-05
risk_19,2.064683772680298e-05
house_6,2.063567688151771e-05
economy_4,2.0581152840717267e-05
water_12,2.0561277893336575e-05
gains_2,2.0519130899699992e-05
law_1,2.0486734543470265e-05
college_9,2.0484473426307118e-05
car_16,2.0463401912647088e-05
conflict_2,2.0461967823827732e-05
happy_10,2.043951848226717e-05
carolina_18,2.0431756744321684e-05
political_10,2.0424917038006332e-05
present_17,2.0424218859619355e-05
stats_17,2.0415970759938496e-05
office_20,2.0352439092346417e-05
present_3,2.033639924420247e-05
portfolio_2,2.0208807855190167e-05
vermont_9,2.020531075158775e-05
housing_18,2.0166464051450396e-05
georgia_12,2.0161326071782302e-05
color_15,2.014328013691019e-05
cash_9,2.0099642230414576e-05
fine_12,2.0098447951697206e-05
texas_17,2.0077778925522404e-05
crash_17,2.0072984654393676e-05
color_9,2.005457640794957e-05
nasdaq_18,2.0030890142935493e-05
oil_15,2.0014944749471378e-05
missouri_3,2.0003971575619418e-05
committee_20,1.9975093589645156e-05
management_5,1.9971233446596278e-05
inflation_10,1.9966805550272522e-05
tourism_4,1.99649003486417e-05
media_4,1.992950712613336e-05
security_20,1.992411963797804e-05
ohio_7,1.9839456959981096e-05
district_9,1.983143183721389e-05
politics_9,1.9812054582346814e-05
president_14,1.9810677410073045e-05
service_16,1.9808727318812274e-05
federal_7,1.980554564372935e-05
minister_6,1.9762286997482452e-05
health_17,1.9757920617605363e-05
economy_14,1.9727093053108095e-05
car_13,1.9718158899120278e-05
derivatives_13,1.9675159608802883e-05
color_13,1.961338360578066e-05
pennsylvania_3,1.959197162206395e-05
party_19,1.958773802056151e-05
economy_7,1.9570963395394907e-05
buy_10,1.9511324684907934e-05
culture_5,1.9490274884449013e-05
cancer_5,1.948424127199468e-05
technology_19,1.9482361127969804e-05
legal_13,1.943363442170039e-05
republican_4,1.9394362952501737e-05
fun_15,1.9385982845956756e-05
products_14,1.9385589748779642e-05
transaction_18,1.9372519257937938e-05
marriage_1,1.9333418773052222e-05
housing_2,1.9323757029786532e-05
financial_15,1.927736562401168e-05
justice_17,1.9263296711637483e-05
election_16,1.9252046485010907e-05
inflation_3,1.9247019278843235e-05
illinois_9,1.923443871512738e-05
present_10,1.9196320151981833e-05
york_19,1.9194002285195155e-05
risk_8,1.914732145768009e-05
missouri_14,1.912238983719548e-05
governor_15,1.9109763592013194e-05
government_14,1.8963758312787558e-05
business_10,1.8936192387028556e-05
forex_20,1.892428018994385e-05
kentucky_7,1.891991665465215e-05
massachusetts_6,1.8888086204344203e-05
forex_5,1.8838841396675428e-05
return_19,1.880967354646795e-05
movie_20,1.880594440493575e-05
success_2,1.8781188945230537e-05
default_16,1.877851998067972e-05
senate_4,1.8752980634940875e-05
firm_12,1.874874118368785e-05
food_10,1.8731962734704143e-05
democratic_18,1.8718878409666412e-05
ceo_13,1.870596429751997e-05
energy_13,1.8675737951463446e-05
president_6,1.8659994733788313e-05
nasdaq_8,1.8642632339400526e-05
fine_15,1.8590782487136023e-05
management_14,1.8568224628681184e-05
federal_6,1.851609075651232e-05
war_15,1.850557028731709e-05
political_18,1.8493871916881876e-05
pennsylvania_1,1.8480142644709076e-05
president_2,1.843717147253946e-05
politics_12,1.8415885220511363e-05
garden_16,1.8413585984052007e-05
gold_2,1.8405531862832277e-05
health_1,1.8385398198610432e-05
secretary_7,1.836013704732221e-05
kentucky_13,1.835205687490306e-05
media_9,1.8321565137728982e-05
fun_8,1.8308536362003533e-05
firm_18,1.828001611665393e-05
DOW_JONES_1,1.825275345395365e-05
unemployment_19,1.8241817559323365e-05
democratic_11,1.8236305269105956e-05
security_2,1.8209289644560023e-05
wisconsin_12,1.820218272709191e-05
debt_2,1.8194306193489948e-05
members_8,1.8152317095607274e-05
fond_13,1.8081128256693255e-05
unemployment_20,1.8074852434880113e-05
william_10,1.804545833456722e-05
york_11,1.8027641207117986e-05
court_9,1.801471336588265e-05
carolina_10,1.798250072924663e-05
forex_14,1.7940630255867692e-05
york_14,1.7936974809605936e-05
business_8,1.790659591673945e-05
bonds_5,1.790057460228925e-05
market_18,1.7879096517892893e-05
portfolio_15,1.787777926021907e-05
risk_16,1.779959764040484e-05
fun_6,1.7755089268596277e-05
world_4,1.774144622892683e-05
bubble_2,1.7663704128897733e-05
environment_3,1.762084120425973e-05
pennsylvania_19,1.761892753241054e-05
ring_20,1.7615470981626654e-05
fond_14,1.7600529634986063e-05
war_1,1.755585497989321e-05
consumption_18,1.754828623931703e-05
act_14,1.753936633559981e-05
travel_16,1.7520781217487806e-05
holiday_15,1.7446213935254984e-05
stats_13,1.7433362018669623e-05
cancer_9,1.7422791176729627e-05
vermont_15,1.7365428563542632e-05
debt_7,1.7357109069123714e-05
blacklist_11,1.7353384814952684e-05
forex_11,1.7265209648132125e-05
fed_12,1.7194972969934816e-05
texas_11,1.7166232783746284e-05
ring_13,1.715056774996234e-05
carolina_15,1.7097798236114007e-05
dow_jones_20,1.7079347275504374e-05
case_20,1.705684197948445e-05
consumption_7,1.705510258567055e-05
served_5,1.7046866585771033e-05
ltd_8,1.7021464088346818e-05
marriage_3,1.699428585478801e-05
management_13,1.697307520690122e-05
security_13,1.695690649920982e-05
gains_1,1.6915828591961984e-05
judge_19,1.6902924246129254e-05
arts_6,1.6855304434948002e-05
minister_12,1.6841673117901732e-05
cash_14,1.6837549140373146e-05
housing_16,1.67706106789206e-05
election_14,1.6749997662135368e-05
stats_1,1.673240007673204e-05
police_9,1.6730804266515786e-05
act_1,1.6702863091295198e-05
william_6,1.6688187613194362e-05
fond_15,1.6683478640553295e-05
union_9,1.668099992086907e-05
opportunity_10,1.667050401268279e-05
community_2,1.661070025524242e-05
freedom_19,1.659700508434823e-05
market_13,1.6556021086636627e-05
illinois_1,1.6544218621320187e-05
washington_5,1.648831074080682e-05
york_20,1.6467119006502122e-05
society_13,1.6459725141557857e-05
market_1,1.6427911774788863e-05
present_19,1.6419915946963654e-05
companies_20,1.6419253090482572e-05
color_17,1.6362477416636328e-05
legal_6,1.6340802384032737e-05
housing_17,1.6339834163727022e-05
home_8,1.63366365560535e-05
stock_market_11,1.6335479051630977e-05
vermont_3,1.63094311854329e-05
management_12,1.6224669568398155e-05
missouri_5,1.6192540782447194e-05
stocks_5,1.6159188476746324e-05
metals_17,1.61585121117316e-05
marriage_4,1.6087754349895954e-05
companies_5,1.606350301455648e-05
dividend_17,1.603908601889943e-05
bubble_12,1.602855146257564e-05
security_11,1.60085079653404e-05
economic_11,1.5945430559500312e-05
consumption_4,1.591324951789196e-05
tourism_14,1.58102954195868e-05
global_7,1.579323775802401e-05
stocks_7,1.573782312296281e-05
conflict_12,1.5712175524258876e-05
crash_19,1.5708414808922176e-05
gold_6,1.5708178017130225e-05
elections_7,1.5702497252832558e-05
missouri_6,1.5681015693260792e-05
trader_8,1.5635332494291484e-05
political_20,1.5630130729963622e-05
members_2,1.5625981332685448e-05
earnings_20,1.56169793523754e-05
debt_9,1.5597735142572532e-05
stocks_13,1.5582333984935825e-05
revenue_3,1.557801988069492e-05
chance_14,1.557273701176437e-05
chance_17,1.5566346030385985e-05
council_14,1.5553788377293852e-05
government_20,1.551585954400092e-05
media_5,1.5487403035627688e-05
fine_1,1.541124535764488e-05
world_17,1.540891832183658e-05
profit_13,1.5395623742754035e-05
election_2,1.5393976516314096e-05
success_16,1.5390096909623867e-05
movement_20,1.5387821181888754e-05
stats_6,1.5370464501777666e-05
society_1,1.5360151690951892e-05
revenue_1,1.5359528333942835e-05
federal_2,1.5326895031604195e-05
water_19,1.532197867416001e-05
council_18,1.531343715187965e-05
cancer_19,1.5302839009719393e-05
energy_9,1.530117300208289e-05
invest_19,1.529540507539878e-05
minister_17,1.5271043439185117e-05
dividend_1,1.5267213763741495e-05
secretary_16,1.5209065650485434e-05
services_15,1.5202824613946457e-05
energy_19,1.5119518093321454e-05
bubble_5,1.506329739865012e-05
rich_3,1.5022394286373815e-05
stocks_9,1.5019042327759002e-05
market_4,1.4993980550590871e-05
party_1,1.4993193738154051e-05
pennsylvania_17,1.4977658622333786e-05
chance_11,1.4976242781462227e-05
health_8,1.4967538328018011e-05
election_18,1.4955808894037801e-05
transaction_9,1.4908183349042368e-05
kitchen_8,1.490559827715885e-05
earnings_17,1.4900289403743078e-05
gold_19,1.4894409780823494e-05
senate_17,1.4886745581756237e-05
tourism_6,1.4885935326224072e-05
arts_8,1.4884329904311621e-05
management_7,1.487270002478791e-05
culture_6,1.4860759407052274e-05
governor_3,1.4856354801182457e-05
movie_18,1.4832866928972174e-05
arts_19,1.4832752840325815e-05
invest_14,1.4821595770401487e-05
ring_2,1.4764578079241447e-05
global_19,1.4764420841081093e-05
investment_5,1.4746824879325956e-05
committee_10,1.4717821965026977e-05
arts_11,1.464435480740218e-05
color_11,1.4641005447227848e-05
community_16,1.4555795805726015e-05
loss_1,1.4551772196722198e-05
health_19,1.4533702766837857e-05
money_5,1.4532874720653978e-05
car_10,1.449363080922784e-05
energy_6,1.4452881232362591e-05
council_8,1.4440506237019753e-05
members_15,1.4438144192455263e-05
DOW_JONES_3,1.4425477683647513e-05
ministry_3,1.4418610103796797e-05
markets_13,1.4369000692917495e-05
million_14,1.4368695199907782e-05
nyse_18,1.4363543794002728e-05
illinois_3,1.4361013683891751e-05
rich_6,1.4313302571404484e-05
georgia_3,1.4240738523181638e-05
ring_10,1.4221809150730658e-05
ministry_19,1.4221441123393313e-05
revenue_13,1.421370169516238e-05
chance_9,1.420944449689408e-05
financial_2,1.4173583599170305e-05
companies_11,1.4160092071443795e-05
democratic_3,1.412329546727658e-05
fine_13,1.4102992234375894e-05
markets_20,1.4071077833698087e-05
members_7,1.4065111742487052e-05
products_10,1.4054216291767003e-05
conflict_8,1.4043711123058564e-05
happy_6,1.4006250028148199e-05
minister_7,1.398384811955378e-05
wisconsin_3,1.3983473268903345e-05
bank_7,1.3971747533020592e-05
development_5,1.3953241806895453e-05
vermont_1,1.3899832814296777e-05
profit_17,1.386793381216925e-05
transaction_15,1.3853902628685106e-05
movie_9,1.3852802383778395e-05
marriage_14,1.3851471223933175e-05
tennessee_9,1.3838310084072362e-05
buy_7,1.3820134104948109e-05
tennessee_5,1.3819656686024307e-05
conflict_15,1.3807862319889914e-05
political_19,1.3775971990900676e-05
trader_11,1.377066528436547e-05
loss_4,1.3739056355907964e-05
federal_8,1.3686986130493689e-05
stats_4,1.368351934090718e-05
case_5,1.3672015717443623e-05
short_sell_20,1.3629336160606454e-05
crash_7,1.3547994099963677e-05
unemployment_6,1.354332911569081e-05
ore_8,1.3539030295115726e-05
return_5,1.3515800725405457e-05
democratic_20,1.3500423832594344e-05
sell_14,1.3440558749161263e-05
bonds_3,1.3426746014093797e-05
elections_15,1.3417342901823949e-05
government_1,1.333460073399442e-05
washington_16,1.3331495439707202e-05
food_9,1.3326493982813516e-05
washington_6,1.3317553091248614e-05
senate_12,1.330945540445367e-05
default_10,1.32720564136905e-05
culture_2,1.3256737758789159e-05
finance_10,1.3256251105194453e-05
movement_1,1.325394570229672e-05
justice_1,1.3234679665196822e-05
movie_13,1.3215734621278366e-05
conflict_9,1.3184897719776426e-05
buy_6,1.3182416899605294e-05
million_6,1.3131870052024872e-05
justice_7,1.3092736085707216e-05
ring_17,1.3067150737230974e-05
carolina_8,1.3063799003321403e-05
opportunity_5,1.3046323807384938e-05
founded_12,1.2944021576805076e-05
federal_9,1.29200600743394e-05
marketing_4,1.2918420272436758e-05
legal_3,1.2857548000762434e-05
trader_14,1.283981267210987e-05
ohio_5,1.2836059045081306e-05
travel_3,1.2805338112380696e-05
inflation_4,1.2771965367305214e-05
community_7,1.27615520993683e-05
movie_12,1.2708087229161895e-05
carolina_1,1.2687538116979549e-05
economic_9,1.2667372557384281e-05
missouri_18,1.264788247373011e-05
texas_15,1.2643974457486657e-05
bubble_13,1.2620933782416265e-05
inc_13,1.259979114569069e-05
kentucky_12,1.259597759568329e-05
return_15,1.2588253934412757e-05
million_20,1.2570685723501546e-05
vermont_13,1.2554500236680819e-05
crash_12,1.2535895776608337e-05
justice_8,1.2528162894148227e-05
media_16,1.2485627769735751e-05
market_16,1.2480869947689048e-05
inflation_8,1.2463182700338364e-05
dividend_13,1.2452321047991979e-05
crisis_2,1.2445676534919844e-05
william_9,1.2443398063692036e-05
senate_7,1.2371043112442365e-05
loss_13,1.2297208232413853e-05
profit_14,1.2271866776846615e-05
society_5,1.22663019172592e-05
inflation_12,1.224102989831486e-05
act_12,1.223852004067571e-05
corporation_19,1.2174599947845178e-05
loss_14,1.210060090298123e-05
services_11,1.2084972113323708e-05
leverage_3,1.2074724192317105e-05
district_14,1.2064657323361903e-05
labor_12,1.2053150348023375e-05
politics_6,1.2049662540861711e-05
representatives_6,1.2028653035462756e-05
default_4,1.199456114992033e-05
georgia_20,1.1981267332776129e-05
security_9,1.1979367237891176e-05
nyse_12,1.1976131785907142e-05
party_13,1.19671696093825e-05
religion_18,1.1916160926869552e-05
elected_5,1.1915921434401384e-05
development_2,1.1902360224840883e-05
fine_4,1.1886835989128926e-05
restaurant_15,1.1880952694800202e-05
federal_4,1.1837184250639408e-05
carolina_7,1.1826833871260475e-05
ohio_15,1.18229628315286e-05
home_19,1.1798168682581037e-05
law_18,1.1796848645048381e-05
restaurant_14,1.1790656360474698e-05
case_14,1.1760306323535291e-05
committee_2,1.1753300214061673e-05
finance_12,1.172984334765723e-05
sell_20,1.1711497537043119e-05
illinois_10,1.1708040594250369e-05
debt_11,1.1696423456243477e-05
ltd_2,1.168692333009595e-05
holiday_20,1.16542267135822e-05
economy_12,1.1618176140013133e-05
dow_jones_17,1.1573321128574211e-05
party_2,1.1551675388817565e-05
illinois_18,1.154886902790504e-05
service_17,1.1538451282677523e-05
car_18,1.1538286879797411e-05
ministry_13,1.151820807454281e-05
growth_11,1.1516765831344447e-05
elections_5,1.1426357311307366e-05
party_7,1.14202515354911e-05
fun_16,1.1419535683178193e-05
secretary_18,1.140429141934874e-05
judge_4,1.1383489207580401e-05
society_10,1.1343557189490027e-05
color_16,1.1279956098921708e-05
default_13,1.1270275859462012e-05
bonds_12,1.123219669766143e-05
default_3,1.1222222588462394e-05
revenue_20,1.1216530429044106e-05
massachusetts_9,1.1214256871929863e-05
bubble_19,1.1206449959770379e-05
unemployment_10,1.1198728813529616e-05
missouri_9,1.1190386429200047e-05
economic_10,1.1131274174468423e-05
social_17,1.11262944483789e-05
carolina_14,1.1097209939668594e-05
lifestyle_12,1.1096913253819576e-05
environment_1,1.1077619667170057e-05
court_8,1.1064485927361642e-05
consumption_10,1.1050776939907056e-05
cash_11,1.0987707299248975e-05
unemployment_15,1.0986944189142908e-05
success_12,1.0974258353344931e-05
technology_4,1.0938844260695174e-05
democratic_4,1.093406962926354e-05
law_7,1.0899385039972327e-05
virginia_9,1.0895761452410672e-05
political_15,1.0889760617166585e-05
rich_9,1.0877000547374996e-05
movement_9,1.087138637361374e-05
products_13,1.0867709395423676e-05
return_4,1.0863963529601328e-05
media_15,1.085429718384119e-05
return_10,1.0828935132749876e-05
arts_13,1.0819816594091714e-05
economy_19,1.0783871087217938e-05
world_13,1.0734752430704381e-05
fond_18,1.0713540708894443e-05
invest_4,1.0703517117619632e-05
present_11,1.0703113797129354e-05
transaction_1,1.0604803119550329e-05
unemployment_4,1.0594109483851207e-05
markets_1,1.0591843669760688e-05
profit_10,1.0560911436538324e-05
kitchen_16,1.0531890634482607e-05
president_12,1.0526267155137868e-05
hedge_11,1.0524011020048092e-05
chance_2,1.0507826466575127e-05
sell_13,1.0505350805597303e-05
seats_7,1.0497198507006693e-05
kentucky_11,1.0496195144274615e-05
growth_20,1.0459359483398757e-05
ltd_20,1.0442957877160192e-05
law_5,1.0429806032122397e-05
returns_9,1.040139722487851e-05
act_6,1.0389427617122684e-05
gain_5,1.0369490400584455e-05
ring_8,1.0357664330041354e-05
products_17,1.0356751116751464e-05
senate_5,1.0353040306079347e-05
seats_15,1.030843223342971e-05
car_8,1.0237311969606315e-05
religion_14,1.0201711081994215e-05
fine_3,1.0190072527916995e-05
color_10,1.0181734029788703e-05
house_13,1.0170805011825779e-05
present_2,1.0159494751271805e-05
fed_3,1.0149865744515986e-05
voters_3,1.014508461086961e-05
world_15,1.0134302433860016e-05
credit_12,1.0133519903019154e-05
labor_8,1.013196357795201e-05
stock_market_1,1.0105215425126535e-05
consumption_11,1.0080105926728047e-05
county_11,1.0079613404034074e-05
financial_12,1.0033194126031448e-05
fine_6,9.915229509783692e-06
politics_4,9.856701170665395e-06
tennessee_11,9.846367457015899e-06
kentucky_18,9.836302202403385e-06
labor_14,9.826869114763387e-06
home_5,9.821709154560418e-06
justice_2,9.818456616567907e-06
tourism_19,9.797157765797227e-06
york_2,9.795271214105465e-06
democratic_12,9.787592394200342e-06
district_13,9.768725501541536e-06
law_10,9.7601692898885e-06
labor_15,9.75577927135258e-06
credit_11,9.749103336346527e-06
financial_5,9.7338717522145e-06
business_9,9.72947822798165e-06
kentucky_19,9.724548933047235e-06
success_8,9.711966781106674e-06
success_20,9.685504725209518e-06
services_9,9.679676895143674e-06
movement_18,9.649539976319843e-06
growth_3,9.640343098200635e-06
energy_2,9.619285980241379e-06
social_8,9.617658656776165e-06
world_3,9.60006237561335e-06
management_8,9.564034422696315e-06
washington_4,9.563231917293409e-06
labor_10,9.549604526257167e-06
cancer_10,9.534548183903892e-06
success_15,9.517382617153793e-06
politics_3,9.51009746056707e-06
district_3,9.505505634748147e-06
development_11,9.48815234646436e-06
success_5,9.485670374088731e-06
fond_19,9.477635739349958e-06
nasdaq_15,9.464255769575415e-06
elections_17,9.455103527109154e-06
committee_16,9.431066133489854e-06
elections_3,9.419715660596908e-06
republican_10,9.40850547240261e-06
earnings_7,9.392713236510074e-06
fed_1,9.392680240592149e-06
development_14,9.341727601297887e-06
house_12,9.341612192336901e-06
college_19,9.293695782727033e-06
food_13,9.279631217601333e-06
trader_19,9.254611175270883e-06
oil_14,9.245498441995696e-06
conflict_18,9.237644957566598e-06
financial_9,9.196860088166174e-06
governor_5,9.186457814083491e-06
movement_4,9.157851355412365e-06
business_13,9.156177283374535e-06
markets_4,9.12837432834604e-06
forex_16,9.105156928360567e-06
hedge_18,9.102078210703764e-06
court_12,9.090074402490228e-06
happy_17,9.089465054963156e-06
election_12,9.078255257041891e-06
security_3,9.077620168577973e-06
technology_1,9.071718543414857e-06
color_2,8.983760084940487e-06
william_1,8.980921377943223e-06
technology_16,8.976999645054122e-06
banking_13,8.942793321599063e-06
sell_12,8.925488937308358e-06
car_9,8.894244078777915e-06
car_7,8.870576288075655e-06
financial_18,8.858521004298493e-06
washington_8,8.838208485484082e-06
development_1,8.82921253378701e-06
wisconsin_5,8.826895165126237e-06
gain_18,8.79418996249752e-06
invest_10,8.785722745166464e-06
texas_14,8.775489923668467e-06
law_20,8.747196410159439e-06
marketing_12,8.739398940178043e-06
money_4,8.730381875426644e-06
money_1,8.725241767194538e-06
bonds_17,8.720560558186086e-06
risk_13,8.717795614768149e-06
bank_10,8.701543648770872e-06
credit_19,8.693932300942625e-06
food_14,8.690199083444925e-06
economic_3,8.687067733012221e-06
gain_11,8.683593046186335e-06
economy_20,8.661363714775693e-06
stock_market_17,8.630843140574452e-06
housing_13,8.622144104296919e-06
restaurant_17,8.619310189540642e-06
million_5,8.604694402090578e-06
republican_2,8.603715556506048e-06
debt_15,8.591292356137512e-06
revenue_16,8.579963655764827e-06
politics_14,8.567156779868464e-06
service_13,8.559707182115046e-06
corporation_10,8.519742771204307e-06
environment_5,8.513260079803119e-06
religion_12,8.4903818913592e-06
unemployment_17,8.380011941894735e-06
seats_12,8.358601229404016e-06
security_14,8.35530451545761e-06
oil_5,8.355009060685586e-06
served_11,8.333168123247088e-06
freedom_11,8.330585434142663e-06
inc_8,8.318905414568761e-06
justice_16,8.306752749123986e-06
election_3,8.304975381983264e-06
invest_5,8.294356267901228e-06
industry_15,8.234675800243007e-06
inc_7,8.178278595892207e-06
judge_16,8.154402530667009e-06
holiday_4,8.153186179273358e-06
dividend_14,8.140576781805682e-06
technology_9,8.121916028298235e-06
risk_18,8.11346228583942e-06
loss_5,8.10583015228679e-06
marriage_19,8.100736824846634e-06
ohio_11,8.096223466971605e-06
office_16,8.089507176438769e-06
gold_12,8.085580288765346e-06
present_8,8.066754437406999e-06
ore_20,8.039037084324346e-06
banking_9,8.037704164894103e-06
money_19,8.036000109659368e-06
risk_17,7.989920369149643e-06
district_4,7.970680494335294e-06
return_13,7.957443221643698e-06
buy_12,7.955792696202653e-06
travel_20,7.919195079770976e-06
forex_17,7.906079941821766e-06
fed_2,7.895633717127771e-06
opportunity_3,7.855995891225767e-06
pennsylvania_10,7.849561988491461e-06
earnings_12,7.849425649393204e-06
money_6,7.79969158917432e-06
ceo_4,7.78579250045055e-06
market_17,7.76633704474082e-06
votes_18,7.761046936565839e-06
community_9,7.759385024932062e-06
government_2,7.737618146354958e-06
fine_16,7.714850733906923e-06
ceo_7,7.695786236491347e-06
water_11,7.679359285624142e-06
social_13,7.67125480648803e-06
fine_8,7.645032148243728e-06
ore_13,7.64377276733759e-06
war_10,7.641588356628327e-06
rights_19,7.634727120458037e-06
representatives_13,7.6231457923858955e-06
justice_9,7.614376488468785e-06
financial_13,7.614372989475169e-06
stocks_16,7.595881174554143e-06
rights_15,7.581967942957995e-06
kitchen_7,7.58196735226727e-06
financial_10,7.550266058024622e-06
tennessee_6,7.547775460001857e-06
invest_16,7.537451897153325e-06
votes_12,7.525726884937166e-06
transaction_12,7.507091928808451e-06
home_3,7.4991769337269036e-06
police_3,7.485727749299904e-06
illinois_5,7.469430903366019e-06
voters_7,7.444723060664424e-06
products_4,7.438598851538332e-06
unemployment_1,7.423089183467972e-06
gains_8,7.410931508615196e-06
train_20,7.378887107715292e-06
washington_12,7.364512252319092e-06
holiday_1,7.360483644378717e-06
war_14,7.30951708289068e-06
loss_15,7.265685511391681e-06
judge_5,7.254033264187697e-06
stocks_14,7.195329202280015e-06
hedge_16,7.155907656067445e-06
government_16,7.1418584793720304e-06
debt_18,7.139030079711265e-06
vermont_18,7.12887651337598e-06
council_17,7.09678445835487e-06
market_3,7.092775910294673e-06
president_9,7.031686042354522e-06
act_10,7.024791067430362e-06
culture_9,6.964987087254496e-06
metals_9,6.961280854974616e-06
companies_14,6.960919018655135e-06
economic_6,6.943824101658376e-06
pennsylvania_8,6.9409574690849615e-06
stats_16,6.9320604679771515e-06
vermont_12,6.923463634919758e-06
housing_10,6.91097349213511e-06
served_8,6.907503170680446e-06
banking_4,6.893090312953321e-06
corporation_16,6.8735028662236315e-06
nasdaq_7,6.8683874283575875e-06
housing_11,6.830203499663703e-06
growth_16,6.8110772035938526e-06
legal_10,6.787989343749627e-06
banking_1,6.763514625704431e-06
freedom_14,6.753367901208113e-06
services_5,6.753278630922551e-06
metals_13,6.751370671462943e-06
house_3,6.745800667242531e-06
freedom_2,6.74357789777174e-06
nasdaq_16,6.740832916990475e-06
rights_20,6.739397437578001e-06
county_14,6.703022371922429e-06
unemployment_5,6.695035808790297e-06
justice_13,6.681857576453274e-06
ltd_10,6.6543899464444966e-06
crisis_8,6.649052549781631e-06
portfolio_13,6.64641533802964e-06
lifestyle_18,6.631067650553703e-06
color_18,6.626635638280906e-06
war_6,6.599971462141601e-06
environment_14,6.595785867711073e-06
massachusetts_18,6.56699429772127e-06
minister_2,6.539665610966928e-06
present_7,6.535399758950978e-06
dow_jones_6,6.53268685429797e-06
crash_9,6.531111993122862e-06
default_19,6.530565516004084e-06
investment_17,6.5091196965573176e-06
house_17,6.498189357241775e-06
dividend_18,6.4929188430802724e-06
holiday_3,6.491375235675603e-06
law_2,6.490796645896737e-06
georgia_13,6.466774181437851e-06
rich_20,6.466059951520444e-06
community_8,6.45811298206958e-06
economic_1,6.444215261548758e-06
case_9,6.439459979351532e-06
stock_market_10,6.436897239318639e-06
portfolio_18,6.432056506030081e-06
police_13,6.397379823856403e-06
william_14,6.395657586617942e-06
legal_8,6.239462754546506e-06
cash_13,6.2064100302602896e-06
products_7,6.193505382792904e-06
rights_18,6.193260567596885e-06
trader_5,6.1663168126244235e-06
garden_8,6.165893496790419e-06
marriage_10,6.154005993901758e-06
hedge_1,6.153819549796311e-06
democratic_8,6.145248209781588e-06
lifestyle_16,6.131088055233674e-06
gains_20,6.1164522546714875e-06
derivatives_20,6.112067125510256e-06
marketing_5,6.0577797600445075e-06
environment_11,6.0401796715226285e-06
senate_19,6.019344142150369e-06
present_13,5.959054130051342e-06
chance_5,5.95409972423795e-06
arts_17,5.95336505794727e-06
kitchen_18,5.9501541116467235e-06
tourism_16,5.940083464861146e-06
social_10,5.9262176314541835e-06
william_8,5.921425927212405e-06
york_10,5.91091890590626e-06
restaurant_6,5.905013960877219e-06
elections_11,5.874639709582878e-06
house_4,5.871532551036296e-06
politics_2,5.86577162540424e-06
bubble_6,5.861478629859484e-06
massachusetts_14,5.854503599332577e-06
office_14,5.848429016872375e-06
justice_11,5.832183833348691e-06
services_1,5.825325081671482e-06
money_15,5.825192250342271e-06
headlines_4,5.812929656115786e-06
loss_10,5.790985176700797e-06
success_3,5.787420794876721e-06
economy_15,5.781958275418519e-06
county_4,5.776823988530148e-06
judge_11,5.770811463743587e-06
health_9,5.758071860165151e-06
return_17,5.750883288655417e-06
district_10,5.739456715183079e-06
global_17,5.737123883974346e-06
gold_9,5.732853578277804e-06
founded_5,5.729052982917215e-06
massachusetts_5,5.72640463780457e-06
credit_8,5.721832647158733e-06
william_18,5.713728451177354e-06
technology_12,5.704031811081375e-06
transaction_8,5.6981961664190515e-06
arts_2,5.665247715620496e-06
returns_4,5.655901567333712e-06
house_16,5.652994445080363e-06
society_2,5.64931309606768e-06
democratic_9,5.648258960577111e-06
gains_14,5.640591683495711e-06
college_10,5.63640978847834e-06
firm_13,5.624245515891555e-06
portfolio_11,5.619454974732616e-06
illinois_15,5.616962910158333e-06
companies_17,5.594725653332021e-06
rich_1,5.593861548807607e-06
headlines_18,5.590959169805476e-06
movement_14,5.579695488755688e-06
garden_3,5.57625089544483e-06
conflict_11,5.5712206346575544e-06
founded_6,5.55752643692699e-06
banking_11,5.548893618564757e-06
present_18,5.547256712989245e-06
leverage_2,5.538535311634314e-06
legal_19,5.534219710498573e-06
arts_5,5.5252739896154065e-06
georgia_2,5.522512907472042e-06
service_6,5.489787007834865e-06
seats_1,5.4810460682790655e-06
social_15,5.464987667700068e-06
ceo_12,5.45438574947692e-06
judge_3,5.435790527372896e-06
development_17,5.433912488961843e-06
texas_12,5.428194746312898e-06
industry_10,5.424364028466336e-06
council_16,5.39308654338858e-06
arts_14,5.386857261370462e-06
risk_7,5.364425489005464e-06
kitchen_20,5.347068659215543e-06
society_15,5.345024031931362e-06
kitchen_9,5.311451582056507e-06
fine_5,5.273827959403116e-06
politics_7,5.260964495603211e-06
republican_14,5.253126916256742e-06
seats_5,5.2507071224835006e-06
served_6,5.224593403973085e-06
seats_14,5.16361400625736e-06
freedom_12,5.152335214955347e-06
rights_7,5.134814409910152e-06
culture_14,5.134454650349491e-06
global_3,5.1338656665827695e-06
development_7,5.125612942209447e-06
culture_8,5.116966713681264e-06
virginia_13,5.086264752037961e-06
management_1,5.082711193136216e-06
elections_8,5.079229822767043e-06
metals_8,5.077231487298339e-06
garden_15,5.0608613697137956e-06
million_9,5.0318475464883875e-06
ministry_6,5.030022370752587e-06
culture_1,5.0117628829924955e-06
debt_10,5.011125883879723e-06
fun_17,4.987101575592288e-06
restaurant_12,4.976908453217206e-06
economic_4,4.957068664134881e-06
tourism_20,4.953252032263986e-06
police_19,4.952985107822748e-06
rich_14,4.949981216067194e-06
political_8,4.941998121473256e-06
william_2,4.925173278773219e-06
garden_10,4.911544584420374e-06
media_10,4.906935579248634e-06
society_6,4.906581091869778e-06
fine_17,4.905983632052127e-06
firm_8,4.893495346766896e-06
portfolio_17,4.891149881807753e-06
technology_5,4.88939611197182e-06
home_4,4.877080168244701e-06
society_12,4.851126251714298e-06
legal_11,4.8427165897771995e-06
cancer_12,4.836008307168846e-06
ore_14,4.822214692866256e-06
health_7,4.818600676221483e-06
religion_15,4.812601869241616e-06
vermont_20,4.801736737664124e-06
crisis_19,4.799114052898223e-06
health_12,4.789339840638843e-06
culture_7,4.777211165286614e-06
market_6,4.763078238530707e-06
judge_9,4.753188669856729e-06
bonds_4,4.740568903939371e-06
global_8,4.714474019104987e-06
members_12,4.7001248975426314e-06
dow_jones_2,4.6841380609002e-06
labor_13,4.6743667965745364e-06
global_18,4.6739894858478685e-06
credit_10,4.6523255952463605e-06
garden_19,4.635788497434014e-06
hedge_20,4.629163966801083e-06
companies_12,4.628614816186387e-06
chance_19,4.6054451554817114e-06
community_5,4.603453162495152e-06
health_3,4.602534624385027e-06
leverage_1,4.5861140950803335e-06
cash_3,4.583500892028573e-06
happy_14,4.546576781678135e-06
washington_2,4.54207031739665e-06
stats_20,4.529975341264226e-06
oil_12,4.5277230975567676e-06
business_14,4.518048576247613e-06
elected_17,4.510129079518105e-06
chance_8,4.489621895684555e-06
stock_market_14,4.4654792621820225e-06
secretary_3,4.464624085951432e-06
tennessee_4,4.460948031138512e-06
georgia_4,4.439220402033231e-06
dividend_3,4.390182229800138e-06
bonds_8,4.378111869770407e-06
union_2,4.371580326731022e-06
firm_11,4.368278802796702e-06
companies_18,4.355590006204705e-06
society_11,4.35403699618194e-06
conflict_3,4.353600867605688e-06
county_18,4.351316259580608e-06
trader_3,4.340244065066046e-06
oil_10,4.338611761700135e-06
texas_13,4.324856675805003e-06
business_7,4.315371330705684e-06
trader_15,4.307695759812947e-06
election_1,4.303338320122049e-06
federal_15,4.300684356056205e-06
credit_20,4.2974142907266675e-06
representatives_2,4.29396767639748e-06
voters_2,4.263559891203971e-06
political_6,4.262542978166942e-06
million_12,4.260844699927543e-06
county_6,4.258240073227141e-06
senate_11,4.255897981051464e-06
president_18,4.2542096610663465e-06
economy_18,4.24950244444121e-06
political_3,4.240734996094017e-06
industry_1,4.236204190320486e-06
holiday_17,4.231270026576784e-06
consumption_1,4.227077143528966e-06
votes_16,4.224169156047573e-06
county_15,4.221473330669381e-06
economy_16,4.22022495401382e-06
development_20,4.220223297182144e-06
election_11,4.197511530326818e-06
gold_15,4.192816377297481e-06
world_9,4.183158080227239e-06
opportunity_7,4.171886147126275e-06
risk_5,4.169398689874628e-06
gold_20,4.16490428050126e-06
ore_12,4.153686847163545e-06
restaurant_7,4.15169724482635e-06
environment_12,4.151258190967701e-06
investment_10,4.134361777843866e-06
county_7,4.134193066035924e-06
court_10,4.132725556525278e-06
leverage_20,4.118005378504197e-06
republican_15,4.104048249701906e-06
corporation_5,4.086833673343702e-06
election_20,4.073839824322147e-06
cash_19,4.072951052513761e-06
dividend_7,4.071979940639814e-06
society_3,4.067206768173347e-06
business_11,4.0644709709089275e-06
movement_19,4.063934477971492e-06
color_14,4.0606529809468965e-06
gains_5,4.05859119608588e-06
dividend_8,4.0362390074276645e-06
car_17,4.030931171474012e-06
marriage_8,4.022732803984415e-06
business_18,4.017550521492859e-06
served_20,4.0146734271912034e-06
crisis_6,4.007184819795847e-06
headlines_14,3.987028235199891e-06
union_1,3.972948569274066e-06
garden_7,3.972473132260656e-06
credit_3,3.970949145796272e-06
banking_20,3.968900940587515e-06
products_19,3.960495316856279e-06
home_13,3.93348042187305e-06
DOW_JONES_5,3.931453399128744e-06
marketing_20,3.929941512555957e-06
ltd_16,3.920925189567779e-06
firm_4,3.914008769848668e-06
elections_18,3.911297062804716e-06
derivatives_16,3.899153353807928e-06
union_18,3.896923751758037e-06
happy_1,3.889562830966933e-06
community_14,3.886667276703219e-06
credit_6,3.880156704699891e-06
hedge_2,3.876666378491714e-06
votes_20,3.860914508447507e-06
profit_7,3.851799215431273e-06
sell_11,3.848773330934971e-06
politics_16,3.84686629306866e-06
unemployment_14,3.820106277395886e-06
republican_3,3.819341044132987e-06
senate_3,3.818103148784226e-06
inflation_16,3.817832407017284e-06
tourism_3,3.7985033821200867e-06
freedom_1,3.7849437354591125e-06
society_19,3.7841374484834295e-06
kentucky_2,3.779550168215205e-06
buy_15,3.7633479401543445e-06
ministry_2,3.761420237040994e-06
conflict_16,3.761096871331921e-06
derivatives_15,3.7464918850131406e-06
law_13,3.742010047037308e-06
case_10,3.736270262424385e-06
financial_20,3.72744592377955e-06
success_4,3.726507905477641e-06
profit_2,3.7173807199735642e-06
justice_20,3.7133403317926064e-06
holiday_13,3.6986544175038486e-06
lifestyle_15,3.6942406669658366e-06
culture_19,3.6914504442929535e-06
economics_8,3.6695146003504876e-06
forex_1,3.6629133245823883e-06
governor_1,3.6628360599457364e-06
rights_4,3.648111544575594e-06
economics_7,3.64499666501006e-06
lifestyle_10,3.6400988299032577e-06
headlines_15,3.5865834905069574e-06
crisis_9,3.5701356232107855e-06
crisis_10,3.5695262477881077e-06
act_3,3.5579769603967815e-06
cash_20,3.54656585563603e-06
ohio_18,3.54566662665729e-06
voters_10,3.542499394951222e-06
housing_9,3.539490213440891e-06
global_15,3.5355273323327792e-06
council_11,3.528464750066737e-06
ring_7,3.5140219228793492e-06
seats_18,3.5042722779906903e-06
gain_15,3.5017548745739255e-06
return_18,3.4951733139876473e-06
global_6,3.4687643997573545e-06
rights_17,3.4445512198363237e-06
derivatives_3,3.443339163835019e-06
services_4,3.443280209741501e-06
hedge_3,3.4424897799214214e-06
earnings_5,3.441509495935057e-06
corporation_17,3.4041032667250707e-06
tennessee_17,3.402179195565015e-06
development_18,3.4014730358767347e-06
college_12,3.3967702169555114e-06
seats_6,3.3881814183623227e-06
county_17,3.383010209440595e-06
ministry_12,3.3827087266166835e-06
ceo_18,3.372563824726079e-06
party_5,3.362763702489306e-06
headlines_20,3.3512556667048812e-06
minister_16,3.341599411923146e-06
present_4,3.310593754660304e-06
kitchen_6,3.305108145932124e-06
sell_17,3.298556147979731e-06
movie_19,3.295980394359172e-06
inc_5,3.2627671420232023e-06
stocks_11,3.2555923604932002e-06
justice_5,3.25067411758136e-06
marketing_1,3.2493206716420104e-06
crash_6,3.2458185413248275e-06
revenue_19,3.2455212569724164e-06
court_15,3.232006056836813e-06
health_14,3.205099479069321e-06
stock_market_6,3.20146315817019e-06
ore_5,3.193668351574883e-06
leverage_12,3.192449170987755e-06
ltd_15,3.171012474032745e-06
leverage_14,3.166449595497821e-06
investment_7,3.165631620597442e-06
representatives_5,3.165565210955309e-06
car_4,3.1558556914892505e-06
world_16,3.137437508312418e-06
economy_17,3.135075442262126e-06
council_20,3.129814163032031e-06
dow_jones_3,3.1098040248282157e-06
forex_2,3.1085684266008972e-06
tennessee_1,3.1063525217388483e-06
market_9,3.102970542135047e-06
project_6,3.1026520229035823e-06
color_4,3.079634843207323e-06
revenue_9,3.075845636091366e-06
consumption_6,3.066108249765235e-06
fed_18,3.0652080206398345e-06
car_15,3.0564726010444382e-06
served_12,3.052949329449043e-06
investment_13,3.0422163133407525e-06
food_3,3.035195218033732e-06
gains_16,3.0343591982975277e-06
inflation_6,3.02061740228385e-06
wisconsin_9,3.01928511604479e-06
votes_14,2.999017632116341e-06
happy_4,2.995727681162513e-06
tourism_8,2.9956803339385473e-06
york_4,2.981122608017359e-06
garden_11,2.9754365211107192e-06
debt_6,2.968457915470265e-06
car_12,2.9612883200537014e-06
gain_10,2.948999621108341e-06
security_16,2.9408928989809225e-06
portfolio_10,2.9383598170657475e-06
fine_10,2.9382206323692928e-06
labor_6,2.929796372320982e-06
kentucky_10,2.929764751650419e-06
york_8,2.92605768047539e-06
travel_13,2.9189891543506744e-06
firm_9,2.9143660126275895e-06
global_4,2.901167516990329e-06
firm_10,2.9005107333039805e-06
happy_3,2.8990137513032616e-06
district_8,2.889139416408595e-06
financial_19,2.8764828077193375e-06
members_5,2.872248479529409e-06
elections_10,2.8639351975236526e-06
opportunity_12,2.8584177047671034e-06
virginia_19,2.854940683952555e-06
profit_11,2.854276879369146e-06
voters_19,2.8485264644975283e-06
president_7,2.8463937003756934e-06
legal_2,2.8452841029709135e-06
york_12,2.8445086007614126e-06
carolina_6,2.814183341471439e-06
seats_11,2.813171102361324e-06
corporation_18,2.8091010520481326e-06
committee_3,2.806416124480632e-06
movie_5,2.8051240653065844e-06
headlines_6,2.802216305523712e-06
revenue_17,2.795299832862964e-06
transaction_10,2.787819282411477e-06
products_3,2.7640017327950925e-06
ltd_14,2.747639137765572e-06
global_13,2.740786059635575e-06
tourism_10,2.7383387286312826e-06
democratic_10,2.737519408976698e-06
representatives_11,2.7117630057796574e-06
metals_3,2.7088197499850084e-06
finance_2,2.706137766848423e-06
housing_12,2.703970295730287e-06
ring_1,2.7013569898377404e-06
york_15,2.69400192338219e-06
holiday_19,2.6884576482182997e-06
investment_16,2.6793404731966667e-06
ministry_11,2.677119556006506e-06
rights_9,2.670090724401871e-06
party_3,2.6654278920393018e-06
banking_3,2.664798591518746e-06
stock_market_12,2.6618987928971567e-06
million_1,2.6554068988465233e-06
seats_20,2.6519401411493656e-06
william_7,2.650489472926832e-06
tennessee_10,2.6442982536664266e-06
community_18,2.6306560406356155e-06
labor_18,2.6256478161661545e-06
leverage_4,2.6237929880549857e-06
returns_8,2.621469317736542e-06
wisconsin_2,2.6212995411754927e-06
home_18,2.6130180228689166e-06
health_4,2.597378155323937e-06
corporation_12,2.58466763685886e-06
crash_10,2.581134583531926e-06
management_9,2.5734280603030243e-06
dividend_2,2.5464869937689507e-06
chance_15,2.543838166651547e-06
county_20,2.542074756642387e-06
illinois_7,2.5404798600733965e-06
ohio_2,2.5319950934771074e-06
stocks_2,2.5230070363465423e-06
debt_16,2.521863509502972e-06
virginia_8,2.518158505816892e-06
rich_5,2.503418590738592e-06
trader_4,2.501799545083477e-06
success_11,2.4975821165353756e-06
present_5,2.495616134046961e-06
fed_9,2.493449914160602e-06
ore_19,2.4912371944396626e-06
social_4,2.4890992967877813e-06
tennessee_3,2.4842466987467964e-06
DOW_JONES_20,2.478765140497901e-06
greed_9,2.467989473804649e-06
train_19,2.4518450248769135e-06
growth_19,2.440733455758071e-06
marriage_18,2.440320753249898e-06
car_19,2.431109241419696e-06
opportunity_4,2.430793840376654e-06
money_13,2.41794445146046e-06
president_3,2.402722544335016e-06
religion_10,2.3926042450173847e-06
community_17,2.390879970827676e-06
elected_2,2.3842729033563563e-06
union_3,2.372220117507398e-06
marketing_18,2.365723264563626e-06
corporation_9,2.3654118720379425e-06
governor_9,2.3552314963326496e-06
gain_1,2.3397775469066214e-06
pennsylvania_5,2.3320409404281452e-06
minister_20,2.3213734829417453e-06
opportunity_19,2.315024305762399e-06
arts_12,2.307653706232113e-06
gold_18,2.2977014302614015e-06
party_18,2.28651940053276e-06
ohio_14,2.2812511858941334e-06
members_11,2.2776300155488025e-06
million_4,2.2724928756462022e-06
elected_1,2.2699591439004837e-06
fond_2,2.268319187983296e-06
holiday_8,2.2669304339052614e-06
bonds_15,2.265385720993403e-06
seats_13,2.260184753125989e-06
seats_3,2.2437654884326316e-06
justice_6,2.2388142164822455e-06
nasdaq_20,2.226305123165038e-06
illinois_2,2.2237694528744962e-06
texas_9,2.2213544340855598e-06
stocks_6,2.219454046877338e-06
leverage_19,2.213618803141014e-06
fun_11,2.212511579410688e-06
house_10,2.211278977269742e-06
district_1,2.2044121129417887e-06
missouri_17,2.2034151890967755e-06
return_9,2.1973990261452572e-06
movie_14,2.1955928487415207e-06
markets_14,2.1872385767920433e-06
justice_19,2.1773080252595983e-06
virginia_7,2.175549927894515e-06
fine_14,2.1643085892414225e-06
holiday_11,2.1526037068219744e-06
texas_5,2.150755988997467e-06
fond_16,2.1487851641038124e-06
economics_14,2.136090354898716e-06
wisconsin_19,2.1326299960764817e-06
growth_6,2.127982075647194e-06
transaction_2,2.1094671747102647e-06
government_17,2.107827143557207e-06
restaurant_18,2.1067707236639655e-06
technology_17,2.1042833353558823e-06
metals_14,2.104125528323159e-06
cash_6,2.102029740336875e-06
fond_7,2.1015890657975048e-06
fine_20,2.0820080023481243e-06
cancer_16,2.0812713215141968e-06
risk_15,2.074897646431014e-06
health_15,2.0717699818393564e-06
car_2,2.069620360099798e-06
food_6,2.0682181618565965e-06
nyse_4,2.06785887147767e-06
government_5,2.0665343564995793e-06
train_7,2.0538831967011247e-06
kitchen_1,2.0531930905416325e-06
lifestyle_6,2.052109551000793e-06
vermont_5,2.036974904247801e-06
gains_11,2.035645448378049e-06
fond_6,2.0190512334249504e-06
wisconsin_15,2.0117488418771515e-06
gold_13,2.008161769060983e-06
credit_5,2.0014044907523266e-06
movie_4,1.9991334809372093e-06
DOW_JONES_7,1.997654459200503e-06
police_20,1.991752439114991e-06
return_1,1.9890183665621506e-06
judge_7,1.985256398919379e-06
earnings_10,1.9752337340799526e-06
conflict_13,1.970206968167192e-06
gains_13,1.9598351216618395e-06
media_17,1.9570011604557927e-06
rich_11,1.9561224001793352e-06
marketing_14,1.942337001455761e-06
inflation_19,1.9372857409180135e-06
ore_6,1.933569939807664e-06
council_2,1.930438247425044e-06
economy_11,1.9253222166816812e-06
politics_8,1.9152205869391823e-06
tennessee_13,1.9135191925849857e-06
police_14,1.911648007526111e-06
minister_1,1.909188381146036e-06
growth_10,1.902192754058852e-06
federal_11,1.901151961864796e-06
stats_3,1.8942647401096247e-06
home_10,1.889255258929588e-06
texas_10,1.8878012035377433e-06
party_11,1.8785297918445576e-06
founded_2,1.8687210930328136e-06
finance_5,1.8652460696448365e-06
founded_1,1.861461227205216e-06
governor_18,1.8605525718959093e-06
financial_1,1.8548246592082735e-06
court_14,1.8537236273270957e-06
community_15,1.851720404279335e-06
ltd_5,1.8477294995072555e-06
pennsylvania_18,1.8451911226280247e-06
lifestyle_8,1.8450714395547348e-06
services_14,1.8446657206611883e-06
marketing_19,1.8437270734969763e-06
happy_19,1.83515062676563e-06
inflation_20,1.8350457789057017e-06
president_17,1.8348434789393733e-06
environment_4,1.8331088018679542e-06
headlines_13,1.8281544867970133e-06
cash_1,1.8231612445543153e-06
global_10,1.8217213785749396e-06
fun_14,1.8144760603182658e-06
loss_6,1.812190789049628e-06
ceo_10,1.7982370172545685e-06
economics_6,1.7871150340022778e-06
missouri_8,1.7870972096686732e-06
money_10,1.7740300648141294e-06
earnings_19,1.7708764685220891e-06
election_17,1.760521290577078e-06
massachusetts_11,1.7597500950362805e-06
voters_12,1.7589804851770335e-06
markets_5,1.741014153147678e-06
project_8,1.740457955731974e-06
served_18,1.7289341054758578e-06
happy_16,1.7161275320048288e-06
election_15,1.7154643998913299e-06
gold_3,1.7140981592895294e-06
fun_12,1.7134383399043024e-06
culture_18,1.7109141042507185e-06
arts_3,1.696807490464499e-06
leverage_9,1.6950714036989826e-06
labor_17,1.682301969098407e-06
dividend_6,1.6796813992812517e-06
crisis_15,1.6765803026398926e-06
secretary_10,1.6643406059166126e-06
fed_15,1.6552453832405851e-06
profit_18,1.6534630880697433e-06
hedge_9,1.6456682672562533e-06
culture_16,1.644809261931456e-06
bubble_16,1.6407327322976704e-06
energy_18,1.6395012661077992e-06
default_7,1.6334401766970458e-06
inflation_11,1.6305309260896926e-06
business_20,1.6303636263195543e-06
secretary_20,1.6275456778387512e-06
million_10,1.6202303166674988e-06
business_17,1.617755046197499e-06
culture_12,1.6160689678045871e-06
headlines_11,1.6136777109130356e-06
ring_4,1.6008991821080568e-06
county_13,1.5992066023117178e-06
law_15,1.5880961742294409e-06
risk_6,1.5864397510987937e-06
community_20,1.5836369575291384e-06
religion_1,1.5814953058567696e-06
service_7,1.5647945953057975e-06
loss_3,1.5489792195330484e-06
world_19,1.5414814746710147e-06
home_6,1.5245922963634343e-06
investment_2,1.5230147151513334e-06
ceo_14,1.5222467214987717e-06
president_20,1.5194591668318631e-06
society_7,1.512941517205635e-06
home_17,1.5082594655341575e-06
energy_8,1.5060809753542065e-06
ohio_3,1.5009845537882619e-06
returns_1,1.5000286158690767e-06
founded_20,1.4986702765063507e-06
environment_2,1.491893738826147e-06
fond_9,1.485658604991342e-06
portfolio_12,1.4856091639052128e-06
marriage_15,1.4804895068394195e-06
pennsylvania_13,1.4745901088130933e-06
transaction_3,1.4709886586102836e-06
ohio_1,1.4700759821795594e-06
crisis_11,1.4649084295609096e-06
invest_15,1.4646344919110212e-06
york_6,1.4499557783625333e-06
political_7,1.4490828621584419e-06
fine_18,1.4449099935994466e-06
derivatives_8,1.4423917291106838e-06
political_2,1.4373187964130859e-06
companies_13,1.435316430321541e-06
union_5,1.4283127738062233e-06
members_20,1.42529409230232e-06
services_12,1.424756695465838e-06
transaction_7,1.4246397041187908e-06
movie_8,1.4232850500927285e-06
votes_5,1.4198679674471973e-06
invest_8,1.417953950872126e-06
stock_market_13,1.406416666693411e-06
forex_9,1.406397048578235e-06
markets_18,1.405559795499197e-06
oil_4,1.404506963909932e-06
bubble_11,1.4026272150379683e-06
votes_1,1.402362824083608e-06
color_7,1.4000493142427447e-06
buy_18,1.3979600652237157e-06
debt_17,1.3925665779461396e-06
movement_7,1.3865144039498922e-06
project_18,1.3863533379050448e-06
housing_3,1.3853045171120943e-06
voters_9,1.3851320434554572e-06
money_2,1.384876170213707e-06
fun_5,1.3845461324912023e-06
business_19,1.3817089871716306e-06
william_5,1.3730800254236983e-06
culture_3,1.3674786170848328e-06
rich_13,1.3647515231075023e-06
society_18,1.3580867579915038e-06
profit_16,1.3570299169214234e-06
security_15,1.3450477183465442e-06
representatives_10,1.3393345346351764e-06
dow_jones_8,1.336455522472012e-06
union_13,1.3360021054988686e-06
missouri_19,1.3242183256671833e-06
act_15,1.3174768923187564e-06
founded_4,1.317417329292642e-06
vermont_7,1.3128764563432367e-06
train_14,1.3117581831477009e-06
economics_5,1.2994551218402236e-06
democratic_19,1.2958641602647837e-06
votes_11,1.2942417070483171e-06
economics_16,1.2902002702675975e-06
transaction_4,1.275442295805044e-06
virginia_15,1.2704702838509672e-06
DOW_JONES_4,1.2700959224828009e-06
senate_10,1.2697261123739703e-06
firm_7,1.2675087482168596e-06
management_18,1.2542089132032892e-06
fed_20,1.2537443931446022e-06
ore_3,1.2464959974853607e-06
massachusetts_19,1.2387034940363717e-06
votes_7,1.2379331637989183e-06
derivatives_5,1.2357369489146006e-06
kentucky_17,1.2356366301465515e-06
police_15,1.230795113933238e-06
success_10,1.2293215780482973e-06
chance_3,1.2249449874990485e-06
kentucky_20,1.2123601202594267e-06
missouri_20,1.2027348199250971e-06
hedge_4,1.192452884645096e-06
committee_7,1.191860873463651e-06
case_4,1.19145819682008e-06
union_4,1.18528592019893e-06
color_6,1.1811792752999372e-06
kitchen_2,1.17884267387281e-06
ring_12,1.1747557810484638e-06
politics_5,1.1744398468116467e-06
development_4,1.1600301920162871e-06
representatives_4,1.152309329229681e-06
ore_2,1.1517349083770573e-06
seats_16,1.1515778285133e-06
blacklist_9,1.1474039570335335e-06
legal_9,1.1428489226738665e-06
returns_15,1.142168943720938e-06
forex_8,1.136163187164444e-06
buy_11,1.1322022444977553e-06
world_8,1.1284556613293148e-06
members_1,1.1227895695948205e-06
minister_3,1.1140337641433e-06
governor_7,1.1066578520301221e-06
DOW_JONES_9,1.1024052257547161e-06
water_5,1.0999909867010114e-06
leverage_13,1.0956200271134082e-06
law_3,1.0918776203612805e-06
investment_18,1.081807868320359e-06
water_16,1.0787968244750411e-06
management_10,1.0765671529906868e-06
freedom_9,1.074696529930362e-06
gains_3,1.0657820359754175e-06
minister_13,1.0655918991213042e-06
profit_15,1.0636662204352724e-06
nyse_15,1.0630681822748753e-06
religion_20,1.06033376375242e-06
media_20,1.043489791046541e-06
consumption_14,1.0419913568901784e-06
return_20,1.0390888453318406e-06
loss_8,1.0384239446839098e-06
money_20,1.0384045889106496e-06
court_3,1.0378214025043962e-06
freedom_16,1.0356216812813836e-06
democratic_7,1.0283482854658312e-06
labor_5,1.0274830466652008e-06
governor_4,1.025463744225663e-06
ministry_14,1.0239131893031098e-06
environment_6,1.0191789169581079e-06
committee_13,1.0174706999693563e-06
cancer_20,1.0125549197726856e-06
members_16,1.0106479893301883e-06
conflict_5,1.0087855352475656e-06
society_14,1.0054270437212518e-06
nyse_7,1.0011843729620737e-06
republican_17,1.0000758178860818e-06
leverage_11,9.990127904455507e-07
virginia_14,9.98372915684566e-07
bubble_14,9.871631575152642e-07
committee_8,9.831396990883302e-07
district_7,9.814733781685892e-07
finance_14,9.804407717854136e-07
elected_15,9.777238045899548e-07
world_14,9.723796007716217e-07
governor_14,9.720504740663376e-07
security_12,9.685631324691527e-07
william_19,9.55118005103856e-07
fun_20,9.521256647332805e-07
gold_10,9.469119896606985e-07
world_2,9.461936434209148e-07
headlines_17,9.448933118248905e-07
ceo_8,9.395186595947966e-07
invest_9,9.362293906242453e-07
bubble_3,9.361277128653467e-07
happy_9,9.314189034880248e-07
economics_4,9.213152273685175e-07
nasdaq_1,9.146833199146295e-07
buy_1,9.129156922435805e-07
economics_12,9.127603653324145e-07
cash_15,9.111087022173167e-07
invest_7,9.045918428335924e-07
served_16,9.016027249096566e-07
metals_7,8.958773251944426e-07
transaction_16,8.812200082523398e-07
stats_12,8.756413567562428e-07
house_5,8.709214524021e-07
economy_1,8.695716382905724e-07
development_12,8.666496705566213e-07
stats_2,8.652611058170126e-07
money_16,8.648036935581935e-07
minister_4,8.620302342603467e-07
union_12,8.616659092632395e-07
market_5,8.593470117717409e-07
invest_1,8.591872331427558e-07
marketing_8,8.58153540226144e-07
restaurant_2,8.565983602011063e-07
office_5,8.565186613718e-07
chance_7,8.545626146811329e-07
food_4,8.505682442477477e-07
case_17,8.466409228225237e-07
industry_3,8.450930725651871e-07
crisis_17,8.427549737806396e-07
fed_4,8.405723536758283e-07
opportunity_8,8.383660858421051e-07
ltd_11,8.244115864719719e-07
services_13,8.236259325602315e-07
car_11,8.189412785189832e-07
growth_5,8.159108945493047e-07
hedge_5,8.07313405383257e-07
seats_17,7.992734994160216e-07
politics_1,7.98911913986339e-07
short_selling_10,7.988897799148796e-07
gain_6,7.811337165053695e-07
investment_1,7.808157681950226e-07
act_5,7.770041090650862e-07
vermont_16,7.693091263228204e-07
missouri_2,7.661196025471854e-07
party_17,7.64069939968766e-07
college_1,7.534124863640816e-07
happy_15,7.470115868654076e-07
earnings_8,7.462500743282696e-07
elected_9,7.392300505216224e-07
nasdaq_2,7.27453098675149e-07
companies_8,7.229245705796009e-07
media_12,7.226831179447815e-07
consumption_20,7.194666084601087e-07
cash_8,7.095259688625164e-07
hedge_13,7.084498905966318e-07
present_16,7.070924134173084e-07
tennessee_7,7.065717592505238e-07
oil_19,7.053012817885554e-07
dividend_20,7.03326413872663e-07
ohio_13,7.008652018680911e-07
ltd_3,7.001385883961685e-07
food_11,6.938094298844649e-07
district_17,6.856342522945415e-07
present_14,6.841153928855581e-07
committee_15,6.78794702399907e-07
tourism_1,6.67248644641466e-07
portfolio_9,6.615895831434775e-07
politics_20,6.583780603783668e-07
fun_9,6.565624649017602e-07
car_1,6.528006409468195e-07
served_3,6.522573819571057e-07
food_12,6.490983420558197e-07
judge_8,6.487142369728448e-07
county_19,6.40627785590325e-07
chance_16,6.398202379284827e-07
virginia_1,6.398023621472676e-07
fed_17,6.383911844677847e-07
committee_19,6.368561810402039e-07
judge_10,6.356767990279135e-07
legal_15,6.317340578550913e-07
leverage_16,6.31686742076866e-07
act_19,6.310646765153072e-07
union_6,6.301956117197426e-07
greed_20,6.256716980504191e-07
portfolio_7,6.150687871006433e-07
judge_17,6.136563938826136e-07
stats_5,6.125835863920199e-07
train_4,6.092170163282563e-07
earnings_6,6.066857145695035e-07
fed_5,5.983751930788018e-07
elected_18,5.981033858578481e-07
technology_10,5.94325134081784e-07
markets_9,5.931065390134997e-07
returns_20,5.883882603952384e-07
elections_9,5.85912474299056e-07
bubble_1,5.838269263901348e-07
democratic_16,5.827279580263691e-07
house_2,5.792025980806134e-07
consumption_5,5.732865261375149e-07
voters_15,5.683317351535501e-07
party_10,5.680306393924004e-07
social_12,5.665892620186931e-07
ceo_5,5.657333716257415e-07
oil_6,5.655735640935631e-07
happy_13,5.647500178488268e-07
ministry_16,5.635859561064908e-07
district_2,5.588515003187795e-07
county_8,5.58311508776028e-07
election_4,5.569144192586883e-07
management_19,5.55881183405022e-07
holiday_10,5.540374173085077e-07
world_18,5.531949777184444e-07
money_3,5.516784818657911e-07
governor_2,5.498719985301165e-07
nyse_16,5.489312126094672e-07
senate_15,5.488973132896819e-07
rights_2,5.488476808406555e-07
color_12,5.401069806552821e-07
gains_10,5.39706651163057e-07
gain_9,5.396927229716155e-07
voters_17,5.363686911833852e-07
world_7,5.315363024138631e-07
consumption_8,5.291829876121884e-07
chance_12,5.278038301519007e-07
return_2,5.266878187433714e-07
culture_20,5.218683344788883e-07
services_20,5.218358978443708e-07
bubble_15,5.180887070880307e-07
leverage_17,5.171522207680479e-07
illinois_16,5.169966304938911e-07
home_15,5.115695931583103e-07
water_15,5.10338430746788e-07
kitchen_4,5.031594441420466e-07
happy_11,5.009891495345234e-07
virginia_18,5.005852062355262e-07
ceo_2,4.986552673653712e-07
rich_15,4.962469823890335e-07
money_14,4.960741984345096e-07
stock_market_4,4.946890353553399e-07
financial_14,4.927468158896328e-07
buy_4,4.887538842377321e-07
blacklist_15,4.876657053694249e-07
illinois_14,4.857374465465103e-07
served_13,4.84519102468585e-07
governor_20,4.840434641432395e-07
rights_5,4.81182859587515e-07
services_2,4.80729744592988e-07
ltd_6,4.781588120909117e-07
profit_3,4.761607949215637e-07
tourism_2,4.760837689027563e-07
gain_20,4.735224649219151e-07
home_14,4.7194311058530954e-07
color_8,4.7083016105682473e-07
invest_17,4.6874404323205193e-07
conflict_20,4.652243099795996e-07
tourism_9,4.651939974324995e-07
religion_5,4.6356847204063326e-07
million_15,4.6347618932760043e-07
senate_14,4.5938419295153224e-07
metals_6,4.591866515237715e-07
movement_2,4.587100526645643e-07
stock_market_8,4.5570090198407935e-07
crisis_4,4.545900587874715e-07
global_1,4.5325938344495446e-07
dow_jones_4,4.521925833141006e-07
restaurant_4,4.4804133058889737e-07
ring_15,4.4787871505087275e-07
DOW_JONES_15,4.475496606734708e-07
headlines_8,4.4701440202549274e-07
minister_9,4.468433249911185e-07
nyse_14,4.4556748456441566e-07
voters_1,4.3615975890462545e-07
energy_1,4.3472244597568655e-07
seats_19,4.337533911868393e-07
ore_17,4.3367938462493307e-07
industry_16,4.3309944534653826e-07
corporation_3,4.323887582729531e-07
ceo_19,4.273779751730126e-07
transaction_14,4.2706568039945213e-07
fine_11,4.269971606040482e-07
security_7,4.2299581245381867e-07
court_2,4.2153779479507594e-07
politics_18,4.1802498504608204e-07
portfolio_8,4.1307107555027947e-07
economy_13,4.1226946062475665e-07
carolina_17,4.0828874573894764e-07
rights_1,3.9948360182838966e-07
default_6,3.990529896005836e-07
economic_19,3.971805701474311e-07
founded_15,3.9363088758473273e-07
gains_7,3.928117912079425e-07
founded_16,3.883345439139362e-07
sell_5,3.8654563809225114e-07
derivatives_10,3.865158585470884e-07
crash_8,3.863180420878612e-07
inflation_17,3.8608519994548056e-07
management_2,3.852726875519733e-07
tourism_17,3.8243108285034424e-07
hedge_19,3.823709885700065e-07
democratic_13,3.812363565307748e-07
georgia_7,3.799435418581577e-07
york_3,3.7984954313811167e-07
fed_11,3.7476441060988914e-07
garden_5,3.719450761540721e-07
happy_5,3.7157221200579954e-07
environment_19,3.7113155982439526e-07
movement_16,3.6417913581303046e-07
gain_7,3.6291972056848453e-07
color_19,3.6273560105387993e-07
arts_1,3.626968423094422e-07
million_7,3.6210141876571e-07
trader_12,3.619736620269275e-07
sell_2,3.6119780738865113e-07
happy_2,3.6113223744900176e-07
founded_7,3.58441653949587e-07
ceo_1,3.569480100819611e-07
forex_18,3.566887935966981e-07
kentucky_5,3.5294809960931874e-07
war_12,3.524421029318801e-07
committee_1,3.518516626017247e-07
opportunity_13,3.5122664846542334e-07
cancer_14,3.508215840680088e-07
seats_8,3.5055835382684343e-07
dividend_12,3.5028357214092333e-07
firm_3,3.4883930421390336e-07
corporation_1,3.4879667803506713e-07
headlines_16,3.47581855307848e-07
ministry_5,3.4750792038815554e-07
lifestyle_11,3.44774433348262e-07
economic_16,3.4456203834485495e-07
security_4,3.4258189301945155e-07
marketing_17,3.3356981342710064e-07
economy_10,3.325149497211999e-07
gold_8,3.319336964109043e-07
members_10,3.316306362787714e-07
society_20,3.313335484319579e-07
invest_3,3.290242028470023e-07
case_3,3.251340641471183e-07
portfolio_19,3.246795731686813e-07
missouri_13,3.2463865307279487e-07
derivatives_7,3.2441119509661424e-07
minister_8,3.22185449769683e-07
earnings_3,3.209938763355869e-07
representatives_7,3.162465812329065e-07
derivatives_14,3.130780355465804e-07
vermont_19,3.128776493976301e-07
management_3,3.0842596576505275e-07
forex_15,3.0749010523778493e-07
marriage_6,3.0503885811645805e-07
investment_20,3.028269790891438e-07
bonds_13,3.018304766735469e-07
minister_5,3.0153380264151904e-07
debt_14,3.0117191140290386e-07
inflation_7,3.0021156580262626e-07
industry_7,2.977022917131913e-07
economic_15,2.959184232216098e-07
president_8,2.9436243891021493e-07
freedom_8,2.9367654330998253e-07
returns_17,2.9329346161922546e-07
crash_5,2.893726899290726e-07
consumption_13,2.8920075632103254e-07
labor_20,2.8854032052000566e-07
bonds_2,2.8790058902819074e-07
rich_18,2.86566518770408e-07
nasdaq_9,2.853707821599147e-07
holiday_5,2.829741235303268e-07
media_6,2.8264528275852355e-07
short_selling_9,2.8227691862965073e-07
inflation_18,2.7974191057212473e-07
oil_1,2.795239675304147e-07
sell_1,2.78024624189218e-07
minister_11,2.747862253627756e-07
pennsylvania_2,2.700814609673644e-07
nasdaq_17,2.6915665907274606e-07
washington_7,2.685704819530982e-07
growth_7,2.674835265109882e-07
earnings_16,2.661662157031135e-07
success_7,2.6612535658211164e-07
cancer_4,2.658355413113731e-07
committee_14,2.6578858864718935e-07
portfolio_20,2.6449594739431547e-07
markets_17,2.6379093398909636e-07
present_15,2.629348808434428e-07
war_3,2.6286284160931383e-07
vermont_6,2.6193308878424234e-07
returns_3,2.611916438871331e-07
returns_16,2.607968136492722e-07
secretary_9,2.585140371907149e-07
representatives_12,2.47043556057909e-07
cash_7,2.457789091952956e-07
fed_14,2.451470469095658e-07
holiday_6,2.4494189002219993e-07
economic_8,2.4443926729368027e-07
growth_2,2.423210419563678e-07
media_7,2.416717261423123e-07
secretary_1,2.4060647682412855e-07
representatives_3,2.3734017918532906e-07
products_8,2.3732903772744306e-07
return_11,2.3284506584127584e-07
train_13,2.3126373781467597e-07
judge_6,2.2622508538637082e-07
garden_13,2.241723788228257e-07
rich_12,2.2175596554583438e-07
derivatives_12,2.214653835986683e-07
restaurant_5,2.2097433510028116e-07
county_10,2.205432975956091e-07
vermont_2,2.190926961487879e-07
vermont_8,2.1387792177004907e-07
leverage_7,2.1323211877841477e-07
returns_14,2.130632830110192e-07
georgia_6,2.102705447027988e-07
returns_12,2.0712005582045917e-07
tennessee_8,2.0683431848110526e-07
dow_jones_19,2.0254416110120134e-07
election_8,2.0061924304014453e-07
rich_2,1.9885776213989255e-07
justice_10,1.9783611439669013e-07
opportunity_15,1.9756623322794774e-07
risk_1,1.9589949723895202e-07
technology_6,1.9399741039456663e-07
opportunity_1,1.9280543422178742e-07
cash_12,1.9124654274985688e-07
ministry_9,1.8962312989660115e-07
served_4,1.8868370854077823e-07
seats_10,1.8662774882207134e-07
war_5,1.8398269236515014e-07
economics_15,1.8375823303134604e-07
rich_16,1.8353023857293575e-07
inflation_5,1.8256715419078533e-07
gold_7,1.825635030297608e-07
short_selling_18,1.8110671824626074e-07
massachusetts_3,1.8013799836843838e-07
social_18,1.790537816801358e-07
republican_9,1.78097981992063e-07
georgia_18,1.7800498822260886e-07
water_4,1.7672069182615732e-07
gains_4,1.7639750220685152e-07
success_1,1.737805220250793e-07
inflation_1,1.720246397661047e-07
ministry_4,1.699600121063959e-07
senate_2,1.694971935989734e-07
environment_17,1.6917585917418277e-07
bubble_10,1.6851418316926362e-07
invest_20,1.6698818336592958e-07
growth_14,1.644040033158859e-07
economics_19,1.6376577705527284e-07
metals_4,1.6348977155598947e-07
derivatives_11,1.5634837854226153e-07
marketing_2,1.5581910224560456e-07
founded_11,1.5564125950284224e-07
justice_4,1.5529937524641475e-07
seats_4,1.5425438397305995e-07
votes_6,1.5209348752033203e-07
secretary_19,1.5181801062456348e-07
invest_6,1.5127263649269835e-07
members_3,1.4801603371747304e-07
dow_jones_11,1.4687656196495414e-07
lifestyle_19,1.4411212843614285e-07
dow_jones_9,1.4391316019577988e-07
risk_20,1.437558778054965e-07
nyse_6,1.4367875862766586e-07
cash_2,1.4125353271181168e-07
finance_3,1.412528541832883e-07
short_selling_2,1.4095040273205583e-07
crisis_14,1.40829191154878e-07
politics_15,1.4005849424952216e-07
members_6,1.399470630313764e-07
earnings_4,1.3934673875817142e-07
kitchen_17,1.382608456992369e-07
global_12,1.3676610995801125e-07
project_12,1.3390404988737162e-07
gains_9,1.3310085502440688e-07
committee_17,1.3182287696903166e-07
stocks_18,1.3051539345761384e-07
economics_18,1.28945073611385e-07
fond_8,1.286408056429255e-07
headlines_1,1.2311136927898964e-07
money_17,1.2056444950333033e-07
union_17,1.1784728249948894e-07
movement_6,1.1765342713327907e-07
nyse_5,1.169465875450466e-07
seats_2,1.1631201019895627e-07
stocks_4,1.1420319514577732e-07
economics_3,1.1216981327721657e-07
vermont_10,1.0918292678299723e-07
management_16,1.0835030413945607e-07
nyse_11,1.0821162570966361e-07
markets_11,1.0755415553419874e-07
industry_4,1.0247719423603943e-07
portfolio_14,1.0046002089416125e-07
metals_20,9.871543376010278e-08
votes_8,9.744192498350185e-08
debt_20,9.34407714761278e-08
elected_6,9.326262360887121e-08
earnings_14,9.294743961438687e-08
holiday_2,9.287774656141096e-08
voters_8,9.19193599513849e-08
committee_5,9.019361464406124e-08
investment_6,9.008189656421579e-08
hedge_7,8.768592121154242e-08
fine_7,8.682056706959788e-08
missouri_12,8.631764589170692e-08
markets_2,8.173320243619543e-08
tourism_7,8.112168723518171e-08
political_5,8.08127680606566e-08
governor_17,7.906919322960767e-08
gain_13,7.80845382830263e-08
economics_10,7.685806890458012e-08
conflict_14,7.665991077998169e-08
derivatives_9,7.660877565479785e-08
ore_7,7.623976117744965e-08
metals_5,7.483133521685552e-08
headlines_9,7.474513055110226e-08
elected_14,7.46968397855096e-08
lifestyle_14,7.438431002449754e-08
trader_16,7.359090528323078e-08
movement_13,7.17981230187628e-08
headlines_12,7.148903562234353e-08
conflict_4,7.09383264776998e-08
missouri_4,7.084232083168028e-08
inc_19,7.016635449643337e-08
risk_4,6.99030425609068e-08
sell_19,6.968621694236305e-08
forex_7,6.800318852252087e-08
gains_12,6.696242547018055e-08
forex_13,6.587196978283096e-08
consumption_2,6.542181707065844e-08
metals_15,6.46220285922035e-08
conflict_6,6.357754215192745e-08
ring_6,6.213149658496755e-08
debt_13,6.16044668624927e-08
lifestyle_2,6.077324767642878e-08
economics_1,5.887893813525446e-08
earnings_11,5.764490598195294e-08
served_19,5.659787702661712e-08
debt_5,5.52861275968917e-08
short_selling_16,5.504404969809933e-08
political_12,5.234179207464487e-08
governor_10,5.2337328846054326e-08
republican_5,5.1689597268110514e-08
markets_19,5.0751552605471935e-08
nyse_13,5.0407535692271846e-08
nasdaq_6,4.998516130241104e-08
fond_20,4.7092000229119926e-08
hedge_14,4.4145585838651616e-08
ministry_8,4.088502949728392e-08
votes_15,4.060218753020903e-08
derivatives_18,3.987357356063601e-08
republican_13,3.644111099997935e-08
elected_11,3.398317333781614e-08
opportunity_6,3.392031742836846e-08
voters_16,3.371657581727358e-08
profit_5,3.315213569331208e-08
short_selling_19,3.245531711842123e-08
headlines_19,3.131844063626849e-08
representatives_1,3.005650019496855e-08
ceo_17,2.9088256610527545e-08
corporation_14,2.8270106476885996e-08
conflict_19,2.824489957748087e-08
markets_3,2.1923786304158073e-08
elected_16,2.0913730978242428e-08
voters_11,2.0640921913018823e-08
short_selling_3,1.9906364895475734e-08
elected_10,1.87401250968957e-08
ceo_20,1.752802167143955e-08
fond_11,1.7334888496239784e-08
headlines_3,1.719951087187559e-08
ministry_17,1.6617177738693346e-08
short_selling_4,1.5586597350402002e-08
elected_7,1.4208677099365853e-08
short_selling_7,1.351866847897682e-08
fond_17,1.0006488557695686e-08
founded_17,9.64057305459405e-09
return_3,7.805888935256696e-09
profit_6,7.670518901860543e-09
short_sell_14,6.231203599332757e-09
short_sell_2,4.721969512011271e-09
short_selling_5,7.452421649166419e-10
consume_20,5.639193166778924e-10
short_sell_16,3.266902264717202e-10
short_sell_4,3.16063665301417e-10
elected_19,2.998120639519661e-10
short_sell_12,2.032584692310656e-11
BUY_AND_HOLD_1,
BUY_AND_HOLD_2,
BUY_AND_HOLD_3,
BUY_AND_HOLD_4,
BUY_AND_HOLD_5,
BUY_AND_HOLD_6,
BUY_AND_HOLD_7,
BUY_AND_HOLD_8,
BUY_AND_HOLD_9,
BUY_AND_HOLD_10,
BUY_AND_HOLD_11,
BUY_AND_HOLD_12,
BUY_AND_HOLD_13,
BUY_AND_HOLD_14,
BUY_AND_HOLD_15,
BUY_AND_HOLD_16,
BUY_AND_HOLD_17,
BUY_AND_HOLD_18,
BUY_AND_HOLD_19,
BUY_AND_HOLD_20,
blacklist_1,
blacklist_2,
blacklist_3,
blacklist_4,
blacklist_5,
blacklist_6,
blacklist_7,
blacklist_8,
blacklist_10,
blacklist_12,
blacklist_13,
blacklist_14,
blacklist_16,
blacklist_18,
blacklist_19,
blacklist_20,
consume_1,
consume_2,
consume_3,
consume_4,
consume_5,
consume_6,
consume_7,
consume_8,
consume_9,
consume_10,
consume_11,
consume_12,
consume_13,
consume_14,
consume_15,
consume_16,
consume_17,
consume_18,
consume_19,
financial_markets_1,
financial_markets_2,
financial_markets_3,
financial_markets_4,
financial_markets_5,
financial_markets_6,
financial_markets_7,
financial_markets_8,
financial_markets_9,
financial_markets_10,
financial_markets_11,
financial_markets_12,
financial_markets_13,
financial_markets_14,
financial_markets_15,
financial_markets_16,
financial_markets_17,
financial_markets_18,
financial_markets_19,
financial_markets_20,
greed_1,
greed_2,
greed_3,
greed_4,
greed_5,
greed_6,
greed_7,
greed_8,
greed_10,
greed_11,
greed_12,
greed_13,
greed_14,
greed_15,
greed_16,
greed_17,
greed_18,
greed_19,
rare_earths_1,
rare_earths_2,
rare_earths_3,
rare_earths_4,
rare_earths_5,
rare_earths_6,
rare_earths_7,
rare_earths_8,
rare_earths_9,
rare_earths_10,
rare_earths_11,
rare_earths_12,
rare_earths_13,
rare_earths_14,
rare_earths_15,
rare_earths_16,
rare_earths_17,
rare_earths_18,
rare_earths_19,
rare_earths_20,
short_sell_1,
short_sell_3,
short_sell_5,
short_sell_6,
short_sell_7,
short_sell_8,
short_sell_9,
short_sell_10,
short_sell_11,
short_sell_13,
short_sell_15,
short_sell_17,
short_sell_18,
short_sell_19,
short_selling_1,
short_selling_6,
short_selling_8,
short_selling_11,
short_selling_12,
short_selling_13,
short_selling_14,
short_selling_17,
short_selling_20,
