feature,feature_score
lifestyle_13,0.0065470760778580574
votes_7,0.004032001694969969
revenue_9,0.003614474964817196
kentucky_12,0.0035212361401037976
stock_market_20,0.0030228814350558705
elected_2,0.002742706270693053
republican_7,0.0026591161009907704
health_18,0.002633330501744586
massachusetts_18,0.002599475898066327
culture_9,0.002596914608149545
governor_11,0.0025727387122934345
global_15,0.002560274779085513
profit_5,0.002371539578002523
union_1,0.002066887904604831
lifestyle_16,0.0020098192689892453
credit_11,0.002004252761637022
representatives_12,0.001982347749054939
georgia_2,0.0019030328970788765
religion_14,0.0018850363059120519
elections_18,0.001848829667341025
debt_9,0.001838753226607064
lifestyle_19,0.0017923857264173163
environment_20,0.0017900170987093496
management_20,0.0017727546480133995
district_5,0.0017455900634719265
rights_20,0.0017188927364602045
cancer_5,0.0016788024767961738
default_6,0.0016649485988538151
management_8,0.0016588949965110034
portfolio_13,0.0016474709239301926
labor_11,0.001630747317280167
carolina_19,0.0016304751523875671
legal_8,0.0015811375099623731
money_10,0.0015753345552155234
founded_11,0.0015652346256501953
republican_18,0.001548711426160259
unemployment_16,0.0015358871743570302
train_5,0.0015335716260634605
debt_15,0.001523870508727042
governor_15,0.0015175128683912107
freedom_13,0.001474313409015231
restaurant_2,0.0014729067282322893
fun_6,0.0014645908239827696
act_3,0.0014577649040121727
chance_11,0.0014406651865523535
development_5,0.0014376856631463852
lifestyle_17,0.001437537099878375
stats_11,0.0014287151740467008
dow_jones_9,0.0014144315039636025
marriage_19,0.0013834392565582315
default_3,0.0013640013147963573
rights_17,0.0013605305038241725
gain_15,0.0013458569944477569
stock_market_12,0.0013369118897460207
bank_7,0.001332276992258626
governor_6,0.0013207976069404255
world_12,0.001318969479987014
republican_17,0.0013106268509558055
pennsylvania_3,0.0013047133458904845
holiday_5,0.0012833739744682355
fun_2,0.0012815165267844606
crash_11,0.001277954652976999
vermont_18,0.0012772398668951645
district_16,0.0012734777039510145
million_12,0.0012711333110332526
loss_8,0.001267246673082875
restaurant_14,0.0012579663325151295
returns_9,0.0012563970939756983
war_5,0.0012476103020968724
default_9,0.0012035259760528785
elections_19,0.0012007680460852368
color_5,0.0011929816076432429
movie_13,0.0011755142060819548
garden_4,0.0011574354755942678
voters_4,0.001155453496711359
society_10,0.001152519345780826
committee_14,0.0011516517171066944
nasdaq_2,0.0011402944741426032
home_4,0.0011387883678181836
georgia_13,0.001117413934049186
conflict_17,0.0011166777131881305
council_16,0.0011115956826612825
ohio_4,0.0011103133262663886
college_15,0.0011081618405940766
massachusetts_5,0.0011067077933342847
companies_1,0.0011048971541556163
members_8,0.0010850939460146378
stats_20,0.0010815558080200826
energy_2,0.0010815151777712891
food_15,0.0010725476562840868
secretary_11,0.0010723343712945863
tennessee_2,0.00107029319383494
missouri_19,0.0010664254396850613
environment_10,0.0010651019912967694
train_17,0.0010631848270654394
house_5,0.0010603220089989414
members_5,0.0010494557049475976
massachusetts_16,0.0010396300611094052
oil_3,0.0010393348360031294
dow_jones_5,0.001039331518874038
members_6,0.0010381216226384258
washington_4,0.0010362119969246756
happy_2,0.0010345058469807516
judge_17,0.0010316654242519495
energy_16,0.0010201546319640235
movie_8,0.0010183319962684232
debt_3,0.0010175986471174221
wisconsin_2,0.0010172642103861726
election_10,0.00101049801272124
project_1,0.0010063906643388953
market_20,0.0010009318062836905
gold_19,0.0010002100729318397
finance_16,0.0009981057660570028
voters_6,0.0009928437913569901
house_14,0.000992225506901636
minister_19,0.0009918171032227354
community_5,0.0009911307668151726
services_5,0.0009901817755682623
house_12,0.000986737607350888
senate_12,0.0009839378959354162
loss_3,0.000981912551675064
banking_19,0.000978784696312323
home_9,0.0009769904714013638
success_10,0.0009740942195944258
movie_14,0.0009733641797180203
community_4,0.0009731536625670992
travel_15,0.0009694203426845623
million_18,0.0009684310880242332
profit_18,0.000967316387265701
federal_14,0.0009668677913572736
bank_4,0.0009625842960693426
service_19,0.0009586463633529193
politics_20,0.0009567148635288066
federal_10,0.00095007712324295
fun_17,0.0009494816239041207
william_13,0.0009488894644764563
society_1,0.0009463447455265893
political_8,0.0009365071743971141
buy_11,0.0009345999795082277
arts_11,0.0009336335544640268
federal_12,0.0009287161380084981
market_11,0.0009238124415402268
federal_15,0.0009220854273313553
democratic_4,0.0009200757442502732
inc_15,0.0009178806347996411
loss_17,0.0009150200635549511
act_1,0.0009112884206429752
fun_15,0.0009087047458462699
elections_12,0.0009049038758723377
college_1,0.0009033845618990025
president_18,0.0009025920735633287
car_15,0.0008978851894794926
million_8,0.0008974692727978507
founded_3,0.000894316688154344
democratic_11,0.0008901166619572262
home_1,0.0008900776535239841
democratic_15,0.0008890712265567078
health_16,0.0008779204214225223
court_4,0.0008755120685691461
credit_10,0.0008753662452465188
credit_15,0.0008743759463331362
elections_16,0.000873699860439314
finance_18,0.0008730647315458715
ceo_15,0.0008717591505993871
legal_1,0.0008706723715442372
texas_12,0.0008699792187614202
environment_15,0.0008696055627157599
services_4,0.0008685974421219532
gain_14,0.0008653640665710344
washington_11,0.0008534189215989921
virginia_10,0.0008490823780779234
district_15,0.0008460108540306405
happy_4,0.0008430334771437043
virginia_11,0.0008423553130161933
garden_5,0.000841885060710474
votes_18,0.0008405963858942827
members_13,0.0008404052238622236
rights_13,0.0008360435212712193
senate_4,0.000834077697442419
council_19,0.0008338736662096228
william_20,0.0008322828661038983
georgia_7,0.0008281995030363652
banking_10,0.0008226309054759997
social_14,0.0008211395240840803
banking_20,0.0008207582852517207
business_7,0.0008206980799120293
metals_4,0.0008170098907473922
million_4,0.0008160283914121526
votes_1,0.0008128901809628768
health_9,0.0008090338387517612
bonds_10,0.0008087072502742107
color_18,0.000808135047341687
president_6,0.0008032057554772264
democratic_17,0.0007991335580532912
market_14,0.0007989333662246818
carolina_4,0.0007969880121189932
federal_13,0.0007942257793737527
world_13,0.0007940417581182602
case_8,0.0007923853987981274
case_6,0.0007906300011878803
election_4,0.0007905104870490237
project_7,0.0007892977780512303
social_7,0.0007871958871346477
energy_10,0.0007868521156497452
founded_5,0.0007840492834242049
hedge_1,0.0007807755787911847
garden_7,0.0007766224169529369
council_17,0.0007761418918254825
banking_16,0.0007748113956209307
housing_19,0.0007719748018646497
buy_15,0.0007695752341291711
police_15,0.0007687292444575572
case_18,0.0007683907316826622
financial_16,0.0007671794887517718
cancer_15,0.0007663661093221643
county_17,0.0007652789692064871
war_20,0.0007604939491639455
society_4,0.0007593890204340994
georgia_18,0.0007583419768803703
seats_5,0.0007551760317166933
government_17,0.0007535704199973665
environment_12,0.0007497020107920095
cancer_10,0.0007492908061599395
loss_7,0.0007491946398492613
business_9,0.0007491897784994235
world_2,0.0007481271900627872
freedom_19,0.000741244447498169
rights_7,0.0007400849503320135
kentucky_17,0.0007366984319195082
global_20,0.00073531469834645
car_2,0.0007341360192837272
governor_18,0.0007296373143072029
bank_15,0.0007266342445562175
default_2,0.0007254551951465669
wisconsin_5,0.0007237052662095371
police_17,0.0007235557888266263
virginia_12,0.0007233214301322391
bonds_18,0.000722162223113651
republican_2,0.0007160797480279224
case_7,0.00071390614607258
development_13,0.0007100517328810675
police_9,0.0007093304505312563
votes_13,0.0007090792677801242
wisconsin_14,0.0007086361438120428
county_4,0.0007019842469893712
nyse_1,0.0007000114165050927
gold_12,0.0006924675354416464
rich_1,0.0006914225279852121
movie_11,0.0006902926082388648
georgia_6,0.0006884527682221258
train_15,0.0006879106840718539
inc_14,0.0006878819906252687
credit_13,0.000684299860188017
nasdaq_3,0.0006835837498900544
democratic_1,0.0006797307521497253
elections_10,0.0006760437822585829
health_10,0.0006756149350210773
debt_16,0.0006748358643701582
committee_13,0.0006748325969307095
governor_20,0.0006687831598370043
government_18,0.0006673785591768934
union_17,0.0006656587158916753
service_17,0.0006655058734108743
security_8,0.000664873707189304
banking_11,0.0006646847474241903
business_14,0.0006644545493331129
return_15,0.0006628616150589631
judge_5,0.0006626329899870393
returns_6,0.0006623653634075372
judge_12,0.0006619942743348479
housing_11,0.0006612986267989839
voters_3,0.0006612803128372254
legal_9,0.0006599900420787393
house_11,0.0006599261606524463
tennessee_5,0.0006597200851116764
companies_13,0.0006591511305952351
pennsylvania_15,0.0006591237020355261
bonds_15,0.0006581835864289307
DOW_JONES_8,0.0006576923704845732
media_3,0.0006571888546796565
movie_4,0.0006568813656415185
court_19,0.0006544552058519883
rich_6,0.0006522108226474885
community_10,0.0006488649415665482
democratic_9,0.0006454834186344505
corporation_3,0.0006447515558248213
republican_11,0.0006437919422171249
home_17,0.0006429919559199263
returns_7,0.0006427847972072759
home_11,0.0006403907499103102
freedom_4,0.0006401890093379353
growth_17,0.000638406582497174
york_16,0.0006335400407259555
georgia_1,0.0006280736024211702
gold_6,0.000627377626792114
holiday_8,0.0006260295314862993
seats_11,0.000624779533111841
conflict_11,0.0006243008040685415
food_5,0.0006231710560231827
seats_1,0.0006229904063478539
republican_19,0.0006225749585723372
justice_2,0.000622197512675404
food_10,0.0006216108430812543
garden_10,0.0006214429077655579
home_5,0.0006203271352383437
ohio_5,0.0006190747986274003
governor_12,0.0006184834718234591
tennessee_16,0.0006170122639902473
buy_5,0.0006164689530749306
republican_15,0.00061646409553732
service_13,0.0006159168660021992
cancer_18,0.0006151755966627972
markets_19,0.0006150747012262861
development_4,0.0006149978160793897
york_2,0.0006148914856433593
train_1,0.0006147102082537692
dow_jones_18,0.0006142034370689197
returns_15,0.0006123300615819717
law_5,0.0006106736260151742
happy_9,0.0006091731112951217
health_15,0.0006090471827808103
act_12,0.0006072819713018365
environment_4,0.0006059745620816071
economics_20,0.0006055508843778452
marriage_1,0.0006055325286519126
democratic_18,0.0006051169070578707
million_13,0.0006035280936729371
war_17,0.0006023227495362497
york_19,0.0006006549763545116
investment_9,0.0006005358495401253
blacklist_20,0.0005998638806373003
credit_1,0.0005986785041121468
invest_4,0.0005979660073608878
credit_2,0.0005979456235948222
washington_12,0.0005977544836506237
bank_17,0.0005963389591471794
credit_7,0.0005959840068461988
car_20,0.0005950234921077264
county_9,0.0005943551345489972
unemployment_19,0.0005935824859362091
present_7,0.000593084110989731
service_18,0.0005930662563032303
federal_7,0.0005930152975905391
freedom_5,0.0005924482780445639
happy_8,0.0005920402942049676
environment_16,0.0005903784432335148
health_2,0.0005878442420881598
office_11,0.0005877794203583628
market_18,0.0005859424434635213
movement_15,0.000585059131468981
economic_5,0.0005847981167435322
federal_18,0.0005843239472516152
economics_4,0.0005841678506851826
happy_17,0.0005841199050624714
democratic_7,0.0005825778574606393
district_11,0.0005786361162304196
global_3,0.0005774581431056658
ring_17,0.0005750246571616563
labor_10,0.0005750044772946384
financial_4,0.0005746613730621473
market_7,0.0005741634231086762
nyse_18,0.0005727960314569209
voters_10,0.0005723336652753175
finance_10,0.0005712103598843562
economy_15,0.0005708940586087691
stocks_14,0.0005705673984605879
republican_6,0.0005704733302607826
president_3,0.0005703853939922032
texas_11,0.000568891575273476
home_6,0.0005653066573660588
business_4,0.0005647888816617447
ohio_1,0.0005634447374080778
votes_9,0.0005631609674724334
happy_7,0.0005621799489865808
council_18,0.0005614652179670587
energy_1,0.0005614103768834467
fun_10,0.0005612235704878609
million_5,0.0005606972200417009
chance_7,0.0005594576035241111
william_15,0.0005593810811125892
senate_17,0.0005592061974036133
election_2,0.0005591293647735956
loss_1,0.0005589728937006517
committee_10,0.000558736005864974
georgia_5,0.0005586415219567137
president_2,0.0005585713178164739
house_10,0.0005581490260245537
happy_14,0.0005575683984250224
security_3,0.0005570855213888992
stats_5,0.0005560443960027198
global_18,0.0005545098486930519
buy_14,0.0005544840004734568
bank_10,0.0005542716539122223
bonds_8,0.0005541851343412171
cash_9,0.0005525468492685927
dow_jones_19,0.0005510827849320557
office_9,0.0005509847581136542
technology_4,0.0005485296707085091
color_19,0.0005474865241079049
financial_12,0.0005473611391382595
carolina_10,0.0005467731197393787
debt_13,0.0005438527055874192
million_16,0.0005416849194965922
voters_14,0.0005404261957120018
media_11,0.0005402912723269012
law_17,0.0005398492247976652
success_13,0.0005395506640058633
default_14,0.0005392437770123462
carolina_12,0.0005381808154975239
gold_16,0.0005378349674277417
inc_3,0.0005376053036021725
technology_14,0.0005372664585811746
health_12,0.0005368885666906921
industry_14,0.0005367933197426915
missouri_7,0.0005350734838488383
economic_8,0.0005350696674618423
car_17,0.0005345921499425397
police_6,0.0005345554648771697
present_12,0.0005342433521941521
case_13,0.0005341497740214157
labor_9,0.0005338976412958249
committee_9,0.0005337854407823166
home_18,0.0005334682448190533
federal_9,0.000533094909181145
returns_18,0.0005307556738298959
services_8,0.0005304838930492283
legal_15,0.0005299302623732138
food_13,0.0005297513132859461
security_7,0.0005292175162129444
movie_15,0.0005289428665784971
republican_13,0.0005270864266130723
committee_7,0.0005260275782393589
council_15,0.0005256945659832088
fine_12,0.0005244624009639577
stock_market_2,0.000523956626573864
college_2,0.0005232353878679896
companies_10,0.0005230328887569178
world_1,0.0005223149755742996
secretary_18,0.0005212821922424425
health_14,0.000521179184230915
color_16,0.000520561508283824
economic_2,0.0005196763399915054
election_1,0.0005187657144121295
financial_13,0.0005182060556516646
community_9,0.0005177481316938333
services_7,0.0005177367331720529
environment_8,0.0005175483457209939
election_11,0.0005173177393508528
carolina_2,0.0005162303763240322
industry_10,0.0005161678237896586
blacklist_2,0.0005150861068304319
union_15,0.0005149372427738131
marketing_18,0.0005141450218767339
police_20,0.0005136329590679487
washington_9,0.0005135008034410129
garden_13,0.000513371824708718
massachusetts_2,0.0005126233973028045
union_3,0.0005125752231170658
health_5,0.0005124844675767837
carolina_6,0.0005121467139076121
governor_13,0.0005119213745312871
nasdaq_20,0.000511304699065717
corporation_17,0.0005110293282103339
house_4,0.0005109867377179858
garden_18,0.0005108680219289912
war_13,0.0005107621504162211
crash_20,0.0005106491991098747
development_10,0.0005104504360614944
food_20,0.0005098800302407497
growth_19,0.0005080370338161755
crash_14,0.0005076304259214908
virginia_17,0.0005063648871499413
office_2,0.0005050395057608766
corporation_9,0.0005039311491700252
georgia_14,0.0005030391629994892
county_11,0.0005029676294763726
investment_17,0.0005027623177242867
business_13,0.0005016847193497345
democratic_3,0.0004980470307445791
market_1,0.0004978729326453223
freedom_18,0.0004976625292604399
society_3,0.0004976560344726007
law_14,0.0004975096701328238
train_10,0.000497104454245242
stats_9,0.0004964103785214958
home_14,0.0004963057009277856
william_8,0.0004955622408712159
hedge_19,0.000495229687456673
crash_9,0.0004950701347846479
cash_15,0.0004942818031292687
senate_16,0.0004942182794502542
bonds_17,0.0004940046410650405
kitchen_9,0.0004939484791775969
world_5,0.0004939102251511578
election_12,0.0004930872813988481
stats_8,0.0004926229868120876
police_10,0.0004924234421803223
market_10,0.0004921406705826019
kentucky_20,0.000491690015132499
democratic_19,0.0004914535884640216
ring_19,0.0004912205130640085
court_16,0.0004900519073673115
car_10,0.0004897051436408243
law_15,0.000489329312618286
fed_4,0.0004889279587431776
district_13,0.0004888459928132854
kentucky_2,0.0004888074012374584
development_12,0.0004886249995571609
ltd_13,0.00048794139431809677
home_13,0.000487270121834993
opportunity_2,0.0004863542225060709
garden_6,0.00048604337518671055
gold_14,0.0004847990687880039
world_14,0.00048459426259775217
county_14,0.0004842976690707953
bonds_13,0.00048366661180192726
bank_14,0.00048361464201404766
county_13,0.00048355833445196643
labor_6,0.00048334187359947215
illinois_16,0.00048307108063489287
fed_15,0.00048306812148734033
earnings_18,0.0004827741712335826
products_2,0.00048274792731487577
service_8,0.00048196433355060167
republican_14,0.0004811416700571277
culture_20,0.000480854684040584
court_14,0.00048078219574830604
cancer_17,0.0004799884623861919
police_8,0.00047982637498431995
color_3,0.0004797080859186327
car_1,0.0004788714328103325
case_3,0.0004786019680052372
cancer_14,0.00047745700987022257
election_13,0.0004765852357066709
sell_17,0.0004758609717782871
tennessee_17,0.00047584294453819503
georgia_15,0.0004748550542187613
home_2,0.00047478905644369177
nasdaq_4,0.00047465836004263165
happy_19,0.0004739600460354834
return_19,0.00047372546487448096
ltd_8,0.0004722355348000256
court_7,0.0004722042439534993
health_17,0.00047163490444544434
elections_7,0.0004712896792951775
massachusetts_9,0.00047109300354513777
york_8,0.00047092985054194767
profit_6,0.000470862414550751
county_12,0.0004704998982521169
health_1,0.00047013522454208067
stocks_18,0.00047012948964887354
case_2,0.0004693786293074264
investment_1,0.0004693691735769464
house_20,0.00046932366945675176
money_7,0.0004691483669239477
war_4,0.00046897920503393017
economics_18,0.0004689581184628863
county_5,0.0004678784514904111
elections_13,0.0004670445700667998
secretary_5,0.0004662775831278422
food_16,0.00046603355949771067
rich_4,0.0004659315099583098
revenue_13,0.0004654981940298001
train_16,0.000465409733457117
crisis_10,0.0004652440443493778
project_19,0.0004649856631339374
georgia_19,0.0004642807045230542
revenue_20,0.00046380657487549474
stats_15,0.0004612903838618737
religion_7,0.0004609838791222708
social_19,0.0004603773021199378
financial_9,0.00045933482236268917
DOW_JONES_7,0.0004588202123446245
bank_6,0.0004587437064221548
office_8,0.0004587338611377289
happy_11,0.0004582387187606987
default_10,0.0004582367968291956
global_6,0.0004580753124476093
garden_12,0.0004577530587247212
william_7,0.0004567780488744426
profit_19,0.00045640604962384336
federal_17,0.00045622994412279757
energy_19,0.0004561258236307319
economic_4,0.0004559638620367996
food_7,0.00045522460542318224
law_10,0.0004551214978412914
garden_15,0.0004528217510233655
ring_14,0.00045265930684366864
buy_10,0.0004522513617186291
services_1,0.00045194625613760586
home_3,0.00045156622718857577
finance_5,0.00045124567086794433
religion_16,0.0004510895361134005
governor_10,0.0004498317927036902
conflict_16,0.0004496098048320223
bank_16,0.00044801530864627766
crisis_18,0.00044710163478633964
services_17,0.00044708805202963006
movie_16,0.0004462038272587969
health_6,0.0004455559214048848
money_14,0.0004449280313355197
york_18,0.0004445751432800321
house_3,0.0004444715633772715
wisconsin_20,0.00044337829884491184
DOW_JONES_10,0.0004430297178835453
happy_3,0.0004421862533715184
texas_3,0.00044186140981726757
management_19,0.00044170639623403835
college_10,0.000441383175925425
revenue_17,0.00044067885285583447
cash_14,0.0004401153392526892
carolina_14,0.00044010595498108655
gold_5,0.0004400361837184316
nyse_12,0.00043922534537356835
ohio_3,0.00043885778445709473
returns_3,0.0004366787956197541
inc_18,0.00043536464835164173
ohio_13,0.0004343723682279333
oil_8,0.00043421421901667273
economics_6,0.00043406372801893696
bank_20,0.00043390854651229456
growth_20,0.0004328549318643218
dow_jones_1,0.0004307976791191312
kentucky_18,0.00043067739740002735
secretary_15,0.00043022918649910687
health_13,0.0004301599778589855
inc_7,0.00042938318351521716
housing_7,0.0004284695097311253
food_2,0.00042791714846105865
illinois_17,0.00042704580204078635
arts_1,0.00042682128508442566
governor_3,0.0004265454034170792
movie_1,0.00042633505950931964
sell_10,0.0004261422358112769
legal_16,0.00042568937408354304
movie_6,0.0004252366603949985
kentucky_5,0.00042519122225822176
police_14,0.00042490919137008396
inc_17,0.0004245621647325145
market_4,0.0004243262500672946
religion_18,0.0004239154189500544
revenue_6,0.0004232635990666052
housing_1,0.0004229882901029419
war_11,0.0004221485732322533
york_15,0.000422125396819329
food_3,0.00042201021429485666
community_12,0.0004210423365569258
law_20,0.00042097580127058577
president_17,0.00042089594028359465
arts_16,0.00041969433658931135
marketing_10,0.0004191808363114329
members_20,0.000419164272967814
ohio_18,0.000418779581895038
return_4,0.0004184879004107701
voters_9,0.0004177380718064428
markets_2,0.0004169442507603502
technology_13,0.0004167979705848332
bank_12,0.0004165571086807445
missouri_11,0.0004160690118580466
car_18,0.0004156435232569594
earnings_12,0.0004153090184335785
hedge_6,0.00041519089136826947
buy_3,0.0004150148934324255
district_12,0.0004146094906964714
profit_1,0.0004143269468809722
sell_4,0.00041416015746032506
finance_12,0.0004141307803280494
kitchen_13,0.00041317455991379777
development_6,0.00041300463721436956
political_15,0.00041275111781093575
development_9,0.0004119568018302985
global_5,0.0004117625279193381
political_11,0.0004116436592294105
business_20,0.00041162281886990466
texas_4,0.00041153583835613206
case_14,0.00041148675170134085
washington_10,0.0004113295935344426
world_15,0.0004099647790795024
seats_9,0.00040946741935708487
members_14,0.0004075883404166672
ring_12,0.000407506767325017
votes_8,0.00040668738962650297
culture_10,0.0004058276179660986
buy_1,0.0004051460764313252
gains_13,0.0004051069322955192
health_20,0.0004049305699640013
present_11,0.00040471378878049883
college_5,0.0004045764163512749
return_1,0.00040414279586907384
energy_4,0.0004040161956019602
money_15,0.0004039627145787911
stocks_19,0.0004039384997870481
missouri_4,0.00040347120624638393
war_1,0.00040346388403025076
world_19,0.00040326850413656423
project_13,0.0004032669071685869
holiday_4,0.00040308274833826833
judge_8,0.00040246908769634256
union_7,0.0004024248930574677
kitchen_11,0.00040234160835158776
georgia_20,0.00040210357912777857
freedom_17,0.00040200003699865367
service_11,0.00040100595066057783
york_3,0.00039946937581767164
inc_13,0.0003987687545377946
market_2,0.0003987259928776071
economy_10,0.00039812903983247797
republican_1,0.0003979776349092394
world_7,0.000397968276245541
million_3,0.00039773939206134187
war_16,0.00039729240248555036
development_8,0.0003959809721545966
gains_20,0.0003957989027507934
war_14,0.0003953138961432866
bank_8,0.0003950602743726239
court_9,0.00039474918136132473
economics_10,0.00039446539395593166
corporation_14,0.0003942649369948163
home_19,0.0003940129711389972
water_19,0.0003935923293598738
food_8,0.00039339686455307964
government_7,0.00039310691613909287
health_3,0.00039296258314211626
financial_10,0.0003928191830733295
color_6,0.00039232973042474783
growth_5,0.00039225464588344837
economy_19,0.00039175783271178376
food_18,0.0003917328124329722
business_17,0.0003916318691042041
kitchen_20,0.00039159412415073363
return_16,0.00039159115429115515
inc_10,0.00039030873644080565
cancer_8,0.00039013240640881834
house_19,0.0003899687965588565
stats_6,0.0003898805111265876
stats_12,0.000389635255970428
management_9,0.00038917805223384735
companies_2,0.0003888984980049647
police_11,0.00038872359788938665
washington_15,0.0003880628453419335
members_9,0.00038804077795325214
union_14,0.00038725581604825754
william_16,0.000387037646606037
justice_6,0.00038624126398529863
bonds_11,0.00038529293651650575
global_13,0.0003844281168604635
buy_12,0.00038441135395968684
business_2,0.0003841950070756712
invest_7,0.0003836823488968725
washington_1,0.00038336421263394216
democratic_8,0.0003828239051185864
ohio_2,0.0003823564699258899
unemployment_8,0.00038204703758020896
inc_6,0.0003814597249295044
restaurant_15,0.0003813933863327102
development_18,0.00038133378488251437
kentucky_8,0.000381110301740796
project_18,0.0003807534174900579
judge_14,0.0003798690265761476
blacklist_16,0.0003794664527366268
party_9,0.0003779739335533574
rich_16,0.00037751413476696914
earnings_19,0.00037747392530624045
unemployment_2,0.0003771092039630961
minister_10,0.00037691845401170975
washington_16,0.0003766134561276663
stocks_16,0.00037647613567025936
happy_15,0.00037624565749697883
media_4,0.00037610970753415015
house_16,0.00037505808251370377
home_15,0.0003749867291587989
college_13,0.00037482509023148636
federal_1,0.00037433583633129887
bubble_5,0.00037406987997065275
global_14,0.0003739108090481349
water_17,0.0003733314282690305
cancer_3,0.0003732838685966507
law_1,0.00037323066841142116
color_2,0.0003726230979559911
culture_11,0.00037261010100780666
county_20,0.0003722179791448538
court_17,0.00037179116945026296
earnings_13,0.00037081418117026164
financial_17,0.0003705733907729233
gold_13,0.0003700544945802868
arts_7,0.0003689269770363815
house_7,0.00036885280272816386
profit_8,0.0003687140224789218
act_18,0.0003684498456672615
house_6,0.0003684190139777207
police_3,0.00036818413276557053
bubble_3,0.0003679002264291876
car_7,0.00036773446103802686
buy_8,0.00036772488395270535
bank_1,0.00036731101597195135
wisconsin_11,0.0003672947283857303
portfolio_12,0.00036646891005641787
markets_9,0.0003661208514413141
rich_10,0.0003658007869113262
fed_10,0.0003657476140813323
project_4,0.00036553500340018194
college_7,0.0003653695255355257
york_4,0.0003651791194440364
judge_18,0.0003651439924235699
election_17,0.0003642705438231868
water_6,0.0003639762369841103
management_15,0.0003639577957083369
legal_10,0.00036386093925590876
ohio_20,0.0003638530722400468
car_16,0.0003631202358610195
cancer_9,0.0003630785668244945
governor_16,0.00036305009893478936
house_8,0.0003630384914165355
financial_7,0.00036296104891160656
ltd_11,0.0003627154689997321
happy_20,0.00036270751113737796
movie_7,0.00036190824192121714
loss_11,0.00036079646237572406
travel_3,0.0003607052852035672
tennessee_20,0.0003602396963514501
metals_13,0.00036008754278824993
world_18,0.00035985723297022346
ohio_15,0.0003598019884448313
political_16,0.0003595430004780464
hedge_9,0.00035942403122570654
DOW_JONES_5,0.0003584166105859384
republican_4,0.00035788313914417185
case_12,0.00035778243398886813
bubble_15,0.0003575119660302897
restaurant_3,0.0003575106460776868
law_12,0.0003573326696141486
senate_14,0.00035719254430852663
companies_15,0.0003571334735312212
blacklist_3,0.00035712485720658653
happy_1,0.0003571007371891621
trader_11,0.00035702814975586413
sell_15,0.00035642532032395617
oil_11,0.00035629565522916814
virginia_16,0.0003562388784266007
seats_20,0.00035617258335197174
wisconsin_3,0.0003561568181070002
republican_12,0.00035551475850736035
banking_14,0.00035546099400949954
crash_5,0.00035537914952252274
oil_10,0.0003548812273464301
fine_13,0.0003544733304540396
washington_18,0.000354397190312856
kitchen_16,0.00035416283658649137
ohio_9,0.0003540915972276829
return_7,0.000353872332529491
illinois_1,0.0003533813787315535
tennessee_1,0.00035308432109779325
social_17,0.0003527180927869884
holiday_17,0.00035257863132626344
democratic_10,0.0003516852244435105
travel_4,0.00035148707737082924
corporation_5,0.0003514526394034747
gain_20,0.00035087481721054217
william_10,0.0003504508827174386
services_3,0.0003502078032897422
virginia_20,0.0003500496551743196
credit_3,0.0003493042307200015
service_14,0.000349053803370547
food_9,0.000349029038076448
products_11,0.0003488262613639382
texas_14,0.0003488205581089517
dow_jones_6,0.0003487385121592808
opportunity_14,0.00034872758690020683
stock_market_14,0.0003482991544466806
democratic_20,0.0003480660304038815
water_3,0.00034785977599147545
bank_19,0.00034755337435060565
wisconsin_7,0.00034753126040150704
business_6,0.00034747148575515986
stocks_4,0.0003474204687307181
profit_11,0.0003473000367101558
law_11,0.00034726759417389754
elections_9,0.00034710081264688
economics_12,0.0003467333889894416
party_14,0.00034620635619141143
war_3,0.00034611214920328843
members_12,0.0003460524100448695
bonds_14,0.0003460245967870081
growth_18,0.0003456505982051357
federal_2,0.00034484152557133816
cash_3,0.000344629663802412
train_11,0.000344516848720848
justice_19,0.00034424879318476804
war_2,0.0003436010481487763
district_8,0.00034313875146596985
politics_17,0.00034296149832022696
dow_jones_11,0.00034284801823978596
legal_2,0.00034249596554842984
act_6,0.0003420899161439085
loss_9,0.0003418966001227586
court_10,0.00034168149827048253
economics_1,0.00034150545147952204
DOW_JONES_15,0.00034142170526247
financial_15,0.0003413002781670016
representatives_1,0.0003412737510839127
sell_3,0.00034065641408496684
restaurant_18,0.00034061869960838484
economy_8,0.0003402853807414469
development_1,0.0003395974031002938
wisconsin_12,0.0003394225427735797
act_8,0.00033940176262847504
politics_12,0.0003388258959629898
justice_9,0.00033784626013384387
returns_5,0.00033784337877486564
movie_19,0.00033781922152691096
elections_8,0.00033771423560447156
culture_8,0.0003375575248264964
car_8,0.00033736705099589586
tennessee_13,0.0003372105315221362
fun_9,0.00033670717612582454
return_10,0.00033633616860184886
holiday_13,0.0003360976936288336
members_1,0.0003359632645228529
investment_20,0.0003357490207859845
corporation_18,0.0003355349053313483
york_11,0.00033536561009982
movie_10,0.00033519738004707657
social_20,0.0003351776542469713
gains_17,0.00033499032896793223
law_18,0.00033451151315888286
bank_9,0.00033435349485784916
college_16,0.00033428795591009436
DOW_JONES_18,0.0003342781969300542
war_18,0.0003340069248587044
service_15,0.0003335994033045501
returns_13,0.00033339681122710125
markets_11,0.0003331981696043396
justice_12,0.0003331957242344445
labor_17,0.0003331494739751587
rights_9,0.0003328751736533432
case_11,0.00033263466488856077
services_14,0.0003321653804059701
judge_16,0.000331730916824038
growth_16,0.000331645110234916
carolina_9,0.0003311564600669263
wisconsin_6,0.0003306332832965082
world_17,0.00033050448746306695
college_14,0.0003301472603561176
secretary_9,0.0003296137536919943
world_16,0.00032946933521763754
world_6,0.0003293831006157263
political_1,0.00032846346283852535
industry_6,0.00032806167095768475
committee_17,0.0003278305229593014
global_8,0.00032782755437432557
tourism_20,0.0003278124188973835
project_15,0.0003276441543454171
political_13,0.0003272954157021616
police_4,0.00032658896163627164
culture_15,0.0003263419921361246
restaurant_17,0.0003263034282243787
movie_20,0.00032616687664605893
market_19,0.00032608976004136914
seats_12,0.00032601495416526407
judge_10,0.0003252511850547602
ceo_9,0.00032496416943392936
economic_6,0.0003247020401477852
success_20,0.0003242630222119337
labor_8,0.0003240321071369475
virginia_4,0.0003238817183780462
inc_20,0.00032383501117665565
loss_12,0.00032370617868915326
county_16,0.00032336333345954894
texas_18,0.0003233625495422204
returns_14,0.00032330096006671975
missouri_13,0.0003232149152118013
movie_12,0.0003224752951508875
election_18,0.0003223859458253456
federal_19,0.00032187193736875016
ceo_6,0.00032184511125592
college_6,0.00032178874671336024
profit_13,0.00032155381075943775
legal_12,0.00032131652529457345
ltd_9,0.0003208957694668382
members_11,0.00032086737917784723
justice_11,0.00032053967404245065
environment_18,0.0003205371137396001
risk_5,0.0003200862413668764
service_10,0.0003199955401351761
cancer_20,0.000319932043765328
justice_18,0.0003197136419840036
election_6,0.00031938740289295443
democratic_5,0.00031928859088667204
garden_1,0.00031900588641421875
dividend_18,0.0003188023020314504
marketing_13,0.0003183185760650181
washington_17,0.0003181173517792819
technology_11,0.0003180846834252903
fun_12,0.0003179057263893543
college_18,0.0003178561837393435
environment_19,0.00031743364457858164
management_16,0.00031729417131817647
freedom_2,0.000317260065012693
office_17,0.0003171732155125104
crash_19,0.00031705463463081366
media_15,0.0003168297744161793
gain_9,0.00031671537583799573
business_1,0.00031658203686222566
market_9,0.0003163790077317661
garden_17,0.0003160977212628071
society_12,0.00031573980930974633
corporation_10,0.00031547166644677163
marketing_2,0.0003153597820664936
election_19,0.0003153571542215362
companies_19,0.0003153467859993243
energy_6,0.00031526411802660037
conflict_15,0.00031517341103652147
metals_12,0.00031490708077555536
arts_10,0.00031477596036322237
management_12,0.00031457416277435354
global_11,0.0003145050587526819
cancer_12,0.0003143775919676089
development_3,0.0003137286395722342
georgia_17,0.00031320565640753834
services_9,0.0003129402518693053
products_10,0.00031275398208731195
governor_4,0.0003126208891529397
holiday_6,0.000312236865895594
unemployment_14,0.000312042594817798
elections_5,0.0003115397374178225
unemployment_4,0.000311534433213329
buy_7,0.0003115257365896649
marketing_4,0.0003113589996031371
security_10,0.0003109770424053622
fed_14,0.00031079588078554736
restaurant_9,0.0003104392679402445
society_13,0.00031034911252722643
politics_8,0.00031029890251219565
oil_4,0.0003102786209838397
garden_16,0.00030995398515189525
county_2,0.0003099101849301416
marketing_12,0.00030982598224382806
bubble_17,0.0003095878381886681
development_2,0.0003095276585721873
district_18,0.00030931944410276434
media_17,0.00030901359495170863
ring_15,0.00030861802822954314
energy_18,0.0003085141721198093
texas_6,0.00030729326158617415
markets_7,0.0003071389990638572
bank_11,0.0003066522376229552
economy_13,0.0003066155987823822
conflict_3,0.00030653344213893836
movie_5,0.0003064430591641252
arts_17,0.0003064349447744827
kitchen_2,0.0003062140970258808
government_20,0.0003057452357874571
senate_19,0.0003056398523518399
credit_8,0.00030555470807929445
kitchen_12,0.00030549078875780907
health_11,0.00030510439567494837
senate_13,0.0003048212680335903
economics_9,0.0003045902749894373
police_13,0.00030448922479217567
office_14,0.0003039756199110092
war_10,0.0003035802708327716
house_17,0.00030304713279067085
members_2,0.00030288301547406896
dividend_16,0.00030285601282284283
party_10,0.0003027720827243481
financial_5,0.0003027300380036478
governor_17,0.0003025799066807144
DOW_JONES_17,0.00030237270268284537
finance_1,0.000302351600640024
oil_17,0.0003022013383776299
restaurant_1,0.00030207960940371555
college_19,0.0003020588886783813
stats_14,0.0003019295229850622
governor_8,0.00030173650622307896
freedom_7,0.00030142873532547403
college_3,0.00030132888321780695
community_13,0.00030129995404631535
pennsylvania_10,0.0003012725399439985
ring_8,0.00030080849678107365
markets_16,0.0003005027228306382
banking_2,0.0003003873183638277
risk_15,0.0003003489229182764
gold_18,0.00030034353878187156
union_20,0.00030003358461934724
fun_11,0.0003000315294242497
virginia_7,0.0002997147888328562
democratic_14,0.00029963615982895307
crisis_4,0.00029956662795207686
culture_18,0.0002994565647509689
opportunity_18,0.0002993241736865687
society_5,0.0002990477204569207
security_2,0.00029833655530228724
money_13,0.00029813708884814783
present_16,0.00029794283819435733
fun_8,0.0002972270164246742
service_5,0.00029721456945848684
debt_11,0.00029702597348875843
business_16,0.0002970200407068606
markets_14,0.0002969613396043071
inc_9,0.0002968825099838668
market_8,0.000296711098716795
election_15,0.0002966794590426514
rich_12,0.00029646182373397836
community_8,0.00029627204115239257
elections_20,0.0002960613890907536
chance_13,0.00029593916682984145
marketing_19,0.0002959062348480808
texas_10,0.0002958920528410602
development_20,0.00029575818220099965
senate_6,0.00029575473965680256
office_18,0.00029561330009473565
kentucky_10,0.0002955015202081314
movie_3,0.0002952984650231485
war_8,0.00029511719813452806
party_20,0.00029504788782041305
trader_16,0.00029484091806925787
minister_7,0.00029479649740509216
present_3,0.00029464794187922564
buy_16,0.0002942219772769169
products_1,0.0002938910285967061
election_20,0.0002938895638937152
fed_1,0.00029374125965766633
members_7,0.00029359704428424336
trader_3,0.00029344104843083044
district_2,0.0002934230420299392
economics_15,0.0002934153521191609
loss_20,0.00029330245072021165
case_19,0.0002932994962573546
community_14,0.00029311391611402363
home_10,0.0002931032803593934
project_14,0.00029309782522404137
profit_12,0.0002928055827209049
train_7,0.0002927954175944807
kentucky_9,0.0002926056861593022
county_10,0.00029256793950678864
water_2,0.0002920458217633817
world_10,0.0002918403648915995
revenue_2,0.00029160773882705584
money_6,0.00029146206323669885
gold_9,0.0002913082595434483
office_15,0.00029073150673000455
service_7,0.0002901586025140101
revenue_14,0.0002900852890837633
community_1,0.00028996797164492513
water_13,0.00028985395592173914
government_4,0.0002892049461975885
water_7,0.00028918404130451645
conflict_7,0.00028897249234612564
million_15,0.00028897190643656763
judge_7,0.00028731777131174395
sell_7,0.0002872724828375091
unemployment_15,0.00028722220875814343
district_4,0.0002871124929682437
votes_15,0.00028710331409710323
crash_4,0.00028696408223876534
home_8,0.0002869066601623724
tennessee_9,0.00028661230328791323
growth_7,0.0002863288986256512
district_3,0.0002863012023559304
district_17,0.0002861106102932791
illinois_18,0.0002860949790450809
inc_12,0.00028607177239274687
religion_3,0.0002859816086475357
texas_16,0.00028577154229006337
million_19,0.0002856648391886775
party_18,0.00028563789987619704
fun_20,0.00028542821844998
marriage_2,0.0002854216605288705
inc_1,0.0002853597926315786
restaurant_11,0.00028514629862631065
market_15,0.00028500657195521174
gold_17,0.0002849216154090129
car_11,0.00028445149671151216
crash_16,0.00028429788070791
blacklist_15,0.0002842891190383847
restaurant_4,0.0002841912763599557
food_14,0.0002841184493533135
home_20,0.0002839349009881948
county_18,0.0002836138014527259
companies_5,0.00028345715643813223
wisconsin_17,0.0002833378441312657
act_16,0.00028312985978173536
stats_16,0.00028309680258483175
world_3,0.0002829299445300986
blacklist_10,0.0002827592999765232
government_19,0.0002826643570167187
president_16,0.000282617273181004
restaurant_16,0.00028253470196535794
media_9,0.00028239746178524707
crash_8,0.0002823509085972796
water_20,0.0002820476929366489
car_5,0.00028176355046479883
arts_8,0.0002813292931429747
opportunity_15,0.0002810177636169002
law_16,0.00028089961592728697
washington_13,0.0002807187049059733
college_11,0.00028064179869109816
ceo_13,0.000280542344822219
community_7,0.00028039894202308894
market_16,0.00028037461449166275
union_19,0.00028031939550887956
gold_11,0.0002800393781127104
buy_4,0.0002799102130830956
management_13,0.00027966983798422083
global_4,0.0002795707593623984
marriage_13,0.00027949170877039127
success_6,0.00027911879567401845
secretary_3,0.00027896604809058936
present_2,0.0002789619360515803
bubble_11,0.0002788857179026747
rights_2,0.00027882920109341804
industry_5,0.00027869286039588256
present_17,0.0002786775088085024
union_6,0.00027854913600614456
products_16,0.00027826842322711766
court_18,0.00027819318869391307
court_1,0.0002781127373334293
cancer_13,0.0002780765211834667
crash_12,0.00027803170695363407
labor_1,0.00027781363446464414
union_4,0.0002777974665509011
blacklist_13,0.00027771064910755164
stock_market_13,0.0002777003712739524
district_14,0.00027766533829329905
project_10,0.0002775495591301912
illinois_7,0.0002771583431718297
credit_6,0.00027693318048141317
government_13,0.0002769179225551271
color_9,0.0002767661657927462
carolina_13,0.00027674802554074676
illinois_4,0.00027636092357423046
million_10,0.0002763057770381787
cancer_4,0.0002762577194482856
train_18,0.0002760089991585166
energy_13,0.0002758232228189809
services_11,0.00027555134113436426
votes_3,0.00027537364609749905
happy_5,0.00027523472631595195
house_9,0.00027504605838543693
market_12,0.0002749196257137194
york_20,0.0002747786915612352
markets_6,0.00027461805971027955
investment_8,0.00027450022490139363
media_13,0.0002743758531867014
movie_9,0.0002740235856178373
economics_16,0.0002740217403944659
housing_6,0.00027380648759519754
train_9,0.00027373647124152997
fun_5,0.00027361300744646757
judge_2,0.0002735547703807104
products_17,0.00027327602430077974
restaurant_5,0.00027324136229706016
train_6,0.00027320960886546966
energy_7,0.0002729089043301027
train_12,0.0002728253114086084
inc_16,0.00027269782278269855
marketing_11,0.0002725062293697892
ring_7,0.0002721378700903587
rights_1,0.0002721129883659349
travel_5,0.0002720412579968024
unemployment_17,0.0002720085131196678
car_6,0.00027200806348485774
economic_13,0.00027199134602005334
stocks_17,0.0002719301235885014
elected_18,0.00027192083848732117
water_4,0.0002719066032253574
banking_6,0.0002717326154660866
bonds_5,0.00027167280131556803
housing_13,0.0002716228834457424
massachusetts_11,0.00027137190076223207
act_9,0.0002712552338379783
car_19,0.0002707767347294107
federal_16,0.000270623232375282
business_19,0.00027016476358321574
returns_1,0.00027007835693279407
crash_10,0.00026993140086023574
house_15,0.0002698115964057346
credit_19,0.00026964644337283797
car_3,0.00026963893345919486
business_12,0.00026961680576065804
color_7,0.0002694728228955087
legal_20,0.00026917129366582214
government_11,0.0002688357741109592
social_10,0.00026880034953707786
fine_16,0.00026857132343626627
trader_13,0.00026856716499802733
unemployment_11,0.0002684774788628703
carolina_16,0.00026844579498789075
blacklist_19,0.0002684082139832302
corporation_19,0.00026799927846532013
ltd_7,0.0002678976415657917
society_19,0.0002677025046314855
train_20,0.00026765818814827207
color_10,0.00026753455606440924
legal_5,0.00026728366583216067
justice_5,0.00026711046000687947
voters_2,0.0002668185284660939
ohio_12,0.0002667633724837196
bonds_16,0.00026651824169768637
washington_6,0.00026630147700710134
trader_9,0.0002661746019070079
ring_11,0.0002660691152666048
holiday_3,0.00026596646523310656
services_10,0.00026585190654453903
credit_4,0.00026483397995534014
banking_5,0.0002647111593843484
ltd_6,0.0002645654728248024
federal_4,0.0002645185762711704
office_3,0.0002644847705713906
elections_6,0.0002643049484183068
ohio_7,0.0002641776619906345
environment_9,0.00026411856500172334
nasdaq_17,0.00026411552401818007
movie_18,0.00026399700720482
growth_2,0.0002638119036394032
returns_4,0.0002637581249639778
services_2,0.00026344831093714637
york_5,0.00026320265901224953
DOW_JONES_11,0.00026317265910616287
happy_13,0.00026316583245494194
credit_20,0.00026313622621219467
trader_17,0.00026295882216656957
trader_6,0.00026256008125278315
community_6,0.00026234615877199533
tennessee_6,0.0002622218054126974
blacklist_14,0.00026215104696728007
case_1,0.000262129730576153
economics_2,0.0002620195495908561
success_8,0.000261488599194464
industry_15,0.00026134827972922595
returns_8,0.00026080640939506937
office_1,0.0002607688498460576
oil_18,0.0002605217354026074
housing_12,0.00026036313434903976
bubble_1,0.000260155447451105
food_4,0.0002599632157435579
minister_1,0.00025952105344842534
nyse_8,0.0002595090571492311
legal_4,0.000259190598530233
act_13,0.00025904247834588115
office_5,0.0002588833502751532
portfolio_8,0.00025888139678633933
DOW_JONES_14,0.00025874139654963644
ring_13,0.00025845995901175336
loss_13,0.000258387002978218
stocks_12,0.0002583056982754209
trader_20,0.0002582590840337583
market_13,0.00025797187501928214
social_12,0.0002576824017228977
fun_1,0.00025765752997062875
investment_16,0.00025764239277547034
office_19,0.0002574566517118358
founded_2,0.00025711108561926556
county_7,0.00025698637263822644
house_1,0.00025698119035769655
illinois_5,0.0002568551067134968
society_18,0.0002566339861253323
companies_11,0.0002565576584489787
products_6,0.00025639712325029686
gain_3,0.0002563668062469897
votes_17,0.0002562353580339694
train_14,0.0002561424585314836
garden_8,0.00025612778399992383
earnings_3,0.0002560926790540038
fine_2,0.00025606963251646194
color_12,0.0002557090352372872
judge_3,0.0002555815212898469
dow_jones_15,0.0002555094846953013
judge_1,0.00025549260528282203
crisis_1,0.0002546662328007069
inc_5,0.000254346534342953
restaurant_10,0.00025423071896967073
religion_5,0.00025416902339222587
government_6,0.00025406063192052
oil_14,0.0002537217453317421
revenue_8,0.00025371178677429583
inc_19,0.00025364892577261323
financial_18,0.0002534185906732831
media_12,0.00025305071625033454
illinois_12,0.0002529921909762427
georgia_4,0.0002529653517913967
freedom_11,0.00025272640205595005
culture_19,0.0002525638284311777
bank_3,0.000252452600674117
color_11,0.0002522687122454348
bubble_14,0.00025206896807784514
technology_19,0.0002520625679663044
products_8,0.0002520367343549646
water_1,0.0002518847284640485
water_9,0.000251872297344767
missouri_9,0.00025134795956590744
security_20,0.0002512445718204892
arts_5,0.0002509510828700663
profit_7,0.00025083418117844065
stock_market_1,0.000250718778364964
committee_20,0.00025062521423997746
finance_3,0.00025048610745093087
food_1,0.00025047433331407273
housing_5,0.0002503849953663695
illinois_8,0.00025026586519651497
tennessee_15,0.000250050905408042
service_3,0.000249998442171925
returns_11,0.0002499341376012434
success_1,0.0002498681131932197
chance_10,0.00024971480177249155
party_16,0.00024954356198987783
law_4,0.00024913922802758754
party_15,0.0002489617139030657
act_15,0.00024891902289232715
service_4,0.00024890491395608387
default_4,0.00024889037256629236
DOW_JONES_1,0.0002486523025385285
social_18,0.00024848506452768284
elections_15,0.00024848000777730726
present_20,0.00024846906118505954
success_16,0.00024829007967770467
arts_15,0.0002482327202646553
massachusetts_20,0.00024819369968291633
sell_8,0.0002481047202162062
security_19,0.0002473235882963303
credit_12,0.00024717965816486217
market_17,0.0002470173030386704
unemployment_13,0.00024698086107750834
texas_19,0.00024696831439631467
community_18,0.00024693063194580067
chance_2,0.00024687335986871804
carolina_11,0.00024666668173406724
arts_20,0.0002466639310904391
car_14,0.00024613662042912267
council_12,0.0002458945026261598
train_13,0.00024588897562869045
court_3,0.0002458190620284725
housing_15,0.0002454653003715231
social_13,0.0002452984208810244
train_4,0.00024512778044056557
inc_4,0.00024480392410843906
security_16,0.00024475373417250486
movement_17,0.00024470082778713933
oil_16,0.00024461576501769405
union_10,0.0002446094499893757
union_2,0.00024450059636497583
war_6,0.00024437763293330467
votes_5,0.00024418357567717
society_15,0.00024399871220433936
gold_15,0.00024389826525530957
party_2,0.00024372740550931133
return_12,0.00024354906365590801
project_12,0.0002435335631749187
founded_12,0.00024327024725041328
investment_6,0.00024298953811974702
marriage_20,0.00024294918781071908
missouri_12,0.00024283407493219596
bank_5,0.00024276512652514722
social_9,0.0002427550296288494
elections_14,0.00024235900813532568
restaurant_8,0.00024221182853826967
kitchen_5,0.00024193717349239752
crisis_14,0.0002418903687527401
virginia_15,0.0002417144186183617
william_2,0.00024171026124479228
nasdaq_16,0.00024114248686024468
election_3,0.00024105948856018345
conflict_18,0.00024094872215496844
republican_5,0.00024088610070683452
loss_10,0.00024088517164691118
georgia_16,0.00024081752123803632
union_8,0.00024071097670096646
conflict_13,0.00024042372099340468
restaurant_20,0.00024042311309473906
services_13,0.0002402066036735079
washington_20,0.00023996255585303456
investment_13,0.00023991704194547758
business_10,0.00023985391792779312
missouri_3,0.0002398315986792439
energy_11,0.0002396552350799573
dow_jones_14,0.00023947680734997016
buy_17,0.00023933897584753775
republican_10,0.00023930230676932334
buy_19,0.00023927165249677983
democratic_12,0.00023908138411523515
oil_5,0.00023906292454340473
holiday_12,0.00023901830521789303
oil_7,0.0002390102016526956
elections_17,0.00023883528019896127
committee_8,0.00023882266118343667
illinois_3,0.0002385803977963647
services_18,0.00023827710185789677
economics_17,0.00023823881237287252
county_6,0.00023815531864117642
management_10,0.00023806682515442837
ceo_19,0.00023793971663830238
gold_3,0.00023793925121962496
restaurant_13,0.0002377434194899079
texas_1,0.00023770187752834618
political_18,0.0002375149579319127
kitchen_4,0.00023746588046293335
society_9,0.00023742577609334384
return_8,0.00023740889952319737
credit_5,0.00023738207462517983
police_19,0.00023729721398996957
holiday_18,0.00023729326844678262
management_11,0.0002372530990771109
community_16,0.0002371986115313976
service_20,0.00023701043223338706
cancer_11,0.00023694139731814264
earnings_17,0.00023640671211567222
business_5,0.00023631965469415905
governor_5,0.0002359712751881527
products_19,0.00023595926208342383
economics_5,0.000235751337916172
minister_4,0.0002357045909091148
development_14,0.00023525469384148804
color_17,0.00023520803372722012
georgia_12,0.00023503432596012227
finance_2,0.00023499921767890366
credit_18,0.0002349726227445981
law_2,0.00023496773910941182
fine_3,0.00023477235264801616
invest_11,0.0002345044808009728
profit_9,0.00023445598466043422
business_18,0.00023428696929782665
committee_16,0.00023417391548016952
gain_13,0.00023415827539894615
ring_10,0.0002341474339328957
wisconsin_18,0.00023388960203573223
services_19,0.00023376975817732598
law_3,0.00023356992971928887
missouri_8,0.0002335311149849775
office_13,0.0002334602100640736
william_14,0.00023327786916919424
kitchen_19,0.00023313119382947607
metals_18,0.0002327253738578334
york_10,0.00023262321420710244
william_17,0.0002326127900204585
secretary_16,0.00023256264021939428
travel_1,0.0002324097359842981
stock_market_11,0.0002324015526309395
development_19,0.00023226367758613647
industry_12,0.00023210137853541665
chance_19,0.00023203135372404547
culture_6,0.00023199025775294345
crash_17,0.00023182806545569908
marketing_20,0.00023181794758231206
food_11,0.0002316187725741419
law_13,0.00023154924789332544
missouri_20,0.00023148967834921933
dow_jones_4,0.00023131565085327704
blacklist_6,0.0002313077248511525
energy_15,0.00023118326492187427
development_7,0.00023117981976023442
global_16,0.00023113234223146826
finance_6,0.00023109998568302778
financial_8,0.00023101622884461973
carolina_1,0.0002309384327780563
hedge_2,0.00023085256520229464
environment_1,0.0002308212075024849
crash_1,0.00023062526933193833
illinois_14,0.00023053555575083847
media_10,0.00023048896612960776
college_8,0.0002302343066104337
social_2,0.0002299701946960913
inc_2,0.0002299677707845897
cancer_7,0.00022996384620376143
stocks_2,0.00022972657311545478
finance_9,0.00022961529029034365
economy_14,0.0002295537501123732
train_3,0.0002293912934358
democratic_13,0.0002291472776944684
kitchen_3,0.00022895392913293707
court_20,0.00022878224163299467
risk_10,0.0002285948556522851
war_9,0.00022812681034225718
travel_13,0.00022797395580626957
stock_market_15,0.00022790432841951664
success_12,0.00022782644267199946
investment_4,0.00022781449247217246
party_19,0.0002276455481907329
present_15,0.00022756074227263525
marketing_15,0.00022734634255530648
senate_8,0.00022732006252274903
million_6,0.0002272594499648585
crash_2,0.0002272228371250404
dow_jones_12,0.00022721174585658082
office_10,0.00022717595804365068
cancer_1,0.00022716488592080606
virginia_2,0.00022707149896711285
rich_8,0.0002267608848304873
york_7,0.00022673250741628368
credit_14,0.00022672043000229405
products_20,0.00022668537050047247
financial_11,0.00022664133404208604
environment_17,0.0002266279573070815
trader_8,0.00022656557032842755
labor_7,0.00022649097097368056
world_4,0.00022648990479012983
risk_4,0.00022647441566731163
votes_4,0.0002264161707144261
investment_12,0.00022637723659080133
movie_17,0.00022633784482523872
case_16,0.00022632424445472369
court_8,0.00022632338969786543
gain_19,0.00022605004411554996
DOW_JONES_16,0.00022581837967156299
project_5,0.00022555616348097357
crash_15,0.00022539323959117982
security_5,0.00022529407818911777
court_12,0.00022506809483979125
illinois_20,0.0002250026836803911
holiday_10,0.00022490730863013335
election_7,0.0002248690594869768
food_6,0.00022479251900510118
travel_9,0.00022454184418168032
party_4,0.0002244953633506749
council_10,0.000224323025256986
county_3,0.00022413605312662403
environment_14,0.0002241302919417609
project_3,0.00022392929858412627
sell_9,0.0002237746136015271
media_19,0.0002237435689447165
seats_19,0.00022366314368850416
companies_16,0.00022318948690405488
inc_11,0.0002229102490227438
kentucky_16,0.00022282980040506855
cash_18,0.00022266772685188463
media_14,0.00022252188963743365
war_12,0.0002224818700639721
senate_10,0.0002224035527114333
management_3,0.00022233193755722406
profit_14,0.00022204658856581996
corporation_16,0.00022194175857494203
college_20,0.00022181179298360693
home_7,0.00022173423864383458
restaurant_12,0.00022142813827208082
carolina_15,0.00022123079827317745
stock_market_4,0.0002211682527531377
gold_2,0.00022110581229710009
revenue_5,0.00022101738087934678
marriage_11,0.0002206158260176666
technology_1,0.00022056047262462026
senate_18,0.00022049391357761768
world_11,0.00022038600021510277
car_4,0.00022036846852263993
missouri_10,0.00022032335150145058
dow_jones_13,0.00022019140028525937
economy_20,0.00022013273046988185
kitchen_10,0.0002199292675932105
chance_1,0.0002198310839097167
act_4,0.00021923713459667316
ring_9,0.00021884750299637948
media_5,0.00021882183928035226
earnings_14,0.0002186881706972665
conflict_9,0.0002183391096086916
energy_3,0.0002183164920272551
president_10,0.0002182152365968368
washington_14,0.00021815044135637003
energy_12,0.0002180437591230019
labor_15,0.0002179192321817883
debt_7,0.00021786663613424109
media_20,0.00021762186955712843
investment_3,0.00021752488078349532
political_10,0.00021724310426911843
housing_2,0.00021716670179683468
products_13,0.0002170536627978709
county_15,0.0002170375695035828
district_7,0.00021700197465186158
union_11,0.00021668824938327841
representatives_2,0.00021666366227989599
community_15,0.000216632852707835
senate_11,0.0002164505895357688
color_14,0.00021607708176151464
president_9,0.0002160233532337952
marketing_17,0.00021589654971332145
council_8,0.00021588928145454742
service_2,0.00021568603913155301
cash_4,0.00021564988563027568
crash_6,0.00021554222162498992
tennessee_18,0.00021539831888178605
present_10,0.00021532935623183735
trader_14,0.00021521582092352758
million_11,0.00021506634570185232
invest_17,0.00021496796653067157
earnings_11,0.0002148475243417384
revenue_10,0.0002148249619586519
law_6,0.00021454098061248882
health_7,0.00021423735161757668
trader_4,0.0002141339706901657
court_2,0.00021348840250339212
unemployment_1,0.0002134432149508651
college_12,0.00021325470498698352
gold_1,0.00021324508888136568
social_4,0.00021324122089700544
movement_20,0.00021309675992719587
stock_market_7,0.00021290874278306416
office_12,0.00021267168036004505
massachusetts_17,0.00021256203007241712
sell_19,0.0002124782692195991
party_7,0.00021242525150365988
york_17,0.00021235233644650376
cash_7,0.00021212205784205572
freedom_10,0.00021209991966818125
texas_8,0.0002116561987939267
car_9,0.0002114724457020755
money_3,0.00021143694645256686
economy_9,0.00021136459878713944
gold_4,0.00021134187698425272
travel_10,0.00021124254721203422
return_5,0.00021119942241831693
finance_4,0.00021116227390531985
happy_6,0.00021108098893028978
stats_19,0.0002110790025517283
million_7,0.00021104293390928936
virginia_5,0.00021098016776639397
housing_4,0.00021091215194477203
security_11,0.00021073370686084482
fun_16,0.00021070827782081176
party_12,0.00021070292001799397
freedom_20,0.0002106110100318073
office_6,0.00021051777468800148
rights_19,0.00021047518341720052
finance_17,0.00021046182274623334
religion_20,0.00021041144656003456
justice_17,0.0002101302655083537
ring_2,0.00021001261544583604
revenue_7,0.0002099651865868847
media_7,0.00020984969905859667
travel_14,0.0002098445558925863
washington_3,0.00020971008890113772
million_14,0.0002095511301735348
banking_12,0.00020951717660246368
money_16,0.00020945721913452424
markets_5,0.00020929353870896436
travel_19,0.00020895391240533618
committee_4,0.00020873074222709287
crisis_13,0.00020870734591629632
car_12,0.00020859068703255748
energy_9,0.0002084174654892408
firm_17,0.00020829708854963648
conflict_5,0.00020821402167373027
case_17,0.00020808568147760023
environment_6,0.00020774195099099068
served_7,0.0002076584783698443
president_8,0.0002076183541967089
william_6,0.0002072542633787877
metals_11,0.0002070082449025846
president_15,0.00020658746216762738
governor_19,0.0002063336902351837
kentucky_15,0.00020617914492307158
health_8,0.00020612585688606266
loss_6,0.00020598894784279443
kitchen_6,0.0002059745645268744
economy_11,0.0002059421660877112
washington_7,0.00020587313530652857
government_8,0.00020565771470592548
water_18,0.0002053941567333931
pennsylvania_11,0.00020536253117190125
stock_market_18,0.00020524173446395726
religion_2,0.00020522522308536424
kitchen_7,0.00020522488234362977
economics_3,0.00020517603793520739
management_6,0.0002051041711495941
development_11,0.00020483582784660095
return_6,0.00020466274742361103
culture_4,0.00020465618748615982
kentucky_13,0.00020462836045647
nyse_4,0.00020445000714843317
banking_18,0.00020436244571963823
service_1,0.00020418889503115773
bonds_9,0.0002041503307318931
judge_15,0.00020411844893900212
rich_2,0.0002040526344641122
stock_market_8,0.0002038827039420017
house_18,0.0002038570317507581
growth_10,0.00020372354536677924
development_16,0.00020367381187720216
war_15,0.00020365420585964067
oil_1,0.00020330092611643878
ceo_3,0.0002029066928841571
virginia_14,0.00020260123681650356
kitchen_14,0.00020254351134734805
secretary_10,0.0002024990559119889
technology_9,0.00020233371124351636
holiday_7,0.00020218948933851583
ring_6,0.00020215989297105305
default_7,0.00020212702235631848
garden_3,0.00020194616802072455
services_12,0.00020187542768274676
marriage_15,0.0002018752773601869
technology_10,0.00020182900969163402
conflict_8,0.0002017841178731423
management_2,0.00020152792753570437
loss_18,0.00020148054407904167
technology_16,0.00020138024699748792
metals_5,0.00020137429054959625
president_4,0.00020120147120716012
william_5,0.00020110392675326923
economic_15,0.00020105958631729285
arts_6,0.00020094585128857396
arts_13,0.0002008287340857871
republican_16,0.000200739570457314
media_18,0.00020065818217724423
finance_19,0.0002006398990562813
global_12,0.00020063641819980632
security_1,0.0002005755582781286
governor_9,0.00020044797162661787
holiday_16,0.000200401907536452
wisconsin_13,0.00020027396088367932
law_19,0.00020026845387186124
fun_14,0.00020008976248577276
finance_7,0.00019969964986537206
growth_6,0.00019965232064168741
management_5,0.00019951147536239504
debt_5,0.00019941367773642035
banking_9,0.00019940602630604692
secretary_13,0.00019926218196307145
case_15,0.00019900971138333683
default_12,0.00019869716531586247
blacklist_7,0.00019846660889395984
risk_12,0.00019818489585114862
happy_18,0.00019808628049939117
energy_20,0.0001980846315908979
dow_jones_8,0.00019802564185175876
water_11,0.0001979735312312266
ring_20,0.00019774520129372963
ring_5,0.00019718110352031948
garden_14,0.00019700294439686867
sell_6,0.0001967430412190141
growth_4,0.00019668288550883217
economy_17,0.00019660946698649257
georgia_9,0.0001962383467086468
unemployment_5,0.00019609700137134556
economic_18,0.00019607593741783835
money_18,0.00019605938121714962
washington_5,0.00019599694531784282
global_1,0.00019562734432059052
technology_7,0.00019538197728240464
bonds_7,0.00019529433592122168
security_9,0.00019518406429525412
york_14,0.0001951116069591564
sell_13,0.00019496987552284606
stocks_13,0.00019468485973531165
investment_14,0.00019447183183898988
marriage_7,0.00019445149171734452
development_15,0.0001940425303096932
massachusetts_15,0.0001939346737237292
texas_13,0.00019389250260640043
justice_7,0.0001937404855258633
corporation_20,0.0001937114827444609
members_18,0.00019366045574792325
food_12,0.00019352466346958752
texas_15,0.0001934121945851936
gold_8,0.00019311024389086491
ohio_8,0.00019304494207708983
profit_20,0.0001927447014278992
money_5,0.00019227474879390607
bank_13,0.0001922018743614277
virginia_9,0.0001921617898695621
gold_10,0.0001919275710432581
virginia_13,0.00019191378353726398
fun_18,0.0001918748417154258
million_2,0.0001917466686630146
travel_7,0.0001916822560007173
housing_9,0.00019162318303579892
corporation_1,0.0001911862942132109
york_1,0.00019109950786971364
community_3,0.00019083047618336012
texas_2,0.0001907715717623461
rich_20,0.0001906611141371272
economic_12,0.0001905929765930908
travel_8,0.00019046457395345936
services_20,0.00019044485959179567
members_10,0.0001900418970408908
house_2,0.00018981748516157568
texas_20,0.00018976123174361447
chance_8,0.00018942123729610052
bonds_12,0.0001892361223238675
social_6,0.00018902359317007493
illinois_10,0.0001890109561374141
conflict_4,0.00018893305381148732
profit_16,0.00018886287668633665
stock_market_10,0.0001884142550574376
ltd_4,0.00018835199627983572
firm_12,0.00018828578577587262
cash_16,0.0001882533525038056
votes_14,0.00018824856463103796
office_16,0.00018809871030151272
default_20,0.00018803024522305695
rights_12,0.00018798054514772443
cash_6,0.0001879473212255664
financial_1,0.00018785585837696265
sell_14,0.00018783347325482068
color_8,0.00018775675234418036
sell_18,0.00018772352192631832
illinois_13,0.00018749449946489955
marriage_12,0.00018747635296918996
marketing_14,0.0001874601078395868
security_18,0.00018739709373531352
financial_14,0.0001873645488530291
council_3,0.0001872415852532837
banking_7,0.00018711386721602724
party_8,0.00018699897778241115
legal_18,0.00018691519332230248
bubble_7,0.00018690930963621648
metals_2,0.0001866820516311729
energy_14,0.000186644891242242
blacklist_9,0.00018652448678373835
stats_17,0.0001863933968451336
portfolio_18,0.00018634124347544174
growth_14,0.00018627264561065277
economy_1,0.0001860455331447949
service_16,0.0001858531808346468
environment_5,0.00018583787655336147
tennessee_19,0.00018549915518613867
firm_10,0.0001854791051029171
tennessee_14,0.00018532036571431774
election_14,0.00018522950879323966
culture_5,0.00018518600374780746
travel_6,0.00018512350676628782
kitchen_15,0.00018510033689627357
portfolio_7,0.0001850311206797712
secretary_2,0.00018499066946234087
opportunity_12,0.0001846704595089101
social_16,0.00018445727822359508
york_9,0.00018424868609948777
political_17,0.00018418439368200458
texas_9,0.00018412240464740293
products_15,0.00018402382402294085
stock_market_6,0.0001839588358337772
senate_5,0.00018395883107578836
happy_12,0.0001839332087296876
ltd_1,0.00018383941070530984
law_8,0.00018378229089011485
marketing_9,0.0001837670842318277
judge_11,0.00018373089735485945
party_11,0.00018369013486552567
tennessee_8,0.00018342460457570792
republican_20,0.00018308252089966687
wisconsin_9,0.00018302762277425601
metals_6,0.00018293188831277344
district_20,0.00018290613663197856
georgia_10,0.0001826585032928099
york_6,0.0001825705548428024
environment_13,0.0001824803631170552
media_1,0.00018241916261624172
fine_19,0.000182301706112746
lifestyle_2,0.00018223003534645533
finance_8,0.00018218396846342123
elected_17,0.00018216735238779544
financial_2,0.00018215782758810518
markets_15,0.0001821497709230553
wisconsin_15,0.0001821100630223448
movement_18,0.00018200099478456007
dow_jones_3,0.00018195580236956256
technology_18,0.00018194786183862267
religion_9,0.00018191811589344392
union_18,0.00018132100208532718
war_19,0.00018131428169588582
business_3,0.0001812981542620435
religion_4,0.00018121744033356788
opportunity_4,0.0001811252647443764
buy_2,0.0001810627266894569
freedom_8,0.00018104957873774406
social_11,0.0001806427155591395
members_16,0.00018052035319593264
committee_2,0.0001804121862705577
secretary_7,0.00018030099367229686
firm_4,0.00018024624160125325
trader_5,0.00018001115856712088
stats_7,0.00017986697023489648
dividend_9,0.00017984194533978977
legal_3,0.00017978002200674375
environment_2,0.00017975622179447451
returns_16,0.00017966290954977683
oil_12,0.0001796608880179289
culture_7,0.00017963625816723265
crisis_11,0.00017957318161976584
corporation_6,0.00017956170694334673
project_11,0.00017949965609295428
security_13,0.00017942882939303432
economic_1,0.00017937126693941976
union_5,0.00017923666451252052
office_7,0.00017922431893206467
markets_8,0.00017900928816254352
holiday_2,0.0001789986471112725
community_11,0.00017883797312014948
cash_10,0.00017883276366272968
oil_9,0.0001787270753438432
district_9,0.00017848808375911946
profit_10,0.00017845173800445287
oil_13,0.00017840560401246344
companies_3,0.00017839958902592744
democratic_2,0.00017839240451611706
holiday_11,0.00017829685606460418
present_4,0.00017806704672101954
college_17,0.00017791313536135738
voters_15,0.00017791083819879434
trader_19,0.0001778757339498934
tennessee_4,0.0001776778473873827
unemployment_12,0.00017760872212340412
finance_14,0.00017748157638963866
william_18,0.00017739131660569858
conflict_14,0.00017729895582103953
bubble_8,0.00017723297884596328
minister_6,0.00017720971590661085
ring_3,0.00017715203558445338
energy_8,0.00017710826675626786
bubble_9,0.00017708088509632588
election_5,0.00017705114802587819
war_7,0.00017703167993372894
tennessee_10,0.00017701716541980257
act_19,0.0001768217214708409
social_15,0.00017681951984416266
religion_13,0.0001767958241153413
movement_9,0.00017668343311506732
president_20,0.00017644028597653814
holiday_14,0.0001764257890870999
loss_15,0.00017565296302092482
dow_jones_17,0.00017559479069637003
million_9,0.0001755503024487837
political_7,0.0001755365361277406
culture_17,0.0001754760175562545
culture_1,0.00017539860416605158
case_4,0.0001751782371944574
ohio_16,0.00017501121246668529
legal_7,0.00017498660606658225
stock_market_5,0.00017496683490757624
car_13,0.00017492173458682158
kentucky_3,0.00017492027133926837
project_20,0.0001747712063850768
credit_9,0.00017467168453090683
DOW_JONES_2,0.0001746596690343844
government_10,0.00017462574507775045
metals_14,0.00017455038869361618
management_1,0.0001744789381076584
trader_10,0.0001744758147662205
technology_5,0.00017433219688183923
products_14,0.00017432354532663434
corporation_2,0.00017404079633220865
restaurant_7,0.0001739802555219271
security_17,0.00017396962327748114
ohio_11,0.00017394378869559443
economic_10,0.00017393321590172646
financial_20,0.0001739008313812054
freedom_14,0.0001736280012953643
products_9,0.00017361571598690644
county_8,0.0001735447540934082
religion_6,0.00017350515916371683
million_17,0.00017341983084336686
stocks_5,0.0001734097974187735
revenue_18,0.00017317250888221867
rights_6,0.00017299190249176483
million_20,0.00017297633418565086
act_11,0.00017293359294503864
returns_10,0.00017286781977767442
missouri_14,0.0001728091926418625
society_16,0.00017279077653158418
election_16,0.00017268965228964654
society_14,0.00017248510823212
opportunity_16,0.00017236475174950446
service_9,0.00017236015079172168
crisis_12,0.0001722663357148426
buy_9,0.00017208510983935207
money_17,0.00017199732973799883
debt_17,0.00017167705302261767
cancer_16,0.00017155720133194536
seats_15,0.0001714968317873925
train_2,0.00017148367517693422
social_8,0.00017139651194756725
labor_5,0.00017126745279057114
ohio_6,0.0001712544105622801
ceo_12,0.00017122642568793427
water_16,0.00017115339758472318
chance_18,0.00017111890193538139
senate_20,0.00017107327005034314
money_8,0.00017097128797991312
management_7,0.00017081872420350282
technology_3,0.00017076478873931497
inc_8,0.00017037349019843502
movement_1,0.00017032318246080244
garden_20,0.00017031388839548002
oil_20,0.00017017533596203527
arts_12,0.00017004730276764485
council_20,0.00016989004999849866
economic_9,0.0001697185225425521
legal_6,0.00016969491489323422
labor_4,0.00016962400822874508
carolina_18,0.00016956327380920918
stocks_11,0.00016942746803266692
bubble_6,0.00016937895346440357
court_11,0.0001689918236404814
opportunity_11,0.00016883379248099542
opportunity_17,0.00016878576520642063
travel_16,0.000168731022123721
kentucky_1,0.00016866108195841766
present_6,0.00016863077246056328
returns_12,0.00016845811437431486
kitchen_17,0.00016834749039080964
wisconsin_10,0.00016818180084701118
political_12,0.0001680950654407257
technology_17,0.00016807874235447336
election_8,0.00016801676036680888
debt_1,0.00016801410301151638
republican_9,0.00016793339623503924
rich_7,0.00016781724932613904
management_14,0.00016781345287966064
finance_20,0.00016775403926187106
party_5,0.00016765150613639497
virginia_8,0.00016756595167165725
case_20,0.00016747138461299053
gain_2,0.00016730858875194053
texas_17,0.00016714706533078457
companies_8,0.00016708251980625672
politics_18,0.00016700662890489936
project_6,0.0001668521310914418
stocks_9,0.0001668317241695433
present_14,0.00016674783978525164
president_11,0.00016670408805614822
politics_16,0.00016644784983587863
ltd_17,0.00016638668074839199
district_6,0.00016626916076296547
invest_15,0.00016616072081655702
economic_7,0.00016599859093441278
default_18,0.00016599694687263785
rich_17,0.00016589955678563052
justice_1,0.00016574893950380495
debt_14,0.00016574820242093197
color_4,0.00016566232833295272
train_8,0.000165482333740474
industry_4,0.00016543182364709135
ohio_10,0.00016541636806225918
money_20,0.00016525657559592546
DOW_JONES_12,0.00016515907405074547
case_9,0.00016501757798546797
banking_8,0.00016496496515101686
justice_10,0.00016490658192048688
act_10,0.00016472414972652482
freedom_12,0.00016471058965905069
police_16,0.00016443769675899414
movement_4,0.00016415481947467994
stats_13,0.0001640224212015924
wisconsin_19,0.00016397245910372023
housing_10,0.0001639530894878856
stats_4,0.00016337109823904672
carolina_17,0.0001633704651297648
hedge_8,0.00016331565973561993
wisconsin_4,0.0001628731807877611
social_3,0.0001625560408844613
stats_18,0.00016254335162585522
fun_19,0.00016246917455816455
housing_20,0.00016231809272152805
virginia_6,0.0001622688347968255
blacklist_17,0.00016226679435433082
firm_19,0.00016219492507141454
corporation_4,0.00016218975299809118
restaurant_6,0.00016216937283047606
sell_1,0.00016216856848629967
money_2,0.00016207080938845548
rights_3,0.00016206806912005188
ltd_20,0.00016206703221550991
act_2,0.00016199136645028532
president_19,0.0001619827077909784
revenue_12,0.0001614355518160419
returns_17,0.00016138364307829038
crisis_19,0.0001613466975404049
present_19,0.00016122683568777616
buy_18,0.00016102103042948225
blacklist_11,0.00016100501732248582
loss_5,0.00016098169459919198
founded_16,0.00016097696485674147
metals_10,0.00016095390093510194
bubble_13,0.0001608370229414069
markets_3,0.00016074949656746221
markets_13,0.0001605664767033385
tennessee_12,0.0001603713570331746
missouri_6,0.00016035348711777416
labor_20,0.00016034110236059552
growth_15,0.0001602809105350751
health_19,0.0001602656171319594
economics_7,0.00016020815899695732
money_9,0.00016016896198101397
committee_12,0.00016002505691485282
society_17,0.00016001949475320592
ring_16,0.00015987009660316053
bonds_19,0.00015983570878003262
labor_13,0.0001598302272038109
energy_5,0.00015933141533592957
portfolio_14,0.00015931583656251519
president_12,0.00015916419657100087
earnings_16,0.00015899350565150042
police_1,0.0001589433386425829
arts_19,0.00015887604300416662
governor_1,0.00015883090929936255
nasdaq_7,0.0001587706948694431
court_6,0.00015854278225885477
rights_5,0.00015815393177756674
buy_6,0.00015809501914795172
fed_13,0.00015797051526389314
fun_4,0.00015773139523009958
council_5,0.00015761215051899658
virginia_19,0.00015730422793570797
arts_2,0.00015727258292382062
nasdaq_13,0.00015700140870646487
cancer_19,0.0001569856824876631
money_1,0.00015696782454641372
companies_18,0.00015670401147778869
legal_13,0.0001564319083239647
fed_6,0.0001561025068780537
party_13,0.0001560538217952378
unemployment_10,0.00015577146118381715
seats_14,0.0001556736559014775
crisis_6,0.00015567194541211076
water_5,0.00015563047594947815
fine_20,0.00015552954893023838
travel_11,0.00015552252632337557
chance_12,0.00015522777306090706
economics_19,0.00015518256168107222
world_9,0.00015516786495536902
portfolio_10,0.0001550856608095729
county_1,0.00015498524966461554
dividend_4,0.00015490080325882157
firm_9,0.00015489826196773973
massachusetts_1,0.0001547088811156755
massachusetts_14,0.00015461203654621426
stocks_7,0.00015444232299541554
election_9,0.00015442614641515714
housing_17,0.00015409210644234646
marketing_8,0.00015386381346401825
virginia_18,0.0001537732859592225
justice_4,0.00015372900756841502
marriage_17,0.00015366323857822896
conflict_6,0.0001536563427723631
judge_20,0.00015349935858181596
government_9,0.00015313043791252988
invest_9,0.00015299303460894654
labor_18,0.00015288267422025083
risk_19,0.00015284890884414667
rich_15,0.00015268093966356512
money_19,0.00015258774597126253
profit_15,0.00015238644188181216
marriage_14,0.0001523158370335222
massachusetts_3,0.00015201796869939417
missouri_1,0.00015197868335563926
happy_16,0.00015185454611106898
blacklist_18,0.00015171593617545342
debt_2,0.00015164781613930168
project_16,0.0001516306233461121
risk_16,0.00015155672576344542
secretary_12,0.00015144753268411768
DOW_JONES_13,0.00015139003692073074
labor_14,0.00015125592832976296
security_4,0.00015115453262891024
default_16,0.00015102662318361345
color_15,0.00015092111242984287
financial_19,0.00015090788873939285
bubble_20,0.0001509056034990931
marketing_7,0.0001505761896572769
virginia_1,0.0001504671163975777
debt_19,0.00015035133239921447
cancer_6,0.00015013166307100082
home_12,0.00015004727713139942
office_20,0.000150034173594589
media_16,0.00014993059287727922
government_3,0.00014986567734098417
crisis_9,0.00014969826269709146
social_5,0.00014956655176279673
finance_13,0.00014950193292247692
york_12,0.00014920454418260547
secretary_19,0.00014912800239636783
president_14,0.00014908605212791737
firm_2,0.0001489976510966242
federal_3,0.00014873964285648075
texas_7,0.00014859307933239775
union_9,0.00014856002889353822
chance_3,0.00014848109632064688
food_19,0.00014846086151773356
illinois_2,0.00014845754371165275
government_15,0.0001484057156960287
president_5,0.00014837577793189508
ohio_19,0.00014837296259748883
nasdaq_18,0.0001482807338576831
party_3,0.0001482132606945875
committee_3,0.00014819160885390462
finance_11,0.00014817929412704617
project_9,0.00014796442204848646
companies_14,0.0001479412839971506
police_2,0.00014769080055858334
ohio_14,0.00014758156187524285
kentucky_11,0.0001475689366813956
kitchen_1,0.00014746376130131644
finance_15,0.00014715296944842958
tennessee_11,0.00014673639303291355
sell_12,0.0001466790776948054
conflict_19,0.00014655869807183515
global_19,0.00014650538432000213
labor_2,0.00014648233143796423
society_6,0.00014635401986245068
movie_2,0.00014625499495745758
union_16,0.00014622358108450526
vermont_11,0.00014608527698825358
community_20,0.0001460759566191801
travel_12,0.00014601611178473818
stocks_20,0.00014590680659101117
founded_7,0.00014590390476337968
stocks_6,0.00014589009436236688
growth_9,0.00014571324325246746
blacklist_4,0.00014564234345081935
stats_1,0.00014533629919939394
pennsylvania_9,0.00014532585443400637
district_19,0.00014530606232363984
return_9,0.00014526154056704188
ltd_12,0.00014525352880550012
wisconsin_16,0.0001451807802637029
security_6,0.00014510608909340338
trader_1,0.00014506759188293782
massachusetts_7,0.0001449486572798179
gain_5,0.00014490137953476875
management_4,0.000144649854717007
stocks_1,0.00014464120962663586
companies_12,0.00014458016398740908
return_20,0.0001445680387055242
house_13,0.0001445433867981706
economy_7,0.0001445423839480319
garden_19,0.00014419385999829134
travel_17,0.00014394758901500562
industry_11,0.00014390101711478695
media_6,0.00014378241460689118
elections_11,0.00014369242765237627
politics_2,0.00014354833226819342
security_12,0.00014338162969883766
environment_11,0.00014333808852158748
opportunity_5,0.00014327772736481698
services_6,0.00014324428878416862
council_14,0.00014300264057869774
missouri_15,0.00014298568336620018
ltd_3,0.00014291960313889165
legal_17,0.00014284212416640192
ring_18,0.00014272340292810877
marriage_3,0.0001426634683804166
judge_13,0.0001425830954231652
county_19,0.00014232801968994986
home_16,0.00014227973541525258
ltd_18,0.00014223893990569114
economy_5,0.00014209419186880762
market_5,0.00014204551740329462
members_15,0.0001420335796149854
metals_19,0.0001416772948655032
political_9,0.00014167381776126548
DOW_JONES_19,0.00014165967950363547
pennsylvania_19,0.00014155344483541887
bank_2,0.0001414723962862435
gold_7,0.00014121008833307258
dow_jones_16,0.00014083363517901985
rights_15,0.00014078736773395938
votes_16,0.00014075967866147978
oil_6,0.00014057560195316279
security_14,0.00014052573790234392
chance_15,0.0001405141775138709
political_2,0.0001404985452177417
politics_14,0.00014048113382334634
companies_20,0.00014044749692082578
rich_19,0.00014031954719421566
bank_18,0.0001403034529321428
water_12,0.00014018315406096873
fun_13,0.00013997901426757032
markets_12,0.00013986900977211577
fed_9,0.00013973846502633407
color_20,0.0001394563935704377
DOW_JONES_4,0.0001394137792823564
ceo_14,0.000139395343532633
government_14,0.00013924902398719077
companies_7,0.0001391964660922853
ceo_16,0.0001390392788557778
return_18,0.00013869711969215012
water_8,0.00013862098196651152
oil_15,0.0001384797283501937
committee_5,0.00013845910586565764
opportunity_19,0.00013844202953458608
success_9,0.00013835797963183106
rights_14,0.00013828604523856997
representatives_17,0.00013772243087104035
president_13,0.00013752972397525006
texas_5,0.00013739623432863028
politics_11,0.00013731723359038068
credit_16,0.0001371256586962337
act_14,0.0001370531458230027
washington_2,0.00013700904334361893
project_17,0.000136946952697175
metals_15,0.0001369339750160459
union_12,0.00013690365444168993
earnings_1,0.00013689565548530075
unemployment_20,0.00013680174599717642
economics_14,0.00013676803383516913
party_1,0.0001367101814305777
washington_19,0.00013642923289092972
earnings_10,0.00013628169527036567
movement_19,0.00013623017886434542
money_12,0.00013609176232083566
labor_19,0.00013567074956416758
hedge_14,0.0001353914480690506
elections_3,0.00013520331789110257
investment_5,0.00013509360931515638
stocks_15,0.0001350156533229039
project_2,0.0001349548354304656
bonds_4,0.0001348716102524279
business_8,0.00013484143015889634
return_3,0.00013478705025794725
stats_3,0.00013473346027376184
nasdaq_9,0.00013465830659528956
garden_9,0.0001345611228938459
fine_5,0.00013455257930198225
religion_15,0.00013448547986652894
cash_13,0.00013447018692592694
voters_13,0.00013442428640787337
labor_12,0.00013416353685186537
william_11,0.00013411082166756792
rich_14,0.000133892176116404
police_12,0.0001338564792368934
party_17,0.0001337569710437411
kentucky_19,0.00013367077294152062
political_20,0.00013353711470991377
portfolio_15,0.00013343108783041342
voters_7,0.00013334027815614996
project_8,0.0001331645147369842
metals_8,0.00013288664948931186
community_17,0.00013285444432679092
council_6,0.00013284407762869348
debt_8,0.00013284013986333314
gain_16,0.00013280676997513396
served_11,0.0001327112532794981
returns_19,0.00013265754550346122
carolina_3,0.0001326241191546676
market_3,0.000132588754957683
crisis_3,0.00013242518929426723
government_12,0.00013236320698981288
missouri_16,0.00013234012430294857
justice_15,0.00013222049997902067
representatives_9,0.00013220403270642746
judge_6,0.0001321155764288485
garden_11,0.00013202725775794845
justice_16,0.00013180014169855649
religion_10,0.00013175699224907082
dividend_5,0.00013174074970320862
growth_11,0.0001316414993829473
federal_20,0.00013153825535895336
stocks_8,0.00013142654049413306
global_7,0.0001313350538644267
corporation_15,0.000131316257240738
trader_18,0.00013124041992963465
carolina_7,0.00013106428707328335
court_15,0.00013097841010519166
political_4,0.00013094385276198788
products_5,0.00013087690405842893
technology_2,0.00013061274214929284
global_9,0.00013060621879863133
inflation_9,0.00013051331680782654
travel_20,0.00013036518574193953
marketing_16,0.0001303385918208265
revenue_15,0.00013030258324159892
society_20,0.00013017675699871336
culture_2,0.0001299469858387697
gain_18,0.00012985965727479854
law_9,0.00012983137043378538
tennessee_7,0.00012957560917977977
cancer_2,0.00012954426570823497
senate_2,0.0001293608464771504
society_2,0.00012925322370618565
industry_13,0.00012917052671349594
governor_2,0.00012898540641274428
crash_13,0.00012897976891852194
markets_10,0.00012896008691967384
business_11,0.00012881280946290248
pennsylvania_8,0.00012858875663742671
bonds_2,0.00012858699079089673
ohio_17,0.00012857742818661968
blacklist_5,0.00012835169626555678
fine_15,0.00012828447248607877
health_4,0.00012803817720790034
stock_market_3,0.0001280320634531405
portfolio_5,0.0001279103123609977
loss_16,0.00012778352284325127
missouri_18,0.00012776565625351147
economic_20,0.00012775928629537057
illinois_11,0.0001276188279887882
earnings_2,0.00012758247477331056
media_2,0.00012752361926771007
economy_18,0.00012752204714920409
economy_12,0.00012743456760333142
holiday_19,0.00012741887457157889
fine_11,0.00012741603996042152
vermont_13,0.00012741428972096652
politics_7,0.00012734568455166612
freedom_16,0.0001273032565912582
politics_4,0.00012719659942415272
police_5,0.00012716805337317262
opportunity_20,0.00012707354813262748
success_17,0.00012699365153683007
founded_9,0.00012692892627331
sell_20,0.00012690353472300666
million_1,0.00012690015144779522
arts_18,0.00012679377767292466
trader_12,0.0001266558440920695
banking_4,0.00012663248823514977
president_7,0.00012654352895827842
gain_4,0.0001264988090876829
york_13,0.00012645081217376694
rich_13,0.0001263108634445257
return_13,0.00012613111150585913
markets_20,0.00012612183844649784
conflict_10,0.00012605903959054588
profit_2,0.00012588068069823252
judge_9,0.00012567749075406608
nasdaq_11,0.00012558659799608756
kentucky_7,0.00012557337411775658
william_4,0.0001253850481904153
stats_2,0.00012535861796276635
chance_16,0.00012516934737413538
political_19,0.00012508527748360666
college_9,0.0001250642606486326
crisis_15,0.00012500120444129475
minister_18,0.00012490264961727756
fed_2,0.00012479550155251805
illinois_6,0.00012468860483909534
success_5,0.00012467606405800486
earnings_20,0.000124665035910457
republican_8,0.00012459196269648846
nasdaq_5,0.00012456973498190538
founded_8,0.0001244586804424184
economy_6,0.00012440743219966925
act_5,0.00012427026506744757
companies_4,0.00012424843982767329
holiday_9,0.00012414539773766587
fun_7,0.0001239944602282438
crash_7,0.00012397378492112155
politics_19,0.0001239082737721819
rights_8,0.00012387593810744612
act_7,0.0001237385874571041
present_13,0.00012352230255317938
chance_20,0.00012349195389014226
portfolio_16,0.00012347855240312476
william_19,0.00012322104887122024
firm_6,0.00012299266461478366
votes_6,0.0001229303848766406
carolina_5,0.00012283575754579165
members_3,0.00012261316964467877
kitchen_18,0.00012258954204179818
portfolio_20,0.0001224983034889023
kitchen_8,0.0001224658616075983
money_11,0.00012240777258488438
arts_14,0.00012224722163986626
missouri_2,0.00012214556744257285
crash_3,0.00012201593570178281
ltd_19,0.0001220142366716312
council_4,0.00012192274663755382
hedge_4,0.00012190799032511741
buy_13,0.00012155383386921492
investment_10,0.00012145325157516892
fed_8,0.00012134130776457309
banking_1,0.00012121520238509411
court_13,0.00012107899279899768
DOW_JONES_3,0.00012070230498907688
freedom_3,0.00012056910255479929
fed_12,0.00012052940020705864
food_17,0.00012032940182253571
economic_17,0.00012018544040349055
gain_6,0.00012000819299497954
holiday_20,0.00011988060988479316
representatives_13,0.00011987861772643379
rights_18,0.00011982565536477041
senate_1,0.00011966333725543987
senate_15,0.00011953210949184324
holiday_1,0.00011939822600404431
cash_8,0.00011933212573466898
federal_8,0.00011929512179449402
representatives_10,0.00011927204032899441
legal_14,0.00011887560042487876
services_16,0.00011886130628603459
unemployment_6,0.00011865588867650437
risk_1,0.00011860234348601504
growth_1,0.00011846814490193391
service_12,0.0001184089854177384
markets_17,0.00011812396477407993
metals_9,0.00011800984432726868
marketing_5,0.0001177106589182513
media_8,0.00011769632482255083
founded_17,0.00011763886868403401
crisis_16,0.00011733312295825337
unemployment_18,0.00011711253437711177
ring_1,0.00011711042222251477
illinois_19,0.00011697178999150298
sell_16,0.00011692471984495469
ceo_7,0.0001167343556631614
district_10,0.00011671750629872693
bubble_12,0.00011651388650955174
housing_16,0.00011633062679906509
carolina_20,0.00011629656154144758
politics_13,0.00011618917814736223
fine_9,0.00011587217659662959
movement_8,0.00011574466935662324
committee_1,0.00011569746616160862
corporation_13,0.00011563679238124229
committee_15,0.00011562774051185584
william_1,0.00011560487894194874
global_17,0.00011546221045122368
rich_5,0.00011532589126680791
DOW_JONES_6,0.00011529068870418731
chance_5,0.00011524088469216828
sell_5,0.00011523334066031694
technology_15,0.00011509872236012187
office_4,0.00011505232952144245
economic_3,0.00011498657027101555
freedom_6,0.00011497187024204216
council_9,0.00011486515225803904
fine_18,0.00011475232177066612
elections_4,0.00011473510319832981
revenue_3,0.00011443237707155996
community_2,0.00011429661503520713
fed_20,0.00011416438632243388
labor_16,0.00011405070704053259
conflict_20,0.00011402509264061116
technology_20,0.00011398400504662676
fine_4,0.00011381736702952302
carolina_8,0.00011368372395626367
security_15,0.00011363699336817618
movement_10,0.00011357865948515381
risk_8,0.00011330510485666944
culture_13,0.00011322268492440779
freedom_1,0.00011310852526652586
secretary_4,0.00011285348921232119
hedge_18,0.00011278714987969412
bubble_18,0.00011251793710044749
rich_11,0.00011247679284760105
cash_5,0.00011240821121014841
case_5,0.000112089639090075
representatives_8,0.00011188224866942043
senate_9,0.00011160119276173828
chance_9,0.00011113970241016013
rich_18,0.00011106246144110241
rich_9,0.00011105179042043401
growth_12,0.00011102665009015694
illinois_9,0.00011101092029674129
bonds_6,0.00011096673024073489
returns_20,0.00011084825684999422
bubble_2,0.00011061573495590513
return_17,0.0001104445894657187
marriage_5,0.00011028603350864014
banking_13,0.00011020411320405352
kentucky_4,0.00011005079389596655
metals_16,0.00011002256598493708
committee_19,0.00010996599501814773
fine_10,0.00010993171226312813
founded_19,0.00010976702931745288
dividend_14,0.00010976577296682845
fine_7,0.00010971853857149988
court_5,0.0001096183818731938
democratic_6,0.00010927001915118173
committee_11,0.00010923086182112951
companies_9,0.00010921307265883378
georgia_3,0.0001091435325809797
industry_17,0.00010909392068674209
justice_20,0.00010892373782649092
social_1,0.00010890336290778421
missouri_5,0.00010887914624539104
financial_6,0.00010857933868178183
district_1,0.00010846613698933791
portfolio_11,0.0001083833648491057
stock_market_9,0.0001083595998264932
culture_16,0.0001083364055152042
wisconsin_1,0.00010828429183237376
industry_1,0.00010822440196885225
markets_1,0.0001080447250004278
firm_5,0.00010798392292080884
corporation_11,0.00010775415277427886
justice_14,0.0001077404939003619
happy_10,0.0001076790837254898
governor_7,0.00010755843714615727
ceo_5,0.00010751797310857092
union_13,0.00010706754724411147
chance_14,0.00010698664659324449
earnings_15,0.00010695765282319372
metals_17,0.00010694684487237344
business_15,0.00010694162285711054
management_18,0.00010674687266791909
nyse_3,0.00010674443046719674
cash_11,0.00010670563487876056
blacklist_12,0.00010660611676663204
act_17,0.00010642993709491442
risk_11,0.00010635417446898538
federal_11,0.00010626621680747172
politics_6,0.00010600675572012184
loss_4,0.00010598927953564141
fed_19,0.00010538363431340076
travel_2,0.00010535361023674959
votes_2,0.00010483338377995274
economics_11,0.00010482105967569828
culture_14,0.00010473861501653863
cash_19,0.00010443089601136172
founded_6,0.00010432806294626724
opportunity_1,0.0001043147035794982
present_1,0.00010405479039175987
society_11,0.00010404722597924296
restaurant_19,0.00010384707344045284
democratic_16,0.00010362706035119828
pennsylvania_14,0.00010342786083959652
stocks_10,0.00010339220721639865
train_19,0.00010333217353393537
movement_7,0.00010332819844690699
votes_12,0.00010317489159063808
economic_14,0.000102972325259334
gold_20,0.00010265613946339294
movement_16,0.0001024908381875771
earnings_7,0.00010221582451987769
religion_11,0.00010216818158549516
lifestyle_15,0.00010203725693911914
government_16,0.00010193314299713502
founded_14,0.00010165480448903481
risk_2,0.00010163777697925965
arts_9,0.00010119391473259042
money_4,0.00010114367620016741
services_15,0.00010093150770389713
gains_18,0.00010085668839418482
portfolio_3,0.0001004444425763202
sell_2,0.00010032478205704
georgia_11,0.00010031006393520242
management_17,0.0001002531859016454
senate_7,0.00010000173328756243
loss_2,9.984381987016942e-05
missouri_17,9.978017173795693e-05
ltd_15,9.976705235569467e-05
profit_17,9.975106168060146e-05
economic_16,9.975077214351572e-05
corporation_8,9.972531008449656e-05
secretary_8,9.967658931544167e-05
water_15,9.94746445342649e-05
holiday_15,9.935108612145382e-05
representatives_6,9.923420730824642e-05
opportunity_9,9.920540136154248e-05
market_6,9.911784939927296e-05
fed_7,9.90937626615941e-05
unemployment_9,9.884286385743308e-05
earnings_4,9.882027398100782e-05
world_20,9.87937855991706e-05
federal_5,9.831339824828188e-05
politics_3,9.829889436165536e-05
economy_16,9.827193596955035e-05
products_7,9.814932236781704e-05
justice_13,9.792872983516164e-05
wisconsin_8,9.755376160724483e-05
virginia_3,9.749274666439753e-05
service_6,9.744261172326974e-05
success_14,9.70689499197402e-05
ceo_4,9.672211658736312e-05
massachusetts_8,9.66919130558692e-05
fine_6,9.669080802610536e-05
hedge_11,9.663527336176883e-05
firm_7,9.649241053588812e-05
debt_18,9.640116247853162e-05
crash_18,9.6243995816298e-05
opportunity_3,9.615130128985356e-05
inflation_12,9.60452533416346e-05
oil_19,9.538633668801324e-05
metals_1,9.52994763790128e-05
revenue_11,9.516378210169897e-05
governor_14,9.496923344261945e-05
act_20,9.478302953498502e-05
markets_4,9.4560368799222e-05
political_3,9.45339234987072e-05
unemployment_7,9.448726300656042e-05
religion_8,9.436519469274268e-05
firm_18,9.434106004165185e-05
ceo_11,9.431660496918809e-05
secretary_14,9.409310337169938e-05
bubble_16,9.39198139822114e-05
banking_17,9.38139221341808e-05
water_14,9.357129078094544e-05
environment_7,9.328689113700864e-05
police_18,9.294666863210609e-05
products_4,9.284664221958872e-05
members_4,9.27913544756255e-05
energy_17,9.276156356478748e-05
world_8,9.249667006899324e-05
travel_18,9.224285890121259e-05
federal_6,9.16357113278104e-05
arts_4,9.161141701510938e-05
color_13,9.158782217609254e-05
politics_1,9.125459131557789e-05
technology_12,9.10523687751144e-05
police_7,9.105213764398277e-05
dow_jones_7,9.097755226018425e-05
marriage_18,9.092265608228581e-05
stock_market_19,9.086590448354209e-05
financial_3,9.058917510103794e-05
development_17,9.05276756457132e-05
marketing_6,9.045396159920472e-05
industry_16,9.040929963260275e-05
environment_3,9.028162966184846e-05
gains_4,9.025149461293919e-05
lifestyle_7,9.010717912225132e-05
rights_4,8.988844509180944e-05
success_2,8.987703418588528e-05
seats_6,8.977474816093823e-05
ltd_2,8.959493186654318e-05
sell_11,8.958968482529711e-05
college_4,8.952516225286595e-05
culture_12,8.935184415213419e-05
banking_15,8.904739915105352e-05
law_7,8.89400597373771e-05
fed_16,8.880649649101123e-05
marriage_10,8.878798745765856e-05
buy_20,8.869424376118253e-05
minister_17,8.867075394092391e-05
massachusetts_13,8.859709305410504e-05
rights_10,8.832557937514047e-05
committee_6,8.802336968483615e-05
legal_11,8.796876779240631e-05
committee_18,8.78832989501341e-05
investment_11,8.782614986369659e-05
judge_4,8.767107700716826e-05
rights_11,8.731414026654409e-05
housing_18,8.702308155337863e-05
representatives_16,8.696412833396875e-05
movement_2,8.686059676680824e-05
movement_6,8.67541266074456e-05
kentucky_14,8.672851357404149e-05
political_14,8.665807650662067e-05
marriage_4,8.643084635133298e-05
banking_3,8.640984400846264e-05
legal_19,8.61341469822806e-05
blacklist_8,8.602686101322287e-05
community_19,8.597627548758922e-05
credit_17,8.580491901523466e-05
gain_1,8.56957128343898e-05
housing_14,8.557862071574276e-05
seats_3,8.55627511108784e-05
tennessee_3,8.550512788028019e-05
representatives_3,8.537086129712937e-05
risk_3,8.537066329271863e-05
massachusetts_12,8.533256069179764e-05
oil_2,8.526988624135033e-05
pennsylvania_17,8.519500368291236e-05
votes_19,8.515400799577271e-05
voters_11,8.495645169925865e-05
unemployment_3,8.492521915328011e-05
rights_16,8.486721040773564e-05
stock_market_16,8.478669645814888e-05
politics_10,8.46400283085522e-05
fun_3,8.429521189887734e-05
secretary_1,8.411872961614041e-05
dow_jones_2,8.397971824759027e-05
corporation_7,8.392848707376992e-05
dow_jones_20,8.388085531549175e-05
movement_12,8.386612054735583e-05
returns_2,8.381173428997785e-05
massachusetts_10,8.377650933687058e-05
illinois_15,8.36060692641183e-05
trader_7,8.350652982778001e-05
portfolio_4,8.321356223447461e-05
marketing_3,8.32092331717266e-05
color_1,8.319023519966765e-05
seats_2,8.312141867222004e-05
representatives_15,8.306317542271317e-05
return_11,8.294007543508445e-05
minister_14,8.287930187139286e-05
bubble_19,8.270399223882196e-05
bubble_4,8.266150158935593e-05
lifestyle_6,8.254830789789259e-05
corporation_12,8.221665666169496e-05
vermont_15,8.218029228403388e-05
politics_9,8.185361955619249e-05
crisis_17,8.13016135695081e-05
minister_5,8.121516198458059e-05
founded_18,8.080843297411898e-05
economic_19,8.079806833835702e-05
fed_18,8.075784517158036e-05
trader_15,8.072493451565438e-05
inflation_10,8.047195701577039e-05
debt_12,8.03438418549369e-05
votes_20,8.034030912411314e-05
government_1,8.019476311258735e-05
pennsylvania_7,8.01579996230178e-05
washington_8,8.014222801712678e-05
party_6,7.988466720095465e-05
bonds_3,7.983960481040047e-05
portfolio_19,7.951305000631751e-05
minister_13,7.945706137705128e-05
DOW_JONES_20,7.942582801915634e-05
pennsylvania_6,7.937847204751456e-05
marriage_6,7.937171725347475e-05
movement_3,7.936591372294814e-05
metals_3,7.925653103267476e-05
present_5,7.889175777434773e-05
ceo_17,7.843159877704265e-05
industry_3,7.801430111265452e-05
conflict_12,7.791513184321674e-05
massachusetts_19,7.789667229440911e-05
portfolio_1,7.74414592929734e-05
cash_12,7.688577171154973e-05
cash_20,7.679265576540382e-05
gain_8,7.655298567106485e-05
voters_19,7.629402876344716e-05
hedge_5,7.600383648973502e-05
risk_13,7.593517009585663e-05
dividend_6,7.59184336283363e-05
ltd_16,7.57045658676853e-05
gain_11,7.562507097285804e-05
minister_3,7.556698055406155e-05
cash_1,7.55075273028768e-05
pennsylvania_16,7.511634766000642e-05
ceo_2,7.507773162056345e-05
georgia_8,7.501851624197135e-05
garden_2,7.471249512061791e-05
ltd_10,7.468128724378881e-05
william_3,7.452059874730594e-05
founded_4,7.433376646326351e-05
inflation_1,7.415675299835272e-05
political_5,7.411662499457434e-05
politics_15,7.401049605520064e-05
revenue_1,7.391479924034034e-05
hedge_12,7.382277296967095e-05
kentucky_6,7.366809208658297e-05
earnings_8,7.344622310836004e-05
chance_4,7.326212189127313e-05
lifestyle_9,7.324550214016209e-05
industry_20,7.281708951495478e-05
republican_3,7.249946953832714e-05
profit_3,7.235932493102285e-05
cash_17,7.230124126048042e-05
crisis_7,7.226721665434143e-05
portfolio_17,7.225936271970493e-05
society_8,7.221552720093976e-05
technology_8,7.21866572031822e-05
members_17,7.216319747271736e-05
opportunity_8,7.187980714293041e-05
elected_7,7.183056884982091e-05
marketing_1,7.175082596942534e-05
earnings_5,7.166780653138113e-05
markets_18,7.130691522156791e-05
council_11,7.130439427094985e-05
debt_10,7.117244781787495e-05
investment_2,7.108695431491556e-05
gain_7,7.099658012004136e-05
fed_11,7.091663475745657e-05
companies_17,7.084510209311191e-05
global_10,7.077361929231404e-05
revenue_19,7.061115818022965e-05
dow_jones_10,7.059337774424881e-05
gain_10,7.053808817004113e-05
seats_16,7.028316605150205e-05
government_5,6.966474098477464e-05
political_6,6.961224646025887e-05
secretary_17,6.957627494387379e-05
movement_14,6.943826177265522e-05
served_20,6.915385867248115e-05
present_9,6.907771156358578e-05
bubble_10,6.896198427614104e-05
politics_5,6.892747234964032e-05
crisis_20,6.88193898934201e-05
pennsylvania_5,6.857841896947762e-05
representatives_7,6.75906663871509e-05
profit_4,6.75468470973229e-05
return_2,6.744216174756916e-05
ceo_10,6.736053829909972e-05
minister_15,6.727283495694251e-05
ceo_1,6.718549443164352e-05
inflation_5,6.70354085803909e-05
minister_12,6.688223067825326e-05
president_1,6.677892067905973e-05
society_7,6.651063130848984e-05
movement_13,6.635003999832521e-05
companies_6,6.595013211300836e-05
fine_17,6.550799225628073e-05
william_12,6.550331498963468e-05
invest_18,6.525090337262613e-05
nyse_10,6.52213601850773e-05
marriage_8,6.51451999294797e-05
voters_8,6.481377271128121e-05
founded_15,6.471767976789686e-05
founded_10,6.465386769193315e-05
housing_8,6.452418925596746e-05
fed_17,6.450307970263398e-05
return_14,6.444932280914273e-05
council_1,6.443933744818868e-05
fine_1,6.435849960102621e-05
dividend_12,6.431966373933626e-05
william_9,6.429058424884167e-05
nasdaq_19,6.421169165915675e-05
conflict_1,6.414016239605128e-05
success_11,6.40983083259077e-05
senate_3,6.405022595350134e-05
council_2,6.371159925561014e-05
water_10,6.351611625505164e-05
pennsylvania_12,6.285626932762697e-05
elected_5,6.278195513254965e-05
massachusetts_6,6.274620936344929e-05
default_11,6.27421268426723e-05
secretary_6,6.263881271768836e-05
gains_3,6.259825380798465e-05
chance_17,6.24032524537631e-05
ceo_20,6.23795088189155e-05
growth_8,6.236619113009414e-05
invest_6,6.219168109286618e-05
council_13,6.214704217702859e-05
fine_14,6.203919582153879e-05
ltd_14,6.194912659868499e-05
risk_7,6.183168555555225e-05
crisis_2,6.169947448747881e-05
success_18,6.156772932469027e-05
dividend_10,6.144562380288629e-05
religion_1,6.137301749761829e-05
products_3,6.133725832717317e-05
risk_6,6.103749884676588e-05
religion_12,6.0797833812729285e-05
chance_6,6.067669728050853e-05
firm_14,6.064496699444954e-05
case_10,6.0044538684869385e-05
votes_10,5.9717390636674454e-05
pennsylvania_20,5.9595086704577736e-05
growth_13,5.9520971079566625e-05
loss_19,5.9383780168885716e-05
metals_7,5.877890276637035e-05
minister_11,5.84141644928795e-05
stats_10,5.840216239087221e-05
religion_19,5.754445630583992e-05
dividend_17,5.746451199267565e-05
lifestyle_11,5.7435878762452686e-05
elections_2,5.7368805237075644e-05
religion_17,5.7136378849906724e-05
voters_12,5.679336680578245e-05
lifestyle_1,5.640578037847889e-05
economics_13,5.604469257904805e-05
firm_16,5.544828750635117e-05
blacklist_1,5.534583463198826e-05
pennsylvania_1,5.506037124493054e-05
loss_14,5.50372259819075e-05
gains_6,5.4891485562988234e-05
success_19,5.483076479820161e-05
metals_20,5.4772045025452744e-05
earnings_6,5.459431172225356e-05
representatives_20,5.4216329936427426e-05
firm_13,5.4193282180813785e-05
firm_11,5.411063092291004e-05
freedom_9,5.385749565264186e-05
nyse_15,5.347768171440784e-05
founded_1,5.320451651921717e-05
firm_20,5.3130266763661604e-05
voters_18,5.292591649832904e-05
lifestyle_14,5.271919031055846e-05
seats_17,5.264248296345799e-05
gain_12,5.2558299661732786e-05
nasdaq_15,5.243661373735402e-05
revenue_4,5.1923996158078705e-05
opportunity_10,5.183443529025503e-05
pennsylvania_4,5.1777468799427e-05
rich_3,5.099836663864156e-05
fed_3,5.096668533263712e-05
ceo_18,5.087285189590181e-05
dividend_13,5.080908358177044e-05
judge_19,5.060824944966322e-05
government_2,4.992340517471868e-05
portfolio_2,4.991246417439993e-05
justice_8,4.956368188097178e-05
voters_16,4.9512577683628665e-05
success_4,4.931640525002193e-05
ceo_8,4.921478242643819e-05
arts_3,4.874333488400551e-05
lifestyle_8,4.871775888033053e-05
freedom_15,4.822690815537262e-05
economy_4,4.78326237341706e-05
massachusetts_4,4.72965168012346e-05
products_18,4.7171624219888486e-05
portfolio_9,4.717104014300416e-05
revenue_16,4.6923188432744456e-05
dividend_2,4.6253076504174705e-05
trader_2,4.61426376640829e-05
fed_5,4.6069002969702774e-05
voters_5,4.587100799233039e-05
default_1,4.569690841770812e-05
hedge_20,4.5628996148444315e-05
nyse_5,4.5459843706468296e-05
minister_16,4.544425902306211e-05
technology_6,4.535071114556709e-05
debt_4,4.506976494320829e-05
members_19,4.4868408597053136e-05
hedge_13,4.4867126377135796e-05
default_19,4.4653861997241375e-05
dividend_19,4.407250265160001e-05
marriage_16,4.322727753947118e-05
cash_2,4.321288246227221e-05
risk_20,4.2891993698474986e-05
elected_3,4.276927924783741e-05
DOW_JONES_9,4.250751857519961e-05
conflict_2,4.179066079413605e-05
seats_13,4.167108258097948e-05
hedge_15,4.141550818090987e-05
crisis_5,4.110697318403038e-05
earnings_9,4.0777676655727285e-05
secretary_20,4.058832092431763e-05
founded_20,4.016979574719052e-05
representatives_14,4.001883821894542e-05
crisis_8,4.0013952638220815e-05
firm_1,3.9996778289716686e-05
default_13,3.979197148572278e-05
products_12,3.9337891060524736e-05
lifestyle_18,3.8902333672125454e-05
bonds_1,3.864746599685943e-05
growth_3,3.858368142804708e-05
fine_8,3.852867587422041e-05
economic_11,3.851326179458366e-05
success_7,3.796052842317918e-05
ring_4,3.7424944570020676e-05
lifestyle_4,3.740936540960077e-05
elections_1,3.668410545790246e-05
dividend_3,3.640481140962431e-05
justice_3,3.634016740327336e-05
stock_market_17,3.63020315063615e-05
elected_12,3.627790046591767e-05
culture_3,3.6169621320647376e-05
representatives_11,3.593614672397187e-05
portfolio_6,3.58524793842924e-05
invest_1,3.5598764119853234e-05
global_2,3.5216497784907223e-05
council_7,3.495877565172845e-05
lifestyle_5,3.4717534779811403e-05
success_15,3.4714240244780504e-05
nyse_14,3.462967708585649e-05
labor_3,3.420687291648288e-05
hedge_10,3.3857601176008224e-05
industry_18,3.3804793004116674e-05
marriage_9,3.362620291303504e-05
inflation_20,3.331896770353316e-05
economy_2,3.3113155209577585e-05
vermont_9,3.251946795181609e-05
default_5,3.25155525259105e-05
seats_7,3.2287636053840386e-05
debt_6,3.218832707800587e-05
stocks_3,3.213185185588283e-05
votes_11,3.1811238542360355e-05
inflation_6,3.1217748015572114e-05
pennsylvania_13,3.1125927595013344e-05
economics_8,3.05194315401604e-05
invest_20,3.0505308406832306e-05
gain_17,3.0206453982535248e-05
founded_13,3.0106226581192986e-05
investment_7,2.985921814448376e-05
elected_9,2.976807170152641e-05
invest_12,2.959406792537531e-05
housing_3,2.9388960272549507e-05
success_3,2.9180080521996526e-05
representatives_19,2.907249024545484e-05
risk_17,2.8718098350327812e-05
voters_20,2.8492393241088307e-05
gains_16,2.832153595339212e-05
elected_13,2.79879989652194e-05
gains_19,2.7564818755610675e-05
served_19,2.7556413819063812e-05
lifestyle_20,2.7243056187625065e-05
investment_15,2.712927331122207e-05
risk_18,2.7043672644051896e-05
bonds_20,2.658258012440788e-05
economy_3,2.6541700755458115e-05
ltd_5,2.590131943155253e-05
gains_15,2.5644241732221263e-05
minister_8,2.5396075946023083e-05
gains_10,2.5143388596999688e-05
pennsylvania_2,2.5099043088914325e-05
firm_8,2.4851441379992695e-05
opportunity_13,2.4503915805400965e-05
movement_11,2.4395656842985933e-05
inflation_16,2.435697370483601e-05
industry_2,2.432710827859161e-05
opportunity_6,2.429618986356756e-05
dividend_1,2.426933664636517e-05
dividend_7,2.3727942308083178e-05
present_18,2.293803919457773e-05
representatives_18,2.2163026200280827e-05
industry_7,2.212770434163058e-05
elected_15,2.2000536102720328e-05
hedge_3,2.1883545663215506e-05
minister_2,2.111436370467477e-05
elected_8,2.0972023834288792e-05
risk_14,2.082334404876336e-05
seats_10,2.079759262707098e-05
served_4,2.043893572076288e-05
seats_8,1.978596377254229e-05
dividend_15,1.9764357040806963e-05
firm_3,1.9669137692054238e-05
firm_15,1.9594681858981992e-05
inflation_14,1.9488023854152944e-05
dividend_20,1.8365620413225424e-05
inflation_19,1.7541782355826353e-05
present_8,1.7290763005512876e-05
investment_19,1.7169074066540408e-05
hedge_7,1.673861326035128e-05
inflation_7,1.6626999847797533e-05
risk_9,1.6247328188835685e-05
lifestyle_3,1.6082066690003234e-05
inflation_3,1.5488505912218295e-05
elected_6,1.4525097038103915e-05
nyse_7,1.4123672380282953e-05
representatives_4,1.372945110104643e-05
served_12,1.2805353817834298e-05
movement_5,1.2411405425168969e-05
representatives_5,1.1872911472487985e-05
minister_20,1.178895751203526e-05
opportunity_7,1.1620790391234035e-05
vermont_16,1.0757587996733482e-05
debt_20,1.0295170365046142e-05
vermont_6,9.78534151553909e-06
voters_17,9.367601894438343e-06
seats_18,9.231264135117927e-06
dividend_11,8.905872804733483e-06
investment_18,8.519509397761246e-06
industry_19,8.303851826234056e-06
lifestyle_10,7.666660276410222e-06
default_15,7.426392083996848e-06
elected_1,7.405699258097741e-06
seats_4,7.391254875544207e-06
elected_14,6.485530525175206e-06
minister_9,6.3810440004107575e-06
gains_14,6.359472302499477e-06
nasdaq_12,5.2003918335346655e-06
gains_8,4.550985269027823e-06
gains_1,4.270322907990957e-06
served_3,3.955329416626922e-06
inflation_17,3.919985097512464e-06
inflation_2,3.3194734373867983e-06
served_8,2.089687932637783e-06
invest_16,1.9773920137433142e-06
vermont_3,1.9635996507735265e-06
invest_19,1.8456212982813957e-06
vermont_17,1.6713630818843833e-06
served_15,5.707830129397494e-07
gains_11,5.515844485243348e-07
inflation_13,5.394855110375915e-07
vermont_4,4.2171362009832055e-07
invest_14,1.383920928740872e-07
served_16,8.569157375721339e-08
lifestyle_12,1.6151009215521852e-08
BUY_AND_HOLD_1,
BUY_AND_HOLD_2,
BUY_AND_HOLD_3,
BUY_AND_HOLD_4,
BUY_AND_HOLD_5,
BUY_AND_HOLD_6,
BUY_AND_HOLD_7,
BUY_AND_HOLD_8,
BUY_AND_HOLD_9,
BUY_AND_HOLD_10,
BUY_AND_HOLD_11,
BUY_AND_HOLD_12,
BUY_AND_HOLD_13,
BUY_AND_HOLD_14,
BUY_AND_HOLD_15,
BUY_AND_HOLD_16,
BUY_AND_HOLD_17,
BUY_AND_HOLD_18,
BUY_AND_HOLD_19,
BUY_AND_HOLD_20,
consume_1,
consume_2,
consume_3,
consume_4,
consume_5,
consume_6,
consume_7,
consume_8,
consume_9,
consume_10,
consume_11,
consume_12,
consume_13,
consume_14,
consume_15,
consume_16,
consume_17,
consume_18,
consume_19,
consume_20,
consumption_1,
consumption_2,
consumption_3,
consumption_4,
consumption_5,
consumption_6,
consumption_7,
consumption_8,
consumption_9,
consumption_10,
consumption_11,
consumption_12,
consumption_13,
consumption_14,
consumption_15,
consumption_16,
consumption_17,
consumption_18,
consumption_19,
consumption_20,
default_8,
default_17,
derivatives_1,
derivatives_2,
derivatives_3,
derivatives_4,
derivatives_5,
derivatives_6,
derivatives_7,
derivatives_8,
derivatives_9,
derivatives_10,
derivatives_11,
derivatives_12,
derivatives_13,
derivatives_14,
derivatives_15,
derivatives_16,
derivatives_17,
derivatives_18,
derivatives_19,
derivatives_20,
dividend_8,
elected_4,
elected_10,
elected_11,
elected_16,
elected_19,
elected_20,
financial_markets_1,
financial_markets_2,
financial_markets_3,
financial_markets_4,
financial_markets_5,
financial_markets_6,
financial_markets_7,
financial_markets_8,
financial_markets_9,
financial_markets_10,
financial_markets_11,
financial_markets_12,
financial_markets_13,
financial_markets_14,
financial_markets_15,
financial_markets_16,
financial_markets_17,
financial_markets_18,
financial_markets_19,
financial_markets_20,
fond_1,
fond_2,
fond_3,
fond_4,
fond_5,
fond_6,
fond_7,
fond_8,
fond_9,
fond_10,
fond_11,
fond_12,
fond_13,
fond_14,
fond_15,
fond_16,
fond_17,
fond_18,
fond_19,
fond_20,
forex_1,
forex_2,
forex_3,
forex_4,
forex_5,
forex_6,
forex_7,
forex_8,
forex_9,
forex_10,
forex_11,
forex_12,
forex_13,
forex_14,
forex_15,
forex_16,
forex_17,
forex_18,
forex_19,
forex_20,
gains_2,
gains_5,
gains_7,
gains_9,
gains_12,
greed_1,
greed_2,
greed_3,
greed_4,
greed_5,
greed_6,
greed_7,
greed_8,
greed_9,
greed_10,
greed_11,
greed_12,
greed_13,
greed_14,
greed_15,
greed_16,
greed_17,
greed_18,
greed_19,
greed_20,
headlines_1,
headlines_2,
headlines_3,
headlines_4,
headlines_5,
headlines_6,
headlines_7,
headlines_8,
headlines_9,
headlines_10,
headlines_11,
headlines_12,
headlines_13,
headlines_14,
headlines_15,
headlines_16,
headlines_17,
headlines_18,
headlines_19,
headlines_20,
hedge_16,
hedge_17,
industry_8,
industry_9,
inflation_4,
inflation_8,
inflation_11,
inflation_15,
inflation_18,
invest_2,
invest_3,
invest_5,
invest_8,
invest_10,
invest_13,
leverage_1,
leverage_2,
leverage_3,
leverage_4,
leverage_5,
leverage_6,
leverage_7,
leverage_8,
leverage_9,
leverage_10,
leverage_11,
leverage_12,
leverage_13,
leverage_14,
leverage_15,
leverage_16,
leverage_17,
leverage_18,
leverage_19,
leverage_20,
ministry_1,
ministry_2,
ministry_3,
ministry_4,
ministry_5,
ministry_6,
ministry_7,
ministry_8,
ministry_9,
ministry_10,
ministry_11,
ministry_12,
ministry_13,
ministry_14,
ministry_15,
ministry_16,
ministry_17,
ministry_18,
ministry_19,
ministry_20,
nasdaq_1,
nasdaq_6,
nasdaq_8,
nasdaq_10,
nasdaq_14,
nyse_2,
nyse_6,
nyse_9,
nyse_11,
nyse_13,
nyse_16,
nyse_17,
nyse_19,
nyse_20,
ore_1,
ore_2,
ore_3,
ore_4,
ore_5,
ore_6,
ore_7,
ore_8,
ore_9,
ore_10,
ore_11,
ore_12,
ore_13,
ore_14,
ore_15,
ore_16,
ore_17,
ore_18,
ore_19,
ore_20,
pennsylvania_18,
rare_earths_1,
rare_earths_2,
rare_earths_3,
rare_earths_4,
rare_earths_5,
rare_earths_6,
rare_earths_7,
rare_earths_8,
rare_earths_9,
rare_earths_10,
rare_earths_11,
rare_earths_12,
rare_earths_13,
rare_earths_14,
rare_earths_15,
rare_earths_16,
rare_earths_17,
rare_earths_18,
rare_earths_19,
rare_earths_20,
served_1,
served_2,
served_5,
served_6,
served_9,
served_10,
served_13,
served_14,
served_17,
served_18,
short_sell_1,
short_sell_2,
short_sell_3,
short_sell_4,
short_sell_5,
short_sell_6,
short_sell_7,
short_sell_8,
short_sell_9,
short_sell_10,
short_sell_11,
short_sell_12,
short_sell_13,
short_sell_14,
short_sell_15,
short_sell_16,
short_sell_17,
short_sell_18,
short_sell_19,
short_sell_20,
short_selling_1,
short_selling_2,
short_selling_3,
short_selling_4,
short_selling_5,
short_selling_6,
short_selling_7,
short_selling_8,
short_selling_9,
short_selling_10,
short_selling_11,
short_selling_12,
short_selling_13,
short_selling_14,
short_selling_15,
short_selling_16,
short_selling_17,
short_selling_18,
short_selling_19,
short_selling_20,
tourism_1,
tourism_2,
tourism_3,
tourism_4,
tourism_5,
tourism_6,
tourism_7,
tourism_8,
tourism_9,
tourism_10,
tourism_11,
tourism_12,
tourism_13,
tourism_14,
tourism_15,
tourism_16,
tourism_17,
tourism_18,
tourism_19,
transaction_1,
transaction_2,
transaction_3,
transaction_4,
transaction_5,
transaction_6,
transaction_7,
transaction_8,
transaction_9,
transaction_10,
transaction_11,
transaction_12,
transaction_13,
transaction_14,
transaction_15,
transaction_16,
transaction_17,
transaction_18,
transaction_19,
transaction_20,
vermont_1,
vermont_2,
vermont_5,
vermont_7,
vermont_8,
vermont_10,
vermont_12,
vermont_14,
vermont_19,
vermont_20,
voters_1,
