features,feature_score
gains_11,0.03067230451185316
gains_7,0.020611361944864934
forex_12,0.02049204577967554
invest_9,0.020314891818546805
leverage_8,0.013330889357028052
founded_1,0.009673761327749953
ltd_9,0.008486917714772472
judge_5,0.007387399717414673
default_8,0.006998121038072873
dow_jones_2,0.006691960453039703
loss_8,0.0064353770222799235
community_9,0.006339561919596657
fun_14,0.006234726920309287
inc_1,0.006093527064913936
sell_5,0.005962725225753247
community_8,0.005782146583671031
president_6,0.005746439956108364
economics_12,0.005730900041945062
marketing_3,0.005720597638807159
markets_17,0.005559690867730606
nasdaq_7,0.005254675913783901
holiday_9,0.005214832017511579
market_14,0.005154398065737642
council_7,0.004969469754462961
food_6,0.00492158136782434
stock_market_8,0.00489176146802808
pennsylvania_9,0.004827555355084947
restaurant_4,0.004784421834909395
society_7,0.004705863365569473
gold_17,0.0046963330907661876
washington_18,0.004610672678349095
union_16,0.004604841598514151
ring_4,0.00435160839120618
travel_2,0.004287177272994293
nasdaq_2,0.004187204675245847
money_10,0.0041291244506002365
banking_1,0.004098684355509901
money_17,0.004051237579929498
york_9,0.004025535353948337
stats_2,0.003951996270388891
justice_1,0.003852480429756284
society_10,0.003830238474164759
voters_17,0.0037768186524659644
politics_3,0.0037601530051128893
rights_13,0.0037107987355133685
council_4,0.003702870027246969
economics_13,0.0036840877891347115
politics_8,0.003637698913155421
ore_9,0.0036034050206981325
energy_9,0.0036008075440071598
market_4,0.0035098681180877694
economic_17,0.0034928326427711783
legal_9,0.003476387453145832
house_14,0.0033768805636679427
restaurant_9,0.0032826371947265332
movement_4,0.0032793663165829184
oil_11,0.0032666504305416885
global_5,0.003234961704918525
fed_2,0.0032053833025563437
illinois_11,0.0031776538340165692
elected_19,0.003116114269171804
justice_17,0.00310064770801218
default_6,0.0030080616048409397
war_12,0.003005693810620142
trader_12,0.0029767410725793472
management_10,0.0029189070224164854
housing_7,0.00281730209534533
movie_8,0.002728318766973336
train_8,0.0026984054770301763
market_1,0.0026739397940335552
tennessee_19,0.00264741540823914
texas_17,0.002628508909394925
default_19,0.0026082948645264454
money_12,0.0025296579011128695
cash_10,0.002467512511413032
senate_10,0.002412102284209349
growth_4,0.002375155442347441
health_10,0.002329801934948072
york_10,0.00229437554318974
credit_15,0.0022745482777937536
color_12,0.002254437336907717
security_12,0.0022345787761264752
car_9,0.002232061577409713
kitchen_12,0.0021977296376805245
forex_3,0.0021762002064681686
dow_jones_14,0.002138349315862349
invest_3,0.0021300131392732557
war_17,0.00210084440462556
police_2,0.0020299733661410316
buy_5,0.0020196813116386374
virginia_6,0.0020147753408368604
crisis_4,0.0019945126022550036
technology_11,0.0019492617633544184
holiday_15,0.0019417972706378293
stock_market_9,0.0019321948334353378
cancer_13,0.001918643788232372
cancer_10,0.0018890054504701367
loss_20,0.001882230149541308
york_8,0.0018616313644010674
office_1,0.0018354448400318773
market_12,0.0018179997380082344
bank_2,0.001811181456398081
development_15,0.001799185561555588
movie_17,0.0017959886165528635
ohio_20,0.0017888451746059944
services_12,0.0017605091400575172
food_1,0.0017540593689163032
oil_17,0.0017530726586708059
nasdaq_20,0.0017416555633809774
county_15,0.0017388921200867371
return_16,0.001732556864750551
dow_jones_9,0.0017321558814839167
housing_4,0.0017144195324061504
firm_7,0.0016804945263082054
minister_10,0.001671041950201832
minister_5,0.0016673113601955187
chance_9,0.0016602850167477946
union_3,0.001627149548414607
kentucky_4,0.0016101527330315824
inc_6,0.0016087288607328472
secretary_20,0.001549239068115728
leverage_7,0.001532170854625204
gains_6,0.001521025754709919
voters_6,0.0015146649508250654
justice_14,0.0015141013308660651
union_8,0.0015015195747480822
inc_17,0.0014782702668334207
tourism_13,0.0014762851748013864
loss_10,0.0014664497177186342
house_8,0.001458589479472859
york_12,0.0014117298979996233
services_1,0.0014107335609326328
fun_3,0.0013688231351895407
companies_4,0.0013424808857364922
technology_4,0.0013383130953901602
home_19,0.0013367955879110842
senate_13,0.0013308115997295714
garden_11,0.0013231392289341866
security_10,0.0013183451435822477
william_17,0.0013112528372825427
bonds_5,0.0012652614192671901
forex_18,0.0012568323351014267
justice_11,0.0012524113313059086
food_2,0.001239083653973304
act_18,0.00119642183630577
project_12,0.0011849559455143384
development_6,0.001180311468730999
movie_19,0.001180160759804342
derivatives_6,0.0011547035895905576
district_15,0.0011503524171329724
forex_20,0.0011453801874001651
william_3,0.0011275034559524064
court_4,0.0011242628998513768
derivatives_4,0.001121874100117117
world_16,0.0011206890751451967
representatives_14,0.0011126479686565636
kitchen_8,0.0011108010026847795
service_4,0.0011064999912292783
travel_11,0.001096639334808333
fun_13,0.0010957566837259199
legal_12,0.0010912768220543401
bank_8,0.0010892836517898546
pennsylvania_20,0.0010738163090547904
ltd_6,0.0010393291124123967
services_4,0.0010375015006535073
chance_2,0.0010295173247842362
health_6,0.001011419651578298
money_8,0.0010108061743733844
college_8,0.0009942060722724125
gold_4,0.0009913711123814555
derivatives_1,0.0009699931925847178
fond_2,0.0009671582963211643
industry_17,0.0009408988998622957
services_2,0.0009326565688776026
nyse_2,0.0009235219289581662
industry_3,0.0008973732356945336
car_12,0.0008940075689032359
nyse_13,0.0008903906050557703
restaurant_3,0.0008900929027773577
dow_jones_13,0.0008779773840019532
fun_6,0.0008735518303658046
votes_12,0.0008715898049587422
garden_1,0.0008682700329263128
stock_market_7,0.0008631799227284448
police_8,0.0008545415692094305
industry_1,0.0008534857105785264
served_10,0.000846159374421037
bubble_10,0.0008359300166209955
voters_13,0.0008189227789880116
invest_10,0.0008152157910983899
technology_10,0.0007944720003146475
color_1,0.0007925577980991056
members_20,0.0007920946141194473
environment_12,0.0007911388995086959
marketing_14,0.0007905671091974839
consumption_5,0.0007849154349962858
sell_19,0.0007838728802931251
party_18,0.000781166382585221
vermont_17,0.0007711096756106374
cash_5,0.0007646446637067923
money_14,0.0007645806917759133
global_6,0.0007602345155168421
office_18,0.000758849489210525
cash_19,0.0007564437748797089
fond_4,0.0007520001795423193
transaction_13,0.000745582848559302
minister_11,0.0007385725221847114
environment_1,0.0007293985210175552
movement_15,0.0007268481059575278
invest_20,0.0007251320018337827
inc_18,0.0007227512875728157
served_2,0.0007218247744225474
kitchen_10,0.0007176601908985443
minister_4,0.0007173840236639319
firm_4,0.000709209824229309
massachusetts_13,0.0007056331684242931
served_14,0.0007044589745518457
travel_7,0.00070317243761099
labor_8,0.0006883503786933677
return_7,0.0006861890064093984
secretary_6,0.0006844306681320992
ohio_10,0.0006826146838466065
ceo_9,0.0006824224718680272
loss_19,0.0006799543902080893
community_6,0.0006782647547342776
carolina_6,0.0006742839958052026
credit_20,0.0006695083779759164
georgia_13,0.0006681030385669892
ore_8,0.0006668895472040805
bubble_13,0.0006572342371146186
profit_11,0.0006523453676343295
york_18,0.0006416334246065293
happy_4,0.0006406309417883492
bonds_16,0.0006378391953130463
service_14,0.0006238015878874064
dividend_12,0.0006215288646725996
invest_11,0.0006178323002238191
project_1,0.000614875447650793
voters_12,0.0006121680336241864
DOW_JONES_18,0.0006065599542390481
DOW_JONES_8,0.0006052995381226
returns_15,0.0006017236339770562
movement_9,0.0005994558572905357
wisconsin_8,0.0005992964524140523
technology_7,0.0005978332985357856
college_16,0.0005929829370313798
carolina_17,0.0005922810483651531
fine_19,0.000586998499096988
nyse_1,0.0005833095999662016
marketing_16,0.000582057691036539
house_5,0.0005811737874446058
ltd_2,0.0005788040732889221
bonds_7,0.00057850852179948
council_13,0.0005740482498398214
nasdaq_19,0.0005728110933764925
firm_10,0.000571797916458786
transaction_18,0.0005657478157054634
virginia_12,0.0005652791687454371
marriage_4,0.0005638952562325352
kitchen_7,0.0005506363690981856
oil_7,0.0005459747077749524
color_16,0.0005440434577146592
vermont_13,0.0005424313179826849
crash_12,0.0005403736183303893
financial_6,0.0005403717933516909
carolina_7,0.0005396240933933718
gain_2,0.0005264428521862306
republican_15,0.000520510981362911
police_17,0.0005204222592262515
cancer_17,0.0005187529750390485
travel_10,0.0005123699993330382
conflict_16,0.0005122495595499215
oil_13,0.0005120437319350845
return_13,0.0005097224812255836
minister_1,0.0005085709683062458
nasdaq_9,0.0005073926998700461
food_16,0.0005059234033915564
unemployment_5,0.0005043456164440518
minister_18,0.0005005131303300506
missouri_18,0.0004963095879115222
success_18,0.0004960035377471833
corporation_18,0.0004953644815854267
forex_6,0.0004953536103343237
bubble_11,0.0004943219364809457
community_14,0.0004926019145774887
products_18,0.0004920929026158469
economy_10,0.0004897513370572917
marketing_2,0.00048678576147865205
county_2,0.00048618245618281937
washington_20,0.00048308211196376266
dow_jones_16,0.00047822161703035376
profit_18,0.0004766297880238747
political_8,0.0004764105046998083
inflation_10,0.00047521841532559945
success_11,0.00047478351212584124
corporation_6,0.0004686575297985835
party_1,0.0004664717150143768
oil_9,0.00046389287934860905
inc_13,0.00046325412631189163
bank_14,0.00046266511132552477
color_7,0.00046054937751895613
democratic_7,0.0004593760924346142
restaurant_10,0.0004552082090442173
labor_6,0.00045394440580611074
present_19,0.00045161469499988184
forex_1,0.0004497450445341235
stock_market_5,0.00044768947116835393
invest_13,0.0004476720357894901
food_9,0.00044719914322817125
voters_10,0.00044547872876108535
fine_12,0.00044510990680905483
georgia_10,0.00044461265445928553
derivatives_14,0.0004439876116582676
court_13,0.0004434079660589332
technology_2,0.0004432472127919469
fine_13,0.0004409926380775141
democratic_17,0.00043874982098168357
financial_3,0.00043477017170832216
ring_9,0.0004341319215429825
food_10,0.00043119468241387604
senate_7,0.0004304503261912836
tourism_15,0.00042990311759183474
senate_8,0.0004295755576070047
union_15,0.0004289726173375247
economic_10,0.0004267977277052338
office_7,0.00042594523652032877
senate_9,0.0004245221807581047
dow_jones_15,0.0004240934245086089
service_19,0.0004238442528470688
fine_6,0.0004237093572685603
companies_16,0.00042288565282019017
investment_10,0.0004222307024113318
labor_17,0.00041943526408009857
kitchen_20,0.0004187618053521694
headlines_10,0.00041850480182886263
investment_3,0.0004184985342135506
stock_market_13,0.00041360716533733716
economic_5,0.0004113685277174066
votes_11,0.00040898961705018873
nyse_15,0.0004089828664694975
committee_9,0.00040801101741153647
color_15,0.00040748557497369834
court_18,0.0004066987724979946
services_5,0.00040605734711235105
judge_15,0.00040399826607769566
corporation_9,0.00040337910086639774
cash_3,0.00040175647412199147
gain_14,0.00040155167326838434
council_14,0.0004006975384260661
kitchen_17,0.00039918539687181713
corporation_19,0.00039674296673117916
texas_2,0.0003958281516323235
ore_10,0.00039542430192992433
crisis_18,0.0003945918197748795
growth_12,0.00039237590003101975
members_19,0.00039235603292746637
DOW_JONES_4,0.0003914887550232071
growth_11,0.0003909636440466791
marketing_9,0.00039017704610578284
secretary_1,0.0003898799482335605
york_5,0.0003894473816303115
culture_13,0.00038765286205727154
marketing_12,0.00038698912085219833
security_5,0.00038634132524016006
police_14,0.0003861760594143552
arts_3,0.00038612351333338626
union_20,0.00038537412224535117
culture_6,0.0003845232159069741
arts_16,0.00038337599163402466
legal_18,0.00038329631890225506
kitchen_19,0.00038020598354917304
cancer_12,0.0003789507545235303
ring_6,0.00037535275464881915
house_15,0.0003749399414419636
security_20,0.0003746618135674093
nyse_4,0.0003743574812982606
votes_16,0.00037425690046092116
district_10,0.00037401060781278657
revenue_14,0.00037328986129811086
color_6,0.00037139317876654874
fond_9,0.0003711762143448619
house_12,0.000369702127653751
members_7,0.00036715675339675546
county_9,0.0003666358889030139
law_15,0.0003653543290342922
war_3,0.0003643184778983574
votes_6,0.0003633411725334895
marketing_18,0.0003627667407127412
forex_10,0.0003618539896725039
legal_14,0.00036143594586691334
union_19,0.0003613277489322854
fed_12,0.00036052767799689775
water_15,0.00036044855987383477
seats_17,0.00035812392291424634
returns_3,0.00035729663102286314
technology_12,0.0003572501349602758
fed_3,0.00035296242134200275
ring_19,0.000351498782184552
credit_11,0.0003513487152398624
money_19,0.00035127098282600834
companies_18,0.0003508754666150637
economy_16,0.00035066508812309173
ohio_1,0.0003504440084449007
council_16,0.0003500151096462841
financial_19,0.00034976969690538013
chance_20,0.0003495926719008093
travel_15,0.000346982694223566
sell_1,0.0003466353324773539
nasdaq_1,0.00034649176285426
government_2,0.0003447570930653936
money_9,0.0003411688128875195
buy_2,0.00034034069002085665
council_11,0.00033956479514048025
money_4,0.0003391430534607124
stocks_4,0.00033880537501625136
crisis_3,0.0003387485179894769
security_7,0.00033721782966725645
markets_4,0.0003372034212234981
culture_5,0.0003368694234838758
firm_1,0.0003352981626956254
stocks_11,0.00033434794686329375
transaction_4,0.00033329678103209286
products_16,0.0003329234512360818
party_12,0.00033255517802612786
massachusetts_2,0.00033177556525459994
house_1,0.00033131487152528264
global_18,0.0003309488208070587
security_9,0.0003306307168301852
georgia_18,0.00032988865393868106
service_11,0.0003286010261202899
economy_5,0.00032826720204589166
credit_16,0.00032802451926764657
business_16,0.0003246102349821478
county_1,0.0003239969001629039
stocks_16,0.00032393120624073403
marketing_15,0.0003238343141285583
illinois_4,0.0003233551866264469
president_20,0.0003229617330936623
revenue_1,0.0003228891500953726
consumption_1,0.0003208368226921201
business_6,0.00031992477743743113
money_20,0.00031898487873368127
nasdaq_5,0.0003189755520797881
party_6,0.0003188519190543355
georgia_1,0.00031764788211691717
investment_12,0.00031713660357996057
invest_19,0.0003169163064760019
judge_4,0.00031646210010262253
religion_20,0.00031611475887566943
ltd_11,0.00031582510726455704
ore_20,0.00031464145266943216
district_12,0.00031433547904087414
travel_19,0.0003130550637696097
seats_16,0.0003126189201105311
food_19,0.0003125907987467956
headlines_6,0.0003119018105897886
forex_19,0.00031141599633683004
massachusetts_8,0.00031135951270161704
william_16,0.00031008979194021815
stocks_19,0.00030991361631876847
forex_13,0.0003098847257042418
lifestyle_18,0.00030943735383770385
social_19,0.0003089627245301892
million_1,0.0003083310899476515
dow_jones_4,0.00030832837243179067
william_5,0.0003083107394374607
technology_19,0.00030809113901953316
dow_jones_5,0.00030635748596136294
credit_3,0.00030618478769185964
travel_4,0.0003059728175398436
car_14,0.0003058901031847909
health_5,0.0003052930975634655
council_9,0.00030050412534519207
representatives_10,0.0003003655583270762
bank_3,0.000299927865641067
war_9,0.00029910991593707747
default_3,0.00029867837212552704
stock_market_1,0.000298021809587935
founded_11,0.0002968604347275328
rich_13,0.00029657621819294993
gains_16,0.0002948681252477396
elections_6,0.00029399386135730237
secretary_11,0.00029261561009831294
college_13,0.0002921563257891554
management_15,0.00029143802762624936
forex_7,0.00029049437250249806
elected_14,0.00028991590169876407
tennessee_2,0.0002893660133486995
garden_6,0.00028813138728309704
vermont_14,0.00028812512718822124
management_17,0.00028807977890772657
portfolio_7,0.00028806224657885207
bubble_18,0.00028686485091124913
pennsylvania_1,0.0002867813066602221
labor_3,0.00028660593791171666
york_17,0.0002861088132580948
virginia_14,0.00028598161242000743
william_8,0.00028544372676120094
banking_9,0.00028494536608133966
nasdaq_15,0.00028362276059882056
seats_12,0.00028253239505130796
derivatives_2,0.00028253142948734574
nyse_9,0.00028108206685737157
derivatives_8,0.0002810240834376315
service_5,0.0002806221482829347
firm_12,0.0002802911983091687
ore_14,0.0002802671767043886
marriage_5,0.00027937556292348913
fed_6,0.0002785481177047916
texas_12,0.00027753024468882645
sell_6,0.00027749936256387384
ore_19,0.00027716002074601665
social_3,0.00027651148100904044
stocks_18,0.0002764828462811708
marriage_20,0.00027543882735246066
inflation_15,0.0002746518465258933
revenue_9,0.0002739390708208397
society_1,0.00027349491667685865
crash_9,0.0002733713357512287
seats_8,0.00027226616534156294
project_9,0.0002717594922028336
economic_9,0.00027074496259263256
stock_market_15,0.00027032726950146347
washington_12,0.0002703260189966593
gold_7,0.0002700425798642265
stocks_3,0.0002692460761160986
georgia_4,0.00026910288495717645
markets_5,0.0002690838860693916
restaurant_18,0.00026802557310235504
service_15,0.0002675861106254415
health_12,0.00026693503641321006
illinois_10,0.00026685483723890474
district_4,0.0002667700902051414
voters_15,0.00026644780286388785
pennsylvania_11,0.00026643554963275005
economic_16,0.00026599792502348253
health_19,0.00026598138664559644
investment_14,0.0002658180747446172
global_17,0.0002653675823016744
management_13,0.0002648499555342708
markets_1,0.0002646621048569685
bank_12,0.00026459430681084273
financial_20,0.000264578689189314
nyse_8,0.00026415405897531953
house_18,0.00026134780446267127
virginia_9,0.0002611075860312338
money_1,0.00026101498910047915
act_1,0.00026052522136691406
banking_7,0.00026038285726496624
stocks_13,0.0002588039884875235
political_6,0.0002584572580512353
justice_18,0.0002583912601792141
money_3,0.0002578267230477225
development_8,0.00025750648961346393
service_12,0.0002572740144885041
social_12,0.00025690921914444526
minister_7,0.0002557584741140888
society_18,0.00025474004865059906
nyse_3,0.00025436722270171387
credit_10,0.0002540704493934414
million_4,0.00025393763721797763
return_14,0.0002531159976872723
council_19,0.00025309467544919347
minister_12,0.0002528560527241512
corporation_10,0.00025257753980689637
market_11,0.00025234786631528187
nyse_18,0.0002515120549418655
services_6,0.00024823979612014104
union_13,0.00024780993242999464
community_16,0.0002475630887062821
chance_19,0.00024693132629638844
county_14,0.0002460384056568773
forex_11,0.00024494116560520206
invest_17,0.00024491447806221063
college_14,0.0002447448684197929
tennessee_14,0.00024419678334357373
inflation_18,0.00024368533424815936
william_11,0.00024332317410021297
holiday_14,0.00024317555273939916
unemployment_15,0.00024299488328175038
business_11,0.00024275510470819276
chance_14,0.00024172039017808942
project_3,0.00024103220261592094
success_7,0.00024072605976871043
unemployment_3,0.00023994171123158843
culture_7,0.00023980912511232621
energy_13,0.00023963985428447344
voters_19,0.0002395306060063064
representatives_5,0.00023943207823218146
office_6,0.0002391480728967166
tourism_3,0.00023837186167649033
seats_19,0.00023765362618619724
industry_12,0.00023757802909837424
loss_17,0.00023753886290865192
cash_12,0.00023705382777112317
debt_14,0.00023676821969202466
service_1,0.00023638764246444963
color_13,0.00023578859762350116
restaurant_6,0.0002357111195656155
gain_10,0.00023533937974094801
return_20,0.00023525532671343733
ore_6,0.0002352397777610903
federal_14,0.000235147195299332
york_6,0.00023412358990593772
legal_5,0.00023404313159902838
fond_3,0.00023398353178588906
bubble_9,0.000233875673379831
market_8,0.00023384473843133028
party_5,0.00023355377130064995
home_14,0.0002333043344742842
dow_jones_1,0.00023307514463642956
present_14,0.00023304444259414407
federal_4,0.00023293578993368688
bank_13,0.0002325527032842291
office_19,0.00023235807563144238
returns_11,0.00023203595003025646
credit_6,0.00023188076471365133
travel_18,0.00023174011323502905
oil_5,0.00023093221690187308
fed_17,0.00022995743951285572
bubble_20,0.0002297309191504605
virginia_4,0.00022954576900923598
money_5,0.00022949203608721251
served_3,0.00022946254843912438
invest_1,0.0002291597870177113
crisis_6,0.0002284463676772152
corporation_20,0.00022768548225605975
society_2,0.0002268833403422647
tennessee_11,0.00022683187419812495
act_10,0.00022670450962178918
political_13,0.0002261375550287254
trader_15,0.0002259843008364824
returns_20,0.00022529346322922443
forex_16,0.0002239997649099755
services_13,0.00022357456098442765
media_4,0.00022350404216704537
county_20,0.00022337819237637865
kitchen_2,0.00022307275153717052
marketing_20,0.00022302445315496307
freedom_13,0.00022228548808848875
fine_11,0.0002221618981743576
service_7,0.00022206355931249738
rights_7,0.0002220492295742555
wisconsin_12,0.00022171232825984158
william_15,0.0002208906046070452
fine_17,0.00022085353506864648
social_16,0.00022015980017153736
DOW_JONES_20,0.00021968055475068103
sell_11,0.0002193958228994983
union_7,0.00021916400243174262
cancer_4,0.00021912708662972735
government_8,0.0002190635277149578
fun_8,0.0002187899814889472
social_1,0.00021858533075242405
movie_15,0.0002181315380860543
missouri_2,0.00021783142455839946
case_9,0.0002177077012041777
committee_5,0.00021768721962218152
washington_2,0.00021767451085990468
cash_8,0.00021714490172600946
water_18,0.00021712378381209187
county_3,0.00021704907349286525
invest_7,0.00021701744936304174
court_17,0.00021687226916223366
fun_17,0.00021587991307808695
senate_14,0.0002157843012833671
technology_8,0.00021526657184556933
crisis_10,0.00021518748562248638
democratic_9,0.00021509138375756386
representatives_19,0.0002145820434684551
court_9,0.00021424616951665765
crash_4,0.00021398568458759563
district_9,0.00021384177254274144
social_5,0.0002137309580012355
secretary_14,0.00021344891629691788
banking_20,0.00021334181721250473
bonds_3,0.00021268428041515769
invest_4,0.00021212007166504344
court_1,0.0002120734202116745
garden_15,0.00021129563371449962
party_15,0.00021124323240150406
council_6,0.00021083437260867907
minister_19,0.00021076854920625452
markets_18,0.00021068692173149576
finance_6,0.0002105053896629208
fed_16,0.00021046565782487366
crash_13,0.00021035739605299234
bank_9,0.00021009892299684858
health_2,0.00021004955378272006
inc_3,0.00021001398972519004
kentucky_5,0.0002098103353352299
development_16,0.00020952462708771706
invest_15,0.00020910573869534357
profit_19,0.00020909775467458622
fed_7,0.0002087628721050408
senate_4,0.00020872678310858192
food_7,0.00020864698748451448
ltd_7,0.00020853892763331841
car_19,0.00020812077059074023
texas_6,0.000208082996368896
movement_1,0.00020780628383985496
gain_8,0.00020765559731191952
industry_2,0.00020764617360763797
media_20,0.00020744424117433922
vermont_6,0.00020744120010084087
transaction_5,0.00020740263511198875
county_19,0.00020712668968183028
democratic_8,0.0002070924496487633
growth_3,0.00020699028031772668
politics_11,0.00020643801667475612
stock_market_18,0.00020611505013356688
energy_10,0.00020489090857903877
buy_19,0.00020386645543964634
banking_15,0.00020380765288908556
tourism_18,0.00020361686384523376
cancer_3,0.0002035530530152526
holiday_1,0.0002034981041641007
law_19,0.00020337937611158256
DOW_JONES_13,0.00020331301883916078
pennsylvania_4,0.00020308891206444595
market_2,0.00020297554482248212
religion_17,0.0002025743797354908
washington_17,0.00020218857794736576
investment_15,0.0002015616892674356
elections_3,0.00020116452687374387
DOW_JONES_10,0.00020084901682826162
ltd_14,0.00020075550226563956
police_5,0.0002004900658410623
financial_7,0.00020024414660356393
georgia_14,0.00020008457092549853
success_6,0.0001996995532333693
culture_17,0.0001996354336208383
pennsylvania_10,0.00019947124864195788
ltd_12,0.00019945523097242992
carolina_8,0.00019907812192419355
tennessee_8,0.00019833439113090795
revenue_16,0.0001982142331842497
tourism_19,0.0001980648565320596
stocks_7,0.00019794023963159117
movie_16,0.00019788371375757511
fed_20,0.00019713576036809884
political_7,0.00019686786578155082
labor_16,0.0001965573752829917
office_12,0.00019645493118508608
sell_17,0.00019620248895890486
holiday_18,0.00019604962840705836
republican_6,0.00019550458333121752
political_15,0.0001954971415462849
million_14,0.0001953512378401022
republican_13,0.00019494636510678266
opportunity_19,0.0001949436695288956
court_3,0.0001948656200993169
world_9,0.00019469756426528974
marketing_6,0.00019456027731957844
stocks_8,0.0001933731439901784
default_11,0.00019318516117851998
act_16,0.00019312287343730206
society_12,0.00019293627655922747
opportunity_20,0.00019276073403213812
restaurant_12,0.00019214664289691225
tourism_16,0.00019189873959595192
law_3,0.00019181911089211195
kentucky_19,0.00019173740892063898
investment_1,0.0001917047195291852
politics_6,0.00019138773546000347
bonds_6,0.0001913469974542379
gold_14,0.00019107596647796124
legal_20,0.00019035420455267702
labor_13,0.00019015613986446875
management_9,0.0001901206681858097
union_2,0.00019009415983352765
security_19,0.00018999938590711228
pennsylvania_3,0.0001898018905836635
car_11,0.00018954423487587877
DOW_JONES_11,0.00018936096725286116
water_9,0.0001893391871062793
office_10,0.0001893058959467007
oil_15,0.0001883283882152569
members_12,0.00018830894514923032
war_8,0.00018830632705287034
consumption_16,0.00018829667563734448
banking_2,0.00018804143421508482
society_6,0.00018797942788974678
labor_19,0.00018699954762798458
cancer_7,0.00018697383465479686
buy_16,0.0001868932665197404
garden_9,0.0001868352931922043
consumption_8,0.00018667594796805957
representatives_9,0.00018667331309940214
economy_9,0.000186592878655589
services_15,0.00018623509556888037
gold_8,0.00018582114800689113
police_7,0.0001857849588355168
inflation_3,0.00018541031792325405
votes_7,0.0001849699622150508
transaction_19,0.00018449253644148452
marketing_1,0.00018446966447555649
government_6,0.00018397345264181447
global_19,0.00018388100224543214
religion_1,0.0001835993005744196
holiday_5,0.00018349520097600297
founded_19,0.00018320627687843548
union_6,0.00018320204086519663
corporation_11,0.00018316696258498325
federal_12,0.00018309160241136143
color_3,0.00018293777519232509
virginia_1,0.00018258158446383488
success_16,0.00018250691288067953
gains_13,0.00018244625425741325
tennessee_17,0.00018188570234291723
inflation_5,0.00018172749091890822
crash_20,0.00018152499589245432
train_10,0.00018119097259509088
house_6,0.00018081274007035776
trader_18,0.00018056151142761682
war_2,0.00018052527298516576
society_9,0.00018047109446570165
metals_19,0.00018043570362785336
industry_6,0.00018041465562531738
garden_19,0.00018036708875438938
market_13,0.00018010841958950247
bonds_4,0.00017960595088083967
global_4,0.0001790491118291929
unemployment_18,0.0001790096379974045
cash_17,0.0001789480657953505
fond_19,0.00017834489519074153
labor_20,0.0001780354330827239
ltd_1,0.0001779665144322259
fun_16,0.00017787311501908236
trader_17,0.00017764380823281545
project_6,0.00017758628160165712
election_20,0.00017746666294624568
law_10,0.00017737091712482117
markets_12,0.00017731966429952042
consumption_10,0.00017726547203409363
unemployment_9,0.0001772087025342271
growth_20,0.00017718878375962634
bank_16,0.00017702422720940485
stocks_5,0.00017700775042185806
ltd_18,0.00017683066614534654
inflation_11,0.00017671075681183432
world_19,0.00017654228976675423
hedge_20,0.00017650048125424485
elections_14,0.0001764901385505961
loss_7,0.00017616465991949934
transaction_16,0.0001756221784785257
market_9,0.00017560450114066713
global_8,0.00017496205146220383
nasdaq_14,0.0001742250392329662
president_15,0.00017422100123742443
texas_4,0.000174186831368184
fed_1,0.0001741440637869736
success_5,0.00017412324352895583
development_2,0.0001740722540360196
religion_11,0.00017353315567279756
federal_7,0.0001734529433097915
religion_12,0.00017330630041074112
freedom_4,0.00017302674360981026
founded_13,0.00017297097921529727
county_17,0.00017266648504112828
ltd_16,0.0001726174866659363
county_4,0.00017246587068830665
travel_17,0.00017238881504232876
governor_12,0.00017203197703715643
debt_9,0.00017187364034134452
act_5,0.0001714058178445865
banking_17,0.00017110515778625992
pennsylvania_15,0.00017109814137272137
project_20,0.00017089853546070995
revenue_6,0.00017071459832149565
pennsylvania_14,0.00017070248300775045
media_18,0.00017063931779350976
washington_10,0.00017062574980468228
car_10,0.00017061682189818488
marriage_18,0.0001705559245614876
financial_16,0.00017053583391990717
security_15,0.00017018306881639607
arts_19,0.0001701508010791914
derivatives_12,0.00016991749061889515
legal_11,0.0001698731001118944
fond_5,0.0001697681317277975
gold_9,0.0001696319599829254
ore_7,0.00016958430587441845
food_11,0.00016953511763028974
police_3,0.00016939158528959185
loss_4,0.00016934634724206308
business_2,0.00016897782954796722
global_12,0.00016885330462730423
energy_3,0.0001688069876199278
travel_1,0.00016860795886712687
police_1,0.0001682515360407015
rich_17,0.00016824019275780844
firm_13,0.0001681927230960533
corporation_13,0.00016811988792234155
water_2,0.0001677513823715196
return_4,0.0001676873584765384
elected_7,0.0001674871851536241
world_14,0.00016748602658209666
office_3,0.00016716031721876722
social_18,0.00016713353148929593
college_9,0.0001671330035713266
headlines_14,0.0001670176983090638
project_11,0.00016692301808292573
bonds_20,0.00016676369541122237
council_20,0.00016670095525685825
law_1,0.00016666204773255574
headlines_5,0.0001664964744280547
court_12,0.000166393059833906
tennessee_20,0.00016636627924592205
justice_5,0.0001659792336189191
opportunity_18,0.00016553232098359758
william_7,0.00016469898372626311
wisconsin_17,0.00016426205040931765
district_17,0.0001642532547297992
party_2,0.0001641831437080864
corporation_17,0.00016415305832387394
bank_19,0.0001640507992430169
crash_6,0.00016386895544045018
election_19,0.00016381225325896333
crisis_1,0.0001637452302649282
texas_20,0.00016366654751528883
movie_10,0.00016349425327979411
legal_10,0.000163165509616169
home_18,0.00016286099386102285
college_5,0.00016278539198894552
crash_18,0.00016227522819781248
war_13,0.00016215408448510708
security_6,0.0001621457938236644
tennessee_6,0.00016210021485461732
law_16,0.00016184771096376248
home_3,0.00016162620169476367
founded_10,0.000161498183215495
william_18,0.00016136031031907072
washington_3,0.00016134944297918505
home_4,0.00016122288812195516
ltd_10,0.00016117798972810663
development_7,0.00016106136971662843
virginia_20,0.00016100536601265796
holiday_12,0.00016089371185575818
food_13,0.00016082505569662124
security_4,0.00016025426586746972
industry_16,0.0001601334505825765
products_2,0.0001598373903100447
credit_13,0.00015982056292145527
housing_1,0.0001597707267143558
management_3,0.00015976648799584305
bank_17,0.00015969335027339406
texas_13,0.00015955899473239676
marriage_9,0.00015954508126696078
bank_6,0.00015946714754893506
investment_18,0.0001594239928257312
tourism_8,0.00015934502691838842
minister_9,0.00015926256227574034
society_5,0.00015924036648361586
social_14,0.00015900058096764654
chance_3,0.00015876053308904175
world_12,0.00015865449068442862
war_14,0.00015852119944758267
buy_4,0.00015837084907690548
virginia_10,0.00015817296876375516
financial_8,0.00015814626676622864
york_15,0.00015802254445373848
growth_8,0.00015788763697001116
missouri_10,0.0001577959027272112
technology_5,0.00015765190283332335
stocks_6,0.00015752492474670448
bank_4,0.0001572860749904734
water_17,0.00015723013678381494
founded_12,0.00015718195077687666
movie_14,0.00015717662154136455
home_2,0.00015714437688508871
inc_7,0.00015702586517304923
business_3,0.00015691792594293373
washington_8,0.0001567475453885725
headlines_4,0.000156631755161849
gold_15,0.00015658634255206734
political_12,0.00015635102414010213
society_11,0.0001559617303602009
texas_1,0.00015592806670609727
marriage_6,0.00015589900724570814
banking_10,0.00015575277225623554
banking_5,0.00015574520515541118
oil_3,0.00015521670356089312
william_10,0.00015520546925126694
fun_19,0.0001550654160856104
government_5,0.0001550176645265762
development_11,0.00015492877814283132
car_5,0.0001543830234833986
economic_1,0.0001542855096639272
texas_15,0.00015411785375199757
consumption_18,0.00015399718031439572
minister_17,0.0001539935273863227
home_8,0.0001539469194833589
ceo_15,0.0001538632207667918
committee_16,0.00015371357966462604
washington_9,0.00015357658104673635
republican_2,0.00015332324258352702
companies_17,0.00015299932463590484
movement_2,0.00015277811401968714
president_8,0.00015262965374429445
members_3,0.000152597398015837
ltd_5,0.0001524786696001135
credit_18,0.00015230889816754506
massachusetts_14,0.00015218950884583323
happy_12,0.0001521760425254756
rich_3,0.00015197014512688428
global_14,0.00015182342275190552
inc_16,0.00015138795196398367
democratic_15,0.00015129434126941817
freedom_12,0.00015123791740804575
success_19,0.0001511585437786895
rights_2,0.0001510082053644177
district_16,0.00015097100322361047
products_8,0.00015094411056959243
credit_5,0.00015094155297024344
industry_13,0.0001509257766843229
DOW_JONES_15,0.00015075423011734674
business_18,0.00015068048459224886
development_5,0.00015047537926938704
financial_4,0.00015030960268013434
consumption_3,0.0001502789931233616
housing_16,0.0001499532914738856
sell_2,0.00014975744869968755
service_9,0.00014962587341536918
case_3,0.00014940163673540785
inflation_6,0.00014927225725522333
sell_8,0.00014914394863565445
color_19,0.0001490678372873362
food_18,0.00014883836015651636
ministry_3,0.00014876679248182294
georgia_2,0.0001486699282719553
court_10,0.0001485226654621922
federal_8,0.0001484917551019556
holiday_4,0.00014848458988018674
movie_6,0.00014845516407747803
house_2,0.00014839982816001337
lifestyle_7,0.00014838281007465267
legal_16,0.00014801147391975744
loss_11,0.00014799859245754772
senate_15,0.00014777012685894284
food_4,0.00014770314560506192
fond_17,0.00014747302996930933
default_9,0.0001473050730922061
governor_8,0.0001471430689370672
social_7,0.00014688165881812358
votes_2,0.00014654815304882145
ore_18,0.00014635881175610355
nasdaq_8,0.00014634538794253168
marketing_17,0.000146181098311116
returns_19,0.00014611068580263554
act_6,0.0001459876357727015
garden_16,0.0001459529437779703
president_13,0.00014560300838149454
car_1,0.00014548936223318009
consumption_9,0.00014545247254952402
missouri_17,0.00014525997915879898
financial_2,0.00014524847694945755
bank_15,0.0001452050794721844
security_8,0.00014491710098139268
oil_19,0.00014465554856391352
forex_14,0.0001446201752411166
health_18,0.00014443981539593779
business_8,0.00014428073950632843
tennessee_7,0.0001441920224494193
gold_10,0.00014404112307051707
forex_2,0.00014400661063217394
county_7,0.0001439912223664805
water_5,0.00014361878191353834
social_11,0.00014359163565444836
world_3,0.00014355208907219092
risk_14,0.00014327083629759257
representatives_4,0.000143210030982784
movie_7,0.00014319133593922363
council_12,0.0001430379275427881
federal_18,0.00014298709605280695
buy_13,0.00014283249143308259
movement_13,0.00014280141475861273
world_11,0.00014259652021368508
return_5,0.0001425494722439812
invest_2,0.00014239435301887545
market_5,0.00014232753421963875
crash_7,0.00014222730799178266
college_18,0.00014216312913803875
lifestyle_4,0.00014211308671153024
fed_15,0.00014205588682500268
fond_16,0.0001419938907018144
kentucky_1,0.00014196171612941775
hedge_10,0.0001418996511215607
district_19,0.00014189484844722642
massachusetts_10,0.0001417642266245781
economics_5,0.00014168115616732883
trader_2,0.00014163043293579017
society_20,0.00014147604908645305
revenue_13,0.00014138411926919176
inc_11,0.0001410829286489741
money_2,0.0001410005511292279
vermont_12,0.00014099586020101506
stats_19,0.00014090684298107367
hedge_8,0.00014089562177273658
home_13,0.00014088565154618903
elections_11,0.00014084490973431828
crash_15,0.0001408165036510684
car_16,0.00014063250842836082
energy_8,0.0001405693968693855
missouri_12,0.00014022813578340747
nyse_19,0.00014020030046851668
movie_3,0.0001400951125769238
investment_11,0.0001400650093394113
security_16,0.00014001932735898694
color_2,0.0001398896378281535
community_10,0.00013973820249288076
union_18,0.00013946410336944728
vermont_9,0.0001394566056647357
senate_5,0.00013942806336140752
metals_13,0.00013939235035204624
oil_20,0.0001393396297282882
inc_12,0.00013929605188414912
minister_13,0.00013922167492897764
world_6,0.00013918668270706058
kitchen_11,0.00013866905990304158
court_15,0.0001386091020422537
bank_11,0.00013859270344600432
stats_14,0.00013858671980769536
oil_14,0.00013856868054180975
credit_14,0.00013854122161878674
ltd_17,0.00013852469723059921
financial_12,0.00013841692392095478
companies_13,0.00013828080733407135
district_8,0.0001381891459991029
health_14,0.00013809629163545647
president_17,0.00013808578245334122
million_20,0.00013803744351824888
republican_20,0.00013802744336258898
credit_2,0.00013799609184874103
water_14,0.00013789854806849398
inc_8,0.00013754748460605032
products_3,0.0001374594356284143
missouri_1,0.00013736892192052965
freedom_17,0.00013726262152317952
technology_16,0.00013725006996365545
york_2,0.00013707841052641763
fed_10,0.0001370650860539635
marriage_14,0.00013688285887121542
corporation_1,0.00013680749812953889
unemployment_8,0.00013671969818529155
illinois_2,0.00013658088998258036
kentucky_3,0.0001363299108325267
nasdaq_16,0.0001362228540374703
growth_18,0.00013619882205987097
services_10,0.00013617078638118596
home_6,0.00013613649716077639
car_18,0.00013612553653920604
returns_16,0.00013612126124961375
washington_6,0.0001358817034366707
water_1,0.00013580553278446498
religion_13,0.00013576402818361635
cancer_16,0.00013573255628614853
governor_13,0.00013572359621167118
vermont_5,0.0001354810657214764
finance_13,0.0001351598558405596
financial_1,0.00013480855622221747
dow_jones_10,0.00013464416570982364
happy_15,0.00013451900902770232
president_9,0.00013451694316621543
restaurant_8,0.000134500775487035
president_3,0.00013435406037884523
services_3,0.00013424414347776932
law_18,0.00013416500377481428
profit_8,0.00013412974879398323
labor_14,0.0001341126161705883
culture_1,0.00013394932866681527
votes_9,0.00013389452321606996
georgia_6,0.00013387012618975853
media_10,0.00013385687235430453
rights_3,0.00013385448546981667
legal_2,0.00013373573839074618
million_12,0.00013357676432973204
members_18,0.00013341685457387686
community_1,0.00013322270193837516
restaurant_16,0.00013303739311581518
court_8,0.00013298657906802034
default_10,0.00013294174952585894
conflict_14,0.00013276575543894322
college_17,0.00013276249360577618
hedge_14,0.0001326763257841246
cash_9,0.00013261941169615717
finance_10,0.00013261732609266103
college_12,0.00013235080052155122
money_6,0.00013230425905034698
returns_9,0.000132224064632672
college_1,0.00013215810756453506
sell_20,0.00013209947189064898
markets_2,0.00013195970458955731
corporation_7,0.00013173977368879553
fond_11,0.00013158281344661564
served_16,0.00013157251649133299
buy_8,0.0001315272842267632
leverage_16,0.00013150863689882149
environment_14,0.00013146914050489472
car_2,0.00013143111121180373
development_4,0.0001313062014658049
home_5,0.00013127872830310782
missouri_19,0.0001312345654907355
investment_7,0.0001311255377535492
virginia_8,0.00013104256820939856
wisconsin_7,0.00013102708557918594
judge_9,0.0001310232377680966
return_18,0.0001309155752211645
government_14,0.00013084244737796607
police_4,0.00013081282318790663
secretary_17,0.0001307624095658933
default_14,0.0001306447068942035
headlines_1,0.00013039326457900337
profit_2,0.00013037142441157086
case_12,0.00013036855889062953
hedge_7,0.00013030167921527252
business_19,0.0001302886277517029
service_20,0.00013027774467900782
marriage_2,0.00013025734589683594
county_16,0.00013024581390369718
government_13,0.00013017039660420156
stocks_15,0.0001300641394143821
health_17,0.00012994522025378512
corporation_15,0.00012991520221923957
inc_9,0.00012990136635093695
illinois_13,0.00012977850997980306
law_2,0.0001297279594148156
revenue_19,0.0001297053478040742
ltd_15,0.00012969911785457174
tennessee_5,0.00012964753306397964
bank_18,0.00012946844930676027
train_12,0.0001294654863884203
firm_2,0.000128857385851415
judge_13,0.00012872483971295494
illinois_12,0.00012863306730650947
election_18,0.0001286246044202258
union_14,0.000128577867700857
security_1,0.00012855009641494353
democratic_1,0.0001284669361906392
companies_6,0.0001282513119908686
district_13,0.00012787498411178443
social_17,0.00012784288572297793
gains_8,0.0001277559345468871
carolina_14,0.00012759553647752808
home_1,0.00012749931547866041
council_2,0.0001274473643666169
president_18,0.00012743681031390417
party_17,0.00012738063082950576
headlines_12,0.00012698102564158518
federal_10,0.00012678080714476558
housing_12,0.00012665637997899022
gain_3,0.00012665430203749066
texas_9,0.00012658774726544177
ore_15,0.0001264369158837537
crash_14,0.00012601431149402104
ltd_13,0.0001260107050266131
happy_17,0.00012597635880907273
car_4,0.00012578463921424963
restaurant_2,0.00012564212682480188
portfolio_20,0.00012547995945570245
freedom_16,0.0001254764775922105
georgia_7,0.00012536989882100996
profit_10,0.00012528079577229175
industry_8,0.0001252573343258972
arts_4,0.0001251506695907174
lifestyle_13,0.00012506158935790776
college_10,0.00012483817702653967
transaction_12,0.0001247541212272528
movement_18,0.00012473332810805418
republican_10,0.00012471444122729748
missouri_14,0.00012465252273699814
derivatives_18,0.00012462554389375963
crash_3,0.00012454337012287212
risk_17,0.00012450683689773718
credit_8,0.0001243244172804771
union_4,0.00012430357139722007
housing_5,0.00012416624512757442
texas_11,0.00012413087749727815
holiday_17,0.00012405238524622173
risk_3,0.0001240519539333124
development_9,0.00012403859735382069
district_1,0.00012395099666674252
home_9,0.00012385586601714894
service_8,0.00012377150214712174
ore_13,0.00012365728495765507
media_12,0.00012355029338020042
labor_10,0.00012349942512339905
health_13,0.0001234783730327629
color_18,0.00012338784612804822
illinois_15,0.00012331612316455898
justice_13,0.00012328779362851238
gains_18,0.00012309164488767527
travel_13,0.00012290168674552104
banking_8,0.0001226256696381182
voters_9,0.00012254545737219792
invest_5,0.00012235805467278373
debt_12,0.00012235783555007422
world_18,0.00012221715631028463
council_18,0.00012218161457703763
credit_1,0.00012208203890258873
marriage_11,0.00012170088169945058
bubble_12,0.00012168099254899154
fine_15,0.00012166528961481863
district_2,0.00012155457584152227
health_4,0.00012154668997080653
conflict_6,0.00012145586808559127
stats_18,0.00012140162984615528
william_12,0.0001212833789079117
court_6,0.00012128012773454511
william_9,0.00012123833997629601
dividend_19,0.00012117996111177712
million_11,0.00012116652135692505
lifestyle_10,0.00012109013564982745
credit_12,0.00012108965617300499
movie_11,0.00012107439982305528
sell_12,0.00012105398212522888
war_4,0.00012085901099374456
debt_3,0.0001208556254904115
buy_12,0.00012057246010218003
william_20,0.00012045283112923662
fed_13,0.00012040209939682403
wisconsin_4,0.0001203347034797088
home_17,0.00012028717589456311
federal_1,0.0001202727972552684
legal_13,0.00012026464373435307
elections_15,0.00012025199922886767
world_2,0.00012024185604938568
train_18,0.00012023257952674796
carolina_15,0.00012020218332922604
union_1,0.00012019421596864283
housing_2,0.00012000886014650607
crisis_8,0.00011991360987986158
development_10,0.00011990746582694738
invest_16,0.00011990735184018451
inc_15,0.00011985744623919988
arts_1,0.00011984794024458201
economy_6,0.00011979683155234425
hedge_16,0.00011975818956915721
gold_12,0.00011970477364530769
war_18,0.00011966183586843601
members_8,0.00011963757002701308
judge_1,0.00011957848315749685
companies_5,0.00011953193242907792
corporation_2,0.00011951120222080613
stats_12,0.00011943458600428285
crisis_9,0.00011942604207940878
members_16,0.00011932336283631162
gold_20,0.0001192332344090022
massachusetts_5,0.00011912004630872061
restaurant_14,0.00011911319688528989
election_5,0.00011903246181302697
happy_6,0.00011890816269361453
inflation_14,0.00011883019584848868
headlines_18,0.00011882062523206221
project_16,0.00011876958932635101
revenue_3,0.00011850056402873675
consumption_6,0.00011846792043070381
party_11,0.0001183070229343981
act_8,0.00011826084118628107
york_1,0.00011807098592989243
credit_9,0.00011795129157243816
gold_6,0.0001178757117804564
district_20,0.00011784074335226368
unemployment_2,0.00011780059389826121
energy_6,0.00011758566848070214
william_13,0.00011749734939950719
massachusetts_4,0.00011747028036524411
tennessee_18,0.00011737373789055695
missouri_15,0.00011736502500762944
committee_6,0.00011725779715243924
police_19,0.00011708942313831875
secretary_16,0.000117074231047721
cash_7,0.00011702213985533733
dow_jones_8,0.00011700441812785479
earnings_7,0.00011689165693562411
carolina_18,0.0001168689033574977
trader_5,0.00011684159050432267
william_14,0.0001168279398816782
governor_11,0.00011682384017189824
police_11,0.00011679257664290362
carolina_11,0.00011675063247738246
william_1,0.00011673220847893113
marketing_8,0.0001166902997699093
finance_16,0.000116581358107618
holiday_7,0.00011649223656768388
headlines_17,0.00011642527483584589
illinois_5,0.00011640827597676054
society_14,0.00011630024903608359
rights_10,0.0001162275334383083
stocks_12,0.00011621518858990155
transaction_1,0.00011618525277217223
society_8,0.00011609829907890636
marriage_10,0.00011596818792060423
leverage_3,0.00011589719839879809
nyse_11,0.00011571688567165364
garden_10,0.0001157090365973562
police_18,0.00011568970077670711
cash_1,0.00011560104841800632
government_19,0.00011559374871872666
movie_2,0.00011555452216167182
banking_6,0.00011554523167851588
technology_3,0.00011538937084392914
tennessee_12,0.0001152367399888232
union_12,0.00011502656059967568
fun_2,0.0001149532816084185
virginia_11,0.00011494013958012508
election_8,0.00011486412240075479
elections_8,0.00011480974377163374
happy_11,0.00011458699084356673
georgia_15,0.00011443949938537773
cancer_6,0.00011443364405886511
governor_2,0.00011442850574036847
water_11,0.00011440879985277087
society_13,0.00011439563797083815
energy_16,0.00011429599441602933
services_11,0.00011429172425500805
environment_3,0.00011428358699195028
war_15,0.00011413644898018928
color_4,0.0001140949960088509
founded_18,0.00011405340074184645
investment_17,0.00011401097591893405
train_1,0.00011399225071188273
chance_6,0.00011396172368504967
law_14,0.00011394575352697947
project_18,0.00011386861924968141
washington_4,0.00011382190487648424
development_3,0.00011377957413832633
profit_15,0.00011376261232012885
georgia_16,0.00011371033746107134
color_17,0.00011369392125147017
cash_4,0.00011348662777020677
ring_18,0.00011331089788620472
william_4,0.000113294271714857
credit_7,0.00011322792590546079
dow_jones_20,0.00011322484991823728
party_7,0.00011320077599581024
risk_6,0.00011309326911953076
committee_7,0.00011295859040825687
bank_20,0.00011288895924966866
stats_4,0.0001128669771825576
environment_7,0.00011282438067980978
crash_11,0.00011265212017447891
ceo_18,0.00011255734434403412
buy_11,0.00011246966231097478
minister_16,0.00011245764831855799
rights_17,0.00011243687835454575
office_15,0.00011226998346991231
marriage_15,0.00011221021830006362
arts_6,0.00011210659529708496
health_15,0.0001120158488273552
oil_12,0.00011194403260180184
office_4,0.00011184831270002643
federal_16,0.000111833522659781
market_16,0.00011157310204977816
management_19,0.00011144214922123505
york_16,0.00011141439633777307
act_2,0.00011134837491209218
community_11,0.00011132792979905084
kentucky_7,0.00011119312516131864
legal_8,0.00011115462496886377
virginia_13,0.00011105522899899064
nyse_10,0.00011096080191932265
movie_1,0.00011094785299532735
present_15,0.00011089081479342554
democratic_10,0.00011088874737653135
conflict_2,0.00011080982502373751
ring_2,0.00011076870789570476
forex_15,0.0001106863261168661
dow_jones_6,0.00011065290424328303
social_4,0.00011063271222415012
finance_5,0.00011050064427561657
community_7,0.00011022807295587789
economy_17,0.00011020578664993285
republican_12,0.00011015225187382399
development_14,0.00011003049531746577
lifestyle_14,0.00010985472784760473
market_17,0.00010984881074547809
blacklist_15,0.00010984033348547282
missouri_9,0.00010970543019261232
religion_4,0.0001096790730926595
representatives_15,0.0001096739014616827
risk_9,0.00010962554634262535
seats_15,0.00010958504466356312
governor_20,0.00010946770319017196
law_4,0.00010944646863427748
service_18,0.00010943554269043525
debt_17,0.00010936662932560126
garden_7,0.00010934733428773968
finance_12,0.00010934521435857778
opportunity_14,0.00010933901751212295
house_17,0.0001092624226685527
law_20,0.0001090666479180583
government_18,0.0001089966662800772
ohio_11,0.0001089928200468516
hedge_11,0.00010890308676371546
opportunity_8,0.00010884155766564459
project_2,0.00010875570607468273
government_11,0.00010874649316392005
movie_18,0.00010866105003609486
happy_2,0.00010856148621161321
case_8,0.00010853481492552883
transaction_14,0.00010844436836043183
ceo_17,0.00010830059831052117
case_17,0.00010824275153555645
secretary_5,0.00010814717825318925
voters_16,0.0001081387944434763
seats_7,0.0001080824003499787
services_20,0.0001079022167967945
happy_5,0.00010781356309855786
case_7,0.0001077855154121765
cancer_5,0.00010777684052101292
society_17,0.00010771301647739594
products_15,0.00010767763243511457
earnings_14,0.0001075333781609948
color_20,0.0001074724348507253
chance_16,0.00010741120846290787
earnings_20,0.0001073383934445433
community_18,0.00010733261454966872
service_16,0.00010731475911383475
bonds_9,0.00010719204048110545
religion_6,0.00010703470859032206
trader_7,0.0001070080445002785
bubble_14,0.00010692222477474934
york_19,0.00010690355217663473
texas_10,0.00010683670958085774
members_10,0.00010663357496846725
government_3,0.00010660571419982401
bonds_14,0.00010640051376163138
financial_17,0.0001063599831998972
rights_20,0.0001063454634381291
carolina_2,0.00010634357697750288
development_1,0.00010621540637117042
stock_market_3,0.000106208391252203
carolina_16,0.00010612534456786455
court_19,0.00010610269303689759
texas_7,0.00010605635984990202
religion_14,0.00010604448993668956
legal_4,0.00010603625508167631
million_2,0.00010598638394546536
invest_8,0.00010585420920439649
opportunity_10,0.00010583663676248712
debt_4,0.00010578022421969456
firm_20,0.00010564801838774098
food_3,0.00010563631454257198
loss_12,0.00010558208164563949
health_16,0.00010557069743841624
georgia_5,0.0001055603142203437
office_9,0.00010551190117546086
corporation_5,0.00010550993315670388
stats_3,0.000105495436928597
project_13,0.00010545393033996942
economic_7,0.00010543505447065352
firm_11,0.0001053527533457818
federal_15,0.00010535087889273731
culture_20,0.00010534880885730143
default_12,0.00010520857623171866
loss_1,0.00010514286106074377
crisis_17,0.0001051096817528451
virginia_7,0.00010494882266531436
oil_2,0.00010486479686728531
buy_18,0.00010485611719938414
travel_3,0.00010483662898694389
bubble_17,0.00010471446904001076
secretary_2,0.00010459705143717735
global_13,0.0001044837168970748
security_14,0.0001044802957654149
development_20,0.00010444157828042329
case_5,0.00010442470865943174
food_20,0.00010439349508938687
justice_10,0.0001043152549594183
conflict_7,0.00010425580577709024
buy_9,0.00010425121376629488
court_5,0.00010401320548398194
inc_14,0.00010397031203506392
president_1,0.00010359515750472918
inflation_19,0.00010341391328448662
car_13,0.00010340292849562449
virginia_5,0.00010338708062766477
secretary_7,0.0001033160808650114
crash_1,0.00010331266479736939
georgia_19,0.00010330986944683942
ohio_4,0.00010320290264420137
home_16,0.00010310621530886978
market_20,0.0001030818536048581
returns_8,0.00010282338292987154
political_16,0.00010282167593448136
present_11,0.0001027731711690564
washington_13,0.00010274527751627972
county_13,0.00010272315765574657
office_11,0.00010271570961977075
trader_16,0.0001026552026036268
society_19,0.00010262248400716653
unemployment_17,0.00010256257439998081
judge_12,0.0001025228423424244
development_18,0.0001024605267756432
present_16,0.00010243217531704801
success_10,0.00010240259848506837
election_10,0.00010238777275642586
debt_1,0.00010238366291615207
holiday_6,0.00010234868824000751
revenue_10,0.00010228093669771693
party_8,0.00010214982959435326
fed_19,0.00010212257778327859
kitchen_15,0.0001021005380675662
housing_6,0.00010188519172731391
movie_4,0.00010188460860434544
world_10,0.00010182085203216293
act_17,0.0001017518822083441
food_15,0.00010166581013842673
election_12,0.00010164883492872562
train_19,0.00010162661054602524
restaurant_11,0.00010160369286216218
trader_9,0.00010160108475821166
stock_market_16,0.00010159686755521612
security_13,0.00010148380452316184
restaurant_20,0.00010121254959225753
DOW_JONES_3,0.00010117747265025887
management_8,0.00010100080885572867
blacklist_2,0.00010097524993192497
elections_2,0.00010095576233267498
case_2,0.0001009458559286009
carolina_9,0.00010089701875280253
service_2,0.0001008365032095231
virginia_16,0.0001008269257630844
inflation_17,0.00010080209029809729
markets_7,0.00010075846249317013
economic_2,0.00010068489654310314
community_13,0.0001005714994711956
economics_8,0.0001005607712657966
markets_14,0.00010027778741261027
tennessee_9,0.00010026326461226637
leverage_11,0.00010025696986417521
products_1,0.00010013435558407382
food_5,0.00010013268546347953
security_2,0.00010009743686273433
train_17,9.995695283667586e-05
republican_19,9.989949472739569e-05
business_9,9.984862532008453e-05
inflation_20,9.98447974707145e-05
buy_17,9.983156748036931e-05
global_3,9.98218973430766e-05
marriage_19,9.968566070674648e-05
forex_17,9.961822064542652e-05
unemployment_12,9.954940733873833e-05
money_7,9.935190956611831e-05
financial_14,9.926740896610894e-05
justice_3,9.922574583176985e-05
ohio_2,9.921734546011999e-05
judge_20,9.916968518292438e-05
garden_14,9.915626922012098e-05
arts_17,9.90894435934889e-05
secretary_15,9.900092606387925e-05
members_14,9.89853551312695e-05
returns_13,9.89647426465519e-05
crash_17,9.893942694625647e-05
success_1,9.88734750529204e-05
nasdaq_6,9.870975603764905e-05
freedom_7,9.868008214859169e-05
growth_13,9.8592268462826e-05
car_7,9.832364390231003e-05
rich_10,9.826152826261983e-05
court_2,9.81910923918932e-05
movie_9,9.818981268559803e-05
college_2,9.815863539168458e-05
served_4,9.81442383732306e-05
committee_11,9.814339698040617e-05
case_10,9.81356316701697e-05
carolina_19,9.812785889098109e-05
ministry_11,9.812515772716695e-05
political_5,9.811721832740165e-05
credit_17,9.811162906054009e-05
loss_2,9.806109375415999e-05
arts_12,9.802358667790457e-05
services_19,9.79015081056637e-05
restaurant_1,9.77206803628882e-05
government_10,9.77140425728517e-05
bubble_6,9.76531490437288e-05
services_7,9.763359521805702e-05
companies_19,9.761851475556399e-05
ore_12,9.756208504372328e-05
county_6,9.750407109689816e-05
energy_12,9.741090732321144e-05
inc_5,9.727584006355448e-05
ohio_14,9.722897542322238e-05
companies_7,9.716506326114128e-05
kentucky_18,9.715726768701668e-05
portfolio_16,9.711590671871585e-05
products_11,9.684807995150559e-05
investment_19,9.676502493559252e-05
present_2,9.672082843487424e-05
metals_9,9.671053025576047e-05
fun_20,9.667322691862292e-05
opportunity_15,9.661271961958037e-05
washington_15,9.655341322946496e-05
cash_6,9.641403403573151e-05
global_20,9.63906804988611e-05
firm_8,9.637549382577165e-05
firm_9,9.622652911555559e-05
water_4,9.620451764892019e-05
house_9,9.62035790195728e-05
trader_10,9.61636406569684e-05
growth_6,9.614095283090417e-05
economic_12,9.613895461944829e-05
security_17,9.611748744519174e-05
dividend_2,9.606747027524401e-05
ceo_3,9.606114420945364e-05
cancer_9,9.603214362990108e-05
project_17,9.590654461611237e-05
massachusetts_15,9.589067532032423e-05
york_11,9.588365205390824e-05
default_5,9.582769925129364e-05
county_8,9.581415058417664e-05
district_6,9.578799670986217e-05
media_19,9.563017418559302e-05
movement_10,9.56274606565147e-05
representatives_11,9.557090120291173e-05
college_11,9.542543465802224e-05
technology_9,9.537084336182594e-05
return_2,9.532648947496783e-05
firm_19,9.53170084295526e-05
chance_10,9.530667163590256e-05
industry_18,9.529388599153045e-05
case_4,9.526034199411392e-05
cash_2,9.511125411071441e-05
carolina_5,9.50508598265285e-05
georgia_12,9.499020289336306e-05
water_19,9.497711257590733e-05
elections_5,9.492640933171634e-05
kitchen_5,9.478505106600144e-05
crash_8,9.474851571879602e-05
risk_15,9.466064220334506e-05
governor_3,9.460188365931948e-05
texas_14,9.446135505763199e-05
conflict_1,9.442043377064597e-05
york_13,9.441794024451272e-05
crisis_14,9.441747387793556e-05
products_12,9.415032744938129e-05
technology_20,9.410911538352094e-05
tennessee_15,9.405209854583573e-05
water_13,9.402049922238596e-05
bonds_11,9.401911006191582e-05
federal_13,9.400521787563635e-05
investment_8,9.40035037346003e-05
texas_19,9.390940756187089e-05
district_14,9.37145400553213e-05
ohio_19,9.368676685908936e-05
community_5,9.368607760646083e-05
law_6,9.361952120483943e-05
companies_10,9.353002830230482e-05
world_5,9.31256835455521e-05
economy_19,9.300843313563587e-05
corporation_16,9.29896269613613e-05
party_3,9.278189571104692e-05
derivatives_17,9.276863855100998e-05
fine_7,9.271712101651875e-05
media_11,9.266180035995305e-05
industry_5,9.266114464326208e-05
ohio_9,9.263513418866629e-05
markets_19,9.246158883140903e-05
pennsylvania_16,9.245786169323516e-05
restaurant_15,9.242701173333399e-05
minister_8,9.240452624746332e-05
blacklist_7,9.237333572599311e-05
headlines_3,9.226354360858098e-05
car_8,9.224705046170414e-05
federal_2,9.223540028233819e-05
train_20,9.219959019562049e-05
kentucky_20,9.219360652914649e-05
car_17,9.207946947319083e-05
global_1,9.201199643546047e-05
business_20,9.19906359744684e-05
train_13,9.183261158965741e-05
secretary_13,9.178553019300734e-05
justice_15,9.169324768201229e-05
default_13,9.167990345365523e-05
law_13,9.167742606659625e-05
world_1,9.158396525908903e-05
firm_6,9.151891208148488e-05
freedom_11,9.147584327895495e-05
judge_19,9.147429816941754e-05
texas_16,9.143708564612263e-05
business_7,9.139109691453291e-05
success_8,9.137698496318461e-05
DOW_JONES_17,9.126845204051432e-05
committee_1,9.098707435886901e-05
world_17,9.097167563384005e-05
movie_20,9.095549303400322e-05
republican_14,9.084272702379241e-05
metals_12,9.083947900210114e-05
ore_11,9.080269337119559e-05
buy_14,9.074084836382324e-05
world_13,9.071130662023036e-05
religion_16,9.063979914785761e-05
companies_3,9.063334527626244e-05
media_8,9.061503354647864e-05
inc_19,9.061045185159858e-05
college_7,9.058275823372257e-05
movement_3,9.058052781661942e-05
served_6,9.055120215462456e-05
security_11,9.052532586268288e-05
gain_9,9.051383437363058e-05
metals_11,9.050957947329426e-05
fine_2,9.045200033537479e-05
management_18,9.043112958189387e-05
companies_2,9.039034695059321e-05
tourism_5,9.037871261404562e-05
social_8,9.034199570116244e-05
chance_7,9.032574002220692e-05
governor_9,9.026767809384043e-05
products_14,9.020171372253485e-05
kentucky_16,9.013641298441856e-05
headlines_20,9.012161358111013e-05
georgia_17,9.010451367052295e-05
unemployment_20,8.999497852426755e-05
college_20,8.998106322729695e-05
environment_11,8.985936749917882e-05
religion_9,8.985783905538881e-05
management_16,8.984897509454532e-05
project_15,8.979653445396252e-05
risk_13,8.975432981851588e-05
business_17,8.97029796647448e-05
illinois_14,8.96828657603633e-05
bubble_7,8.942331379452983e-05
district_5,8.932370267361194e-05
restaurant_13,8.929401325613084e-05
massachusetts_3,8.924364679210765e-05
crisis_12,8.921999204046968e-05
freedom_15,8.91689089615543e-05
fun_5,8.91168899770223e-05
community_3,8.911607109271116e-05
return_19,8.903752125128533e-05
labor_4,8.901378769461392e-05
committee_3,8.894910187239857e-05
nasdaq_18,8.886856315049888e-05
housing_15,8.886635124728679e-05
kentucky_17,8.880466567881631e-05
cancer_2,8.875306877351109e-05
ring_7,8.871604781319468e-05
oil_1,8.870566741266376e-05
inc_4,8.870325892294775e-05
energy_15,8.86867055410616e-05
representatives_18,8.854822498226214e-05
conflict_4,8.843258380497269e-05
york_20,8.830039710115737e-05
cash_15,8.828678055690325e-05
market_18,8.827188598757551e-05
success_4,8.813446842030787e-05
vermont_11,8.812369397231189e-05
washington_11,8.811926429072631e-05
companies_15,8.810737442975851e-05
service_6,8.809869774989665e-05
senate_18,8.792028932144152e-05
war_7,8.790163245895562e-05
illinois_1,8.78964818435385e-05
act_3,8.788511697611205e-05
labor_7,8.788316288803386e-05
election_17,8.78078907258153e-05
cancer_8,8.780472974623322e-05
office_20,8.773455752826405e-05
tourism_6,8.773270792963263e-05
inflation_1,8.759348952010726e-05
arts_13,8.74940454681116e-05
court_14,8.746048152313722e-05
bubble_15,8.743637819987162e-05
inc_20,8.73771414279663e-05
economics_16,8.73639380364236e-05
fun_1,8.735131686115325e-05
chance_15,8.73274076150064e-05
act_20,8.72163220472986e-05
law_5,8.716285327827882e-05
products_9,8.712163377124358e-05
politics_9,8.70594110789944e-05
founded_5,8.703489286446824e-05
dow_jones_3,8.703429570368011e-05
party_19,8.700928660426343e-05
financial_9,8.698485970399502e-05
rich_11,8.695337990528019e-05
marketing_7,8.683828250492033e-05
rich_9,8.674540442586894e-05
train_4,8.671212696787398e-05
senate_2,8.66320555227705e-05
georgia_9,8.654122485340186e-05
market_6,8.652285805213184e-05
travel_12,8.637355823612235e-05
headlines_9,8.636271184587331e-05
health_3,8.63488468356659e-05
union_17,8.63296360068671e-05
freedom_2,8.632288053857769e-05
corporation_4,8.62839517695581e-05
services_18,8.628138261878289e-05
unemployment_14,8.62785281165781e-05
unemployment_6,8.621578809621272e-05
project_4,8.61015836153732e-05
companies_14,8.598314596485483e-05
return_17,8.596859086999414e-05
global_2,8.592875396078052e-05
kitchen_6,8.592308817336615e-05
community_15,8.586224026134417e-05
banking_18,8.585269679525387e-05
products_13,8.58234619736977e-05
fond_20,8.578187753103361e-05
office_13,8.577388171939233e-05
served_17,8.576499826472409e-05
tourism_12,8.575598454207293e-05
kitchen_18,8.573414135564217e-05
war_10,8.572588009583257e-05
labor_18,8.568279419896423e-05
happy_3,8.56747674505143e-05
georgia_3,8.566961645203321e-05
social_6,8.566540348453466e-05
blacklist_1,8.563896208358993e-05
loss_6,8.561434550000503e-05
culture_16,8.552699742057997e-05
buy_3,8.552335819237389e-05
conflict_19,8.552108608649854e-05
inc_2,8.55059088143937e-05
carolina_20,8.542431067947367e-05
success_13,8.53846851402532e-05
opportunity_12,8.537927758598501e-05
culture_4,8.537822452895113e-05
train_6,8.534593370764818e-05
freedom_5,8.532408293056358e-05
forex_8,8.524017285861989e-05
election_3,8.518583631245495e-05
lifestyle_17,8.515978229490168e-05
firm_3,8.504904708584116e-05
happy_20,8.500947082754758e-05
travel_8,8.49027041262128e-05
investment_16,8.490110904118527e-05
industry_4,8.4886959377009e-05
fine_14,8.461760985015438e-05
texas_3,8.448172830195896e-05
pennsylvania_19,8.444034267341078e-05
bank_10,8.444018354098326e-05
founded_3,8.440106982229872e-05
law_12,8.438955719075542e-05
industry_20,8.438201104472203e-05
labor_1,8.43275161899385e-05
votes_18,8.427728477827684e-05
union_5,8.418205146478679e-05
bank_1,8.404204267915365e-05
investment_9,8.39626332645602e-05
metals_2,8.391188953739884e-05
credit_4,8.367112839409523e-05
party_4,8.364118083870658e-05
energy_5,8.363639089930455e-05
labor_9,8.362017164575623e-05
banking_3,8.34195682164234e-05
consumption_19,8.325778646227975e-05
earnings_9,8.319878496330812e-05
fond_18,8.31214119822046e-05
management_12,8.308695736114785e-05
dividend_13,8.303942604179141e-05
finance_1,8.295263823147483e-05
DOW_JONES_1,8.293977886098744e-05
pennsylvania_7,8.293776738545505e-05
markets_9,8.277152535597221e-05
political_17,8.266127132634303e-05
garden_3,8.265805563361361e-05
members_2,8.265608869401528e-05
returns_10,8.25437221612445e-05
wisconsin_10,8.247194942488317e-05
DOW_JONES_2,8.245844621066055e-05
senate_12,8.24499222468117e-05
massachusetts_20,8.240068294676712e-05
legal_1,8.239812061465965e-05
rights_4,8.238594649095048e-05
stocks_20,8.237363238158547e-05
representatives_1,8.23681739901577e-05
returns_12,8.232130695301979e-05
york_3,8.225411670464138e-05
secretary_19,8.215813900540419e-05
senate_1,8.213944052702615e-05
car_3,8.207734776047684e-05
movie_5,8.206380057253204e-05
judge_17,8.203679072742569e-05
energy_4,8.200874757421312e-05
crisis_7,8.19902565624888e-05
sell_18,8.187784246048908e-05
conflict_20,8.183961659418379e-05
law_11,8.179806855473924e-05
kitchen_14,8.176125748584793e-05
texas_8,8.1739297996602e-05
trader_14,8.173869440646955e-05
transaction_11,8.173722968117917e-05
minister_14,8.17317099340955e-05
representatives_13,8.170783903158375e-05
arts_14,8.153998136691534e-05
inflation_16,8.15151475966854e-05
college_19,8.148431582575918e-05
energy_7,8.146947059788679e-05
members_11,8.12844961071559e-05
debt_19,8.121008569039166e-05
business_5,8.118559973712174e-05
leverage_15,8.118517699199378e-05
home_15,8.116086005469877e-05
garden_17,8.111166528277377e-05
president_14,8.109111362141437e-05
crisis_13,8.10668779992039e-05
hedge_9,8.099764272560937e-05
earnings_19,8.098633780217478e-05
home_11,8.095715317795638e-05
health_11,8.093575547065451e-05
society_15,8.092152732198428e-05
gain_1,8.091426858906359e-05
ohio_18,8.084311431847496e-05
house_11,8.077829615411773e-05
transaction_15,8.071063836727884e-05
members_17,8.061524609937479e-05
case_20,8.052736943366803e-05
georgia_20,8.0519290209113e-05
democratic_11,8.048626300637918e-05
ring_5,8.047401075611888e-05
metals_6,8.04489066016275e-05
crisis_11,8.038343977186071e-05
secretary_9,8.035015894652832e-05
oil_6,8.031092381985014e-05
marketing_10,8.03062272378996e-05
sell_4,8.02457031710515e-05
global_15,8.024118613595027e-05
companies_20,8.007386322160356e-05
committee_15,8.003625728062911e-05
secretary_12,8.00341752693369e-05
blacklist_3,7.997271007544262e-05
act_7,7.985622436386847e-05
texas_18,7.983772931263821e-05
blacklist_13,7.98153514735527e-05
georgia_11,7.981210418986628e-05
portfolio_6,7.968565901644563e-05
bonds_15,7.968305370324579e-05
voters_11,7.968244340081391e-05
cancer_11,7.964775979050348e-05
technology_1,7.964524968172145e-05
water_10,7.948477803828789e-05
opportunity_7,7.943503510441932e-05
products_19,7.938702196003178e-05
million_13,7.926516478654684e-05
finance_14,7.916632607164483e-05
office_14,7.916392699347772e-05
office_16,7.906913302871231e-05
fine_16,7.903078695975644e-05
firm_15,7.896359680741938e-05
fond_12,7.89514624890824e-05
holiday_19,7.893436340294057e-05
district_7,7.892149080807738e-05
water_3,7.890959083234526e-05
business_12,7.890553220789024e-05
gold_1,7.883309912751233e-05
council_15,7.874462267619305e-05
products_5,7.871664847770339e-05
market_3,7.870250748700555e-05
democratic_14,7.866295587994392e-05
consumption_4,7.865936697584222e-05
oil_8,7.85004223659131e-05
election_11,7.846938295047833e-05
car_20,7.844999044967697e-05
senate_17,7.841716612386405e-05
elections_7,7.83993303109499e-05
rights_12,7.833943115241626e-05
federal_3,7.832647035460109e-05
police_13,7.83031230373278e-05
college_4,7.82739950079991e-05
movement_8,7.81725442381011e-05
culture_10,7.813514222886459e-05
ring_8,7.809070773352816e-05
oil_18,7.808498283248963e-05
world_8,7.802968879960461e-05
carolina_10,7.80218934427678e-05
food_12,7.79497424367464e-05
global_9,7.789113237913809e-05
social_2,7.787867205981308e-05
companies_12,7.787705912150917e-05
wisconsin_2,7.784233487124033e-05
economic_11,7.778927631475487e-05
gold_11,7.778748168326736e-05
committee_8,7.77526907988879e-05
travel_5,7.768365559941862e-05
party_20,7.766058126570024e-05
election_2,7.753537249059636e-05
ore_1,7.747274408845056e-05
car_6,7.741158793005235e-05
conflict_17,7.730752077325392e-05
debt_11,7.728352707994024e-05
management_5,7.726257739989529e-05
ohio_3,7.717128184825545e-05
profit_14,7.716940830729651e-05
wisconsin_3,7.715260218989612e-05
garden_18,7.71433957642165e-05
metals_16,7.698597415401186e-05
county_18,7.69485361803584e-05
returns_5,7.686338525546747e-05
district_18,7.684968235439365e-05
legal_7,7.681225082427028e-05
holiday_10,7.673748006772465e-05
law_9,7.671867626440143e-05
president_4,7.670996806538895e-05
cancer_19,7.670663473429175e-05
sell_14,7.668511374999082e-05
million_9,7.663660797931806e-05
profit_16,7.658154291985204e-05
war_11,7.656580197526523e-05
election_1,7.652852806293054e-05
finance_17,7.643542620825027e-05
conflict_18,7.633290378052835e-05
massachusetts_19,7.625691711506099e-05
government_1,7.624928453708269e-05
water_6,7.624920089529937e-05
industry_7,7.621262875859279e-05
revenue_17,7.618334185990742e-05
culture_2,7.613700661398798e-05
wisconsin_15,7.611030856040048e-05
freedom_6,7.608129632233595e-05
transaction_3,7.603159247899996e-05
wisconsin_11,7.589377690392207e-05
governor_4,7.576178190483363e-05
house_4,7.56590750352045e-05
media_13,7.561546767665458e-05
court_7,7.560581424721156e-05
nyse_20,7.544129220517993e-05
act_14,7.526746638327797e-05
federal_17,7.524044996534182e-05
train_9,7.522772405324105e-05
companies_11,7.51657193792426e-05
gold_13,7.515251635228579e-05
missouri_11,7.513379051591907e-05
derivatives_5,7.505244278188814e-05
environment_20,7.50226169522161e-05
money_13,7.500517994825402e-05
law_7,7.493824394325432e-05
bonds_8,7.483611656506678e-05
return_8,7.482641447072049e-05
risk_5,7.477708878228131e-05
nyse_5,7.4638497804317e-05
arts_7,7.446394580044397e-05
derivatives_13,7.444930163960836e-05
ohio_6,7.444579103903549e-05
college_3,7.441566814140686e-05
legal_19,7.433081201668598e-05
members_15,7.432859204426203e-05
train_3,7.417230696677662e-05
politics_2,7.417054773791706e-05
color_11,7.414038031538462e-05
marriage_17,7.409663952364207e-05
loss_15,7.409191180053582e-05
fine_4,7.405394221936124e-05
ohio_7,7.401284731442124e-05
missouri_8,7.398913996837799e-05
gains_10,7.398634085537071e-05
legal_17,7.392569610656771e-05
media_5,7.392070099499551e-05
debt_5,7.385367056267413e-05
finance_8,7.368005062871601e-05
case_6,7.365975331843128e-05
DOW_JONES_12,7.359793928091712e-05
county_10,7.356914124902211e-05
rights_8,7.355453799413449e-05
financial_13,7.355420081382319e-05
culture_3,7.355188135688926e-05
train_7,7.349226519987987e-05
ceo_4,7.347811782818488e-05
forex_5,7.336504066323982e-05
business_13,7.334923778466214e-05
bubble_16,7.332873419547392e-05
judge_6,7.332409136870557e-05
tourism_9,7.32997500378275e-05
freedom_1,7.326322575201821e-05
politics_13,7.317194405785891e-05
trader_8,7.31652766230864e-05
service_3,7.315516716319235e-05
garden_13,7.313108376054359e-05
house_7,7.310404834113301e-05
finance_7,7.304923019270839e-05
companies_8,7.303337717864422e-05
sell_3,7.301489311337028e-05
energy_18,7.30032206729958e-05
train_2,7.298371084165587e-05
politics_14,7.295207085252582e-05
council_17,7.286298599496476e-05
government_17,7.28566536803739e-05
happy_10,7.281154828246518e-05
buy_15,7.275386672269871e-05
buy_10,7.273775280330214e-05
members_13,7.272980158709301e-05
elections_16,7.2713144975096e-05
DOW_JONES_16,7.269416582235554e-05
markets_10,7.265817409954107e-05
unemployment_1,7.264201038038367e-05
media_6,7.261441543492503e-05
vermont_16,7.254739639300166e-05
growth_14,7.254006116127637e-05
service_17,7.25129369340581e-05
governor_18,7.243068662083322e-05
finance_11,7.23220514243365e-05
opportunity_2,7.227718590602109e-05
republican_7,7.221274555997342e-05
fed_11,7.219058809372226e-05
transaction_17,7.218184557885556e-05
pennsylvania_5,7.218047430011358e-05
marriage_1,7.214976099301873e-05
politics_18,7.212919144677758e-05
rich_12,7.206419564505581e-05
case_18,7.205089495753153e-05
minister_20,7.204764822306428e-05
management_7,7.204114355734583e-05
opportunity_13,7.190886004968681e-05
culture_9,7.189268226571449e-05
color_14,7.1864449837459e-05
growth_5,7.183359921841655e-05
success_20,7.17497459458672e-05
energy_20,7.174148343629396e-05
buy_20,7.169546833481732e-05
wisconsin_19,7.166180567748122e-05
religion_2,7.162234851538448e-05
economy_18,7.154983316965038e-05
gain_16,7.140604274511253e-05
governor_17,7.132060743917333e-05
tourism_1,7.131656614422535e-05
development_12,7.13022547156554e-05
million_6,7.129609891392373e-05
services_17,7.115580614321417e-05
party_13,7.107942678133452e-05
county_11,7.107352722023687e-05
hedge_17,7.107170780145713e-05
office_2,7.107029432808273e-05
seats_2,7.102335456696514e-05
trader_1,7.09141013840514e-05
million_17,7.090308374338256e-05
DOW_JONES_7,7.088542575194005e-05
government_12,7.085433072408489e-05
stock_market_10,7.084876133163453e-05
cash_13,7.079677336320737e-05
energy_17,7.077312534560115e-05
justice_9,7.071161432234932e-05
companies_1,7.06472276171467e-05
debt_20,7.064468513002292e-05
project_10,7.061987357942413e-05
technology_18,7.06154584933031e-05
global_7,7.060959915212379e-05
energy_14,7.058355738217459e-05
finance_20,7.048230420703827e-05
legal_6,7.039178853512058e-05
democratic_12,7.033999756927848e-05
judge_10,7.030215998743972e-05
ltd_3,7.028251064453858e-05
secretary_4,7.028202589968462e-05
world_4,7.023530272700653e-05
inflation_12,7.021545414159331e-05
ceo_13,7.016827774110232e-05
industry_14,7.010348330900537e-05
ohio_17,7.005246840931057e-05
unemployment_13,7.004395375026923e-05
war_16,7.003635927693164e-05
debt_2,7.00188905289795e-05
present_3,6.99016811538734e-05
arts_9,6.988687350839747e-05
cash_16,6.988013872124806e-05
elections_19,6.984665404681184e-05
president_19,6.983500085922339e-05
buy_1,6.973243514859167e-05
loss_14,6.963344457140428e-05
judge_16,6.959508962795229e-05
corporation_3,6.959244676997841e-05
court_16,6.951836238655248e-05
pennsylvania_6,6.945228213741204e-05
freedom_8,6.944272650846238e-05
banking_16,6.929592486703377e-05
bubble_5,6.923752631332283e-05
stats_8,6.918211834213944e-05
lifestyle_2,6.913175359424643e-05
act_11,6.912683047579453e-05
election_13,6.907465975263585e-05
marriage_12,6.903152714604323e-05
arts_18,6.897028233922334e-05
inflation_4,6.893556308310472e-05
committee_14,6.887664400578033e-05
pennsylvania_2,6.88539011446665e-05
consumption_14,6.882212894909222e-05
stats_17,6.880054511376925e-05
massachusetts_6,6.878521469635332e-05
risk_2,6.871230362918884e-05
ministry_13,6.869733552819003e-05
home_12,6.864864420120753e-05
crash_2,6.862312192544256e-05
virginia_19,6.857768575416156e-05
stocks_17,6.850646226118269e-05
management_14,6.844593922179323e-05
revenue_11,6.843749774866693e-05
invest_18,6.840810377289895e-05
garden_12,6.83499981449198e-05
county_12,6.826501799866412e-05
democratic_4,6.818534348061165e-05
district_3,6.815866646635139e-05
color_5,6.813015415572567e-05
default_1,6.809659425090546e-05
buy_6,6.808230308305242e-05
election_15,6.805513452004092e-05
cash_18,6.804665869187812e-05
lifestyle_5,6.801161816548963e-05
ring_14,6.798454940141785e-05
wisconsin_14,6.792888602478138e-05
democratic_18,6.792313933400863e-05
media_14,6.79206226604759e-05
culture_8,6.770657868207412e-05
crash_10,6.768329217411184e-05
earnings_1,6.760503639784634e-05
cancer_15,6.760059495589787e-05
party_16,6.759502017446004e-05
act_19,6.754944599413712e-05
home_20,6.752658061172302e-05
act_4,6.752600877599507e-05
garden_4,6.750390051938713e-05
house_20,6.750189255133548e-05
return_3,6.741903065672214e-05
council_1,6.740006445071874e-05
ceo_8,6.729059442052004e-05
rich_4,6.723384313064427e-05
labor_15,6.722017605998525e-05
earnings_13,6.72033809718864e-05
illinois_20,6.712859419827588e-05
ministry_16,6.708186134100005e-05
gain_12,6.703886032406658e-05
services_14,6.699855470351703e-05
return_9,6.69827865076533e-05
portfolio_12,6.696772058330605e-05
food_8,6.696434784964853e-05
finance_3,6.69609806908808e-05
happy_14,6.682810128529972e-05
massachusetts_18,6.682420792280581e-05
marriage_7,6.67324845335245e-05
loss_3,6.666690255994834e-05
revenue_15,6.664335451499374e-05
senate_19,6.651187514905868e-05
million_7,6.650743901305125e-05
ceo_20,6.648408342669408e-05
labor_5,6.646588929905166e-05
social_20,6.645201119906864e-05
debt_7,6.644844288947997e-05
kitchen_16,6.644598472350168e-05
vermont_19,6.642044855200828e-05
bank_7,6.640854335115863e-05
banking_14,6.640680751704898e-05
minister_6,6.639769994088324e-05
finance_2,6.638765642250735e-05
secretary_3,6.636945786745908e-05
investment_6,6.636547245460892e-05
world_15,6.629521161739243e-05
senate_3,6.62838744744937e-05
train_5,6.6237114872844e-05
present_12,6.622247340932506e-05
chance_17,6.612920777805094e-05
return_15,6.610723726212398e-05
revenue_2,6.592113005697034e-05
william_6,6.576211660565323e-05
industry_19,6.571464784677057e-05
health_20,6.566813470431444e-05
act_15,6.566642300779179e-05
ohio_12,6.565679734289574e-05
water_8,6.559812478463748e-05
founded_17,6.556480642263425e-05
earnings_8,6.543903349289838e-05
derivatives_10,6.543854905615806e-05
vermont_2,6.530447946672074e-05
hedge_2,6.529219415127757e-05
ceo_14,6.526398800975279e-05
industry_9,6.518861616907213e-05
economy_4,6.511611275355929e-05
illinois_9,6.502380724444752e-05
case_11,6.499250056415983e-05
lifestyle_8,6.49627271379697e-05
washington_19,6.491839027408024e-05
dividend_9,6.482631692582068e-05
financial_15,6.482369980716388e-05
political_10,6.472807342450158e-05
energy_19,6.461545525701747e-05
leverage_13,6.459516561168173e-05
investment_5,6.459360766801711e-05
house_13,6.459310435423539e-05
earnings_2,6.447592602527844e-05
justice_16,6.43941652698437e-05
present_4,6.428958860194534e-05
freedom_14,6.425991107025102e-05
financial_5,6.42446331074404e-05
million_8,6.421535577707778e-05
democratic_19,6.420257787901734e-05
lifestyle_9,6.410436042947192e-05
police_12,6.410434199302421e-05
conflict_10,6.4090770666817e-05
metals_17,6.404178622502754e-05
transaction_8,6.399877206142505e-05
religion_8,6.399753902976724e-05
technology_13,6.390696757227186e-05
return_6,6.388475590898954e-05
fine_3,6.388020405761605e-05
crisis_19,6.384087739697358e-05
profit_1,6.38386959821387e-05
marriage_3,6.377138416788038e-05
case_1,6.375267196500737e-05
growth_15,6.374404015931553e-05
justice_12,6.373166957793307e-05
revenue_18,6.371630562705776e-05
business_15,6.366808183991345e-05
success_14,6.366339246218926e-05
labor_12,6.363628568614039e-05
president_10,6.356669644725572e-05
votes_13,6.354049482563532e-05
train_14,6.346700184990176e-05
freedom_3,6.342138624523187e-05
arts_8,6.336928958786041e-05
representatives_6,6.331700002408284e-05
case_16,6.331308786468765e-05
hedge_13,6.330347311850532e-05
ohio_16,6.325316827857707e-05
democratic_16,6.323515656916838e-05
arts_2,6.31818245089282e-05
nasdaq_11,6.315676014200479e-05
default_17,6.314686486197577e-05
movie_13,6.30992690220709e-05
members_5,6.305596000555184e-05
illinois_16,6.296915587101354e-05
conflict_11,6.296874894438104e-05
pennsylvania_8,6.293020734770493e-05
health_9,6.28601208530973e-05
development_13,6.284246318610257e-05
train_11,6.282299260681969e-05
police_16,6.267817507285914e-05
business_14,6.265931011326201e-05
ohio_15,6.265324353973718e-05
ceo_2,6.26421547566245e-05
stats_15,6.264148452877065e-05
judge_3,6.26400789139115e-05
gain_4,6.262375806520337e-05
rights_6,6.24900638267336e-05
government_7,6.248126391592102e-05
election_7,6.247695190440127e-05
banking_19,6.247077417254148e-05
republican_16,6.242262687974952e-05
holiday_13,6.231869465830779e-05
housing_9,6.229066013816557e-05
college_6,6.222620542917235e-05
economy_7,6.219515498556291e-05
industry_10,6.219117472217946e-05
million_18,6.218150152527052e-05
dividend_16,6.209013339946918e-05
vermont_4,6.206259437932399e-05
transaction_6,6.205817780964466e-05
carolina_12,6.204762052616513e-05
police_6,6.203003216473992e-05
health_8,6.18877451574209e-05
tennessee_16,6.18849540963731e-05
union_10,6.185285831211537e-05
movement_14,6.184586214912011e-05
health_1,6.184341692508174e-05
gain_15,6.181572050532367e-05
cancer_20,6.176805823143773e-05
bank_5,6.173992605504736e-05
headlines_15,6.169621355769319e-05
movement_16,6.169614951245668e-05
holiday_20,6.168286454006307e-05
returns_6,6.165631851427783e-05
religion_10,6.156313895353583e-05
development_19,6.146610831102998e-05
dividend_17,6.14614806302739e-05
politics_19,6.145042196955738e-05
gold_19,6.144951632384532e-05
hedge_5,6.139777975916604e-05
york_14,6.13405022420789e-05
ring_11,6.128059146715048e-05
inflation_7,6.12511382617405e-05
management_6,6.121024219223142e-05
train_16,6.11850043647559e-05
leverage_17,6.11024724612353e-05
media_16,6.109897734966832e-05
home_7,6.10474609307016e-05
gold_16,6.101962291049243e-05
democratic_20,6.1017591995913074e-05
gold_18,6.100162623603521e-05
debt_13,6.097703146212593e-05
house_19,6.092645946983381e-05
DOW_JONES_5,6.091743850098322e-05
travel_6,6.090103858480645e-05
society_3,6.084613411979036e-05
risk_18,6.0829315689161617e-05
marketing_11,6.07786611600287e-05
york_7,6.077717167584316e-05
economic_4,6.076648356822582e-05
sell_16,6.074568032762969e-05
metals_18,6.059803060780775e-05
ring_1,6.056589690252016e-05
oil_10,6.056324251667169e-05
loss_18,6.045790822841411e-05
economic_3,6.043315323052385e-05
government_4,6.042833357044043e-05
bonds_10,6.036210310790497e-05
restaurant_19,6.0342238524362126e-05
justice_2,6.0314157750251656e-05
politics_16,6.030972055059331e-05
opportunity_9,6.023034956228272e-05
movie_12,6.021746084009939e-05
ring_15,6.0157902609439895e-05
party_14,6.013604644330712e-05
votes_14,6.008538239184272e-05
ring_20,6.0078374733637726e-05
business_4,5.999990741130163e-05
unemployment_10,5.996993058486501e-05
founded_6,5.9955820677247545e-05
inflation_8,5.988369430832859e-05
founded_14,5.982286174956881e-05
media_9,5.97384077179473e-05
million_10,5.9715920896793365e-05
financial_11,5.969587897978805e-05
ministry_6,5.955919634357e-05
success_9,5.953934348315719e-05
kentucky_12,5.952573644886223e-05
corporation_14,5.951734783678194e-05
finance_9,5.948725701891841e-05
nasdaq_3,5.9479714147517514e-05
happy_18,5.9436845296198866e-05
massachusetts_1,5.9425440202232834e-05
law_8,5.938385785009554e-05
revenue_4,5.9363471394909964e-05
stock_market_12,5.931411834569078e-05
economy_13,5.92966121450243e-05
derivatives_3,5.922843313702355e-05
gain_19,5.913929784299106e-05
legal_15,5.912431830677736e-05
ore_4,5.909065980547208e-05
leverage_1,5.908426275980687e-05
senate_20,5.901311725119919e-05
dow_jones_17,5.900483912634753e-05
fun_10,5.8962920794485956e-05
votes_1,5.886990613446621e-05
ltd_20,5.880476611733767e-05
social_9,5.8756069272023947e-05
management_20,5.8730821940848854e-05
cancer_14,5.867080346558928e-05
justice_19,5.861433692683242e-05
sell_15,5.858251108365498e-05
fed_18,5.8577821486950626e-05
dow_jones_11,5.8562590790580736e-05
headlines_19,5.8528325157593355e-05
council_8,5.850463940288704e-05
president_5,5.846155485984967e-05
economics_11,5.845397601986366e-05
travel_14,5.844832826281708e-05
default_18,5.837185413833688e-05
portfolio_9,5.8358465523629315e-05
representatives_12,5.8307651708672965e-05
judge_18,5.830490923676363e-05
crash_16,5.828864440023375e-05
risk_16,5.8217318708578255e-05
million_19,5.8192009267157186e-05
washington_5,5.8189812086898014e-05
bubble_19,5.816084852090113e-05
judge_11,5.815431915795062e-05
products_6,5.8144091033209987e-05
profit_12,5.810331175549706e-05
federal_5,5.807294692370141e-05
dividend_5,5.8026537320359006e-05
war_6,5.800788082432541e-05
products_10,5.796521642167831e-05
justice_20,5.7894267859039885e-05
judge_8,5.78784384508716e-05
environment_5,5.786779597738226e-05
house_16,5.786131528072125e-05
economics_4,5.783359895553493e-05
minister_2,5.780285030306834e-05
political_3,5.774404400188241e-05
bubble_1,5.77300292403872e-05
ltd_8,5.7728656037472515e-05
economy_12,5.772627649350006e-05
stock_market_6,5.771497013856479e-05
crash_19,5.7693837187802784e-05
cash_14,5.765286257031371e-05
stats_16,5.7621151449359946e-05
stock_market_19,5.7590809798644315e-05
investment_20,5.758569564255086e-05
committee_12,5.757735305773514e-05
freedom_10,5.755469236609431e-05
vermont_7,5.732913079771141e-05
gold_3,5.730148545162708e-05
technology_14,5.7294270429343046e-05
holiday_8,5.728628248341486e-05
governor_1,5.717365033369555e-05
earnings_15,5.708488826158085e-05
gold_2,5.708025525809238e-05
revenue_5,5.706066229529234e-05
money_18,5.686510829358905e-05
leverage_20,5.679889692056267e-05
federal_19,5.67046368585837e-05
earnings_6,5.6605013808286516e-05
district_11,5.653449922703178e-05
seats_10,5.6483969753731894e-05
finance_19,5.644643431725122e-05
portfolio_2,5.6445301606909524e-05
democratic_13,5.6445129007241785e-05
marketing_13,5.644007084347982e-05
community_2,5.641401316468307e-05
economic_14,5.634631330559084e-05
loss_16,5.629332168507195e-05
profit_13,5.6216644890404626e-05
wisconsin_5,5.6154584739296295e-05
house_3,5.612209469730171e-05
senate_11,5.6117623548252106e-05
elections_13,5.611736137024421e-05
massachusetts_17,5.6085839658210585e-05
government_15,5.6082348682215916e-05
car_15,5.607507179317039e-05
ring_17,5.6047909834477446e-05
washington_16,5.603672256711723e-05
happy_13,5.6003126138239874e-05
virginia_3,5.59725161907801e-05
vermont_18,5.595489799659796e-05
garden_20,5.587378674896195e-05
elected_4,5.584143852702129e-05
gold_5,5.564576135479769e-05
college_15,5.564318724561048e-05
republican_4,5.563158900997646e-05
ceo_1,5.5627216725334315e-05
rights_18,5.560324338645465e-05
bubble_4,5.5508924481006096e-05
elections_1,5.549569975033914e-05
union_9,5.544465079136573e-05
color_8,5.54127763706005e-05
opportunity_4,5.5339609476065265e-05
default_4,5.533440100650381e-05
global_16,5.527143323166551e-05
unemployment_7,5.519669580937687e-05
invest_12,5.5189812304830086e-05
marketing_4,5.5118191371214546e-05
markets_13,5.507718843728051e-05
fun_4,5.5073003192356664e-05
religion_3,5.5071163711247956e-05
returns_14,5.506859649871159e-05
products_17,5.500428224072384e-05
chance_5,5.495096341334908e-05
society_4,5.4936560208149344e-05
union_11,5.491626077255028e-05
unemployment_11,5.489498507582976e-05
energy_2,5.48586038015845e-05
gain_20,5.485666106468871e-05
stats_1,5.4794995806568075e-05
ring_10,5.475414703912819e-05
economy_1,5.47531760121786e-05
washington_1,5.473485249191044e-05
global_11,5.468111344128286e-05
opportunity_3,5.466644467645288e-05
dividend_15,5.461308874561703e-05
service_10,5.459007528443305e-05
elected_16,5.4574992614399695e-05
ohio_8,5.455617901898465e-05
financial_18,5.455495955292909e-05
votes_10,5.4489127572456355e-05
marriage_13,5.44489397185433e-05
federal_9,5.443907139334185e-05
court_20,5.442632853374203e-05
rights_11,5.44091598551138e-05
crisis_20,5.440433994970979e-05
rights_9,5.439844241401587e-05
color_10,5.429648385290054e-05
movement_12,5.41974172975393e-05
police_10,5.4195327798153244e-05
portfolio_17,5.4180807508542814e-05
election_14,5.408950191105162e-05
stats_13,5.40584882432407e-05
happy_1,5.4044999806784055e-05
stats_7,5.403484041118466e-05
war_5,5.398019397310416e-05
senate_16,5.39766264198389e-05
world_20,5.3948058989504266e-05
ltd_4,5.388791517114062e-05
election_16,5.388587104856121e-05
nyse_14,5.384613774599906e-05
dividend_11,5.3831637243975016e-05
trader_20,5.382117164305883e-05
color_9,5.377367258199921e-05
social_13,5.3751816404383896e-05
fun_11,5.3711539263364934e-05
food_17,5.364405210755014e-05
missouri_13,5.360127337593593e-05
derivatives_16,5.35976604375243e-05
act_9,5.359678051372743e-05
restaurant_7,5.357143627535376e-05
election_6,5.3556502131482255e-05
law_17,5.353883450539751e-05
social_10,5.353293016700517e-05
conflict_8,5.350512559780139e-05
economic_15,5.349826231744766e-05
rich_18,5.3495447480682434e-05
return_12,5.343980720352369e-05
sell_7,5.341591667069883e-05
stats_9,5.341488011475835e-05
leverage_19,5.3347597352986584e-05
community_20,5.329738578585205e-05
corporation_12,5.32844274371229e-05
carolina_3,5.3215182531108105e-05
case_14,5.3151935553941574e-05
wisconsin_16,5.310691041456711e-05
representatives_20,5.304722833898523e-05
happy_19,5.298040540484549e-05
debt_15,5.2955909149737173e-05
federal_11,5.2933076862177114e-05
fine_18,5.284862155704775e-05
debt_6,5.283052133882917e-05
travel_20,5.276156651155295e-05
opportunity_16,5.272855780753203e-05
massachusetts_12,5.2697615768034815e-05
blacklist_16,5.267990358019521e-05
kentucky_9,5.2671400110425014e-05
virginia_17,5.266124428427602e-05
oil_4,5.258915643127526e-05
pennsylvania_13,5.2577059074535094e-05
debt_16,5.24306297999611e-05
economy_8,5.234904724864182e-05
illinois_3,5.232499803279629e-05
vermont_10,5.229808283899764e-05
business_1,5.229376175520528e-05
marketing_5,5.2233494757158934e-05
restaurant_5,5.222080329773721e-05
movement_6,5.2101447535058716e-05
economics_18,5.201978153537233e-05
government_16,5.198666348437161e-05
present_10,5.1976744790116074e-05
fed_14,5.190998439637753e-05
crisis_16,5.18249879827842e-05
members_6,5.1810354358572494e-05
government_20,5.179288637169057e-05
nyse_7,5.177198881394622e-05
virginia_2,5.16919766205859e-05
metals_20,5.1653641220193494e-05
president_11,5.162857107880163e-05
party_10,5.161202657083135e-05
president_2,5.160855615913729e-05
management_4,5.157008383861052e-05
police_9,5.154687490924562e-05
stocks_14,5.154059300018734e-05
ltd_19,5.142055586911795e-05
opportunity_5,5.134585741530665e-05
washington_7,5.1319029655856277e-05
holiday_16,5.131713508209515e-05
washington_14,5.1162956934639706e-05
ring_3,5.1106985303791574e-05
water_12,5.104681881578594e-05
present_6,5.101766454398864e-05
earnings_11,5.100722501647592e-05
governor_6,5.084496027999618e-05
culture_19,5.082373245970688e-05
democratic_6,5.0780454275783865e-05
stats_6,5.07336736935583e-05
chance_8,5.0691114482105626e-05
votes_19,5.0686070972570305e-05
stocks_2,5.068053214174778e-05
revenue_7,5.060085569917203e-05
religion_5,5.0577408753718556e-05
consumption_20,5.057387002091005e-05
founded_2,5.056596145035603e-05
missouri_3,5.055909545469278e-05
justice_7,5.054567120127441e-05
holiday_2,5.047147220549004e-05
finance_15,5.045240436724124e-05
kentucky_13,5.043248544088614e-05
restaurant_17,5.042144681862523e-05
unemployment_16,5.0370530713799e-05
world_7,5.0355473065870976e-05
economic_8,5.03498893480679e-05
DOW_JONES_19,5.027042217103248e-05
sell_10,5.0268434194699435e-05
economics_7,5.015732065015395e-05
inc_10,5.014888815273387e-05
ministry_15,5.0119710929532894e-05
finance_18,5.011014721465272e-05
religion_15,5.0101776386619396e-05
metals_3,5.0085465972801745e-05
cancer_1,5.006735825823405e-05
fun_15,5.0058178865937457e-05
hedge_6,4.994762421953945e-05
texas_5,4.987947501184541e-05
money_16,4.987189640915755e-05
firm_5,4.97790612881363e-05
politics_17,4.9751491902636386e-05
rich_20,4.967123014423518e-05
dividend_3,4.959531455519697e-05
ceo_6,4.9579647701915235e-05
republican_17,4.95598677355791e-05
metals_15,4.948398173387278e-05
metals_8,4.9453131358390225e-05
politics_12,4.9406297936651046e-05
stocks_9,4.9374651420186183e-05
environment_13,4.9352676675490534e-05
committee_13,4.931194697455555e-05
return_1,4.925973635454336e-05
metals_7,4.918600499350215e-05
office_17,4.91844729920136e-05
risk_1,4.9122954643793807e-05
stock_market_2,4.911855875003628e-05
seats_6,4.907588483702135e-05
stock_market_14,4.907244505331665e-05
wisconsin_9,4.9009435887523224e-05
media_7,4.899484688941346e-05
tennessee_3,4.897520026620276e-05
management_2,4.895359852722672e-05
financial_10,4.889092442918602e-05
money_11,4.888510548982631e-05
governor_7,4.8867777067368254e-05
investment_13,4.886381539443815e-05
growth_19,4.874915094278156e-05
office_5,4.8730554864376196e-05
stock_market_20,4.869856507513636e-05
revenue_12,4.86465141210027e-05
members_1,4.861596660002972e-05
kitchen_4,4.85722545773323e-05
travel_16,4.8556096832850034e-05
judge_7,4.85459361630403e-05
products_7,4.849627718882358e-05
ohio_13,4.83924177427727e-05
carolina_1,4.8391321389310345e-05
technology_15,4.834612874971631e-05
housing_10,4.8337744841655166e-05
project_19,4.83239976215529e-05
million_15,4.8317706723287915e-05
portfolio_5,4.826945055195256e-05
blacklist_20,4.826697593227383e-05
risk_12,4.8117219786796795e-05
dow_jones_12,4.811676274805964e-05
transaction_7,4.80956490892129e-05
ministry_18,4.808773136386128e-05
missouri_7,4.8060573710674146e-05
markets_16,4.797232234134738e-05
bonds_13,4.793396089016263e-05
growth_10,4.784271699808027e-05
rich_14,4.7765392269885005e-05
secretary_8,4.7689717175282835e-05
housing_18,4.768731703540795e-05
members_9,4.766956187373566e-05
justice_8,4.7647514759819534e-05
vermont_15,4.762527586290133e-05
court_11,4.76084094922267e-05
stats_10,4.7563398671096805e-05
transaction_10,4.7498995097424706e-05
ring_16,4.747907728341176e-05
committee_4,4.746691160902968e-05
services_9,4.741209952076886e-05
representatives_16,4.740097852586617e-05
economics_19,4.7380299914239084e-05
massachusetts_11,4.736871493788864e-05
wisconsin_20,4.7368436008724694e-05
community_19,4.734459716334263e-05
council_5,4.733367653289846e-05
industry_11,4.730932409355775e-05
returns_2,4.723778206950781e-05
profit_9,4.717657727409366e-05
elected_2,4.7107335791353986e-05
opportunity_11,4.7099778990562876e-05
economy_20,4.706693642953887e-05
votes_20,4.702739853955773e-05
seats_20,4.6973744532400405e-05
holiday_3,4.685978962143219e-05
cash_11,4.6846487325292145e-05
leverage_9,4.682447099427715e-05
earnings_18,4.6785975198830915e-05
environment_4,4.6782355673506564e-05
movement_11,4.6757558280838123e-05
virginia_15,4.673701402196265e-05
rich_19,4.671508088700406e-05
technology_6,4.6711679271430113e-05
labor_2,4.664831519132884e-05
rights_15,4.662433637688011e-05
default_2,4.660297341335216e-05
missouri_4,4.658045895049394e-05
growth_9,4.6559187076652935e-05
elections_9,4.65097126978361e-05
party_9,4.6506870056763654e-05
security_18,4.650364139885072e-05
politics_7,4.6459686888539134e-05
house_10,4.6431995844223906e-05
banking_13,4.6361313637294405e-05
hedge_3,4.63047304950372e-05
lifestyle_20,4.624421109603373e-05
chance_18,4.617252095214935e-05
wisconsin_6,4.614459391121251e-05
william_19,4.61417491983836e-05
economics_3,4.60722978334962e-05
dividend_14,4.599423759344849e-05
economics_9,4.597756235893051e-05
carolina_4,4.5938264363266785e-05
marketing_19,4.591006110004422e-05
chance_12,4.58555743516433e-05
republican_18,4.578153673772343e-05
judge_14,4.5772561963303286e-05
police_15,4.568450565312568e-05
metals_4,4.5643651112599163e-05
trader_3,4.563514292414606e-05
government_9,4.562672248706658e-05
energy_1,4.562618158289369e-05
blacklist_9,4.55395082327464e-05
growth_2,4.5518295748890025e-05
profit_7,4.542904896336024e-05
cancer_18,4.540976110173209e-05
county_5,4.5392192623938415e-05
success_2,4.538259971313822e-05
metals_14,4.535962224274834e-05
movement_19,4.534139805045448e-05
representatives_17,4.524173527804975e-05
movement_7,4.519622862599951e-05
happy_9,4.513478265061291e-05
elections_12,4.5018748371479236e-05
ring_13,4.494531957120697e-05
present_1,4.493274202742196e-05
tourism_2,4.4910800896063304e-05
ore_2,4.485497192214475e-05
republican_3,4.4827354863022434e-05
water_20,4.475538277154235e-05
ministry_12,4.473349946060642e-05
political_4,4.470597017963198e-05
management_1,4.469750130896999e-05
market_19,4.463948264543518e-05
leverage_5,4.463649088188134e-05
economy_14,4.452913849165274e-05
economics_14,4.442015079858288e-05
case_13,4.4371767126645904e-05
president_7,4.4364030097377035e-05
republican_8,4.432818439154606e-05
senate_6,4.427693426476555e-05
political_20,4.419592287553139e-05
housing_11,4.418203773810879e-05
governor_15,4.4126000039925044e-05
ministry_2,4.409243941822485e-05
dividend_10,4.4049824912895694e-05
earnings_3,4.402564011430151e-05
metals_10,4.3995723376638397e-05
ohio_5,4.399211623321553e-05
security_3,4.398252145918816e-05
earnings_10,4.392292510998181e-05
default_20,4.387375830973764e-05
conflict_9,4.3843889601056496e-05
tourism_11,4.372234999665349e-05
economics_1,4.363928175275128e-05
freedom_18,4.3587435349864267e-05
DOW_JONES_6,4.350553091602993e-05
wisconsin_13,4.34696515684741e-05
development_17,4.346793261388174e-05
fun_9,4.344325311977747e-05
political_11,4.341501279567113e-05
political_2,4.339904088181358e-05
secretary_18,4.3395333844711506e-05
food_14,4.337120802106116e-05
elected_10,4.3224604452428836e-05
economics_10,4.3148249027325576e-05
finance_4,4.308307322540269e-05
bonds_1,4.308254980593667e-05
pennsylvania_12,4.3073484530043494e-05
project_14,4.306354108156519e-05
firm_14,4.300854701242765e-05
rich_6,4.292530563870657e-05
political_1,4.2910415566810294e-05
community_12,4.289352724969257e-05
committee_17,4.2892336160036204e-05
fed_9,4.288679345945651e-05
media_2,4.286084604977763e-05
economic_18,4.2849234467334134e-05
war_1,4.280684136264426e-05
fed_5,4.279627958839365e-05
risk_19,4.275180431609055e-05
tennessee_10,4.272170578887191e-05
governor_5,4.2697535850307446e-05
loss_9,4.2648764305548723e-05
marriage_8,4.263539291555286e-05
return_10,4.2574662974060744e-05
banking_4,4.2566015247301914e-05
illinois_19,4.2469663468911385e-05
buy_7,4.245149219894332e-05
illinois_6,4.2359505492017865e-05
committee_10,4.234254921575485e-05
committee_20,4.233663826890902e-05
economy_3,4.225437270251037e-05
council_10,4.217350859988273e-05
massachusetts_9,4.2173351762485775e-05
federal_6,4.215123869369274e-05
credit_19,4.2106652440873605e-05
market_7,4.2068115829324455e-05
present_17,4.200906343318195e-05
earnings_5,4.198759250763983e-05
ceo_16,4.189433784367035e-05
culture_18,4.188245327190453e-05
hedge_15,4.181629565093808e-05
economic_20,4.16518107150252e-05
housing_13,4.1635314125698554e-05
profit_20,4.161371179920459e-05
votes_5,4.1602080907265675e-05
present_7,4.158112419657283e-05
representatives_8,4.1571321716270654e-05
stock_market_17,4.1570892911196015e-05
portfolio_10,4.1542903840000913e-05
nyse_6,4.153299189921386e-05
service_13,4.1475443544447954e-05
act_12,4.144103175421918e-05
economics_6,4.139692824409426e-05
forex_4,4.138460357119548e-05
kentucky_14,4.135445875920234e-05
act_13,4.133082080597093e-05
york_4,4.127513597268053e-05
political_19,4.1250470590497044e-05
conflict_3,4.1240270454412126e-05
rich_7,4.1175398604482075e-05
ore_16,4.1096442497790045e-05
kentucky_10,4.099583737629286e-05
million_3,4.098331949480658e-05
inflation_9,4.097256433270938e-05
environment_8,4.0969153340373074e-05
fine_5,4.09436144839606e-05
inflation_13,4.088249063897666e-05
crash_5,4.079282127944503e-05
crisis_5,4.075840466888151e-05
energy_11,4.066673336143884e-05
oil_16,4.0603759836029996e-05
returns_17,4.059760104476131e-05
kitchen_9,4.0576009793546866e-05
returns_1,4.055517332209761e-05
william_2,4.0528687598444886e-05
services_16,4.048961897536412e-05
nasdaq_13,4.048898177355462e-05
elections_4,4.048697668130844e-05
opportunity_6,4.042382262352381e-05
police_20,4.04089886494364e-05
earnings_12,4.032219450389167e-05
management_11,4.029053518953602e-05
blacklist_10,4.028942974584414e-05
culture_15,4.028411896447734e-05
firm_16,4.0275048869450265e-05
lifestyle_1,4.0268816160594825e-05
pennsylvania_17,4.0228647508428916e-05
illinois_8,4.0117563528156135e-05
bonds_18,4.0008077151922255e-05
political_9,3.999454359247361e-05
garden_5,3.996249049680155e-05
derivatives_9,3.988325223863778e-05
rights_1,3.985971732491334e-05
massachusetts_7,3.9844854788716656e-05
investment_4,3.984407773483158e-05
social_15,3.982884961337786e-05
portfolio_3,3.9822879080485305e-05
arts_5,3.9723719071834756e-05
culture_11,3.9659644856176494e-05
ore_5,3.965342577351925e-05
trader_13,3.9621176954139607e-05
lifestyle_16,3.958188169289147e-05
case_15,3.9535926764313356e-05
debt_8,3.951436669719485e-05
bubble_3,3.947449861365082e-05
governor_14,3.94729003957679e-05
fun_12,3.945428916895761e-05
lifestyle_11,3.9450139711522004e-05
justice_4,3.940367955323764e-05
governor_19,3.937454524811778e-05
president_12,3.935832024269379e-05
environment_2,3.929254608839557e-05
revenue_8,3.912082411887641e-05
ministry_14,3.9113945145158274e-05
voters_2,3.908924122562585e-05
economic_6,3.90589461596603e-05
cash_20,3.902043850474759e-05
founded_7,3.9016349692278275e-05
hedge_19,3.8938759616536677e-05
kentucky_8,3.8902579747064416e-05
train_15,3.88568740959979e-05
growth_16,3.8847600985444945e-05
trader_6,3.8831748821197644e-05
missouri_16,3.880414631879344e-05
democratic_5,3.8784129471165234e-05
elected_17,3.874519028474905e-05
inflation_2,3.86741439333615e-05
water_16,3.863850867974839e-05
ministry_5,3.8497298784414244e-05
georgia_8,3.847741755004382e-05
risk_11,3.8468788796508944e-05
dividend_6,3.845757084606971e-05
derivatives_20,3.842780560298034e-05
opportunity_17,3.8401001346824244e-05
markets_8,3.8347957014955006e-05
firm_17,3.832177484742115e-05
risk_7,3.820931173539911e-05
illinois_7,3.80352910798062e-05
fed_4,3.7968526859307876e-05
votes_4,3.796804523044544e-05
housing_3,3.78655303969864e-05
missouri_20,3.7788972522039785e-05
republican_9,3.773900934263597e-05
missouri_5,3.761763962653748e-05
seats_14,3.757069933898726e-05
fun_18,3.753134196755541e-05
services_8,3.7528517523145185e-05
million_16,3.751056076553902e-05
environment_19,3.745130311279066e-05
media_1,3.7442115587972385e-05
vermont_3,3.7344411296178654e-05
society_16,3.731797862553722e-05
gain_11,3.729359552099051e-05
political_18,3.722248045917956e-05
portfolio_14,3.7165926603606365e-05
holiday_11,3.7156577913117346e-05
risk_4,3.7104258338813025e-05
chance_1,3.703120407933231e-05
war_20,3.700979715820929e-05
growth_17,3.700159277090729e-05
market_15,3.694845698669624e-05
voters_5,3.691463448598659e-05
minister_15,3.6874559809586856e-05
profit_6,3.6867525197779714e-05
wisconsin_1,3.6844716389597514e-05
dow_jones_19,3.6832468809042025e-05
gain_17,3.674386565713043e-05
leverage_12,3.6719806727772636e-05
money_15,3.668776677255474e-05
ministry_7,3.6636763285387836e-05
movement_20,3.6617439434301364e-05
seats_13,3.659196820618185e-05
elections_10,3.657220865870799e-05
movement_17,3.6566434634530205e-05
illinois_18,3.654173742509985e-05
opportunity_1,3.649255812204908e-05
profit_17,3.64454399161799e-05
metals_5,3.6421912353781e-05
elected_12,3.6357141509167324e-05
movement_5,3.624400568527905e-05
present_20,3.619444588163814e-05
lifestyle_15,3.618162529148529e-05
elections_20,3.6065465918815994e-05
environment_9,3.603920969222481e-05
present_9,3.6037701543965404e-05
tourism_7,3.596856499267439e-05
nasdaq_10,3.5951434941451834e-05
crisis_2,3.590375199728434e-05
profit_3,3.589599076927567e-05
republican_1,3.587102881504941e-05
bubble_8,3.585903042931404e-05
project_5,3.584022568674043e-05
unemployment_4,3.581404427156898e-05
profit_5,3.58073613422456e-05
lifestyle_6,3.575897671009105e-05
return_11,3.572722638305373e-05
products_20,3.572248878486332e-05
portfolio_13,3.567415857911087e-05
gain_7,3.566474637040341e-05
marriage_16,3.560880383491012e-05
fun_7,3.5474070833947614e-05
fine_1,3.543543182507708e-05
freedom_20,3.541160350933629e-05
ministry_9,3.53389693863666e-05
tourism_20,3.5297212272586e-05
culture_12,3.5249700897044174e-05
environment_16,3.522792207718287e-05
profit_4,3.517871725163222e-05
sell_9,3.5176779217642115e-05
forex_9,3.5143657910199016e-05
happy_7,3.506630565252571e-05
media_15,3.498711448391587e-05
housing_14,3.497961071675139e-05
freedom_19,3.49158312717764e-05
loss_5,3.482155949380907e-05
ministry_17,3.4820544578790125e-05
war_19,3.468884726143582e-05
fed_8,3.464496878532303e-05
happy_16,3.462340502390607e-05
health_7,3.461286067081502e-05
headlines_16,3.458345261487066e-05
arts_10,3.4543429161916634e-05
tennessee_4,3.4519761499735684e-05
lifestyle_19,3.435398467865341e-05
tourism_10,3.433395616210168e-05
housing_17,3.431208839355684e-05
success_12,3.4305254885926294e-05
elections_18,3.430331412153961e-05
consumption_2,3.423816268832593e-05
culture_14,3.4155175554224736e-05
republican_5,3.392146822768314e-05
housing_19,3.390926834305834e-05
earnings_4,3.380059483419263e-05
stocks_10,3.3733002805159564e-05
case_19,3.3712106342353155e-05
virginia_18,3.369284067204247e-05
nasdaq_12,3.369031644178544e-05
gains_3,3.361669119022622e-05
blacklist_4,3.349479530720923e-05
religion_18,3.3482857608756365e-05
dividend_8,3.3375140064830466e-05
market_10,3.337492791332839e-05
blacklist_14,3.3349598218482667e-05
elections_17,3.332560876420551e-05
consumption_11,3.32668698793909e-05
chance_4,3.311991338800371e-05
kentucky_11,3.303089517827613e-05
election_9,3.302899151438516e-05
home_10,3.2964694530285244e-05
election_4,3.293160290883895e-05
religion_7,3.2872832508348215e-05
vermont_8,3.261641131797262e-05
returns_18,3.2512943026101465e-05
rich_5,3.2504458268986695e-05
dow_jones_7,3.2470625280093015e-05
housing_20,3.2375920157538226e-05
missouri_6,3.2364935981019765e-05
economic_19,3.23397604059785e-05
labor_11,3.233361879130645e-05
dow_jones_18,3.2302475626987295e-05
business_10,3.229686362432371e-05
leverage_14,3.223789923183691e-05
office_8,3.2233830853285255e-05
tourism_14,3.223105259800151e-05
invest_14,3.222143665398175e-05
ministry_8,3.221029862248584e-05
media_17,3.2207903311039757e-05
happy_8,3.2013642005179196e-05
politics_10,3.197443705358214e-05
hedge_1,3.1839577532356124e-05
stats_11,3.181357143896254e-05
rights_14,3.180300923615128e-05
economic_13,3.174477216069266e-05
portfolio_19,3.1689955963929965e-05
water_7,3.1670902411174764e-05
rights_5,3.150608191633101e-05
kentucky_2,3.1464902071387134e-05
markets_3,3.143794314339203e-05
members_4,3.1351358237332456e-05
present_8,3.122856201723232e-05
kitchen_13,3.1195680175947875e-05
travel_9,3.119452480502978e-05
ceo_5,3.118822499330001e-05
dividend_7,3.1156200460997334e-05
fine_20,3.115177535590812e-05
bonds_12,3.110920772750612e-05
project_8,3.104884390287396e-05
banking_12,3.1039644404955665e-05
justice_6,3.103132019511421e-05
community_4,3.093958352797377e-05
wisconsin_18,3.093540265940326e-05
kentucky_15,3.085375727226063e-05
revenue_20,3.0790282066713805e-05
metals_1,3.074808984851561e-05
sell_13,3.072282373446267e-05
representatives_2,3.070455128226808e-05
rich_15,3.0663296596098926e-05
consumption_15,3.062543102585304e-05
vermont_1,3.058759999439576e-05
nasdaq_17,3.0557685527842336e-05
bonds_2,3.052286958479706e-05
stock_market_11,3.050839908395908e-05
council_3,3.049311246873088e-05
ring_12,3.045580065394083e-05
growth_7,3.045238071831977e-05
federal_20,3.044674519908089e-05
headlines_11,3.0446299669708843e-05
stats_5,3.0268283142360305e-05
arts_11,3.0256746552168625e-05
ceo_12,3.018632123960047e-05
governor_16,3.0182334638797663e-05
hedge_18,3.0168013031768e-05
conflict_15,2.980234790060886e-05
founded_9,2.9791820921751593e-05
committee_18,2.9785418362113284e-05
legal_3,2.977228764959933e-05
community_17,2.965669996962197e-05
carolina_13,2.9621660575809083e-05
massachusetts_16,2.9577715071265755e-05
firm_18,2.9544637433336163e-05
political_14,2.940457062168231e-05
success_17,2.93583560180031e-05
seats_5,2.911992416399814e-05
gain_6,2.9081781648831335e-05
economics_15,2.9079691760692915e-05
economics_20,2.907231168143023e-05
success_3,2.8941653826472933e-05
economy_11,2.8926753755241183e-05
chance_13,2.890871164390894e-05
politics_5,2.879829094994575e-05
present_5,2.8733209735556533e-05
representatives_7,2.8725542353408064e-05
ceo_19,2.8680284274328703e-05
ceo_7,2.862635067702655e-05
republican_11,2.861788970851176e-05
banking_11,2.860741444033886e-05
garden_8,2.8585233785281676e-05
environment_15,2.8580592822499394e-05
voters_4,2.8525537590690733e-05
risk_8,2.8507982267288832e-05
leverage_10,2.8482582329924003e-05
lifestyle_3,2.8411044122541273e-05
million_5,2.8359797164431956e-05
portfolio_11,2.8227782531584354e-05
blacklist_5,2.818508750346179e-05
seats_3,2.8105187519209852e-05
governor_10,2.8044211713283746e-05
industry_15,2.7922671566571943e-05
corporation_8,2.789336802326714e-05
default_16,2.788287253661506e-05
DOW_JONES_9,2.7819714598883087e-05
secretary_10,2.7760782129064034e-05
conflict_12,2.774817915206751e-05
arts_20,2.765173262596766e-05
ministry_4,2.7586024523236753e-05
economy_15,2.757441251636984e-05
committee_19,2.7415078053266586e-05
garden_2,2.730529426425497e-05
unemployment_19,2.7304058867510782e-05
economy_2,2.727677676102665e-05
voters_20,2.7245039878703405e-05
representatives_3,2.724152198186574e-05
products_4,2.723036097914083e-05
ministry_1,2.721561284662099e-05
gain_5,2.7168297799708712e-05
seats_11,2.708315451532789e-05
rich_8,2.7077670285148076e-05
nyse_12,2.6978790305271825e-05
hedge_4,2.68590284374082e-05
elected_8,2.673803594203506e-05
growth_1,2.67012823030818e-05
arts_15,2.659051583675965e-05
trader_4,2.6590111261726426e-05
tourism_17,2.6484825767603814e-05
companies_9,2.6408833100885375e-05
debt_18,2.6341168825514265e-05
media_3,2.630071094186595e-05
environment_18,2.614493248249864e-05
consumption_13,2.610015802057159e-05
gains_19,2.6051710284974573e-05
fond_15,2.5976108568780275e-05
votes_17,2.569801713820868e-05
chance_11,2.5695858381858246e-05
nyse_16,2.5678295609872054e-05
kitchen_1,2.5620209647717303e-05
served_19,2.561656308107895e-05
politics_1,2.5613340495712433e-05
blacklist_12,2.543150715733378e-05
default_15,2.5317985611643985e-05
tennessee_1,2.5248891893003746e-05
markets_11,2.521814747901222e-05
leverage_4,2.5177890207288326e-05
pennsylvania_18,2.516910211575706e-05
kitchen_3,2.513612572128143e-05
democratic_2,2.512320049616181e-05
environment_10,2.508402023154717e-05
tennessee_13,2.5031099598762578e-05
freedom_9,2.4935211769099802e-05
rich_1,2.4934784999497658e-05
headlines_2,2.4601052363682204e-05
portfolio_18,2.4563317685983556e-05
voters_7,2.444838891663856e-05
fine_10,2.436909968856956e-05
politics_20,2.4347133260016187e-05
lifestyle_12,2.4269740482687443e-05
global_10,2.426903397501979e-05
portfolio_8,2.42530397326154e-05
dividend_18,2.4172087779652692e-05
loss_13,2.4085689621522465e-05
stats_20,2.4033107504212006e-05
housing_8,2.4012689061097457e-05
portfolio_1,2.3917395566491873e-05
gain_18,2.3775205227465486e-05
transaction_2,2.3726698118420274e-05
technology_17,2.364192008838667e-05
committee_2,2.3603583889339945e-05
debt_10,2.3547954904434516e-05
founded_4,2.347091634154883e-05
default_7,2.3456918923115793e-05
rights_19,2.3417646467532575e-05
dividend_4,2.336525449673187e-05
conflict_5,2.3289471009828525e-05
bonds_17,2.3271469495566923e-05
ministry_10,2.3174230674356178e-05
politics_4,2.3102034383663834e-05
dividend_20,2.2951418861146072e-05
bonds_19,2.2916117698071767e-05
democratic_3,2.289603592293206e-05
voters_18,2.2885348576185154e-05
headlines_8,2.282469200116044e-05
derivatives_19,2.2747094239736533e-05
fond_7,2.2643602695553427e-05
voters_3,2.2462047872828842e-05
markets_6,2.239393433070028e-05
nyse_17,2.2386318207638884e-05
consumption_17,2.2209356777355852e-05
earnings_16,2.2120694359621177e-05
earnings_17,2.2025512338397917e-05
elected_11,2.185852027209202e-05
served_7,2.1845603352559807e-05
vermont_20,2.1647002842824305e-05
derivatives_11,2.163432724643174e-05
votes_8,2.1576559695156823e-05
seats_4,2.1519139377509132e-05
fine_9,2.144338594071207e-05
transaction_9,2.1355188118637324e-05
environment_17,2.1293333904498605e-05
blacklist_11,2.1172558474059336e-05
ore_17,2.110334348344829e-05
illinois_17,2.0990755870945327e-05
fine_8,2.0914202749385945e-05
founded_20,2.089921735029831e-05
stock_market_4,2.0843482329315373e-05
portfolio_4,2.0841573417770934e-05
seats_1,2.0818073277042975e-05
markets_20,2.066377799745963e-05
economics_2,2.0523798680060276e-05
elected_18,2.049396827031579e-05
blacklist_17,2.0320294208838253e-05
politics_15,2.0276382903465564e-05
DOW_JONES_14,2.022926757994698e-05
ceo_10,2.0195326048797484e-05
voters_1,1.992906976612382e-05
founded_16,1.953951273050218e-05
gains_17,1.9539057280053995e-05
gain_13,1.9267113345620704e-05
risk_10,1.9228470651683665e-05
dividend_1,1.9197085027847352e-05
invest_6,1.9182958782453472e-05
economics_17,1.9122573926377696e-05
minister_3,1.8896866530477493e-05
headlines_13,1.877071362027411e-05
blacklist_8,1.8587730262816075e-05
markets_15,1.858696225689979e-05
environment_6,1.845596072680135e-05
ministry_19,1.820186885495581e-05
religion_19,1.8166594376167074e-05
trader_11,1.792356650222364e-05
leverage_6,1.7583143659531724e-05
returns_4,1.75563095940355e-05
present_13,1.7151103477851798e-05
present_18,1.7063413982981477e-05
bubble_2,1.676785982621974e-05
seats_18,1.6136953422205073e-05
leverage_2,1.6073122652369987e-05
hedge_12,1.601276665821249e-05
seats_9,1.599450907460148e-05
stocks_1,1.5757920903335886e-05
kentucky_6,1.562448563912979e-05
founded_15,1.5583586142434193e-05
consumption_12,1.530283835171411e-05
trader_19,1.529990936821459e-05
judge_2,1.5249559206645954e-05
voters_8,1.5136042072131757e-05
rights_16,1.4750894934202656e-05
ceo_11,1.4542650636130954e-05
voters_14,1.3704617803478761e-05
consumption_7,1.3596878221745165e-05
risk_20,1.3241969613523428e-05
president_16,1.2904301004095678e-05
rich_2,1.2724433509988913e-05
leverage_18,1.2688207617773315e-05
investment_2,1.2687494562543361e-05
conflict_13,1.2551420021237792e-05
ministry_20,1.2355096959828132e-05
portfolio_15,1.1944595007690526e-05
project_7,1.1873968377002988e-05
rich_16,1.1860227561139457e-05
nasdaq_4,1.1753899368245451e-05
elected_13,1.1747483752723099e-05
success_15,1.1744694569527093e-05
elected_20,1.135903035681837e-05
headlines_7,1.0792615895240935e-05
blacklist_18,1.078812920891926e-05
blacklist_6,1.06011858991397e-05
ore_3,1.0508991479002557e-05
fond_13,1.0169213052537859e-05
returns_7,9.08186629813368e-06
gains_14,8.855355359405184e-06
crisis_15,8.697535819210453e-06
tourism_4,8.458076309911002e-06
blacklist_19,7.864175734663552e-06
gains_2,7.714104765102744e-06
founded_8,7.596676254002294e-06
fond_10,7.249488470798735e-06
elected_1,7.109062201810664e-06
transaction_20,6.600753516291538e-06
served_13,6.5831745165985035e-06
served_12,6.398724256494021e-06
elected_3,5.402596344151836e-06
gains_5,5.2927948271061505e-06
fond_1,5.1248295018377476e-06
derivatives_7,4.855237013814321e-06
elected_15,4.361411644579254e-06
gains_12,4.344964272358876e-06
votes_3,4.022601238668168e-06
gains_1,3.655687757719112e-06
served_1,3.4835778749803165e-06
votes_15,2.4343893084116518e-06
gains_9,1.6979944867170462e-06
gains_20,1.5131806133488019e-06
gains_4,4.7589673555400765e-07
elected_9,4.535508231097279e-07
gains_15,6.197074657674308e-08
served_18,1.5440749854110657e-08
served_20,2.343424912044647e-13
BUY_AND_HOLD_1,
BUY_AND_HOLD_2,
BUY_AND_HOLD_3,
BUY_AND_HOLD_4,
BUY_AND_HOLD_5,
BUY_AND_HOLD_6,
BUY_AND_HOLD_7,
BUY_AND_HOLD_8,
BUY_AND_HOLD_9,
BUY_AND_HOLD_10,
BUY_AND_HOLD_11,
BUY_AND_HOLD_12,
BUY_AND_HOLD_13,
BUY_AND_HOLD_14,
BUY_AND_HOLD_15,
BUY_AND_HOLD_16,
BUY_AND_HOLD_17,
BUY_AND_HOLD_18,
BUY_AND_HOLD_19,
BUY_AND_HOLD_20,
consume_1,
consume_2,
consume_3,
consume_4,
consume_5,
consume_6,
consume_7,
consume_8,
consume_9,
consume_10,
consume_11,
consume_12,
consume_13,
consume_14,
consume_15,
consume_16,
consume_17,
consume_18,
consume_19,
consume_20,
derivatives_15,
elected_5,
elected_6,
financial_markets_1,
financial_markets_2,
financial_markets_3,
financial_markets_4,
financial_markets_5,
financial_markets_6,
financial_markets_7,
financial_markets_8,
financial_markets_9,
financial_markets_10,
financial_markets_11,
financial_markets_12,
financial_markets_13,
financial_markets_14,
financial_markets_15,
financial_markets_16,
financial_markets_17,
financial_markets_18,
financial_markets_19,
financial_markets_20,
fond_6,
fond_8,
fond_14,
greed_1,
greed_2,
greed_3,
greed_4,
greed_5,
greed_6,
greed_7,
greed_8,
greed_9,
greed_10,
greed_11,
greed_12,
greed_13,
greed_14,
greed_15,
greed_16,
greed_17,
greed_18,
greed_19,
greed_20,
rare_earths_1,
rare_earths_2,
rare_earths_3,
rare_earths_4,
rare_earths_5,
rare_earths_6,
rare_earths_7,
rare_earths_8,
rare_earths_9,
rare_earths_10,
rare_earths_11,
rare_earths_12,
rare_earths_13,
rare_earths_14,
rare_earths_15,
rare_earths_16,
rare_earths_17,
rare_earths_18,
rare_earths_19,
rare_earths_20,
served_5,
served_8,
served_9,
served_11,
served_15,
short_sell_1,
short_sell_2,
short_sell_3,
short_sell_4,
short_sell_5,
short_sell_6,
short_sell_7,
short_sell_8,
short_sell_9,
short_sell_10,
short_sell_11,
short_sell_12,
short_sell_13,
short_sell_14,
short_sell_15,
short_sell_16,
short_sell_17,
short_sell_18,
short_sell_19,
short_sell_20,
short_selling_1,
short_selling_2,
short_selling_3,
short_selling_4,
short_selling_5,
short_selling_6,
short_selling_7,
short_selling_8,
short_selling_9,
short_selling_10,
short_selling_11,
short_selling_12,
short_selling_13,
short_selling_14,
short_selling_15,
short_selling_16,
short_selling_17,
short_selling_18,
short_selling_19,
short_selling_20,
