features,feature_score
short_selling_5,0.003712733634049638
votes_17,0.0036015371203739163
short_sell_6,0.003554849508347143
short_selling_13,0.003270866500243612
short_selling_14,0.0030215069661563196
short_selling_18,0.0027014126722198334
short_sell_14,0.0021642170935719943
short_selling_19,0.002103508327901557
short_selling_6,0.001936040825421457
transaction_16,0.0019008563413272434
elected_18,0.0018003694871672519
short_selling_11,0.0017804419211334996
founded_1,0.0016043553804176564
votes_13,0.001457529954238496
short_selling_16,0.0014554801344301125
short_sell_9,0.0014346889482742314
judge_18,0.0014215446146526524
elected_1,0.0013962185694720846
votes_19,0.0013669873020442415
voters_13,0.0013499344857080438
earnings_11,0.0013203127343180232
representatives_5,0.0011379697605468722
district_14,0.0011003876585198404
votes_1,0.0010694017708243679
senate_11,0.00105390227268917
dow_jones_9,0.001049950582831137
served_4,0.0010059497156013496
chance_7,0.000988411649906595
gains_5,0.0009862826911725508
firm_15,0.000980778052237706
elections_12,0.0009707679982166484
oil_9,0.0009662174907651983
ore_7,0.0009616781274023099
vermont_15,0.0009464891496602947
returns_14,0.0009393531268572753
happy_2,0.0008918745950810561
president_17,0.0008882489775787888
earnings_12,0.0008873589136228244
returns_2,0.0008857238331894214
earnings_20,0.0008845607878330489
derivatives_17,0.0008832725385758362
stock_market_17,0.0008768287583003987
freedom_12,0.0008604803418357874
county_20,0.0008557634865941409
york_8,0.000851546857356706
crisis_2,0.0008511085563228595
nyse_5,0.0008502738356482646
chance_12,0.0008497091701028345
headlines_12,0.0008299232541264289
politics_17,0.0008261445621157732
movie_4,0.0008202053108623247
unemployment_1,0.0008163914579627038
fine_10,0.0008158087015327812
party_18,0.0008151793261272488
earnings_7,0.0008115118329606649
election_12,0.000808392401470127
labor_9,0.0008032455831599057
economic_16,0.0007988365080538665
votes_10,0.0007972221595148657
secretary_10,0.0007971081032983282
fine_9,0.0007949167132827731
investment_1,0.0007930270086096597
nasdaq_8,0.0007861141009191327
votes_20,0.000784328204845957
stats_2,0.0007796459986516688
rich_16,0.0007782032138008534
derivatives_8,0.0007769901345199364
crisis_15,0.0007767493245924333
georgia_3,0.0007714555625026133
health_14,0.0007609732794799917
million_13,0.0007579037771240762
DOW_JONES_1,0.0007526300026004191
food_2,0.0007497694181837108
restaurant_8,0.0007405083352509748
voters_12,0.0007395267314030694
returns_17,0.0007386671200853672
elected_19,0.0007377069699945409
present_3,0.0007373098579028908
loss_12,0.0007362825376988758
stocks_8,0.0007344941827185863
rich_1,0.0007342450755213368
invest_13,0.0007251932302554617
act_3,0.0007249182751885482
nasdaq_14,0.0007161224411844787
transaction_20,0.0007134497793898647
president_2,0.0007068965636996619
investment_15,0.0007044250396992305
derivatives_9,0.0007037909713952831
technology_19,0.0007001505400596842
missouri_17,0.0006988999612104305
elected_4,0.0006931409812045935
crash_17,0.0006883570734012654
legal_11,0.0006871990388834228
chance_2,0.0006868598456076132
headlines_16,0.0006863757314186785
voters_5,0.0006859066148057992
garden_2,0.0006832484746267093
court_7,0.0006808028274633209
buy_15,0.0006785859105475365
secretary_11,0.0006772180175731107
conflict_10,0.0006757488762110435
gains_9,0.000674814110343769
york_11,0.00067115149530902
served_5,0.0006689509239414495
gold_13,0.0006683635971093468
derivatives_7,0.0006682931429891753
bonds_7,0.0006682674016142352
act_13,0.0006630760346798329
short_sell_4,0.0006627991101051932
economy_10,0.0006600088443499273
consumption_7,0.0006595284735328941
representatives_15,0.0006593009154798016
fond_14,0.0006579705845102344
politics_2,0.0006575996702086706
stock_market_18,0.0006568115958071871
short_selling_12,0.0006557307949054993
buy_1,0.0006526706250379614
ltd_7,0.0006503107138970436
votes_16,0.0006490795334689994
government_16,0.0006443842727092751
rights_9,0.0006442324879942794
representatives_10,0.0006420704050078217
gains_20,0.0006404922916580852
secretary_5,0.0006396794298335196
votes_7,0.0006393001624323298
elected_5,0.0006379308676301533
party_16,0.0006378146035395853
stocks_10,0.0006353032666418781
texas_6,0.0006347395144199171
missouri_1,0.0006333633872961724
DOW_JONES_19,0.0006322992371735808
elections_8,0.0006322402449453791
returns_13,0.0006302069613907629
college_3,0.0006289760134155164
fine_17,0.0006283110829003114
founded_13,0.0006264454364658297
society_9,0.0006262732433530944
war_15,0.0006251819270636579
council_6,0.0006249698346962936
carolina_6,0.0006243331085131141
elected_11,0.000623201049885744
election_13,0.0006200036538560545
politics_11,0.0006193738936749703
nasdaq_17,0.0006160665916118384
ceo_1,0.0006157080449203714
housing_7,0.0006155955979384113
carolina_17,0.0006152925956827283
energy_19,0.0006143845996169959
security_10,0.0006142148423841421
elections_6,0.0006134938480609145
derivatives_6,0.0006132470341079984
returns_12,0.0006107251648154036
fond_20,0.0006106698281631963
short_selling_17,0.0006089429218782555
service_1,0.0006080304958136572
inflation_11,0.0006077830836531717
ohio_2,0.0006068862278444519
financial_3,0.0006067932609356922
economic_9,0.0006064723282770328
law_7,0.0006040894068665565
market_11,0.0006039346095906384
nasdaq_18,0.0006029884913658717
missouri_11,0.0006028335329705126
holiday_18,0.0006021730121236581
color_7,0.0006010430394415709
credit_8,0.0006004813762554498
consumption_18,0.0006001999341383554
business_14,0.000596701226198484
short_selling_15,0.0005963999818987453
oil_5,0.0005943564102882395
republican_15,0.0005942166989726941
nasdaq_10,0.0005932729523176332
conflict_3,0.0005908474315598938
representatives_12,0.0005879496165155788
district_2,0.0005870876507219808
travel_2,0.000586712738550398
dow_jones_3,0.0005854059470073946
house_17,0.0005851520498471652
politics_19,0.0005833148602239053
leverage_1,0.0005815112797167084
invest_1,0.0005814404599467295
rights_5,0.0005813403625613506
fond_18,0.0005812582074047647
banking_10,0.0005809808988901053
legal_4,0.0005799467547171153
buy_11,0.0005788133637571365
gains_3,0.000577434289161893
nyse_11,0.0005772745960122319
derivatives_15,0.0005764867066525504
voters_10,0.0005747045392674788
politics_18,0.000573052337194094
stocks_15,0.0005729452962835207
travel_17,0.000572873884835008
services_4,0.0005725380220403499
crisis_17,0.0005724543699224
rich_2,0.0005720682902425646
banking_8,0.0005702068000431637
elected_12,0.0005701223167653276
bonds_14,0.0005658074620656527
party_14,0.0005657585065203079
bubble_4,0.0005657371375167
companies_16,0.0005643081692549304
stock_market_10,0.0005641166420013284
chance_14,0.0005629503581022293
development_3,0.0005622354447280084
washington_3,0.00056171532746253
restaurant_15,0.0005613809459053033
security_20,0.0005613001177779982
bank_8,0.0005578756964322681
judge_1,0.0005563668666641544
dividend_9,0.0005554512696841361
stock_market_1,0.0005536645122460919
committee_16,0.0005534548129268906
stock_market_6,0.0005527432405332136
DOW_JONES_10,0.000552708905000709
fed_1,0.0005525653032577256
development_9,0.0005516690692157532
movie_14,0.0005503488802364646
earnings_15,0.0005483793710310779
debt_12,0.0005480262273176436
county_16,0.0005475483706089313
college_16,0.0005475128994638005
fine_3,0.0005468342261717967
election_1,0.0005461135109797331
crisis_12,0.0005458758388374246
nasdaq_4,0.0005451249795663323
republican_6,0.000544986049722882
marriage_12,0.0005449438393038184
democratic_17,0.0005446243401120785
election_15,0.0005446221875739508
market_2,0.000544108078967258
founded_18,0.0005433450476229833
rights_7,0.00054324416936267
nasdaq_3,0.0005424737790917957
york_1,0.0005420234476576146
conflict_13,0.0005403935639526015
fond_19,0.0005385759195445726
social_2,0.0005383103218868788
voters_19,0.0005381521650396489
world_1,0.00053703699853168
tennessee_5,0.0005360137265769582
inc_10,0.0005359998444318437
invest_12,0.0005354383201889471
republican_1,0.0005340895440589004
health_1,0.0005338906558604372
court_15,0.0005324169109333662
seats_18,0.0005317467724453566
returns_1,0.0005317411785259356
voters_17,0.000530359579529795
william_9,0.0005298969228877371
inc_7,0.0005298351407394377
finance_5,0.0005277369030709486
politics_7,0.0005277228290625741
college_6,0.0005272103214436115
health_11,0.0005271424596208866
voters_11,0.0005268682348473142
management_9,0.0005235241166865708
ohio_11,0.000522562212582073
fond_12,0.0005224972402597602
kitchen_14,0.0005220493888241813
bank_3,0.0005214796672483536
members_2,0.0005213367669850002
oil_8,0.000520999624450919
revenue_1,0.0005208980798857961
elections_20,0.00052076361204792
freedom_19,0.0005207377680547324
finance_19,0.0005205830808735391
earnings_14,0.0005199394252399779
bank_9,0.0005198669636709449
stocks_7,0.000519714985526897
court_18,0.0005194063174604524
bank_5,0.0005179165993847942
dow_jones_8,0.0005175962869258466
consumption_3,0.0005175581344165174
tennessee_2,0.0005174153404021391
pennsylvania_11,0.0005174145035974098
members_4,0.0005171666222419754
water_5,0.0005170365926632067
cancer_2,0.0005166860357577685
portfolio_14,0.0005162522604845377
inflation_5,0.0005157180369611046
buy_4,0.0005145993682507722
opportunity_10,0.000514359202423155
technology_7,0.0005143241322760014
travel_20,0.0005134995649693686
companies_10,0.0005132531414276495
return_5,0.0005127811162390266
social_11,0.0005121222691661564
world_17,0.0005119875307567625
seats_9,0.0005113855630861742
union_13,0.0005111998476732083
car_7,0.0005108950651169437
firm_2,0.0005106387162095691
firm_13,0.0005100617076056974
world_13,0.0005100351845810875
william_19,0.0005098329371270985
college_8,0.000509574965844004
law_1,0.0005093893036510259
fed_6,0.0005085235558950406
fond_16,0.0005077683046929804
representatives_7,0.0005072803287548757
tennessee_14,0.0005063724973576989
transaction_15,0.0005057268328199372
DOW_JONES_4,0.0005054332693146029
tennessee_7,0.0005049385271068897
labor_15,0.0005048202383471219
freedom_7,0.0005047147079885011
senate_19,0.0005036650285696796
restaurant_1,0.0005031264931558173
democratic_3,0.0005030870220439937
judge_4,0.0005029619865244273
trader_20,0.0005027628446641759
federal_15,0.000501573418663107
companies_19,0.0005007936438953388
community_12,0.0005002382991340043
washington_14,0.0004989882887583755
marketing_11,0.0004986483912162341
ore_19,0.0004983671729969393
movement_6,0.0004971767946415042
bubble_1,0.0004969926668956764
car_12,0.0004957054160203909
health_5,0.0004943139999861309
development_7,0.0004940729935523805
ore_18,0.0004938381689204784
companies_6,0.0004932383205495123
nyse_20,0.0004924769947215975
act_4,0.0004923576079255909
services_9,0.0004917305502709695
debt_6,0.0004916905151899786
credit_19,0.000491585166364068
chance_3,0.0004909267428893013
minister_4,0.0004890822396829835
marriage_7,0.000488855329432274
development_20,0.0004883614930010486
inc_13,0.0004880447949737936
voters_16,0.0004880354245128905
senate_10,0.0004876509575999539
debt_16,0.00048709883157730126
travel_8,0.00048640708216706043
headlines_5,0.00048580647161449055
gains_14,0.0004852062505344721
ohio_14,0.00048423896023956024
gains_18,0.00048410057734850825
texas_1,0.0004823555805961557
movie_6,0.0004810073557784695
fun_19,0.00048002328565054076
cancer_12,0.0004797932806070643
ltd_14,0.000479286816630221
money_9,0.0004781008497209446
william_8,0.0004779006371628837
technology_14,0.00047752000056925764
washington_7,0.00047695833542715224
washington_1,0.00047649592204311364
companies_11,0.0004745254814201276
water_4,0.0004744884095688025
votes_6,0.0004742204830359955
illinois_1,0.0004739922315700471
court_2,0.0004738195076624769
services_12,0.00047341019233073815
fun_7,0.0004729969246522558
sell_10,0.00047222838578962653
project_10,0.0004721763217575794
seats_16,0.00047181027311459764
credit_14,0.00047171439455619634
representatives_9,0.0004708748812542265
votes_5,0.00047075852403444414
water_14,0.00047062124391399486
market_8,0.0004694089897467047
arts_14,0.0004691926225128787
dow_jones_16,0.0004682750514179827
consumption_2,0.0004681397036450957
dow_jones_1,0.00046788261491244256
nyse_8,0.00046787703599516844
court_5,0.0004677087622120538
chance_1,0.00046617641518455503
bubble_15,0.00046538189626726647
secretary_9,0.0004652987507174064
nasdaq_9,0.00046508023037192785
texas_14,0.00046496738259146675
markets_4,0.00046476920339925693
energy_15,0.0004646055711081455
color_9,0.0004645101704329413
sell_1,0.00046426673661183405
marketing_15,0.00046378130467726944
inc_3,0.0004634377962637615
vermont_20,0.00046305297308706176
derivatives_3,0.000462334438212196
DOW_JONES_11,0.0004622636532247766
stocks_5,0.0004620691331356298
leverage_20,0.000460737775942053
kentucky_19,0.0004606372822549682
act_11,0.00045979216274665376
justice_2,0.00045870216039355235
inflation_10,0.0004565486846386683
crash_2,0.00045652355808562607
virginia_14,0.0004563104946906942
economic_3,0.0004561833152102759
stats_16,0.0004560516264014874
derivatives_16,0.00045586860883555446
votes_9,0.0004556313044283528
minister_1,0.0004553777784592735
chance_4,0.000455324341604139
voters_15,0.00045493930413847007
derivatives_11,0.00045462654789727125
restaurant_16,0.0004545903050442234
inc_5,0.00045428811481864034
illinois_4,0.00045417440775650977
bank_12,0.0004540959020469749
gold_12,0.00045408557953494
york_16,0.0004534486517975891
services_5,0.0004531940725624779
money_10,0.000453183966678853
district_18,0.0004530193799852113
investment_8,0.000452720719084608
vermont_1,0.00045209658503850595
derivatives_14,0.000452008234022413
finance_11,0.0004517943226486204
arts_1,0.0004516954857406722
gold_7,0.0004516326666492201
market_13,0.00045154876030742213
nasdaq_12,0.00045150501573474304
served_9,0.0004514398891929789
opportunity_14,0.00045125179601185984
governor_13,0.0004508595798375359
industry_17,0.0004503731362821677
illinois_13,0.00044999470429546456
politics_1,0.00044899560737307885
project_16,0.00044897960554879303
politics_3,0.0004489425096884212
secretary_14,0.0004488942282361688
freedom_16,0.00044840193503203223
president_7,0.0004478421938399309
office_11,0.00044761079767943713
consumption_10,0.00044659828902777733
world_18,0.0004465501095810865
stocks_9,0.0004465380172558994
politics_20,0.00044640044571834
health_3,0.0004461485392294779
financial_18,0.0004460895723798491
service_18,0.0004459231994186828
carolina_2,0.00044546197183451084
short_sell_7,0.00044528291805909746
project_1,0.00044515234868926424
oil_20,0.00044495035720340867
gains_4,0.00044323071047052483
market_10,0.00044296663823726587
society_10,0.0004426124443375787
services_3,0.00044247804920623815
economics_6,0.00044237917127286385
william_13,0.00044186635528973303
earnings_16,0.00044160577512374126
home_18,0.00044149433700960947
car_11,0.00044140761325907026
headlines_19,0.0004413469574957651
texas_7,0.00044124323859278774
products_10,0.0004410333235758217
georgia_5,0.00043894498222490463
stock_market_20,0.0004382600580667325
trader_11,0.00043806121165144177
market_19,0.00043765050104931476
nasdaq_7,0.00043665419158772287
district_20,0.00043584396360042167
services_10,0.00043572501706271916
home_9,0.0004349914757656237
ohio_13,0.00043466782085084955
financial_2,0.00043402149802678874
kitchen_11,0.0004340095812719854
bubble_12,0.0004338958246517747
markets_17,0.0004335981342520834
growth_1,0.00043277947466167503
housing_17,0.00043259838168603604
ore_4,0.0004323978570695065
markets_1,0.0004307789040925764
bubble_2,0.000430700515176182
global_8,0.00042990914254224333
movement_5,0.0004295731593219854
ohio_7,0.00042868905592643693
return_17,0.0004285212227869791
invest_4,0.0004285024348641227
industry_20,0.00042833718966705836
elected_15,0.0004277045939222313
energy_17,0.0004273999509875988
party_3,0.0004271513455391212
texas_20,0.00042668587288336303
chance_15,0.0004264266834902474
chance_9,0.00042461733333646674
freedom_9,0.0004242938059043018
wisconsin_18,0.0004241845930536953
virginia_11,0.0004241422777289037
returns_11,0.0004239342085823135
county_9,0.00042307480272984793
founded_4,0.00042305652899343624
credit_13,0.0004227117904255551
bonds_15,0.0004225506953963214
war_12,0.00042196057607009883
case_6,0.0004214514746782357
return_14,0.00042119176996559596
firm_9,0.0004211759327895187
energy_1,0.00042089067639368866
election_10,0.0004207194133522576
party_8,0.0004207017479343337
trader_19,0.0004197656889954671
house_10,0.000419597984064196
water_19,0.00041953388664117485
lifestyle_9,0.0004192201404648419
services_8,0.0004191471694108645
world_9,0.00041904577515024444
president_10,0.00041883481430705384
ceo_17,0.00041866103683442843
virginia_7,0.0004182405960109455
corporation_12,0.00041795044565291387
religion_18,0.0004178517209471663
economy_15,0.00041766904063037023
virginia_16,0.0004175205825798142
government_15,0.0004173660211987522
wisconsin_3,0.00041704111968337177
restaurant_20,0.00041625774999834615
banking_4,0.00041591662688876806
elected_6,0.0004154933644450913
revenue_19,0.0004153564888502373
train_16,0.00041519854946525284
vermont_5,0.0004151140599755913
kitchen_17,0.00041433147607128975
stocks_18,0.00041398528258006835
global_4,0.00041365260162345204
massachusetts_6,0.00041352942371282144
society_20,0.0004134077785793284
district_12,0.00041338944478116617
ore_13,0.00041337046817434557
service_19,0.0004130105424363273
companies_7,0.0004128757856294306
unemployment_17,0.00041285640625946966
products_16,0.0004126002650635628
judge_7,0.0004123968545221012
case_8,0.00041192778949875427
world_10,0.0004115464256701067
business_3,0.00041130276591755806
social_9,0.00041126846240366696
kentucky_4,0.000411250399108441
health_17,0.0004111732496242403
cash_12,0.00041108859732169085
ring_16,0.00041094575338825425
election_3,0.0004108899737475398
stock_market_19,0.0004106893368728826
trader_17,0.0004104984626444654
representatives_3,0.00041043581184482933
DOW_JONES_14,0.0004101307615686577
marriage_13,0.0004095552121667801
freedom_18,0.00040944652873522715
color_15,0.00040913986452895275
york_4,0.0004091348556663346
consumption_8,0.0004089764797688979
economy_14,0.0004089569264921962
consumption_14,0.00040849967787612903
party_13,0.0004081176594544003
finance_1,0.00040753533568685954
unemployment_6,0.0004073683510468024
act_14,0.0004072481457042289
firm_10,0.00040715443432796965
development_18,0.0004070921406383737
county_5,0.00040701481235849306
office_1,0.00040613759515474845
bubble_3,0.0004059387860322373
dow_jones_18,0.00040586166943484294
york_5,0.00040585853870399086
bubble_8,0.00040566726163137663
arts_18,0.0004053832535205405
DOW_JONES_9,0.000405078103639769
DOW_JONES_8,0.00040497499545920807
money_5,0.00040490978349859896
economic_19,0.0004048741221567358
economy_7,0.00040457223336112514
project_17,0.00040450448512225284
served_14,0.0004039269415927532
court_6,0.00040339254641570346
marketing_8,0.0004031291181687246
bank_18,0.00040212834374357453
secretary_12,0.00040212312482466465
movie_2,0.00040166205643703783
union_6,0.0004013043482637954
forex_10,0.00040103172619524336
bonds_6,0.00040102571092123296
texas_16,0.0004007775729032091
members_8,0.00040038182624765087
management_8,0.00040017633098450583
illinois_8,0.0003997026753069776
community_1,0.0003996940079944339
home_12,0.0003995758801127514
ring_1,0.00039956352496123217
party_7,0.0003988822342409254
illinois_12,0.0003986693464677771
war_1,0.0003985947818471604
lifestyle_16,0.000398348201571985
risk_17,0.00039832914363194076
growth_8,0.0003982093721215106
credit_16,0.00039807210490462326
water_11,0.00039802032844621225
kitchen_6,0.00039793443458427684
ltd_19,0.00039784911959732145
project_20,0.0003974688713805084
default_17,0.0003974447318768466
york_17,0.00039730420819298565
community_16,0.00039724858052297616
leverage_4,0.000397190218008687
william_11,0.0003971451331532861
energy_4,0.0003970897455176894
votes_11,0.00039698209702561426
gold_10,0.0003966689719779319
conflict_18,0.00039584095481280126
kitchen_3,0.0003958284538058532
war_3,0.0003957590638826813
products_8,0.00039562697601199334
served_12,0.00039547753883661273
gain_10,0.00039537247403283117
housing_1,0.0003949771546613614
illinois_14,0.0003949677676341732
labor_17,0.00039461768935146935
products_6,0.00039457635823284443
nyse_13,0.0003942831537078948
missouri_4,0.0003941944611464386
carolina_12,0.0003938535521712324
massachusetts_16,0.0003938002018476152
fond_15,0.00039349392001295197
present_14,0.0003932412084179261
federal_8,0.0003920975310113155
management_2,0.00039078700710127147
house_13,0.00039058949860037507
social_19,0.00039004795982333065
government_2,0.00038996597274366376
case_13,0.00038989401332459474
financial_5,0.00038945312972774883
business_15,0.00038913217461008105
community_6,0.00038866584006291594
rich_17,0.0003885794983284425
community_18,0.0003884814761313641
invest_3,0.00038813972871137956
invest_8,0.00038796362777592837
leverage_3,0.00038762258120810666
gold_4,0.00038754383164596847
management_18,0.0003873997502164969
law_3,0.0003870209661877301
financial_6,0.00038678920649049957
gains_2,0.0003864210332052533
economic_1,0.0003860305949365964
fed_19,0.0003858180878423822
ltd_10,0.0003854761675253378
ltd_13,0.0003854023806356004
opportunity_13,0.00038519761350291334
corporation_1,0.00038511840296180964
bonds_19,0.00038451242343443914
rights_14,0.0003845054979446117
ohio_10,0.00038421853699252334
housing_12,0.00038384234651310615
business_1,0.0003837822223803822
movie_11,0.0003834764241364065
money_4,0.0003829607046887239
york_7,0.00038242944017963427
home_10,0.0003823229175984713
corporation_14,0.00038232129382581554
leverage_6,0.0003821889776507713
energy_12,0.00038203729591077576
minister_16,0.0003818964641603335
finance_16,0.00038080192950787264
york_3,0.0003804246994258652
movement_18,0.000380368423823683
project_2,0.00038022429147359794
unemployment_10,0.00038011583322379957
energy_8,0.0003797709167720988
vermont_4,0.0003797053008094953
travel_3,0.0003794436893212585
food_10,0.0003788540099043749
council_19,0.0003786003402105848
religion_15,0.0003785264341515705
corporation_10,0.0003782389689019092
dow_jones_5,0.0003776143916405754
founded_19,0.0003774662980195413
fine_15,0.0003774073557165868
government_10,0.00037740153349077594
labor_18,0.00037705494367674855
marriage_2,0.0003769964869497277
minister_14,0.00037679562519990175
law_10,0.0003766140326096665
college_11,0.0003761916870372525
cash_9,0.00037546741474545623
money_11,0.0003752100215745342
council_16,0.0003751585145406023
kitchen_5,0.0003750787561331513
republican_12,0.00037478785208505476
market_6,0.00037473642404206163
debt_17,0.0003745046456069652
governor_5,0.000374409442717151
elections_14,0.00037362004404122094
texas_10,0.000373389074775874
companies_1,0.0003733230746390376
return_2,0.0003714190258753108
cash_7,0.0003710129539099057
house_3,0.00037095160631033555
ltd_9,0.00037085634369775204
business_2,0.00037079020672935804
credit_11,0.00037055505391572627
return_19,0.00037044694362066974
invest_14,0.0003703379325056083
security_17,0.00037015643914351665
movie_12,0.00037000132556830047
kentucky_18,0.00036984255687782575
growth_13,0.0003698286466389242
kentucky_8,0.00036978823652176367
DOW_JONES_16,0.00036966442439878143
texas_13,0.00036939851931076746
leverage_18,0.000369026856556522
union_8,0.0003689169155049643
DOW_JONES_6,0.000368784506752307
court_9,0.00036872408588078004
invest_17,0.00036867115558379665
freedom_20,0.000368136427460386
media_7,0.00036804386489488545
kentucky_3,0.0003677574708945205
finance_14,0.00036773343441486803
votes_18,0.0003675488716666875
sell_6,0.00036732860411132356
vermont_8,0.0003671187135157902
ltd_17,0.0003668955520866644
house_7,0.0003667830876691987
illinois_2,0.0003667016365336172
president_11,0.00036669365239391224
democratic_16,0.00036611383249991725
bank_1,0.0003660882777721107
fun_8,0.0003660411542131865
war_16,0.00036602697380567784
management_11,0.0003653493679666948
gold_19,0.0003651537105265725
companies_2,0.00036510192490198426
bonds_18,0.000365078020541753
holiday_13,0.00036502511682523427
committee_6,0.0003647239417247174
crash_13,0.00036467463672154967
derivatives_12,0.0003646127403146447
gold_1,0.00036456056255386655
act_19,0.00036447200383857753
health_9,0.0003644565774856239
election_17,0.0003643264812025657
ring_6,0.0003642305603635114
minister_20,0.00036407934492310604
act_9,0.00036394812750052544
business_4,0.0003631908765670601
freedom_13,0.00036311378840246406
transaction_6,0.00036296002676073003
market_20,0.0003624256371276194
oil_6,0.0003619997378651836
law_6,0.0003618900391890121
members_17,0.00036186728262869246
cancer_14,0.0003618595117829885
arts_3,0.0003617689018756134
media_18,0.00036175257413573506
risk_4,0.00036173934010994024
governor_9,0.000361454064887187
society_12,0.0003614540026386248
virginia_2,0.0003612956359897267
markets_10,0.00036099988020551994
inc_15,0.0003609544848907569
finance_15,0.00036081497092322847
investment_20,0.00036032797966644255
served_1,0.00036026712627881325
technology_12,0.00036020587216792116
elections_4,0.0003601987467545913
labor_19,0.000359917748933281
politics_5,0.00035987562268128615
federal_3,0.0003596374031050198
car_20,0.00035963521497127464
financial_13,0.0003596107885315652
william_1,0.0003595704543254559
virginia_20,0.0003595193522529882
food_17,0.00035950661353365357
money_3,0.00035920769092447383
ministry_15,0.0003592059797645682
stock_market_13,0.00035914486312111694
war_17,0.00035909948541184666
media_8,0.0003590821304597666
massachusetts_2,0.0003590734255258476
bonds_5,0.0003589888204317944
world_7,0.00035863124319864996
technology_3,0.000358560682498068
services_14,0.00035815003800153015
virginia_6,0.00035787455845748056
DOW_JONES_3,0.0003578329064739967
million_4,0.0003576010429866596
served_15,0.0003572823765169162
governor_16,0.000356837767792259
banking_2,0.00035662115017098367
office_4,0.0003565772607406446
color_16,0.0003565073702338806
global_12,0.00035601812344678707
council_8,0.0003554888966633977
case_3,0.0003554164630406821
conflict_15,0.00035495461542857566
economic_7,0.0003547916505859638
fun_1,0.0003547348045791828
nasdaq_6,0.0003547140924438882
growth_4,0.0003544322815404203
security_7,0.00035427823329305466
party_17,0.0003539654213802931
court_1,0.00035395854024550835
bank_6,0.0003538460506840473
banking_13,0.00035349842681439643
legal_12,0.00035334367297786977
minister_10,0.0003532539859653596
food_3,0.00035312203277382525
justice_6,0.00035276048540413836
cancer_15,0.000352339559078434
housing_15,0.0003522470771512874
ltd_4,0.00035190610641427206
republican_11,0.00035167568154676675
lifestyle_2,0.00035149861901718614
ore_5,0.00035139469423093857
unemployment_12,0.00035134427724042204
garden_5,0.0003512869644359675
massachusetts_11,0.0003511068895551523
loss_6,0.00035092616626582326
georgia_2,0.0003509111148526123
conflict_12,0.0003505827233450605
travel_6,0.0003503946991685516
georgia_4,0.00035032989960472315
rights_8,0.00034983094604677784
party_1,0.0003497847215050925
money_13,0.0003496715992605217
market_3,0.0003491460012008061
democratic_8,0.0003490603723236963
crash_4,0.0003489720690775253
democratic_15,0.0003486823169039663
movement_10,0.0003484750503740443
unemployment_3,0.00034844037669808027
ltd_12,0.0003484144168476944
elected_8,0.0003481822283359401
profit_6,0.00034805833221872073
world_3,0.00034803996521565634
profit_1,0.0003480355347388614
revenue_12,0.00034787922673593406
union_11,0.00034783346067134604
water_1,0.00034773954434843803
environment_11,0.0003474376978776362
ohio_9,0.0003473590469619988
holiday_16,0.0003472489897983345
debt_3,0.000347065640403594
william_16,0.0003466490031388182
georgia_12,0.00034663391241265823
election_5,0.0003465102490072656
government_3,0.0003459315269205089
served_3,0.00034547962130969487
train_10,0.0003452166679204424
culture_8,0.00034495560092228603
nasdaq_13,0.0003443496805804662
president_20,0.00034425326320751566
religion_19,0.0003441552331883799
pennsylvania_10,0.00034413692091034157
media_20,0.0003439702656094421
business_9,0.0003432585800414517
finance_4,0.00034319660825538387
founded_17,0.00034303185988080473
restaurant_19,0.00034299937674431465
legal_1,0.00034265835124977
elected_2,0.00034264761386413326
fine_11,0.0003425509380276373
food_15,0.00034254553440386614
york_9,0.00034253325244584516
served_13,0.00034244578294469284
minister_13,0.00034244473718602
votes_4,0.0003423701712175615
county_2,0.000342026442429222
DOW_JONES_2,0.0003417999518999447
food_14,0.0003416381020342716
train_14,0.00034150008246339804
money_17,0.00034143045715035136
nasdaq_19,0.00034127282150876807
election_2,0.0003412394262830832
rich_15,0.00034107940097748325
business_6,0.0003409997701796182
secretary_3,0.0003409777808336564
council_13,0.0003408679915276508
police_14,0.00034070934629450617
founded_10,0.00034061589749623554
wisconsin_13,0.00034056693242901415
carolina_3,0.0003403960316209809
portfolio_5,0.000340137288536355
risk_2,0.00034006429559070507
william_7,0.00033994329069918504
movement_7,0.00033982989425263927
products_19,0.0003398152143114521
risk_20,0.0003397522375975044
investment_5,0.0003396682540337019
headlines_1,0.00033953353457595814
rights_6,0.00033938983566065314
county_10,0.0003392129171006982
rich_19,0.0003390699776368127
travel_12,0.00033900218096768976
rich_12,0.00033899150768244943
president_14,0.00033884259491295566
banking_3,0.0003387675555986402
georgia_20,0.00033866213683547523
senate_8,0.0003384139114849893
services_16,0.00033841245947804433
washington_9,0.0003383752690044541
social_6,0.0003379579746519391
ohio_3,0.0003379331602236452
social_13,0.0003379021430204419
government_12,0.0003377368105278029
federal_4,0.0003376994312904433
stocks_17,0.0003376826825437935
ohio_16,0.0003372991335224456
community_20,0.0003368250197727958
business_7,0.00033674029678621727
gains_13,0.00033673292763851176
inc_11,0.0003364458553468712
movie_9,0.0003363237719542573
firm_4,0.00033626642269716573
case_18,0.0003361654400227075
technology_13,0.0003360277501927635
missouri_3,0.0003359041628559291
minister_15,0.0003359028334706504
car_19,0.0003358580560547938
stocks_6,0.0003356992017172973
county_11,0.00033560489957100735
marketing_17,0.00033549407923677213
development_13,0.0003352698624100966
success_4,0.0003352198456742131
district_4,0.0003351567969594141
movie_8,0.0003351503265259977
republican_9,0.0003350271240232344
buy_19,0.0003347668228462476
restaurant_7,0.00033446355120847303
bank_13,0.0003344042998496016
bank_11,0.0003343246405270215
inc_20,0.0003337817660129998
economic_13,0.0003337619048561138
nyse_10,0.00033364363031631146
georgia_13,0.0003335857553658326
marketing_7,0.0003333016597197337
judge_6,0.0003332573280283729
fed_3,0.00033324992549044744
kitchen_15,0.00033188030531651057
technology_6,0.00033186393133049553
market_7,0.0003315500363439739
minister_3,0.0003315381700285196
founded_8,0.0003313238575558963
dow_jones_12,0.0003311255055687461
housing_18,0.0003310607719755815
loss_17,0.00033073251906870347
portfolio_1,0.00033057807637961844
movie_10,0.00033028728432613405
party_9,0.0003301531414219171
gold_14,0.0003301061623081292
financial_11,0.00033005905379503213
senate_20,0.0003299646833585355
federal_10,0.0003299057866401511
judge_5,0.0003297765903690108
economic_20,0.00032974160097525647
office_6,0.0003295803896728759
bonds_17,0.0003293829243745094
president_9,0.0003292206368223389
service_5,0.00032898345962789475
home_1,0.0003288690683124966
georgia_18,0.00032862704908802126
served_19,0.000328560991451992
election_20,0.0003285531300035216
house_15,0.00032819952128476117
elections_3,0.00032809915268829066
senate_16,0.0003280139095999937
companies_4,0.0003279135984693177
movie_19,0.00032787407687580056
nasdaq_20,0.0003278101097984582
security_3,0.0003277946116679087
county_7,0.000327775529627133
office_16,0.00032777043573431095
train_15,0.0003277106326743535
college_18,0.0003276607688398625
secretary_16,0.00032748534275405184
cancer_4,0.00032742845338218113
elected_20,0.0003270051178616447
oil_12,0.00032696890269511355
security_4,0.0003269643485011014
kentucky_15,0.0003268779076440806
conflict_7,0.00032607436030248466
marriage_4,0.00032560322621301457
william_14,0.0003251115462221654
buy_10,0.0003247230306224883
money_20,0.0003243252708705093
elections_13,0.00032426213172262485
washington_10,0.0003242495991701258
services_18,0.0003241867034498063
political_7,0.00032412081748119494
missouri_5,0.00032408147895097354
bank_2,0.00032392025802899704
home_20,0.00032390122618751254
court_3,0.0003238405159804828
fed_20,0.0003235866373498309
stats_8,0.0003234942956780877
home_16,0.00032303979840188693
republican_17,0.0003228662971192865
law_5,0.00032274550898704976
culture_10,0.00032271433308061315
environment_18,0.0003226969268001864
texas_17,0.0003226824584767835
ring_11,0.0003226713912032091
conflict_2,0.00032265028374579326
water_3,0.0003224161767277743
fed_13,0.0003223508631271602
republican_7,0.00032198071416636654
democratic_4,0.0003218045884813582
movie_1,0.00032152113042407894
happy_17,0.00032136803571615415
environment_1,0.0003211096206748938
police_8,0.0003209695636380545
york_18,0.0003208220503554746
industry_6,0.000320748443002741
restaurant_11,0.0003207110613447796
elections_18,0.0003206134950561323
movement_13,0.000320541884172864
war_14,0.00032040893928963197
companies_9,0.00032038741075138293
water_15,0.00032034592456493414
food_5,0.0003203215229947163
minister_12,0.00032019535155393874
holiday_8,0.0003201713569453566
default_19,0.00032016476720080013
freedom_8,0.00032014901964752806
police_13,0.00032011424192968313
vermont_17,0.0003199470173206521
arts_6,0.000319791649449496
fun_14,0.00031963385273657747
technology_2,0.0003195387881568938
fine_6,0.00031944629311977436
forex_2,0.0003193355503232833
headlines_15,0.00031933517197015325
wisconsin_7,0.00031910143448037254
economy_3,0.000318956677469831
massachusetts_18,0.00031895064717674977
legal_3,0.0003189481883517993
illinois_16,0.00031891884012521154
stats_10,0.00031887118400643127
gains_19,0.0003187744970513749
cash_10,0.00031849289917589555
stocks_11,0.0003183682176154551
texas_4,0.0003181973673883304
opportunity_11,0.00031773363274189355
committee_10,0.0003176680728448797
vermont_9,0.0003173723404452336
missouri_20,0.0003173030930934533
trader_14,0.0003171972867642879
gains_15,0.0003171500676447088
federal_6,0.0003166893265682522
society_7,0.00031630707855000856
travel_11,0.00031628800939558334
votes_15,0.0003162032370062806
court_17,0.0003162002438163582
legal_8,0.0003161381352243946
development_14,0.000316088847701428
finance_7,0.000315768584603051
opportunity_9,0.00031573406632714194
college_20,0.00031555751641127735
county_8,0.00031529810830565377
corporation_11,0.0003150676822732853
vermont_19,0.0003150622272506318
district_19,0.00031496037722587633
revenue_10,0.0003149048060705864
ltd_11,0.00031485732957073283
wisconsin_12,0.0003148065828991482
banking_18,0.00031475897331272707
oil_19,0.00031437053764701525
fond_11,0.0003143681944427205
transaction_18,0.0003142122381596658
fun_9,0.00031397190631505156
products_20,0.00031384960889353335
services_15,0.00031379056386036036
return_4,0.00031378533619039764
food_7,0.00031377964507160413
metals_7,0.0003133140079911694
house_9,0.00031330340703023235
movie_15,0.00031326036632177976
republican_3,0.00031308790428915466
financial_16,0.0003126534921885187
development_5,0.0003125182574380204
religion_5,0.0003123780740001356
law_17,0.0003123557325107298
corporation_2,0.0003123298124311045
unemployment_4,0.00031209620771985606
bonds_2,0.0003119060133789586
nyse_6,0.00031173979360121296
judge_8,0.00031166357912354496
case_5,0.0003116313479563046
elected_16,0.00031140485897847487
pennsylvania_12,0.00031118953064741703
home_5,0.00031105739688479884
markets_14,0.0003109793821519949
restaurant_3,0.00031093996932483187
environment_4,0.0003109224699951705
ring_10,0.00031084285679917434
fun_2,0.0003104551018930432
global_15,0.0003102522358653145
color_17,0.0003101224854935896
portfolio_15,0.00030995701433566197
york_20,0.00030982773106792586
health_12,0.0003095442547251424
chance_20,0.0003091677745181327
financial_4,0.0003091523767508877
invest_6,0.00030909004485605527
cancer_7,0.00030852904157932114
travel_16,0.00030847373427472704
products_14,0.0003084398044405399
georgia_15,0.00030819772124986676
services_13,0.0003080978547574084
pennsylvania_19,0.00030799907748951913
loss_15,0.00030776062706961273
banking_9,0.0003076014612610182
district_8,0.0003075524988888327
fine_19,0.000307486297203065
washington_11,0.0003074306675593443
ohio_19,0.00030741929332886913
judge_16,0.00030725588176855795
products_17,0.0003071709933195953
success_15,0.00030658774709637596
judge_2,0.00030640979176614397
movie_16,0.0003063477618077444
social_7,0.0003055962679883271
fed_16,0.00030508675537627925
returns_5,0.0003049174562510021
massachusetts_9,0.0003048568548654471
marriage_3,0.00030462307836165865
project_8,0.00030420521189967504
washington_4,0.0003041495095317426
court_12,0.0003039664260031732
success_20,0.00030373393017030947
nyse_1,0.0003035879036348405
tennessee_15,0.000303571821801199
headlines_13,0.00030356818282232124
stats_14,0.00030347799379624036
financial_1,0.00030346363489408285
market_1,0.00030333109045032643
council_11,0.0003032663064897925
inc_19,0.0003028537786902207
finance_9,0.0003026650643544798
credit_10,0.00030265614073500004
happy_3,0.0003024546811798005
fun_15,0.00030244941383971704
republican_20,0.0003024039310746724
firm_3,0.00030225437039619235
water_20,0.00030216414980088426
market_5,0.0003021386526887175
finance_17,0.0003021267040805735
kitchen_10,0.00030205335960703717
fun_3,0.00030194929266121013
ohio_4,0.000301909986388649
union_2,0.0003016090754171253
services_6,0.00030125255425267697
security_2,0.00030116180157904065
movement_14,0.00030114379501702213
technology_20,0.00030109029377272246
cash_8,0.00030095375017092084
environment_7,0.0003009024659841525
house_2,0.00030076838080656475
ore_15,0.0003005850693138095
william_12,0.0003004886888030657
debt_20,0.00030044082600910776
gains_16,0.0003003796894333945
elections_2,0.0003002471892610453
virginia_3,0.0003001725709286115
missouri_7,0.0003001197254085977
housing_10,0.0002999521873464741
marriage_8,0.0002998195510843109
college_13,0.00029972900960076505
energy_5,0.00029952813243008195
fond_13,0.00029952250789509234
william_20,0.0002992456764674905
invest_19,0.00029918263011544707
dow_jones_11,0.00029898078473328504
marriage_11,0.0002988620499353242
culture_9,0.00029876970486139397
minister_19,0.0002985082654377781
project_3,0.0002984127029594762
sell_17,0.000298398463137165
credit_7,0.0002983238176175154
water_9,0.0002980584397376223
ring_9,0.0002979804249740699
federal_13,0.0002979331651726149
house_12,0.000297775895745032
gain_14,0.000297676326861374
york_19,0.00029762161326400374
massachusetts_14,0.0002974982538410602
buy_12,0.0002972699400613146
case_11,0.00029721247171910864
illinois_6,0.000296929736488107
car_5,0.00029683157578097867
garden_6,0.000296760880611839
representatives_17,0.00029674270813305384
house_8,0.0002965692269118231
dividend_20,0.0002961976736025515
served_2,0.00029617020923933344
kentucky_6,0.0002961543772244659
act_16,0.00029614816058132253
election_18,0.00029605616600101756
justice_5,0.0002959686401468479
served_8,0.00029575991396317883
federal_5,0.0002956869407928677
forex_20,0.0002954353467516502
dividend_4,0.0002951339965991417
crash_10,0.00029500962148971754
services_19,0.0002949137885096981
illinois_15,0.00029476913080756276
money_6,0.0002944887328971843
trader_10,0.00029445168310002857
inflation_4,0.00029434552697622053
union_9,0.00029433979620096254
services_17,0.000294092147481815
media_13,0.0002935157208451003
ore_12,0.00029324831760007305
ohio_20,0.0002931130772714687
election_8,0.00029308280389002677
elected_14,0.0002929457113798726
trader_18,0.000292693732528387
health_7,0.0002926790195155431
union_1,0.00029256598885039464
firm_19,0.00029249437614287387
act_15,0.0002923553158622878
buy_2,0.00029232672268732213
district_13,0.0002923107487962957
movie_17,0.0002920733749550909
service_7,0.0002918909065725521
college_14,0.00029183803548623905
unemployment_9,0.0002917755756279873
kentucky_9,0.0002917248980036618
return_7,0.0002915783658477708
banking_5,0.00029157067192473677
movement_12,0.00029151306282786577
seats_10,0.0002913022466370112
stock_market_9,0.0002912777532018067
service_3,0.00029099081248996184
election_7,0.00029093498961826365
washington_16,0.0002908138581844059
college_5,0.0002906419491562562
missouri_16,0.00029034751733394786
economy_11,0.00029032661558096504
restaurant_18,0.0002902217965786208
party_11,0.0002901274685946327
political_18,0.00029003363715596805
labor_13,0.000289923707106261
missouri_8,0.0002897258962251901
travel_9,0.0002896639568009811
georgia_9,0.0002896287981892784
democratic_14,0.000289544867892484
technology_8,0.0002894947725668804
world_19,0.00028923233774279944
ohio_6,0.0002891878648535958
religion_3,0.000289116829518263
holiday_17,0.0002889723675889333
office_19,0.00028871984928737724
ore_11,0.00028857546027707606
democratic_19,0.0002885281252429753
invest_15,0.00028826898999305677
ceo_14,0.0002882421732236811
virginia_12,0.00028821312439058795
holiday_5,0.00028820537226227356
law_9,0.0002873325267448104
global_11,0.000286647950049661
gold_17,0.00028653008128520346
judge_13,0.0002864544768942376
environment_15,0.0002864219237340389
investment_13,0.0002864101731934795
sell_5,0.00028612849341372906
products_1,0.00028612142955110705
social_12,0.0002858953817665116
holiday_14,0.0002858719362937148
government_8,0.0002858368062214309
crash_12,0.00028575042730665423
car_17,0.00028567874635922164
invest_10,0.0002855120913901348
court_8,0.00028540800071757163
wisconsin_19,0.00028536736935059283
society_6,0.0002852697840169663
secretary_2,0.0002852274422537255
social_18,0.0002851394910512719
cancer_5,0.0002851193772853367
profit_17,0.00028488861262551213
stats_20,0.0002848884441957364
hedge_18,0.00028480408066259595
leverage_8,0.000284597575702111
unemployment_18,0.00028452842541218945
police_3,0.0002844063473718413
markets_8,0.0002843486738993646
fun_20,0.0002842950736656287
court_19,0.0002842365543599261
train_12,0.00028416665059600917
bubble_9,0.0002841210627638048
financial_10,0.0002838129276161601
pennsylvania_7,0.00028369903174294605
community_19,0.00028367399212851445
energy_14,0.00028365682505950967
carolina_5,0.00028337370779924864
community_15,0.00028334796394060787
return_11,0.0002830807754560803
president_15,0.00028307515830341035
representatives_20,0.00028299342264377294
legal_5,0.0002828361310734866
financial_17,0.00028268320372183106
secretary_20,0.0002826354532076495
court_14,0.0002825537869860881
seats_11,0.00028239718733967436
senate_1,0.00028209188951300437
dividend_6,0.00028196779229210984
law_19,0.0002818350030488318
seats_15,0.00028170026319085856
rich_3,0.000281547050134275
economic_14,0.00028144367307512345
technology_4,0.0002812771981491248
ceo_6,0.00028124026910112174
served_18,0.00028099214393397106
consumption_6,0.00028098431506347506
community_17,0.0002808920986042764
global_6,0.00028071467909022003
county_4,0.0002804684047131807
derivatives_1,0.00028006992610178687
trader_13,0.00027979792330782427
office_20,0.00027978555266451106
security_13,0.00027975111982471196
texas_9,0.0002796857453670226
crash_3,0.00027953005009360554
restaurant_12,0.00027951438316452704
seats_7,0.0002794913495651231
holiday_10,0.0002794293128873482
car_9,0.0002791344894231941
bank_17,0.0002789276853019539
financial_14,0.0002787803642695089
party_19,0.0002787352876636356
project_6,0.00027868730930858337
union_5,0.0002786453571088101
community_14,0.0002786370597738642
tennessee_16,0.0002786088674471973
health_20,0.00027854876296850103
council_4,0.00027851763996456576
virginia_15,0.0002783283004153239
texas_12,0.00027823538718581617
culture_17,0.00027819033750871297
governor_2,0.00027815602060726204
council_18,0.0002781205107216169
market_14,0.0002780357452429561
culture_3,0.00027795551233058397
present_1,0.0002779443946121048
security_8,0.0002776843442255517
buy_3,0.0002775218272535974
markets_15,0.00027743916528432994
economic_11,0.00027723255924363597
stock_market_4,0.0002772029948896078
economics_16,0.0002771015755408244
council_9,0.00027705292604725756
housing_3,0.0002769871738663456
opportunity_2,0.0002765459840529453
politics_12,0.00027639206562311326
stock_market_5,0.0002763894899985016
investment_7,0.0002760971365121969
senate_4,0.0002758551219818969
water_10,0.0002758278717414773
carolina_18,0.0002758003671943454
vermont_14,0.00027556503199289035
marketing_18,0.0002754760029304075
missouri_2,0.00027547227701565404
technology_15,0.0002754541456476445
dow_jones_7,0.00027527863010873375
society_4,0.0002750384713088503
tennessee_13,0.0002749676203382502
service_12,0.00027488343212126907
health_19,0.0002746789840335799
republican_13,0.0002746436575386655
ore_8,0.00027461866168448397
economy_18,0.0002746124374493583
project_9,0.00027443413711070885
wisconsin_4,0.00027439551197767844
massachusetts_5,0.00027434580270888813
kitchen_4,0.0002742769574150566
gain_7,0.00027413810953193707
economy_2,0.0002740779153537268
culture_15,0.00027370740086490663
county_15,0.000273583723934937
world_11,0.00027356866981225196
unemployment_8,0.0002734644894366025
federal_9,0.0002734186167575158
federal_20,0.0002733498316569981
marketing_4,0.00027334940194941287
service_11,0.0002730241985449514
religion_2,0.0002729577488214447
train_8,0.0002728952873982621
crash_8,0.0002727499949496443
politics_13,0.00027240189833624125
voters_18,0.00027216818752649985
cash_5,0.00027215982563062605
corporation_13,0.0002720924521515945
credit_15,0.0002717346872621539
water_7,0.00027168483574832055
nyse_17,0.0002716678530643875
federal_2,0.0002716207403678025
restaurant_17,0.00027151921132863673
crash_18,0.00027140442853776776
stats_18,0.00027126555129559926
labor_20,0.0002710793561742973
war_19,0.00027103520056711444
credit_18,0.0002709637299670004
senate_3,0.0002706987262770718
economic_10,0.0002705991265808317
ceo_3,0.0002705598752386079
bubble_14,0.00027051549782653036
loss_9,0.000270272533083961
democratic_1,0.0002701717592880012
financial_12,0.0002701636948803261
political_5,0.0002701078688302569
return_15,0.0002700870994788107
buy_14,0.0002700635473821769
kitchen_12,0.0002700292272626535
community_13,0.00026989311818992817
housing_13,0.00026975745226785806
party_2,0.00026965556382828977
carolina_8,0.0002696469802416215
garden_10,0.0002695225001272665
management_16,0.00026925237237221167
massachusetts_1,0.0002690339216899139
carolina_13,0.00026875496161679927
credit_5,0.00026875395460398494
development_10,0.0002685255382322201
project_5,0.00026840545229538066
forex_8,0.0002683945580983523
sell_9,0.00026822725761076546
ohio_17,0.00026818355387514135
project_15,0.00026812875264015047
car_6,0.0002681131691879321
ring_12,0.00026795990897425916
legal_19,0.00026793539607564794
investment_17,0.00026784710553086387
movie_18,0.00026778983089097554
ltd_16,0.0002676471572498434
development_4,0.00026762283175125855
garden_20,0.0002676045732504229
lifestyle_14,0.000267478526062167
law_14,0.00026743066110708876
texas_8,0.00026733829875056166
crisis_7,0.0002672956460189007
leverage_13,0.0002669013582333683
fed_8,0.00026684340545752693
DOW_JONES_17,0.0002667953213071469
vermont_11,0.0002666643303297021
markets_12,0.0002666626841405364
government_19,0.000266651686011252
political_19,0.0002665376959171566
arts_7,0.00026651183141056337
justice_16,0.00026643331783108
ohio_8,0.0002663697469912237
technology_1,0.00026631991878548606
color_19,0.0002662945035834715
water_2,0.000266276967286787
office_18,0.00026612742721536937
inflation_13,0.00026596771990790286
ceo_15,0.0002659650548890675
gold_8,0.0002658405045671437
oil_17,0.0002657001239253747
derivatives_10,0.00026563938727890255
money_15,0.00026562740294433707
management_3,0.0002656104167254914
home_17,0.00026548179547776176
conflict_6,0.0002651955442607893
million_12,0.0002651340443418306
stocks_2,0.0002650778687969878
legal_10,0.00026500790776689593
dow_jones_14,0.0002649497370195718
bonds_1,0.00026489257958317526
carolina_4,0.00026481920974876384
wisconsin_16,0.0002646926896896927
health_13,0.00026465336096146694
security_1,0.00026460912630202945
massachusetts_10,0.00026459078848225116
color_14,0.0002645745837907469
economic_12,0.00026456298408368914
buy_7,0.00026441140099558704
seats_3,0.0002643039852719513
world_20,0.0002642457107498978
business_18,0.0002641916980482353
buy_9,0.0002641715666682807
nasdaq_2,0.00026413527090716994
district_9,0.0002641036160367089
energy_11,0.0002640437307811242
minister_5,0.000263718332692506
freedom_1,0.00026357722073199407
gains_17,0.00026339230793134014
travel_5,0.0002631369911175342
revenue_18,0.000263029715979464
car_13,0.0002628940650439128
service_2,0.00026285270385801
security_6,0.00026282513589644986
society_1,0.00026277694534895395
ohio_15,0.00026268877134744064
fun_16,0.00026257675710751285
gain_8,0.00026253225226901606
consumption_16,0.0002624149972124028
movement_16,0.0002622905740355837
industry_1,0.0002622839603015702
gold_9,0.0002621034078332211
derivatives_5,0.00026190770649245137
garden_7,0.0002619056596943681
growth_14,0.00026188400770824516
war_6,0.0002618140966324854
crisis_19,0.0002617409236393864
bank_14,0.0002616245204576633
york_10,0.0002616001594654226
rights_13,0.00026154444237850357
business_5,0.0002615131298340576
federal_12,0.0002613444090071514
travel_10,0.0002612426049692612
college_1,0.0002611497213028106
election_11,0.0002611428355717228
stocks_14,0.0002610113604442185
buy_20,0.00026100609540995054
world_16,0.0002609094819025584
energy_3,0.00026088017731618263
president_8,0.000260697426651278
market_18,0.0002606543223392834
senate_14,0.0002606347114451914
cash_6,0.0002605487396919163
opportunity_8,0.0002603886105654669
community_5,0.0002601831577286037
founded_20,0.0002601688494789017
kentucky_13,0.0002599975789438224
election_6,0.0002599576106380823
district_3,0.0002595427388074275
cancer_1,0.00025950290985501343
opportunity_7,0.00025942994149251507
college_10,0.00025942456727948393
global_19,0.00025918897754615637
water_8,0.0002591561264209699
county_12,0.0002590435454285149
fed_2,0.00025895497907503105
companies_8,0.00025883067730790923
legal_14,0.0002588272042802091
corporation_15,0.00025865367574633835
bubble_11,0.00025861116603962666
government_5,0.000258596853685558
investment_18,0.00025859393241279655
dow_jones_19,0.0002585623603428865
revenue_5,0.00025841025667791367
metals_4,0.0002583268474665779
cash_20,0.0002582825837023966
cancer_13,0.000258170911980506
inc_12,0.0002580493765093985
business_12,0.00025778881214912416
technology_10,0.0002576073884040595
nyse_15,0.00025759141194432435
virginia_17,0.0002575505813948101
arts_19,0.00025751903044293956
products_3,0.00025730162778859057
credit_6,0.0002572308804125021
forex_3,0.0002572190424129712
environment_3,0.0002571177412412399
energy_2,0.0002570600139238578
train_7,0.0002570047240922039
gold_2,0.0002569287771039125
opportunity_20,0.0002568159375616851
media_6,0.00025663478767703704
success_6,0.00025640796215762495
ore_3,0.00025635824543264257
bank_4,0.0002562358627905731
democratic_13,0.00025586396039953117
buy_16,0.0002558626629903988
default_7,0.0002557759712541202
fond_17,0.00025573183583252194
bonds_9,0.00025571564947444894
car_10,0.0002556931852085662
growth_20,0.0002555510025656357
votes_14,0.0002555405589072838
representatives_19,0.000255497424343368
politics_6,0.0002554692493144015
nasdaq_15,0.00025541063236215707
forex_5,0.0002553291559809109
dow_jones_17,0.000255323933561478
banking_12,0.00025522137730256
energy_13,0.0002551953548458045
federal_14,0.00025516746645737104
DOW_JONES_5,0.00025515991147305553
train_1,0.0002550043180693391
transaction_2,0.0002547323814718578
society_17,0.0002546606164927363
revenue_2,0.00025446736141318055
credit_2,0.00025434549166373534
loss_18,0.0002541964684902239
government_1,0.0002539825318626431
world_6,0.0002539174747141229
housing_5,0.00025380613895760115
market_12,0.00025359758837379385
oil_4,0.00025345079739385733
present_18,0.00025343920978216744
elections_11,0.0002533733106226052
leverage_16,0.0002532720495758196
police_1,0.00025326908404727086
kentucky_7,0.00025313990593294725
carolina_15,0.0002530526859692219
elections_16,0.0002529369646732468
derivatives_19,0.0002527068204780961
community_3,0.0002527027168486397
police_19,0.0002526663777488161
forex_15,0.0002525595511456863
religion_8,0.0002525237071349077
tourism_6,0.0002524721256897154
management_7,0.00025243507135932927
water_16,0.00025237618925851154
profit_2,0.0002522251128630969
union_18,0.0002521317655684847
legal_7,0.0002520920692367905
inc_2,0.0002520840612268611
elected_9,0.0002519589392971038
growth_19,0.00025190218241909174
elected_10,0.00025180141800379267
hedge_9,0.00025177514983868614
legal_6,0.00025175068730885346
stocks_4,0.0002515960404722171
law_16,0.00025158175596748193
home_13,0.00025157948749091557
trader_7,0.0002515323897120079
judge_14,0.0002514857598433611
unemployment_15,0.0002513781088269452
missouri_18,0.00025130000002117163
representatives_1,0.00025124272281025256
revenue_14,0.00025123134674667476
law_18,0.0002510340597071742
corporation_8,0.00025100703407790595
york_13,0.0002509199137773478
bank_20,0.0002508513083956084
revenue_17,0.0002505484595584921
governor_15,0.0002505435629545759
technology_11,0.0002504993144540683
legal_18,0.0002504719393479642
stats_11,0.000250348221178471
cash_16,0.000250333416345763
metals_6,0.00025029782183937126
invest_11,0.0002501813452990059
texas_11,0.0002500582376849236
ore_16,0.00024990800842857307
fun_5,0.00024981408385863114
washington_5,0.0002497089479890726
illinois_7,0.00024951707661749755
law_2,0.0002495054565596109
inc_17,0.00024948621004241
inc_8,0.00024945041416860633
corporation_17,0.0002494410070106028
development_12,0.00024937289301441435
investment_6,0.0002493654673204577
president_18,0.00024934588314664977
governor_11,0.00024932305863035385
washington_12,0.00024931598467839064
virginia_8,0.00024919617652659616
stats_19,0.0002491419678650957
food_1,0.0002491203610009365
elections_19,0.00024903044674555073
opportunity_12,0.00024898601452459586
bank_10,0.0002488034424968183
energy_20,0.0002487572980830109
court_4,0.00024869334126892455
bank_16,0.00024866720006876255
government_17,0.0002485994036260911
virginia_19,0.00024854040732606584
revenue_9,0.00024844548454891594
union_4,0.0002484098629422138
security_9,0.0002482481572039811
economic_5,0.0002482342567845457
products_5,0.00024811006185378913
tourism_10,0.0002479645405272939
holiday_4,0.00024793329095225896
credit_12,0.00024789862849869604
office_7,0.0002478435381447875
massachusetts_15,0.0002478199980398939
wisconsin_9,0.0002477612924140299
forex_16,0.0002474643777926989
chance_8,0.00024744520141511386
loss_1,0.000247428150016117
office_14,0.0002473667662332256
ceo_9,0.00024730774392570093
society_15,0.00024719640076828725
cancer_11,0.00024717922023875886
president_3,0.0002471484734099294
garden_12,0.00024713588495940176
justice_8,0.0002470970570210489
county_13,0.0002470168170235868
massachusetts_12,0.0002468949684738374
voters_1,0.00024686121278740675
cash_3,0.0002468268564469663
default_8,0.0002467728925127846
credit_4,0.0002467711896295856
bubble_10,0.00024672123644709393
committee_11,0.00024664318150218606
transaction_11,0.0002465102966791649
risk_18,0.00024613787197400906
trader_8,0.000246017217434627
inc_16,0.0002460106381878184
federal_1,0.00024586356725683143
chance_11,0.00024579581772680114
kentucky_14,0.00024562014714226115
finance_8,0.0002455951361358017
gains_7,0.00024554990565241365
default_15,0.00024545959772066415
virginia_13,0.0002454307122703419
president_16,0.0002454264302396179
secretary_17,0.0002452430550451696
health_4,0.000245178830899917
home_8,0.00024499742753448855
york_2,0.00024492043733569504
investment_11,0.00024488682102924084
return_12,0.00024466760171648014
president_13,0.0002446489592228939
business_19,0.00024420159968609184
chance_16,0.00024413387427972409
marketing_19,0.0002440794118220169
garden_11,0.00024403729293957647
religion_12,0.00024402343420734592
case_9,0.0002438496921995375
development_8,0.00024382962526528514
security_16,0.00024377163549698378
inc_4,0.00024359162892823206
market_15,0.00024325590729451036
kitchen_13,0.00024324334224922042
bubble_19,0.00024317486419309615
success_7,0.0002429771984608398
return_6,0.00024287780936735296
texas_19,0.000242869760565572
senate_5,0.0002428414771392769
management_5,0.0002426085732380559
trader_6,0.0002424882952151424
technology_16,0.0002423904742581127
wisconsin_14,0.0002422851448790179
consumption_19,0.000242245193707929
virginia_18,0.00024221754073891608
marriage_5,0.00024208437248365188
health_8,0.0002420022864233823
case_7,0.0002419218386746183
elected_7,0.00024187933507026845
carolina_14,0.0002418093314268892
fine_13,0.0002416360679648131
chance_6,0.0002414356172541111
credit_20,0.00024139589898775478
labor_14,0.00024132873666100993
growth_9,0.00024124429676798255
council_1,0.000241222526506305
pennsylvania_5,0.00024120662486725974
bank_15,0.00024099318580979697
sell_3,0.00024096607775929077
business_16,0.0002407753950769871
car_8,0.00024061772627538615
crash_9,0.0002405463474363694
default_11,0.00024048674759030614
texas_18,0.00024045724217484704
minister_18,0.00024039923979572302
office_10,0.00024034174543294132
justice_19,0.0002403042627753643
growth_7,0.0002402993711503414
revenue_11,0.0002402421381673818
illinois_3,0.0002402303869040304
food_11,0.00024023003308915272
georgia_17,0.00024019407194215313
leverage_15,0.00024018262591833073
inflation_12,0.00024015697501337803
risk_10,0.00024013082615944418
train_19,0.0002401009009867217
labor_1,0.00024009317882097957
DOW_JONES_20,0.00023992312496148258
texas_3,0.0002398867025576835
tennessee_10,0.00023981291762931983
restaurant_4,0.00023977355655142442
voters_9,0.0002397279155864755
union_15,0.00023969422393596457
stocks_1,0.000239663805186304
companies_20,0.00023963047543151648
revenue_16,0.0002394744114416932
headlines_17,0.00023946615121429301
train_18,0.0002392123555345572
car_2,0.00023920129397202676
global_1,0.00023910902854499644
happy_8,0.00023907424654373815
world_8,0.00023900895505265523
judge_17,0.00023887473041666278
district_1,0.0002387906150890574
economy_1,0.00023873620907938664
leverage_7,0.00023871196866646517
services_2,0.0002386095472333914
house_18,0.00023860214576349503
media_12,0.00023838084652125956
society_18,0.00023832974978013938
management_4,0.0002381440077714957
risk_14,0.00023810983456557205
companies_13,0.00023807947822600825
district_16,0.00023806023791872978
washington_15,0.00023789011495844835
york_15,0.0002377194920735348
food_20,0.00023764239582903222
metals_18,0.00023755435438351305
inc_6,0.00023745943642184956
william_5,0.00023743973079462535
washington_18,0.00023741834747511027
holiday_1,0.00023735128038701966
money_18,0.00023730820943315125
stock_market_16,0.00023715796561345047
million_19,0.0002370288717375753
war_18,0.00023682695059314306
ltd_1,0.00023682539588143017
unemployment_13,0.00023666650341987248
restaurant_9,0.00023666607983907783
products_4,0.00023654042543564682
york_6,0.0002363967858951058
wisconsin_6,0.00023637676544905676
project_11,0.000236270961209997
cash_4,0.00023615484356840437
tourism_20,0.0002358947982763803
risk_19,0.0002358001756508451
union_3,0.00023577717395807077
rich_20,0.00023542293697546743
color_4,0.00023505170806865485
car_15,0.00023500143813092163
bubble_5,0.0002348470247013639
governor_14,0.00023464825116929243
elections_15,0.00023460944712459556
rights_17,0.00023460785812114783
voters_14,0.00023447433224161552
court_13,0.0002342970701186841
minister_7,0.00023428394519104707
train_2,0.00023423107588137941
earnings_1,0.0002342170406867807
color_11,0.00023418205015644073
dow_jones_6,0.00023413724211093087
train_6,0.00023389395625528317
restaurant_13,0.0002338334145733499
lifestyle_1,0.00023373197629913885
economic_4,0.00023354511556121564
environment_10,0.00023352301403271173
oil_10,0.00023335707704197044
district_6,0.00023304553433137293
police_11,0.00023289902943460507
returns_3,0.00023281008437375875
unemployment_14,0.00023277154787862463
georgia_8,0.00023243826362539288
sell_2,0.00023243019358250075
business_17,0.00023231744422921294
housing_11,0.0002322907832216396
holiday_15,0.0002322689954207408
hedge_6,0.00023224233215881303
finance_18,0.00023208802652252588
party_15,0.00023207800787297092
inc_1,0.00023203622104128459
growth_15,0.0002319648654683118
profit_11,0.00023187839009533977
ministry_11,0.0002318459264599462
committee_1,0.00023161612304410848
environment_19,0.00023147113284426033
missouri_10,0.00023133067179465723
firm_1,0.00023125924087308557
banking_6,0.0002312490639863691
lifestyle_4,0.00023124396435676966
economics_3,0.00023122712453097904
money_2,0.00023116692153484763
environment_6,0.00023114042173035375
world_4,0.00023109800808867527
republican_5,0.0002310621556328322
representatives_8,0.00023101177821093505
members_14,0.00023091386670650386
garden_19,0.00023091027012624786
vermont_7,0.00023081923700844716
marketing_20,0.00023080691657604983
act_20,0.00023080340720086536
carolina_11,0.00023060965941726932
law_8,0.00023060276566855997
development_2,0.0002305964092654433
management_13,0.0002305916894661933
products_9,0.00023056919316744102
marriage_9,0.00023055071949907164
finance_6,0.00023053349545895693
color_3,0.00023053006967173564
social_20,0.00023049736005599947
service_6,0.00023044442838725338
marketing_2,0.00023036502902980987
georgia_14,0.0002302819125241511
nasdaq_11,0.00023026260291516664
happy_10,0.00023018827642098564
gains_6,0.0002300538543625433
rich_6,0.00023004539544788514
fun_12,0.00022994847990047453
growth_2,0.0002299442539462619
color_20,0.00022986884235179448
growth_5,0.00022947056914964138
crisis_14,0.00022940743817719325
founded_12,0.00022938871726626133
consumption_1,0.00022924136701457824
management_17,0.0002292277963516386
happy_20,0.00022922773422406456
food_8,0.00022920857118215594
hedge_1,0.00022919787825453674
finance_13,0.0002290868657430703
bonds_8,0.00022906577994887735
cancer_3,0.00022898665181058273
college_4,0.000228980020881851
nyse_7,0.00022892778452720234
profit_14,0.0002289117579052285
massachusetts_8,0.00022886125781782836
water_6,0.00022882312469310308
economics_1,0.0002287943322207222
union_12,0.00022870430542803956
carolina_16,0.0002285899835420308
earnings_6,0.00022842856788861027
investment_14,0.00022837900220501318
government_18,0.00022832174179762568
founded_16,0.00022827972747488644
security_11,0.00022816795172833634
profit_16,0.00022813436867824406
earnings_17,0.00022801064793799423
risk_6,0.00022796171237987833
environment_16,0.00022793237946049756
trader_16,0.00022789771276124238
crash_15,0.00022773359668915046
economy_9,0.00022769828760254657
chance_18,0.00022765015256845988
justice_1,0.0002276289879064918
washington_19,0.00022745180098594726
republican_2,0.00022744940013281762
party_12,0.0002272597559688612
carolina_7,0.00022724173400881563
corporation_9,0.00022719426175383357
holiday_19,0.00022703360051977813
justice_7,0.0002269260370358771
party_10,0.00022674861994671677
president_1,0.00022674678660425325
industry_4,0.00022658802313931694
color_2,0.00022645538083118917
garden_3,0.00022626704504044863
cash_1,0.000226206984944812
economic_17,0.00022591214936387485
stock_market_11,0.00022579568362964358
senate_15,0.0002256706590463699
unemployment_19,0.00022557488727483453
project_12,0.00022555667971051047
debt_1,0.00022555528147913436
bonds_20,0.00022524873211995233
million_3,0.00022521970823169283
gains_12,0.00022512315322529994
freedom_2,0.00022512088840036034
present_2,0.00022511914359670302
senate_18,0.00022500500748207973
happy_1,0.00022497889116549852
tennessee_4,0.00022488558094676864
health_18,0.00022482358416071652
members_20,0.0002247738793069193
election_4,0.00022455519884672962
happy_16,0.00022454909685525629
arts_10,0.00022453160591304512
color_12,0.0002240934371799125
growth_16,0.00022404737355567687
union_20,0.0002239814799209915
war_4,0.00022393971329089297
sell_4,0.0002238808135578404
founded_2,0.00022378559701521642
office_9,0.0002235584260871422
crisis_8,0.00022354451976682919
fond_4,0.00022352546138545775
companies_14,0.00022350416837315732
election_19,0.00022346484474083128
york_14,0.00022340791801306732
happy_5,0.00022322992154101326
religion_20,0.0002231934731528842
products_12,0.00022318169459062924
products_2,0.00022313837018601794
returns_8,0.00022298698192064876
economics_5,0.00022294200317237874
success_19,0.00022289734411720937
marriage_1,0.00022287248954306165
social_15,0.00022287139668394597
stats_15,0.00022284904385353095
debt_5,0.0002228464266410014
marketing_9,0.00022283409154816097
inflation_17,0.00022274696209313727
million_20,0.0002226007101351981
court_11,0.00022258301976568138
present_10,0.00022227725959146508
dividend_16,0.00022209541551895253
financial_20,0.00022201457776542804
blacklist_1,0.00022184562380981498
william_15,0.00022176906700886536
growth_18,0.00022173015420073598
freedom_4,0.0002216024882572048
war_20,0.00022147532879346525
cancer_10,0.00022125810058478345
election_9,0.00022124981882173375
risk_1,0.00022121670857271734
seats_8,0.00022120573911720473
georgia_11,0.00022114909739872024
media_11,0.0002211399628315188
project_18,0.00022073955882196978
union_7,0.0002206172570285175
county_17,0.0002205131679732034
lifestyle_3,0.00022048482507592917
gold_18,0.00022041391454763769
market_17,0.00022034544186517975
fed_5,0.00022033120563916798
election_14,0.00022028467154367379
ring_4,0.00022023660206511538
ring_3,0.00022023029998359823
movie_13,0.0002201921341555221
money_16,0.00022016413546678827
housing_6,0.00021984984425903336
case_19,0.00021979906745373234
wisconsin_11,0.00021978683726245414
ring_7,0.00021970212908351415
social_16,0.00021969979856925875
kitchen_2,0.00021946984970607291
headlines_7,0.00021943652627854984
crisis_18,0.00021939609124574808
market_4,0.00021930897411230688
opportunity_1,0.0002193035942444983
labor_10,0.00021921045912608197
rights_19,0.00021913575784710885
virginia_9,0.00021907399112952553
conflict_5,0.0002190429277065761
car_3,0.00021892702743943834
fond_8,0.00021890935359689264
happy_4,0.00021877622722347553
crisis_16,0.00021876081949201879
crash_1,0.00021874052083937638
development_19,0.00021860054797397235
car_14,0.00021843466158742158
secretary_7,0.00021838591118375416
democratic_2,0.00021838480508679493
bank_7,0.00021827300295514478
opportunity_17,0.00021826639960263446
stock_market_3,0.0002182494783790866
social_17,0.00021824698316242022
stocks_16,0.00021809095028107786
services_11,0.00021782104317428353
cash_13,0.00021780765496201757
movement_9,0.00021780664595861344
district_17,0.00021775500907426492
cancer_6,0.00021752953197797775
debt_2,0.00021750022212907563
politics_15,0.00021748975375408336
default_10,0.00021741930516036535
opportunity_6,0.0002173309965337746
earnings_13,0.0002171585349136948
county_14,0.00021702684484934805
ore_2,0.00021689490910811642
finance_3,0.00021689251235012781
justice_9,0.0002168194356755692
DOW_JONES_15,0.00021681651810592103
act_10,0.00021677499348479571
police_7,0.00021673947374218608
transaction_12,0.00021663794602886136
garden_9,0.00021659310448208304
holiday_12,0.00021650726304186946
secretary_8,0.00021650476570789004
consumption_13,0.0002164759713796306
ltd_6,0.00021638615870211598
service_10,0.0002162601369868697
fun_11,0.00021622267641561386
rights_18,0.0002162034725583213
senate_13,0.00021617199881496439
war_7,0.00021615674346449644
service_14,0.00021614605027347976
debt_9,0.00021605687439460217
religion_11,0.0002160401622732992
banking_15,0.00021599333560179908
movie_20,0.00021586924820543688
nyse_3,0.00021573989240951998
food_18,0.00021566825740341073
office_15,0.00021546057106731567
police_10,0.0002154178199974871
crash_16,0.0002154040558252341
freedom_3,0.00021522972592587719
war_13,0.00021518989900741792
cancer_16,0.000214839130661497
media_10,0.00021479540271025476
ohio_12,0.0002147713671817818
corporation_4,0.0002145432814272854
legal_20,0.00021450420562544825
banking_20,0.00021447346052336273
returns_10,0.0002144105639357775
kitchen_18,0.00021424338852499294
energy_7,0.00021423959034462466
act_8,0.00021423511169157318
environment_2,0.0002142287646715882
world_12,0.00021420774857953772
police_5,0.00021416129912997395
pennsylvania_2,0.00021403377112504086
returns_19,0.00021401746941273705
president_12,0.00021396574841071214
conflict_14,0.0002139465115966422
police_6,0.00021378753629845037
politics_8,0.00021367900325285137
buy_6,0.0002136493282445771
senate_17,0.00021357588207874314
restaurant_10,0.00021353720319519943
ring_15,0.00021350264047876203
fine_5,0.00021345638419385858
default_5,0.00021343167713266462
business_10,0.00021340506544462602
rich_14,0.00021339563381394077
health_15,0.00021337939386997565
political_6,0.00021326935824726078
revenue_7,0.00021326385125523586
holiday_3,0.00021321560399591377
hedge_15,0.00021314548698474648
office_17,0.00021311855411868593
seats_6,0.00021307763613707424
founded_6,0.00021282770723891247
members_6,0.00021269388672003878
religion_17,0.00021265412795487258
secretary_13,0.00021260937728979893
oil_18,0.00021253775546904597
freedom_14,0.00021251939861552147
inc_9,0.0002125126921777511
social_8,0.00021249813188874413
present_20,0.00021249060188620238
loss_5,0.0002124168066407931
industry_15,0.00021234911504578304
college_17,0.00021233830986943988
arts_13,0.00021229955928416227
present_8,0.0002121952396934362
stats_9,0.00021212001066375321
police_16,0.000212096671148207
cancer_20,0.0002120964183862271
hedge_3,0.0002120810017000339
government_14,0.00021197911571379645
fun_6,0.0002116885580572393
color_13,0.00021161010066301925
county_19,0.00021159096149166198
home_11,0.00021156832263125386
bubble_17,0.00021154069412822283
kentucky_16,0.00021143868354724568
democratic_11,0.0002114311788813349
business_20,0.00021141130370679146
economy_19,0.00021136810563116912
restaurant_2,0.0002113526115431358
ceo_13,0.0002111959060695433
pennsylvania_13,0.00021115736454565303
cancer_19,0.00021111582297891432
ore_1,0.00021080098600781828
return_3,0.00021078821193684782
oil_13,0.0002106417242637337
republican_4,0.00021056494925063114
profit_9,0.00021031758211770824
banking_16,0.00021028797005817265
global_18,0.00021020887417317108
water_13,0.00021018495421399258
sell_7,0.00021012861566020963
energy_16,0.00021009752180626176
members_11,0.00021008281304950126
energy_18,0.00021003251951299767
texas_15,0.00021001620399313165
elections_1,0.00020995122305723257
inflation_18,0.00020988069131174157
arts_15,0.00020982977391760096
pennsylvania_15,0.0002097749613713351
industry_7,0.00020965127991692342
marketing_16,0.0002096411797676249
elections_10,0.00020954535060979044
william_6,0.00020943895449085723
ring_18,0.00020936733576964157
profit_8,0.00020935036149845337
georgia_16,0.00020934498718229796
banking_19,0.000209322640939883
development_17,0.00020916595229837336
house_1,0.00020906834017625614
markets_5,0.00020891941749014885
fun_18,0.00020887058939977836
society_19,0.00020885790050968918
happy_9,0.00020883706401567643
services_20,0.00020882831633831092
government_9,0.00020869357738126596
representatives_6,0.00020844086401525008
government_20,0.00020838619259051766
unemployment_11,0.0002083507931553764
restaurant_6,0.00020833357914210596
housing_20,0.00020829271445232277
marketing_14,0.00020825896397207912
war_5,0.00020810870496009608
dividend_2,0.00020810594608406253
carolina_10,0.0002080529971915967
county_1,0.00020798270069118333
elections_7,0.00020777651333451743
global_2,0.0002077068057905486
dow_jones_20,0.0002076783659594534
forex_7,0.00020753577760503964
hedge_7,0.00020737135666733583
finance_10,0.0002073453667807463
economics_10,0.00020728140139634506
council_10,0.000207224970637212
buy_8,0.00020718956105664704
crash_5,0.0002071119729534166
opportunity_3,0.00020710722603440828
default_20,0.00020706345974954522
act_1,0.00020703262907859903
inc_14,0.0002068163805938547
holiday_11,0.00020674885496335001
investment_19,0.00020662688115085444
garden_13,0.00020659241361309992
government_4,0.0002065418157019429
lifestyle_11,0.00020638077189038992
tennessee_19,0.0002063669763359778
college_12,0.00020635341943855617
sell_18,0.00020633051007140795
kentucky_11,0.00020619444449073357
washington_6,0.00020608769943763756
buy_5,0.000206078452834339
present_19,0.0002060752346473159
justice_12,0.00020605898869411335
justice_20,0.0002060292262543832
court_20,0.0002059417577261563
nyse_4,0.00020571872623600045
markets_9,0.0002057060985844811
fun_13,0.00020566447349241543
nasdaq_1,0.00020564540224317886
seats_20,0.00020561510306435076
society_3,0.00020558142577044194
labor_8,0.00020549734524630674
opportunity_4,0.00020542014482851907
wisconsin_1,0.00020536097711679966
seats_12,0.00020533252240763431
pennsylvania_14,0.00020524866435199401
illinois_17,0.00020513386837813454
industry_14,0.00020506947766049687
police_2,0.00020462595854439013
culture_4,0.00020461635198046343
arts_5,0.00020450309581680165
home_14,0.00020443243037735306
ring_5,0.00020424490290427955
georgia_7,0.00020419189753773207
earnings_4,0.00020416339590288054
debt_18,0.00020391285702523826
community_9,0.00020383937375076375
voters_6,0.0002037128046246925
business_8,0.0002036926615074399
wisconsin_8,0.00020360990118585044
case_20,0.00020359009199387868
economic_6,0.0002034650548936939
fine_4,0.0002034059574890226
opportunity_18,0.00020321453126207641
inflation_15,0.00020296796271264013
governor_10,0.00020290797830177127
transaction_7,0.00020290028075396714
marriage_6,0.0002028970963341285
earnings_18,0.00020285179979496464
arts_2,0.00020284762842965787
ministry_12,0.00020274425998235195
crisis_20,0.00020264749587399247
carolina_1,0.00020263114730780486
politics_9,0.000202494966515641
trader_3,0.00020249132556590042
garden_1,0.00020239445371721002
seats_13,0.00020236381496092914
blacklist_15,0.00020235591099649318
crash_11,0.00020229872614120647
default_18,0.00020217053361885082
missouri_13,0.00020211135591586456
members_5,0.00020195450410100943
markets_6,0.000201943890786792
votes_3,0.00020185625048864235
firm_16,0.00020180387858417348
labor_16,0.00020179999076294747
portfolio_10,0.0002017742301496759
president_19,0.00020170120793289102
hedge_12,0.000201526362842347
unemployment_5,0.00020150192260105058
cash_14,0.00020142410310879254
ltd_5,0.00020135348347080826
million_2,0.00020134286115033932
travel_7,0.00020128978098340601
hedge_10,0.00020114892661514863
credit_3,0.00020106928400336283
fine_1,0.0002009959922672632
government_6,0.0002009255404971405
gains_1,0.00020085162872953427
chance_5,0.00020084201386333066
garden_15,0.00020079093955255358
house_4,0.00020067159411807858
portfolio_2,0.00020064362545783263
energy_9,0.00020061506445135212
holiday_20,0.00020042638081879232
companies_18,0.00020038320441445926
court_16,0.00020037451300753862
transaction_5,0.00020032417315734533
police_4,0.0002002380348156034
wisconsin_15,0.00020016967968926032
marriage_19,0.00020015591017402703
social_14,0.00020001421273027834
stock_market_14,0.00019997524616469176
tennessee_1,0.00019996375994861347
debt_4,0.00019995538452569696
kitchen_8,0.00019993532896882095
bonds_11,0.00019986974022269798
sell_11,0.0001997356961001249
politics_10,0.00019972650616562288
metals_19,0.00019970772349572238
environment_20,0.0001996682626274794
revenue_13,0.000199447884594181
college_7,0.00019937004574980941
washington_2,0.00019933098791526414
food_16,0.0001993120924908216
justice_17,0.00019924300807107163
fed_12,0.00019913646361416695
county_18,0.00019866206876377533
senate_9,0.00019857950432742528
fed_7,0.00019854948933505293
conflict_19,0.0001984740281348598
dow_jones_10,0.00019845003750461587
massachusetts_4,0.00019840363384384643
consumption_12,0.00019837568323005414
community_8,0.00019835557425120393
union_17,0.00019826393692348997
returns_16,0.00019813557560497465
economics_14,0.00019812257957815504
secretary_15,0.00019810880059586343
cash_2,0.0001980179787834874
federal_17,0.00019796589711858513
travel_4,0.00019788197014207408
leverage_14,0.00019785974722791292
industry_16,0.00019749452976411101
crash_20,0.00019731341036834378
security_5,0.0001971471986270171
development_1,0.00019713964074324604
republican_8,0.0001971355308927915
vermont_18,0.00019701981839473988
wisconsin_17,0.00019700795424100755
york_12,0.00019687291627654765
office_2,0.00019684632812343655
culture_11,0.00019679443973094632
william_17,0.0001966690817890907
community_4,0.00019664256985039576
missouri_15,0.0001966331663884156
project_19,0.00019662675008418865
revenue_3,0.00019653909855025424
home_6,0.00019653362228702457
revenue_8,0.00019642984927520124
lifestyle_8,0.00019640866762553468
police_15,0.00019633413623877254
sell_20,0.00019628238152823583
happy_13,0.0001962744613182877
stocks_13,0.0001962440872879854
service_8,0.00019622947878192835
crisis_3,0.00019606861698477862
home_4,0.00019605893174873054
marketing_6,0.00019601863201043333
georgia_1,0.00019593892971407243
social_3,0.0001958783141154717
dividend_19,0.00019578120825242205
health_16,0.00019574740111888116
corporation_18,0.00019572093999048628
vermont_12,0.00019570085558916886
pennsylvania_3,0.0001956031759559337
government_13,0.00019557390123743857
college_2,0.0001954144549683254
forex_19,0.00019533380573066286
massachusetts_17,0.00019513177278375824
missouri_12,0.0001950288547173687
party_5,0.0001949136622592466
religion_10,0.0001947282064784295
service_13,0.00019472133240753473
college_19,0.0001946456537408175
kitchen_20,0.00019460408845710245
oil_14,0.0001945949064549504
tourism_5,0.0001945550322820592
washington_20,0.00019427482864017062
governor_4,0.0001940547862971105
gold_11,0.0001939940681847838
global_9,0.00019399392392871053
arts_12,0.000193851267769658
society_5,0.0001938430761433034
cancer_17,0.0001938063845951191
elections_9,0.00019364270602908966
travel_19,0.00019362916447823936
democratic_10,0.00019359924331815935
votes_2,0.0001933711282483701
war_10,0.00019333785995068572
restaurant_5,0.00019332149769043228
service_16,0.00019328777946509468
fed_17,0.0001932191009967887
members_18,0.00019305436017177767
buy_13,0.0001929101434978941
home_19,0.0001929084136866249
stats_17,0.0001927727099104183
marketing_13,0.00019264381427115885
million_17,0.0001926277746515574
derivatives_20,0.0001925545162755587
car_4,0.00019245232952778653
case_10,0.0001924438307356949
economy_16,0.00019238045562989536
movie_3,0.00019221462520902825
environment_12,0.000192174005990852
holiday_6,0.0001920304994618724
economy_13,0.0001919374450531875
corporation_16,0.0001916771187404114
environment_13,0.0001916724697604291
founded_3,0.00019166932344688538
rights_2,0.00019166850656457144
society_11,0.00019163242357076712
unemployment_20,0.00019161696750744097
development_11,0.0001915715816924137
media_4,0.0001915016910348976
ore_14,0.0001913467206814732
fine_2,0.00019096224489636198
act_5,0.00019089441139697523
rights_10,0.00019085120226285888
chance_13,0.00019083646864715356
county_3,0.00019069363669758788
gains_11,0.0001903180042757167
stocks_19,0.00019027462806663813
texas_5,0.0001901945217502009
cash_15,0.00019014324936226075
companies_5,0.00019005433214234148
gains_8,0.00018997038627477613
election_16,0.00018987420268093302
food_4,0.00018983610805001138
security_18,0.0001897854730438682
markets_7,0.00018976146554559102
president_6,0.00018966460649552422
housing_9,0.00018958776555074252
services_7,0.00018945152812413195
security_19,0.00018939342898891145
freedom_10,0.0001893849484961348
economic_8,0.00018911910921041522
default_3,0.0001889688844044279
college_15,0.00018890705942200888
district_5,0.00018885077975639827
loss_11,0.00018873812292507497
justice_10,0.000188709227177115
pennsylvania_9,0.00018863898138713736
earnings_10,0.00018855252412146496
governor_7,0.00018848256972345376
committee_3,0.00018818846137621788
community_11,0.0001881881937743082
william_4,0.00018816411711700817
bonds_12,0.00018814506350246275
business_11,0.00018809173135629108
law_12,0.00018807818011695886
world_2,0.0001880423614638857
cash_11,0.000187994226831216
loss_16,0.00018799309085841851
labor_4,0.00018781833468327225
garden_18,0.00018768805504315911
debt_15,0.00018761044704825963
legal_9,0.00018757424674627413
housing_8,0.00018749521114867597
million_11,0.00018740648815337733
inflation_19,0.00018732220744618717
products_13,0.0001872601150678907
metals_8,0.0001871780906844526
law_4,0.0001870758194462866
environment_17,0.00018706312931482595
million_16,0.0001869959741566072
act_6,0.00018699211721640499
present_5,0.00018695442504789768
success_12,0.00018689082732452263
war_11,0.00018682601447115807
case_15,0.0001868077608559448
arts_16,0.0001867774144983591
government_11,0.00018677386323523982
ohio_1,0.00018642397458844907
marriage_15,0.00018641671051323515
police_18,0.0001863775744774198
service_9,0.00018637206461878742
freedom_6,0.00018621769254182483
missouri_9,0.00018603655020970876
rights_1,0.00018578980132371033
democratic_12,0.00018564674746061042
media_3,0.00018562922282191316
finance_12,0.00018558247406357404
judge_11,0.00018527506133371203
loss_13,0.00018520153287331705
gain_2,0.00018517751411320616
return_13,0.00018501225585246142
portfolio_13,0.00018494371162436368
justice_14,0.00018493744571986196
food_19,0.00018492648060822336
case_16,0.0001845785260071961
house_5,0.0001845720495832216
war_9,0.00018455562914478034
conflict_9,0.00018444585427003203
labor_2,0.00018437694753964723
financial_8,0.0001843404554703406
act_7,0.00018429024284866613
members_1,0.00018420843128202916
tennessee_11,0.00018418529074417433
ohio_18,0.00018417331011531858
republican_10,0.0001841307379196218
products_7,0.00018409744893179884
labor_5,0.00018385156619093047
illinois_5,0.0001838015791669856
markets_20,0.00018377179347708295
home_3,0.00018361663787339332
rights_20,0.000183534280901064
seats_19,0.0001835023920674255
pennsylvania_17,0.00018347376383153873
federal_7,0.00018320548508406
wisconsin_20,0.00018303367185661413
ore_20,0.00018295245745226317
consumption_20,0.00018293324307406644
secretary_19,0.00018289743397549005
health_2,0.00018270774623690262
ceo_7,0.00018270327924516404
million_8,0.00018244688040287233
default_4,0.00018215360648225122
fine_16,0.00018208956534910702
culture_6,0.0001820069604125272
gold_20,0.00018187062410271435
sell_12,0.00018178428195217593
oil_1,0.00018156450816398385
federal_16,0.00018154924764463256
crash_19,0.0001814182328989106
profit_15,0.0001813368100011631
union_19,0.00018133545034494636
legal_17,0.00018127866085613302
train_9,0.00018126241538934755
washington_17,0.00018119673881282966
virginia_4,0.00018117188805174801
kentucky_12,0.0001811317982788341
federal_19,0.00018100962618456133
district_7,0.00018099370956300566
fed_15,0.00018095046706540895
project_14,0.0001808792400200835
garden_8,0.0001808421770794086
justice_11,0.00018082125363328214
happy_18,0.00018062960206056953
profit_19,0.00018058220284465856
union_10,0.00018044988653184745
stocks_3,0.00018039671766599
transaction_4,0.00018034403316803405
party_20,0.000180237566067106
security_12,0.00018017021983468144
marketing_3,0.00018013892316908633
gold_3,0.0001801033386788429
illinois_10,0.00018000644324428616
hedge_4,0.00017998763409447023
food_6,0.00017990394978830757
court_10,0.00017985476818241882
ministry_19,0.0001798453215360408
service_20,0.00017979906617083014
labor_7,0.00017975407869489187
legal_2,0.00017972295647762063
society_14,0.00017968789606016814
present_6,0.00017968440530959147
lifestyle_7,0.00017968304972146794
development_6,0.00017966093104459987
movie_5,0.00017965109761099117
lifestyle_18,0.00017964513421468375
success_9,0.00017952042680260825
justice_15,0.00017935171259104567
senate_2,0.00017925600165247477
fun_17,0.0001792407979983974
ohio_5,0.000179240446120571
office_8,0.0001792096609677618
money_1,0.00017888599102344066
stocks_12,0.0001785614509024893
transaction_19,0.00017851355116518987
political_16,0.00017841937957250464
transaction_3,0.0001783634804549385
oil_15,0.00017818506736326376
minister_8,0.0001780722061444564
nyse_16,0.00017804270608985296
trader_1,0.00017799824645116962
happy_11,0.0001778794299563935
crash_6,0.00017754267266377623
william_18,0.00017751101014861647
political_4,0.0001773127142443801
transaction_8,0.0001773097047777595
housing_2,0.00017723041770509714
seats_14,0.00017711427853063153
council_5,0.0001770963234318416
present_16,0.00017709360324961356
war_8,0.0001770707919913433
tennessee_17,0.00017696564562917673
investment_16,0.0001769308970545101
firm_11,0.0001768264251318514
texas_2,0.0001767598923951213
earnings_5,0.00017673048663003488
oil_3,0.00017672560803252808
tourism_8,0.00017663093981581607
housing_16,0.00017652127485443027
movie_7,0.00017651096132320334
invest_7,0.00017637327190602606
kitchen_7,0.00017636980078867976
minister_17,0.00017632143509842675
lifestyle_19,0.00017622524575801806
technology_17,0.00017611405595515493
economics_13,0.0001760428487446953
firm_14,0.0001760341791552147
culture_14,0.00017589984645583517
tennessee_18,0.0001758332351290497
dividend_10,0.00017583291152566453
social_4,0.0001756595420800154
leverage_9,0.00017541281540842094
million_14,0.0001753537543769822
war_2,0.00017530067918757075
markets_3,0.00017522759638954034
minister_11,0.00017520896933891745
office_12,0.0001751395073692054
happy_15,0.00017511931219462419
judge_9,0.00017504079682248335
color_5,0.00017501082584489135
garden_14,0.00017497467890963163
religion_9,0.00017490732438174187
inc_18,0.00017482914647512482
kentucky_10,0.00017479147154722267
judge_10,0.0001747635197625928
return_8,0.00017470571637312094
metals_5,0.00017445917791189433
act_12,0.00017445039438706783
debt_7,0.00017441695518491423
companies_3,0.00017427900611453252
global_5,0.00017419420116641617
dividend_8,0.00017400589264434852
gold_5,0.00017395114086782336
bonds_3,0.00017388396383513177
william_3,0.000173828913474659
hedge_20,0.00017375741215184358
dividend_5,0.00017360136625600646
tourism_1,0.00017357253698615277
conflict_16,0.00017348094955914903
tourism_13,0.00017343945124214367
stock_market_2,0.00017339194367323283
labor_6,0.00017337769457080246
credit_1,0.00017334871633032945
blacklist_18,0.00017320080217607771
society_16,0.0001730568388771527
train_5,0.0001730389477627945
million_9,0.00017301007018829512
community_2,0.00017292532298055383
gain_5,0.0001729139559292767
council_17,0.0001728778546748882
republican_19,0.00017280670082695882
culture_13,0.00017279821343834861
oil_11,0.00017255326472511096
gain_1,0.0001723128854936929
happy_7,0.00017219596886346037
loss_4,0.0001721823737788653
technology_5,0.0001721278718255679
case_2,0.00017201384380795037
media_5,0.00017184004291035017
rich_10,0.00017178455520797944
environment_8,0.00017173316855134414
dividend_15,0.00017169612247592861
political_13,0.00017160067576238062
banking_1,0.00017150770811919053
returns_7,0.0001714272085160875
global_3,0.00017139862902408736
democratic_6,0.00017138246713893415
revenue_20,0.00017130822398970423
conflict_8,0.0001712174417437193
republican_18,0.00017120319078595545
society_13,0.00017118761342057787
office_13,0.00017108345412066337
police_20,0.00017098694657369896
car_1,0.00017097274237360863
missouri_6,0.0001709339895171075
council_7,0.0001709033702786628
rights_16,0.00017087609257330182
management_14,0.0001708580399460089
ministry_9,0.00017076838165442807
oil_2,0.00017060111784754259
marriage_20,0.00017049954371716982
growth_3,0.00017041203064657934
rich_18,0.00017039760160532852
finance_20,0.00017039693524307617
risk_3,0.00017035938631322864
justice_3,0.00017032516469191587
virginia_1,0.00017026218891259132
management_1,0.00017023297825832063
services_1,0.0001702020304425426
governor_12,0.0001701288545762694
financial_19,0.00017009831953987704
culture_16,0.0001700131526694256
markets_2,0.0001699792713564268
crisis_6,0.00016994315750414138
pennsylvania_18,0.0001699275264825695
world_5,0.00016991217061722118
banking_7,0.00016989921083199305
environment_5,0.0001698936613540852
district_15,0.00016978855616117726
labor_12,0.00016973577863593824
gain_13,0.00016962994374281236
global_7,0.0001695388350407434
senate_7,0.00016945693702269485
political_11,0.00016937453505170097
security_15,0.00016935154858651688
financial_7,0.00016929638091218817
water_12,0.00016904938133124506
corporation_3,0.00016902943130581426
party_6,0.00016883568079503988
credit_17,0.00016867122458021007
hedge_16,0.0001686567188662935
food_9,0.0001686203241317804
culture_20,0.00016861514194760932
management_10,0.0001685200184362382
home_15,0.00016847303691078634
gold_15,0.0001684261736659483
founded_15,0.0001684146818764405
marketing_12,0.0001682179621397894
bonds_13,0.00016817149508955564
housing_4,0.0001681593138290147
economics_15,0.0001681485161136826
train_3,0.00016807268527478853
garden_17,0.000168004036192289
global_17,0.00016794915113139332
nyse_14,0.0001678930813903796
gain_12,0.00016784727062091844
train_4,0.00016772909426488657
transaction_10,0.00016769986748745052
forex_11,0.00016765249762597058
kitchen_1,0.00016756932654638342
economy_5,0.0001674938375242108
founded_9,0.000167406619859383
products_15,0.00016735696861026024
union_16,0.00016729042976220014
world_14,0.00016714175427721785
success_16,0.00016705276516836966
color_6,0.00016684748367626462
firm_7,0.00016679481281565235
illinois_11,0.00016673834490603948
act_17,0.00016647921434433257
color_1,0.0001662213342340776
tennessee_9,0.00016610237084809456
fun_4,0.0001658177144390354
ring_14,0.0001658050212929798
products_18,0.00016566512608749164
massachusetts_7,0.0001655514620839965
bubble_13,0.00016541753438931067
gains_10,0.00016532453766365338
economics_4,0.00016528570421673746
office_5,0.00016527093116194456
economy_8,0.00016522470863950697
served_16,0.00016515542443076855
garden_16,0.0001651484888184803
inflation_6,0.0001651088614194002
home_7,0.00016496247552708965
success_17,0.0001649536552241674
carolina_19,0.00016469814950361239
religion_7,0.0001646610790371104
house_6,0.0001645823710239258
hedge_14,0.00016455220272819455
DOW_JONES_7,0.00016454542271357168
massachusetts_3,0.00016417206547884606
management_20,0.00016415539381005328
service_4,0.00016404666130812354
companies_12,0.0001639964917950507
pennsylvania_4,0.00016385784246981293
project_13,0.00016380193037430325
holiday_2,0.00016377933108732646
stats_13,0.00016360652873977565
travel_18,0.0001635262418456942
president_4,0.00016346901575578244
firm_18,0.00016341267640665005
massachusetts_19,0.00016332687592815175
district_10,0.00016319826909163253
economics_17,0.00016308980479491837
media_2,0.0001627146103793533
republican_14,0.00016267603772380167
management_12,0.00016260909829442243
social_10,0.0001625531275872637
judge_3,0.00016241395750481342
law_15,0.00016199847735867812
fine_18,0.0001619747932562714
present_13,0.0001618283335699498
trader_15,0.00016179103295277622
labor_11,0.00016174995393981745
political_2,0.00016167926853827237
inflation_9,0.00016165301940024242
politics_16,0.00016148919614066457
train_17,0.00016145546057390092
crisis_11,0.00016136300527033753
travel_15,0.00016130267514285774
tourism_9,0.00016129593903760843
short_selling_4,0.00016127038228766995
loss_7,0.00016121083811074732
metals_20,0.0001611613126783928
votes_12,0.0001610564750297064
pennsylvania_1,0.00016104568505591766
republican_16,0.00016094738005808344
fond_1,0.0001607423784526938
forex_17,0.00016068513342011684
arts_4,0.0001604462466607655
hedge_8,0.00016031333137097673
project_7,0.00016022918384158403
virginia_10,0.0001601126141149345
democratic_5,0.0001600918713977969
risk_16,0.0001600670270193293
culture_5,0.0001600610089300989
arts_9,0.0001600561980940575
trader_2,0.0001598708870423457
committee_19,0.00015979728355938934
unemployment_7,0.0001595831471023514
dow_jones_13,0.00015953613652240877
gain_18,0.00015948214047543352
house_14,0.00015948038126086073
security_14,0.00015944905862987882
default_13,0.0001593819553026158
global_10,0.0001591905931432653
religion_4,0.00015914065624717428
revenue_6,0.0001590975846943516
cash_17,0.00015906439033249302
fond_5,0.0001590513159621788
arts_20,0.00015901408798855285
case_1,0.00015884006966456585
present_17,0.00015882105198510452
revenue_15,0.000158746336764383
seats_4,0.00015864879331936024
loss_19,0.00015829445177871116
market_9,0.0001582725102612819
buy_17,0.0001582341489285793
chance_17,0.0001581538400008869
massachusetts_13,0.0001578682833310359
party_4,0.0001575842442520605
invest_20,0.00015757597730496257
culture_1,0.00015750082907980728
labor_3,0.00015749503098417373
inflation_16,0.00015743501378540607
industry_8,0.00015741744855555338
portfolio_12,0.00015734174037694215
political_8,0.00015727956965084076
committee_2,0.00015705503214610202
risk_15,0.00015701335934995277
freedom_15,0.00015695629436994507
kitchen_9,0.00015657432989276164
tennessee_3,0.00015653974407853558
consumption_5,0.00015651997506104144
return_1,0.00015651832185370937
dividend_12,0.0001564953711533032
stats_3,0.00015645943138819482
virginia_5,0.00015645584494313258
media_19,0.00015615707690994754
illinois_20,0.0001560884732478354
ministry_16,0.00015607028770886963
finance_2,0.00015606370974052903
sell_13,0.00015599812712386126
tourism_7,0.0001559976274609572
banking_17,0.00015593282349550907
energy_10,0.00015572272492934535
debt_19,0.0001556953722552812
stocks_20,0.0001556499870450873
lifestyle_13,0.00015550457362095265
profit_10,0.00015540542869595713
committee_17,0.00015526209020346243
crisis_1,0.00015524492054429272
william_2,0.00015472992502113357
global_20,0.00015467626600415305
fond_6,0.00015450703907743092
democratic_18,0.0001544011367655965
judge_12,0.0001543021086956223
metals_15,0.0001542627500660744
district_11,0.00015412882568351612
short_selling_10,0.00015411760644524995
bonds_16,0.0001540192472420333
markets_16,0.00015401388001321317
judge_19,0.0001538169830328803
conflict_20,0.00015359526399878732
transaction_1,0.00015357622747456023
derivatives_2,0.00015356525229961172
culture_12,0.0001534675001093225
investment_9,0.00015298275208776348
senate_12,0.00015279303692877384
marketing_1,0.00015273256135147516
industry_2,0.00015266453913620408
ministry_6,0.00015261066058649034
justice_4,0.00015231554219179359
earnings_2,0.00015226475448259084
cash_19,0.00015223256882582222
happy_19,0.0001521610378430163
office_3,0.00015203222980298816
forex_6,0.00015199815203172004
political_15,0.00015180953755435518
success_11,0.00015177567066255838
cash_18,0.00015174856937583272
rich_11,0.00015174355584738616
travel_1,0.000151718377946562
founded_11,0.0001516349588348979
case_14,0.00015156392679545626
travel_14,0.00015153061663977907
crisis_10,0.00015144423277312942
house_19,0.00015135340315141922
economics_8,0.00015134414088697115
car_16,0.00015113886716530965
investment_4,0.0001510869610135837
legal_15,0.00015108267374189789
ore_10,0.00015101743838406904
headlines_8,0.00015081132016707505
stock_market_7,0.00015075839174424373
founded_7,0.00015051266266330967
holiday_9,0.00015040184141338811
companies_15,0.00015029154758426451
house_11,0.00015017153423541285
william_10,0.0001501400106818307
success_2,0.00014996903279949244
corporation_7,0.00014979997121286615
fed_9,0.00014978866529942673
products_11,0.00014954873426213487
leverage_5,0.00014932312066220048
companies_17,0.00014911057089015024
gold_16,0.00014909238223344783
ceo_8,0.0001490555667010687
government_7,0.00014905523093952644
world_15,0.00014902696270884796
washington_13,0.00014850842584100219
rich_8,0.00014848321398552768
cancer_8,0.00014847913660691084
nasdaq_5,0.00014844681653107
risk_5,0.00014841879615445347
returns_20,0.0001483740478919799
council_20,0.00014820423735560764
home_2,0.00014818839984603253
economy_12,0.00014817905912132778
wisconsin_10,0.00014808282463871794
corporation_6,0.00014770764662407429
served_6,0.00014767327088376317
debt_13,0.00014760726779861435
act_18,0.00014752991343931174
bubble_7,0.0001474810880501483
kitchen_16,0.0001474438966282882
opportunity_19,0.00014732824847049687
vermont_6,0.00014731363775695992
hedge_2,0.00014701330641766477
rights_3,0.0001469678682589085
economics_19,0.00014683121418876323
default_1,0.00014682744365920522
politics_14,0.00014679943308845583
governor_8,0.00014638393578213614
ministry_13,0.00014635406769563213
fine_20,0.0001460939548434399
committee_13,0.0001459346935736822
unemployment_16,0.00014565823784514745
georgia_10,0.0001454764965686525
dividend_11,0.0001453815762095537
sell_15,0.0001453168592795171
opportunity_15,0.00014520696403515148
headlines_3,0.00014516134503243626
chance_10,0.0001451243857556259
portfolio_8,0.00014497748893662905
loss_20,0.00014472242915510006
gain_6,0.0001444339717083297
inflation_8,0.00014439333138565021
risk_12,0.00014431345093468017
economy_6,0.0001442121729489647
banking_11,0.0001441982039370087
environment_14,0.00014417009152149337
loss_8,0.0001441072886209493
culture_18,0.00014407805758755935
movement_4,0.00014398325267412835
color_10,0.0001439199996172847
money_12,0.00014387023072105447
political_3,0.00014368558016167362
million_10,0.00014359281615929092
gain_4,0.000143476443350349
lifestyle_6,0.00014342379403201082
movement_15,0.00014331551720830156
political_20,0.00014327429775049484
dividend_3,0.00014299755634441616
short_selling_9,0.00014298687847869946
industry_5,0.00014289635538404353
ministry_8,0.00014281013762095263
legal_13,0.00014270271564711785
law_11,0.00014258200209743148
members_15,0.0001423261491846505
returns_4,0.00014226664569134953
lifestyle_5,0.0001422610329735075
firm_8,0.00014224304503442304
economic_2,0.00014212312242839687
ministry_14,0.0001419571527275947
headlines_14,0.00014195327133652958
inflation_3,0.00014186101562050098
seats_1,0.000141822993960567
global_16,0.00014182052221573845
trader_12,0.00014179419740650734
health_6,0.0001417757858058291
wisconsin_2,0.00014157312667481157
color_8,0.00014152739225786954
media_15,0.0001414554385742819
vermont_13,0.00014145114667471066
members_12,0.00014138783782778995
police_12,0.0001413093077588522
present_7,0.00014123135590598073
movement_20,0.00014115547961737382
stock_market_15,0.00014115510999161988
ceo_10,0.00014083944221146135
rich_13,0.0001406892017669624
loss_10,0.0001406791216021339
elections_5,0.000140333690070381
development_16,0.00014019545467349354
stats_12,0.0001400839825092369
bubble_18,0.00014003044160303127
community_10,0.0001399987180752258
judge_15,0.00013945087349255577
ore_17,0.00013920224151722302
health_10,0.0001390992062825043
movement_19,0.00013909286141608896
water_18,0.00013903575517307154
ceo_2,0.00013898139086017026
representatives_18,0.00013896695041243316
food_13,0.00013894558211772205
earnings_3,0.0001386830559139223
dow_jones_4,0.00013830120386963546
governor_3,0.00013812757978856618
marketing_5,0.00013805286874682778
global_13,0.0001380491789893381
invest_18,0.0001379732798926386
served_10,0.0001379575020325096
pennsylvania_8,0.00013768420297305566
economics_2,0.00013759393986108483
cancer_18,0.00013758884802805946
profit_3,0.0001375431983622989
tourism_11,0.00013745721919232925
missouri_14,0.00013737803166849645
debt_14,0.00013713962312934992
risk_11,0.00013709751120406238
rights_11,0.00013681913205579866
success_5,0.00013675021194971832
crash_7,0.0001367102745665726
senate_6,0.00013666496942377063
nyse_2,0.0001363988033256345
investment_2,0.0001359965309656954
ministry_10,0.00013579807771932527
rich_4,0.00013569328475898353
social_5,0.0001355021431764261
ore_9,0.00013546684073877593
firm_17,0.00013544998010838223
train_13,0.00013533873116757105
minister_2,0.00013526487269720347
movement_2,0.0001352146162871783
justice_18,0.00013520259797942228
ltd_20,0.0001350433598433956
profit_4,0.00013502250838656074
arts_17,0.00013486904559990924
metals_9,0.00013478527299674506
million_18,0.0001346680711359038
profit_20,0.00013458992201345556
ministry_4,0.00013388179684234295
fed_11,0.000133815653673086
industry_9,0.00013379674301973934
financial_9,0.0001336690789102745
success_13,0.0001336585838100947
council_2,0.00013365330258413146
act_2,0.00013365296912420976
voters_4,0.0001336221147906134
return_18,0.00013355747652857088
nyse_19,0.0001334083513400981
media_17,0.00013333577396699571
industry_10,0.00013277515226815296
committee_15,0.00013264294497471085
marriage_18,0.000132588823362271
default_2,0.00013246762540716723
police_9,0.00013192297468494663
illinois_18,0.00013190869959110718
opportunity_16,0.00013177120429405285
consumption_17,0.00013175853715647029
marriage_17,0.00013145086407204598
forex_14,0.00013121399514054774
pennsylvania_16,0.0001311731199614757
money_7,0.00013101566576700593
car_18,0.00013101489726248533
service_17,0.00013069925112754063
debt_11,0.00013065437624771003
illinois_19,0.00013061045886238244
headlines_11,0.00013059103319345495
governor_17,0.0001305458116261763
success_10,0.0001303995231655006
federal_11,0.00013026247828719565
kentucky_1,0.0001302117612906288
transaction_14,0.0001301848299394768
corporation_19,0.00013017932542957997
million_15,0.00013012208210502329
georgia_6,0.00012989665064630312
present_11,0.00012980672310102976
bonds_10,0.00012977402847506736
case_12,0.0001296298264821551
ring_8,0.00012962390321952488
media_16,0.00012961274144494828
return_16,0.00012960345966557017
travel_13,0.00012958910601452506
culture_19,0.0001295619446403746
returns_6,0.0001293607171995834
service_15,0.00012930793229615973
tourism_3,0.00012914539768581283
vermont_16,0.00012911136783755214
democratic_20,0.00012880143952201742
unemployment_2,0.00012848859280034506
conflict_17,0.00012848804737520153
earnings_8,0.00012825977157953717
headlines_20,0.00012824485944779756
returns_15,0.0001282227293772749
firm_6,0.0001281748591949558
management_6,0.00012816098893240774
investment_10,0.0001279886698519567
kentucky_2,0.00012775968153061593
happy_6,0.00012772990323654573
leverage_2,0.0001275811354255403
tennessee_6,0.00012743538576610644
markets_13,0.0001272816668688008
ltd_3,0.00012724893289941893
ceo_20,0.0001272335649355922
secretary_1,0.00012710698478736498
religion_16,0.00012687142517216643
media_14,0.00012687114701964
carolina_9,0.0001268253874215489
committee_7,0.00012670465271407346
industry_18,0.00012665066947378613
dividend_13,0.00012650593033279155
forex_1,0.00012640583056090803
representatives_4,0.00012615911696067127
happy_12,0.00012608399736814316
governor_18,0.00012596629786432048
freedom_5,0.00012594253785723228
governor_6,0.00012592228756877483
social_1,0.00012569019732775805
tennessee_20,0.00012563954782754898
lifestyle_12,0.0001256354760777065
union_14,0.0001255544555074821
community_7,0.00012552680228643712
metals_10,0.00012548706373491364
pennsylvania_6,0.0001253401228051087
gain_16,0.0001247734507927053
democratic_9,0.00012457719088551834
profit_18,0.00012456089525551638
elected_3,0.00012444612896084136
governor_20,0.00012430645227210738
judge_20,0.00012400098601042848
transaction_9,0.000123904669844116
washington_8,0.0001238941757096118
law_20,0.00012388993277078384
headlines_18,0.00012350543985342825
ring_20,0.00012343884424057897
portfolio_6,0.0001232310077424259
representatives_11,0.00012314806491893354
inflation_7,0.00012278789023099262
committee_14,0.00012275039329328512
vermont_3,0.00012264696163158747
gain_11,0.00012251553751401457
housing_14,0.00012247010951468864
portfolio_17,0.00012237220153345053
development_15,0.00012221896749476868
ring_19,0.0001221385481212897
movement_3,0.0001217930135530122
voters_2,0.00012178657639733061
sell_8,0.00012164172578251632
invest_9,0.00012162690671868546
marriage_16,0.00012148764424877752
served_17,0.00012147169908327994
default_16,0.00012145726359114804
portfolio_18,0.00012135097218354228
portfolio_4,0.00012104821377656501
economics_9,0.00012098612294488787
council_3,0.0001209015692962778
million_1,0.00012083786227883303
stats_4,0.00012082922376522704
arts_8,0.0001207659778131864
nyse_9,0.0001207601816220975
trader_4,0.00012074753794852011
political_10,0.00012050051699906159
firm_12,0.00012049713711190459
culture_2,0.00012045079085779394
success_18,0.00012030067089939696
massachusetts_20,0.00012025075743329508
investment_12,0.00012003058073656661
committee_20,0.00011996315051128402
industry_3,0.00011984528983067837
kentucky_5,0.00011979459931481183
representatives_13,0.000119787767819111
lifestyle_20,0.00011966316803005298
seats_17,0.00011954766232037571
transaction_17,0.00011941434306948458
nyse_12,0.00011933669496380437
wisconsin_5,0.00011932732932314566
success_14,0.00011929739039382396
return_10,0.00011917953965701344
present_4,0.00011906451385976962
culture_7,0.00011887778122842999
industry_12,0.00011885716010956999
trader_9,0.00011885034150088382
oil_16,0.00011881236782590216
society_8,0.0001186811363679833
council_14,0.0001185459307868416
freedom_17,0.00011845924513886014
economy_4,0.00011794450019294205
industry_11,0.0001178159443050376
minister_9,0.00011776183310961337
law_13,0.00011774719937009313
marriage_14,0.00011761779670061627
management_19,0.0001173691489912983
media_1,0.00011728065175696009
voters_8,0.00011711875475930883
million_5,0.00011710965937259992
religion_14,0.00011709218758678487
fun_10,0.00011705950279177888
secretary_6,0.00011702349134607958
train_20,0.00011676088084384932
cancer_9,0.00011636148526092992
economics_12,0.00011633460683028324
corporation_5,0.00011617904098327075
elected_13,0.00011613873507463848
ceo_16,0.00011610035973444083
voters_7,0.00011606021765041597
default_12,0.00011572714113643586
corporation_20,0.00011570512377328938
committee_9,0.00011569684624217688
economy_17,0.00011547607926342334
governor_1,0.00011538435999710989
ring_17,0.00011536983026488973
fed_18,0.0001153549521793932
minister_6,0.00011530469723355799
economics_20,0.0001152548594656348
housing_19,0.0001152271624229235
forex_4,0.00011515978626958878
debt_10,0.0001151038869573427
headlines_9,0.00011505799006581898
religion_1,0.00011504299002255878
oil_7,0.00011490750153752772
tourism_12,0.00011488015324793703
representatives_16,0.00011457274946993362
committee_8,0.00011455384598095293
movement_1,0.00011449415342896932
technology_18,0.00011445958536564167
money_8,0.00011435455703036466
holiday_7,0.00011392750510124758
ceo_19,0.00011382706805219979
earnings_19,0.00011373863529474886
case_17,0.00011356723783834065
buy_18,0.0001135363891799372
lifestyle_17,0.00011351452727415516
metals_2,0.00011338194829089732
short_sell_2,0.0001133610489906277
kentucky_20,0.0001133253697850589
fine_7,0.00011325421627303661
ore_6,0.00011322614244787494
tourism_4,0.00011314924088522588
fine_8,0.00011291534555536514
ministry_17,0.00011283257256670221
stock_market_8,0.00011276820665015404
return_20,0.00011259650683978327
tennessee_8,0.00011248995730359691
money_19,0.00011242515005540663
gold_6,0.00011239299547943629
crisis_4,0.0001123485745274467
headlines_4,0.00011213399464692948
council_15,0.0001120473624565273
gain_9,0.00011187325577541134
elections_17,0.00011183851185217429
dow_jones_2,0.00011174655998143981
marriage_10,0.0001113611842071108
blacklist_10,0.00011107951290723964
trader_5,0.00011081618379804016
portfolio_20,0.00011078198332026122
representatives_14,0.00011061497331150593
million_7,0.00011053701030062983
marketing_10,0.00011050942772436928
global_14,0.00011038723873470967
inflation_14,0.00011038062107428149
political_9,0.00011016625833448332
train_11,0.00011000798356498723
forex_9,0.00010978331626110766
project_4,0.00010975059071329424
dividend_17,0.0001096855806527249
college_9,0.00010917444196078448
federal_18,0.00010898820075927927
million_6,0.00010885833246399982
rights_15,0.00010885250720980125
gain_19,0.00010862252549504845
members_7,0.00010856681459700113
members_13,0.00010854178202148043
earnings_9,0.00010853555581781174
political_17,0.00010848185944538302
happy_14,0.00010814884432852349
political_12,0.00010801938388697178
bank_19,0.0001080184641829625
movement_17,0.00010783289561995664
sell_14,0.00010769695621235658
politics_4,0.00010762227374247092
restaurant_14,0.00010758310330134002
debt_8,0.0001074771770670009
sell_16,0.0001068717038152592
metals_1,0.00010676667885215265
present_9,0.00010665662680336727
fed_4,0.00010651868590526046
members_19,0.00010643508424656082
conflict_4,0.00010627428198569535
crisis_9,0.00010624072924105522
council_12,0.00010622625661492386
market_16,0.00010619137748108837
rich_7,0.00010603801720365227
economics_7,0.0001059292767162343
revenue_4,0.00010591548274279617
fed_14,0.00010584001397693974
default_9,0.0001056645336619266
hedge_11,0.00010562314871345014
bubble_20,0.0001053938764366933
voters_20,0.00010481930758836514
ceo_5,0.00010473327772957845
markets_19,0.00010464196951234474
default_6,0.0001045822277091131
derivatives_4,0.00010442669790459348
blacklist_8,0.00010422272599489272
management_15,0.00010419451399481836
stock_market_12,0.00010400791704650607
food_12,0.0001039621407591079
kitchen_19,0.0001038053636515405
growth_10,0.00010372107876426915
crash_14,0.00010359572742446153
committee_4,0.00010268112686261509
ring_13,0.00010260062556383625
growth_6,0.00010254297699292558
markets_18,0.00010252236405190794
kentucky_17,0.00010243897003947015
stats_6,0.00010222189007337524
illinois_9,0.00010209579778596118
georgia_19,0.00010199039707152222
credit_9,0.00010190864926076805
profit_13,0.00010182533836441817
dividend_18,0.00010167412924368188
bonds_4,0.00010161007347164181
ring_2,0.00010147262275877977
short_sell_1,0.00010144855295815841
technology_9,0.00010130609985592803
forex_18,0.00010111053888572832
color_18,0.00010097170283292567
hedge_17,0.00010051198699718427
blacklist_14,0.00010027003114787241
fine_14,0.00010026819464289434
media_9,0.00010023558366727524
portfolio_9,0.00010011132155461757
democratic_7,9.992377096783105e-05
forex_13,9.988661357109634e-05
consumption_11,9.979768083616095e-05
governor_19,9.895841196501185e-05
growth_12,9.891841582769674e-05
economics_18,9.880238479648795e-05
return_9,9.878917095402144e-05
success_8,9.87190128245567e-05
metals_11,9.858644769985433e-05
tennessee_12,9.838273373235091e-05
political_1,9.788774277298454e-05
metals_16,9.767010236028914e-05
DOW_JONES_13,9.747187453147171e-05
investment_3,9.738830514343927e-05
house_16,9.697596947680038e-05
economics_11,9.687191255542882e-05
industry_19,9.686674076506489e-05
dividend_7,9.682842515643691e-05
movement_11,9.656281355789735e-05
firm_5,9.614756184861596e-05
crisis_13,9.595609787723801e-05
growth_11,9.554640023470619e-05
dividend_14,9.540279788174924e-05
garden_4,9.540161843369747e-05
gain_15,9.519635847144811e-05
ministry_7,9.507101312415339e-05
metals_17,9.506035786635583e-05
metals_13,9.479958377360747e-05
bubble_6,9.47009105555505e-05
vermont_2,9.467465518634834e-05
arts_11,9.452033238950394e-05
metals_12,9.442352730510682e-05
leverage_10,9.438569997510541e-05
returns_18,9.435898696241072e-05
political_14,9.42591891033147e-05
carolina_20,9.405574502905965e-05
returns_9,9.362634899975242e-05
consumption_15,9.31158011719523e-05
missouri_19,9.288177173305975e-05
risk_7,9.268378880623522e-05
president_5,9.231997943489446e-05
committee_5,9.222635024008919e-05
tourism_15,9.177658687264954e-05
members_3,9.165026608574046e-05
case_4,9.137317293167311e-05
consumption_4,9.105140203379899e-05
house_20,9.08365913443144e-05
economy_20,9.069766020207572e-05
tourism_2,9.043245814668666e-05
served_11,9.042424726537557e-05
water_17,9.041965607060026e-05
forex_12,9.036608553849548e-05
tourism_17,9.014283172506865e-05
vermont_10,9.006160371723571e-05
default_14,9.002788172148114e-05
profit_12,8.999873626219245e-05
short_selling_1,8.98705623500235e-05
financial_15,8.967615460848529e-05
portfolio_11,8.916849020307766e-05
freedom_11,8.911245728470134e-05
success_3,8.895537424353727e-05
police_17,8.878514538818468e-05
opportunity_5,8.857013516432593e-05
ceo_4,8.802410169648056e-05
conflict_11,8.796322134622684e-05
religion_6,8.793112209080838e-05
leverage_19,8.770703097992462e-05
pennsylvania_20,8.763094691578633e-05
ltd_18,8.752576263253355e-05
business_13,8.742589812814675e-05
lifestyle_10,8.73973358163833e-05
fed_10,8.735589766388145e-05
county_6,8.707277693959854e-05
conflict_1,8.690744158573375e-05
dow_jones_15,8.655543439338784e-05
success_1,8.588024968765092e-05
consumption_9,8.580941652379316e-05
founded_5,8.570062383949781e-05
ministry_2,8.526397659381611e-05
ministry_3,8.518632653791267e-05
sell_19,8.50206058764265e-05
bubble_16,8.486325709805502e-05
stats_7,8.485997903126056e-05
industry_13,8.482488871104952e-05
loss_14,8.480828415538179e-05
risk_13,8.475732603084231e-05
portfolio_3,8.470054243233627e-05
DOW_JONES_12,8.435342137368918e-05
society_2,8.402358151406075e-05
present_15,8.394554815595568e-05
gain_17,8.35922128588725e-05
seats_5,8.34486223032105e-05
legal_16,8.339320587775539e-05
risk_8,8.334858657332098e-05
members_16,8.323650332820422e-05
hedge_5,8.198855187275443e-05
invest_2,8.152644477205246e-05
loss_2,8.133356020359284e-05
energy_6,8.115407646973446e-05
secretary_18,8.08426534917431e-05
tourism_14,8.083253670256524e-05
money_14,8.075045474782945e-05
justice_13,8.006744103375068e-05
hedge_19,8.006488611500155e-05
lifestyle_15,7.996236006806929e-05
served_7,7.991358801997541e-05
rich_9,7.986746722017909e-05
nasdaq_16,7.982790098393619e-05
ministry_18,7.944643588154994e-05
movement_8,7.943919793664012e-05
metals_14,7.933809363103391e-05
derivatives_13,7.932909901358833e-05
portfolio_7,7.923958341103474e-05
hedge_13,7.89853398438276e-05
ministry_5,7.837855859245665e-05
members_10,7.816208240790885e-05
dividend_1,7.722393064337408e-05
growth_17,7.721634079092752e-05
gain_3,7.691656491208051e-05
ceo_18,7.687016998780552e-05
blacklist_16,7.675859328612406e-05
firm_20,7.643216215386372e-05
profit_7,7.635998343917091e-05
gain_20,7.565460882534294e-05
ltd_15,7.55064553198505e-05
crisis_5,7.537089175477e-05
tourism_19,7.484810671525522e-05
headlines_2,7.361868091151302e-05
inflation_2,7.225728959135518e-05
leverage_17,7.140419091442362e-05
rich_5,7.126064815144265e-05
votes_8,7.093984326210612e-05
committee_12,7.090571744853907e-05
members_9,6.979259361548003e-05
secretary_4,6.97021333058021e-05
religion_13,6.950971545216771e-05
invest_16,6.950394223198337e-05
present_12,6.891468849607051e-05
inflation_20,6.859022188164695e-05
ministry_1,6.831384082262798e-05
economic_18,6.828819836336369e-05
leverage_12,6.772213209363642e-05
fond_10,6.7578874885761e-05
portfolio_16,6.757476574724683e-05
ministry_20,6.696572141824789e-05
blacklist_5,6.695237498816052e-05
profit_5,6.688441421578417e-05
rights_4,6.616913906942127e-05
DOW_JONES_18,6.578584930490198e-05
nyse_18,6.484924582399663e-05
risk_9,6.47397499532402e-05
economic_15,6.451992876163361e-05
stats_1,6.423485727597156e-05
blacklist_4,6.365917922304532e-05
committee_18,6.361372535864957e-05
representatives_2,6.348752390845447e-05
seats_2,6.348468336366208e-05
metals_3,6.301783095586549e-05
ltd_2,6.196524663155999e-05
ceo_11,6.191636356814663e-05
tourism_18,6.110644389965982e-05
blacklist_13,5.863785651983761e-05
ceo_12,5.856973867899491e-05
transaction_13,5.794272000755523e-05
invest_5,5.769724091316434e-05
chance_19,5.755987203711466e-05
voters_3,5.651990558968771e-05
stats_5,5.548956255278894e-05
served_20,5.54722038503484e-05
blacklist_20,5.351278467316349e-05
banking_14,5.2408241919311925e-05
blacklist_7,5.2336793753941097e-05
tourism_16,5.201657845988359e-05
blacklist_6,5.1322012063538185e-05
portfolio_19,4.9894304367776934e-05
founded_14,4.9012597762986155e-05
fond_9,4.8755650879152784e-05
environment_9,4.8473102804098996e-05
blacklist_9,4.845980832076635e-05
rights_12,4.7325140992344405e-05
leverage_11,4.704114522946061e-05
fond_7,4.7000526930098015e-05
short_selling_3,4.6898359082141785e-05
derivatives_18,4.5473064570157716e-05
headlines_6,4.501465470438588e-05
blacklist_11,4.4589343249187106e-05
ltd_8,4.266787345758404e-05
markets_11,4.2462544299890107e-05
loss_3,3.810617076004048e-05
fine_12,3.525491020851414e-05
blacklist_3,3.4585728929835954e-05
fond_3,3.065819442598471e-05
fond_2,2.4518574269713093e-05
blacklist_19,2.2231913226104832e-05
inflation_1,2.217486230777217e-05
blacklist_17,1.7650720209957656e-05
blacklist_2,1.7402611145711278e-05
elected_17,9.156842845027619e-06
headlines_10,8.924216608073213e-06
blacklist_12,7.222500870728899e-06
BUY_AND_HOLD_1,
BUY_AND_HOLD_2,
BUY_AND_HOLD_3,
BUY_AND_HOLD_4,
BUY_AND_HOLD_5,
BUY_AND_HOLD_6,
BUY_AND_HOLD_7,
BUY_AND_HOLD_8,
BUY_AND_HOLD_9,
BUY_AND_HOLD_10,
BUY_AND_HOLD_11,
BUY_AND_HOLD_12,
BUY_AND_HOLD_13,
BUY_AND_HOLD_14,
BUY_AND_HOLD_15,
BUY_AND_HOLD_16,
BUY_AND_HOLD_17,
BUY_AND_HOLD_18,
BUY_AND_HOLD_19,
BUY_AND_HOLD_20,
consume_1,
consume_2,
consume_3,
consume_4,
consume_5,
consume_6,
consume_7,
consume_8,
consume_9,
consume_10,
consume_11,
consume_12,
consume_13,
consume_14,
consume_15,
consume_16,
consume_17,
consume_18,
consume_19,
consume_20,
financial_markets_1,
financial_markets_2,
financial_markets_3,
financial_markets_4,
financial_markets_5,
financial_markets_6,
financial_markets_7,
financial_markets_8,
financial_markets_9,
financial_markets_10,
financial_markets_11,
financial_markets_12,
financial_markets_13,
financial_markets_14,
financial_markets_15,
financial_markets_16,
financial_markets_17,
financial_markets_18,
financial_markets_19,
financial_markets_20,
greed_1,
greed_2,
greed_3,
greed_4,
greed_5,
greed_6,
greed_7,
greed_8,
greed_9,
greed_10,
greed_11,
greed_12,
greed_13,
greed_14,
greed_15,
greed_16,
greed_17,
greed_18,
greed_19,
greed_20,
rare_earths_1,
rare_earths_2,
rare_earths_3,
rare_earths_4,
rare_earths_5,
rare_earths_6,
rare_earths_7,
rare_earths_8,
rare_earths_9,
rare_earths_10,
rare_earths_11,
rare_earths_12,
rare_earths_13,
rare_earths_14,
rare_earths_15,
rare_earths_16,
rare_earths_17,
rare_earths_18,
rare_earths_19,
rare_earths_20,
short_sell_3,
short_sell_5,
short_sell_8,
short_sell_10,
short_sell_11,
short_sell_12,
short_sell_13,
short_sell_15,
short_sell_16,
short_sell_17,
short_sell_18,
short_sell_19,
short_sell_20,
short_selling_2,
short_selling_7,
short_selling_8,
short_selling_20,
