feature,feature_score
vermont_6,0.0024625866884110787
investment_20,0.00217874028043419
investment_17,0.001877907957574555
movement_12,0.0017655085793346593
elected_1,0.0017209636048962527
pennsylvania_2,0.0017084000214563967
hedge_10,0.001664072644525097
default_16,0.0016260449516391053
investment_11,0.001559564498739115
hedge_3,0.0015110534895284404
nyse_10,0.0014714827896525485
nyse_3,0.0014677206750015822
elected_5,0.001447477484967749
bonds_10,0.001391750871896322
dividend_12,0.0013708318063825465
blacklist_9,0.0013376736276682686
nyse_2,0.0013201031142116386
vermont_1,0.0012792612555521015
economics_5,0.001225759220109007
nyse_20,0.001198222005063489
arts_13,0.0011602904410848087
industry_20,0.0011526230624088385
invest_18,0.0011432114153368444
industry_15,0.0011333770772164135
massachusetts_12,0.0011331565637069827
stocks_9,0.0011280046310691925
votes_12,0.0011115426763524305
voters_16,0.001109162418950065
minister_1,0.0010817662156562145
economics_16,0.0010291088921402412
banking_7,0.0010251966997011578
rights_9,0.0010237333943876668
stock_market_6,0.0010232421437735377
politics_4,0.0010074664649724783
massachusetts_1,0.0009662945204737914
government_4,0.0009316310024771893
movie_19,0.0009248772548321564
democratic_4,0.0009208958359658586
firm_6,0.000909609454795702
profit_6,0.0009025618630406068
founded_6,0.0008995416474458217
food_17,0.0008877223600614891
york_7,0.0008806944235137064
stocks_3,0.0008723375193014989
debt_20,0.0008706034374916235
success_4,0.0008449594999106661
stocks_2,0.0008417832081825665
nasdaq_2,0.0008318494805675482
million_9,0.000825652616040017
inflation_11,0.000816278290432037
arts_2,0.000809163294771079
washington_10,0.0008070210909092687
seats_6,0.0008022211427574469
fed_15,0.0008020173479951116
labor_15,0.0007986947448127656
virginia_9,0.0007955060344765466
stocks_18,0.000794871914223767
republican_6,0.0007920883596260347
energy_1,0.0007916661532939347
investment_12,0.0007903471379769956
returns_13,0.0007863331442719955
hedge_1,0.0007752468550243424
religion_12,0.0007750292505122918
development_12,0.0007737133751583508
government_10,0.0007731899680960707
police_12,0.0007718984684166503
profit_20,0.0007681404344388339
massachusetts_7,0.0007670818405259108
william_12,0.0007648609832901942
carolina_19,0.0007588019187166605
portfolio_4,0.0007559980149408937
arts_10,0.000755222409518957
debt_4,0.0007427479997413525
industry_8,0.0007362664625299985
votes_17,0.0007302726970609343
william_3,0.0007268596266441192
county_4,0.0007258867540219619
water_6,0.0007223190297750077
present_7,0.0007222584416276691
fed_13,0.0007217826912098437
movement_20,0.0007162722462467132
senate_3,0.0007122189839913043
court_16,0.0007100943169953295
happy_12,0.0007093655221145638
project_11,0.0007093052047443766
corporation_17,0.0007078016454014383
minister_2,0.0007073867882960638
pennsylvania_15,0.0007054531292461556
stock_market_5,0.0007015771413477432
business_4,0.0007012105359342044
pennsylvania_1,0.0007000903340146394
massachusetts_10,0.0006995394240799454
court_1,0.0006987194965180232
market_2,0.0006986609642192702
political_20,0.0006941450963713514
industry_3,0.0006921553386232144
dividend_15,0.0006907326139078121
college_4,0.0006897081114571211
marriage_8,0.0006867999620092935
party_4,0.0006843538462140256
industry_12,0.0006827859813387962
justice_10,0.0006799570154917003
buy_7,0.0006767955322925604
kitchen_2,0.0006760774502807206
buy_9,0.0006752839707760336
corporation_1,0.0006745934708276512
home_6,0.0006737135324705474
political_1,0.0006734905106423625
ceo_6,0.0006712559764599335
hedge_17,0.0006711490231027625
unemployment_13,0.0006704171172557341
county_14,0.0006690196821589662
growth_5,0.0006648176378035147
debt_9,0.0006634089737187644
party_8,0.0006625699101856515
pennsylvania_5,0.0006622410316365784
county_19,0.0006611185981795428
happy_10,0.0006610592946590683
economics_12,0.0006578629038078169
default_19,0.0006561389903941445
rich_6,0.0006551563044827722
district_20,0.000654200094604633
community_15,0.0006536194923032302
nasdaq_6,0.0006526766077942995
georgia_18,0.0006526598718087053
kentucky_10,0.0006489793520414388
democratic_14,0.0006460388390435067
movie_14,0.0006448842904965276
york_17,0.0006434280946862334
police_6,0.0006433778380256313
democratic_3,0.0006429654169859188
ring_8,0.000642792582973724
companies_11,0.0006390900095556405
freedom_8,0.0006377051360497782
market_9,0.0006367431433682979
culture_12,0.0006360377064631321
rich_7,0.0006324984124461183
democratic_19,0.0006304879101153643
market_10,0.0006304227523100097
world_4,0.0006285504646990797
votes_18,0.0006260461080457251
members_4,0.0006256537435345045
movie_6,0.0006256280161083159
unemployment_7,0.0006250035419178142
bank_17,0.000622551303369733
media_12,0.0006185225341130737
police_11,0.0006169727047832619
elected_6,0.0006168442537184777
inc_20,0.000616393685359789
oil_6,0.0006159672843022435
holiday_1,0.0006157296350771747
ring_20,0.0006154941920812187
money_14,0.000615193470086864
seats_19,0.0006138960041621032
tennessee_19,0.000613549004012734
global_10,0.0006133989237403585
happy_14,0.0006130196083819916
services_10,0.0006130137673621818
stock_market_12,0.0006126321003626097
movie_15,0.0006125877361359201
judge_8,0.0006110888909567241
gold_19,0.0006101550286174021
movie_3,0.0006098598311325848
movie_20,0.0006096799560505855
economy_17,0.0006092855972714497
law_14,0.0006088913950824228
companies_8,0.0006083918109350109
holiday_19,0.0006079489427572027
DOW_JONES_13,0.0006068112092555669
police_20,0.0006050754141065808
representatives_13,0.0006042898001094865
firm_9,0.0006041091924330152
development_4,0.0006033734504608015
environment_18,0.0006020714201919925
investment_1,0.0006004359479870407
finance_20,0.0005994170902221969
votes_1,0.0005974799477515742
chance_18,0.000596996323366664
texas_2,0.0005968859814937652
federal_17,0.0005955720880551537
color_8,0.0005947785709880853
court_19,0.0005938068314329742
texas_1,0.0005937919519617383
economic_18,0.0005930761904403559
banking_2,0.0005910479679598967
office_8,0.000590857003403145
vermont_11,0.0005904516204953488
elections_3,0.0005901024415003464
holiday_2,0.0005890727697488919
politics_10,0.0005890447053121666
county_20,0.0005890406054088051
companies_13,0.0005888949738664245
republican_13,0.0005877304173488088
community_9,0.0005877059653809276
rights_16,0.0005876819876372327
economy_15,0.0005873340690488255
ltd_12,0.00058658953779366
bank_1,0.0005853838564270742
inflation_2,0.00058390401648082
police_7,0.0005826289912903392
services_7,0.0005813823249620439
war_12,0.0005808262677681939
security_4,0.0005779404934205786
minister_9,0.0005775897748563139
markets_9,0.0005773575485744582
inc_4,0.0005758657932051057
politics_5,0.0005758486462543818
restaurant_7,0.0005758347951549977
car_17,0.0005754991432270349
train_14,0.0005731052952681801
present_9,0.0005720609261007773
DOW_JONES_14,0.0005720356696010233
carolina_3,0.0005706799894161468
bonds_9,0.0005688349177717277
kentucky_7,0.0005684471866094394
federal_18,0.00056762537435974
rights_3,0.0005671635422016359
conflict_4,0.0005666831625211082
county_15,0.0005663897836244033
service_11,0.0005659036888871291
fun_16,0.0005655420048135821
metals_15,0.0005653468987042803
bank_4,0.0005650721132511607
finance_11,0.000564185480957237
earnings_14,0.0005639292178297133
county_11,0.000563764844898228
election_18,0.0005637107193414907
movie_10,0.0005634076743590876
washington_15,0.0005623015297445925
freedom_3,0.0005611213368785018
william_15,0.000560130248511775
returns_15,0.0005599580960101399
bank_11,0.0005583154676850954
ltd_3,0.0005580553075073762
fine_12,0.0005579293930332424
chance_1,0.0005574695044006765
companies_7,0.0005566898204123032
college_13,0.0005566199945581068
nasdaq_9,0.0005550466170352254
county_13,0.0005547716503568181
case_5,0.000554671121957282
washington_5,0.0005542882861240338
project_3,0.0005541633857024195
sell_7,0.0005537989921929448
happy_2,0.0005537657280667824
health_2,0.0005534088569090701
wisconsin_7,0.000552887741748493
oil_14,0.0005525768668151085
cancer_4,0.0005506187288457706
companies_18,0.0005503136429499533
bonds_20,0.0005482935293935241
republican_10,0.0005481838353828182
government_5,0.0005470769202346092
technology_7,0.0005469197849040625
washington_7,0.0005466940154849274
ceo_9,0.0005460345771562786
home_3,0.0005452275438309854
county_2,0.0005447363591122274
development_19,0.0005443818521187121
bonds_12,0.0005437445049624873
present_15,0.0005430300427724636
federal_11,0.0005425290216991702
labor_19,0.0005420061554954379
profit_3,0.0005418743234993067
financial_13,0.0005418577477479689
dow_jones_4,0.0005412661721527992
investment_10,0.0005407843662248025
republican_5,0.0005400033578691724
service_10,0.0005399243783181059
home_7,0.0005393435837659705
party_5,0.0005391064817870677
nyse_17,0.0005382671557221686
society_4,0.0005375569332533204
carolina_1,0.0005365597479589225
crisis_20,0.0005362265081940665
case_18,0.0005357262023996019
industry_14,0.000534972581614728
government_11,0.0005343005953610345
texas_11,0.0005342855881599416
restaurant_11,0.0005341522913882503
elections_17,0.0005337511629536284
market_6,0.000533605836738555
office_16,0.0005333100715686557
business_13,0.0005325149115134338
judge_20,0.0005318135758306762
religion_8,0.0005289936991516543
energy_13,0.0005282991225607301
party_3,0.0005278936884551357
unemployment_8,0.0005276464862864803
senate_14,0.0005266516444542375
freedom_16,0.0005262572107838459
business_10,0.0005259834332937699
buy_6,0.0005258257319879274
service_14,0.000525320984895775
world_16,0.0005252124241960391
invest_8,0.0005251150766334879
success_6,0.0005242955278193444
office_10,0.0005225307117570267
fed_16,0.0005215019637224204
crisis_4,0.0005207461921604686
minister_4,0.0005197403415566308
metals_19,0.0005195970108539048
risk_6,0.0005192237724430266
rights_11,0.0005185409400139885
votes_14,0.0005178569601368712
governor_10,0.0005178047613163131
act_6,0.0005177691171312544
return_19,0.0005174762916364248
management_6,0.0005166352075658197
return_5,0.0005158998404269936
stats_6,0.0005157674703445448
election_10,0.0005147362209472988
religion_13,0.0005138214633073443
train_15,0.0005127416082616449
county_12,0.000511219916889108
texas_7,0.0005097624077395285
representatives_16,0.0005093888403064011
movie_9,0.0005093335436909228
media_2,0.0005091980100063426
legal_18,0.0005087350913600289
service_17,0.0005086886926891715
holiday_8,0.0005086533368944765
conflict_2,0.0005083923009489138
development_13,0.0005081255662400486
credit_2,0.0005061590709392608
business_17,0.000505530718068122
trader_7,0.0005054282340465881
holiday_11,0.0005049145568998215
rich_5,0.0005043267468879492
union_15,0.0005037577432057454
water_15,0.0005037447534782593
political_6,0.0005034516511866244
college_10,0.0005032285540891562
case_9,0.0005030998958159625
police_16,0.0005028761459637547
earnings_15,0.0005027219429098542
services_14,0.0005026107086354508
union_13,0.0005023778109560307
war_13,0.0005019845052143684
buy_16,0.0005014653076848615
buy_15,0.000500498368014771
risk_18,0.0005002739218926193
democratic_18,0.0005002448682380708
economic_20,0.0004999417766874376
market_15,0.0004993705250500312
elected_15,0.0004992007435689943
legal_1,0.0004985026347598215
movie_4,0.0004984394571286478
virginia_7,0.0004973844161416914
returns_19,0.0004973598589979348
hedge_11,0.0004958058561011193
justice_15,0.0004955208801461817
union_17,0.000495139812960552
environment_19,0.0004947763694318624
services_11,0.0004946999911945173
kentucky_16,0.0004946691558994767
crash_17,0.0004937289137061136
labor_4,0.0004933636168296484
world_6,0.0004929561933094272
movie_7,0.0004917720496601597
republican_3,0.0004914864116594065
restaurant_4,0.0004914390373323893
train_3,0.0004914174754785334
illinois_15,0.0004908338758396996
environment_6,0.0004907713148682728
carolina_2,0.0004899597576793077
profit_11,0.0004897501965649228
union_16,0.0004896774163777827
blacklist_20,0.00048963485845673
technology_15,0.0004894466314367129
garden_6,0.0004891109451318533
health_19,0.0004887819008360498
governor_2,0.0004884415342340883
profit_14,0.0004884183276554276
founded_19,0.00048782238073585946
million_1,0.00048774375991816904
election_8,0.00048695290147843007
vermont_7,0.00048479428455692255
virginia_3,0.0004843619724042621
union_8,0.00048434519993262873
gold_17,0.0004841350231901133
ohio_9,0.0004840646852896199
politics_15,0.00048394495075766036
bubble_17,0.00048383444031492725
banking_6,0.00048294551630752205
kitchen_17,0.00048231919940637763
energy_20,0.00048185910000204257
garden_16,0.00048169113122737296
massachusetts_5,0.00048039587149592615
nasdaq_18,0.0004801263234269363
inc_13,0.00048009403131600575
profit_2,0.0004798404416572736
bank_5,0.00047978572334809045
banking_4,0.0004785410508594582
color_7,0.00047850296654287835
home_14,0.0004784255812538493
district_3,0.0004779885606275108
house_10,0.00047778175021897726
return_10,0.00047773546930535116
community_3,0.0004775090864740215
success_20,0.000476741514088878
development_11,0.000476683155205487
county_6,0.0004760508115489388
police_10,0.0004758785087049571
world_9,0.00047542356198554436
social_7,0.0004752543385773674
holiday_12,0.00047503723065995195
gold_10,0.00047492086954736184
car_3,0.00047485395554029767
william_18,0.00047477941345400274
democratic_11,0.0004746102563630343
gold_18,0.00047458341672399336
democratic_5,0.0004741126636333479
bonds_7,0.00047405417234591717
movie_16,0.00047348999995532195
housing_5,0.0004734645269708597
missouri_18,0.00047327218568849513
garden_14,0.0004728988378950992
economics_17,0.0004728406149097991
pennsylvania_17,0.0004728347273452048
credit_17,0.0004727703213106441
travel_6,0.00047190104031181757
william_19,0.00047136151011674296
risk_19,0.00046977872570881776
washington_4,0.0004694224577446348
republican_18,0.00046905907855233615
ohio_1,0.00046854964907343916
arts_14,0.00046834550054348806
money_5,0.00046812485571364376
happy_7,0.00046730408806673916
blacklist_10,0.0004670710460475752
social_9,0.0004667109761511678
economy_3,0.0004657546301066405
security_20,0.0004650887218272897
technology_6,0.00046502044767300215
markets_8,0.0004649737262567799
returns_7,0.0004647569792184505
labor_20,0.000464507966314437
county_1,0.00046450102049509805
union_5,0.0004638143197203373
economic_11,0.00046341458639816916
texas_5,0.0004633683964371121
corporation_3,0.00046315714565866624
social_1,0.0004630895858285967
virginia_1,0.00046287849873409266
environment_1,0.00046282544122834617
labor_1,0.0004627323517508004
corporation_15,0.0004625412541579413
buy_2,0.0004624988506639448
democratic_10,0.0004623085105046424
council_14,0.0004622672068625994
happy_5,0.0004622378619477172
global_15,0.00046215984136305997
color_5,0.0004619149192353334
district_12,0.00046123678070625926
ceo_5,0.00046122849638784825
washington_12,0.00046118190007301613
crash_8,0.0004609830316191092
committee_9,0.0004608176449080791
cash_10,0.0004607773345599093
inc_3,0.00046036358091959133
carolina_14,0.00046033768463523116
development_18,0.00046024960799519627
sell_17,0.0004600799567689095
social_13,0.0004599398166309258
pennsylvania_18,0.00045851188579374287
legal_16,0.0004583004956040042
bank_20,0.000458172620128621
chance_19,0.0004579991488776868
media_7,0.0004571407726856273
finance_10,0.0004566797869093689
committee_17,0.00045640894288224884
party_20,0.0004563343733645458
security_17,0.0004561075666938967
movie_2,0.0004558225562304593
college_19,0.00045577777471932443
votes_19,0.0004554707340488876
services_4,0.0004548959952454917
illinois_11,0.0004546653407746471
trader_19,0.0004544998379464924
members_2,0.0004542766819698361
court_15,0.00045414789358113445
district_10,0.0004535157742747028
texas_18,0.00045335658888584317
service_4,0.0004532887666027335
earnings_18,0.0004532359438949738
bank_12,0.0004530233891638573
democratic_6,0.00045301223314581193
texas_10,0.00045217145607821086
election_14,0.0004518921651956753
portfolio_8,0.0004517024242238722
bank_9,0.0004515821299855459
unemployment_1,0.00045140203069588046
president_4,0.00045058029945095
college_2,0.00045056097378418406
loss_7,0.00045048074820765627
finance_18,0.0004502960354748696
car_14,0.000449512410927813
success_14,0.0004493185877257188
companies_4,0.0004492210982820668
college_12,0.0004490894318869709
financial_5,0.00044902449325432217
college_6,0.00044873027183915047
health_9,0.0004483339458177706
movie_12,0.0004481485348678664
office_17,0.0004480822632755115
election_19,0.00044796156931146974
missouri_13,0.0004476322413135519
portfolio_12,0.00044653150421008965
investment_6,0.00044611850737883064
crash_3,0.0004457777332139321
holiday_17,0.00044575126948024246
bank_7,0.0004457331838046539
conflict_15,0.0004455116653472192
growth_3,0.0004453164773502824
rights_14,0.0004448850125668693
republican_9,0.00044468102056671374
economics_14,0.00044451507148280745
global_3,0.00044433355664983635
service_5,0.0004441944316256502
ltd_13,0.00044392537639347977
minister_3,0.0004436525028727783
products_9,0.0004435383900625285
tennessee_18,0.0004434619867866049
york_9,0.0004427969962601949
tennessee_10,0.0004427572561922911
religion_4,0.00044247586442474696
cancer_14,0.00044184217367804646
war_20,0.0004417669882506215
fun_15,0.0004417155471078461
federal_10,0.00044168689235448875
college_15,0.00044110252171055683
act_10,0.0004410635188181715
happy_9,0.0004401947595604664
happy_8,0.0004395510104049705
energy_4,0.0004391780761021607
labor_5,0.0004388994482144869
cash_11,0.00043887187739521726
carolina_15,0.00043834065861294213
college_7,0.0004382699764551044
political_16,0.0004381709731374845
rich_3,0.0004381383820031148
wisconsin_11,0.0004380303025871056
william_17,0.00043762470986334986
war_8,0.0004376168079871364
legal_9,0.0004373341163258005
fed_4,0.0004371760008718563
water_2,0.00043674194336317245
georgia_19,0.0004363660331500687
home_5,0.00043629263368886697
stock_market_10,0.00043623982343304717
banking_14,0.00043559961173537595
house_19,0.00043558015074632073
war_2,0.0004349373230797912
buy_13,0.00043482621240246316
committee_15,0.0004345858052212386
health_12,0.0004345471986098001
college_8,0.00043409998032504577
politics_3,0.00043401688344303483
election_1,0.0004335126330399957
union_6,0.00043191541882241203
election_17,0.0004319149635211733
portfolio_3,0.000431679757232605
finance_17,0.0004315452783393446
arts_1,0.0004313174116416924
elections_12,0.00043128873746772886
success_10,0.00043083771525429817
health_5,0.00043077849143499685
bank_14,0.0004304916561422645
republican_12,0.0004304213467917528
cancer_17,0.00042997042362314536
william_10,0.0004298411485703932
markets_15,0.00042914350222709687
crisis_7,0.0004291128783054145
home_18,0.0004290646073277655
william_4,0.00042899914503748837
gold_9,0.0004288560671253757
profit_19,0.0004283174324860589
world_3,0.00042828622011828243
media_3,0.000428105311185019
elected_20,0.0004280708320388268
illinois_20,0.00042797897213137364
train_1,0.0004277509481177878
gold_8,0.00042764323273371453
sell_15,0.0004269154330199336
president_1,0.00042633316787737215
trader_5,0.00042614961823352667
development_2,0.0004259669747969432
democratic_17,0.00042574183426824096
stats_9,0.0004256937957147416
stocks_12,0.0004256824632941353
ohio_7,0.00042565581521585217
garden_20,0.0004255575160275417
fun_13,0.00042551506164004686
rich_9,0.00042539990801170817
restaurant_20,0.0004250756549768416
missouri_5,0.00042490083145948836
credit_20,0.00042449879722939485
global_16,0.00042443727980422043
tennessee_15,0.0004243726300058209
kentucky_20,0.00042412497758518084
investment_7,0.000424076653618532
holiday_6,0.0004230662669261647
county_9,0.0004228977830243161
travel_2,0.00042264741523748107
marriage_9,0.0004225941150399722
carolina_7,0.00042248531689611753
wisconsin_14,0.000422460031201631
world_7,0.0004223665085692533
dividend_13,0.0004223072127138706
court_20,0.00042192385266437296
holiday_18,0.00042170209563667185
products_20,0.0004216044262054031
debt_17,0.000421591061984232
marriage_2,0.0004213475332998399
oil_17,0.00042114521212075964
growth_16,0.00042104147496357404
office_11,0.00042041799232748
ltd_11,0.0004203874506450764
bonds_15,0.00041992783301017696
home_9,0.00041989260831091856
DOW_JONES_5,0.00041957784538972597
car_19,0.00041942694705152935
culture_7,0.00041925387008802357
financial_18,0.00041919659893952015
law_7,0.0004187938007359839
revenue_20,0.00041878525094381566
risk_14,0.0004187488889493577
business_3,0.0004183002522281672
economy_7,0.0004182034594453738
world_8,0.0004175930124334103
elections_1,0.0004173804078348358
war_5,0.0004173257189670907
corporation_9,0.0004172708740544282
world_19,0.0004172372101834688
bubble_14,0.00041707697892927293
debt_12,0.0004170311993030532
food_11,0.0004166656759323722
movie_8,0.00041654549407020753
crash_11,0.0004164721661714996
service_6,0.0004162395966547737
fed_3,0.00041599122678301614
services_9,0.00041596018777479815
union_4,0.0004155317591391561
energy_2,0.0004148861499357004
fed_12,0.00041474723524152036
union_11,0.00041410961449485866
york_2,0.0004133013742515248
committee_8,0.00041325056630041746
house_7,0.0004132054894778061
georgia_5,0.0004131441874484912
development_10,0.00041293657990156164
cancer_15,0.00041292956267649153
washington_1,0.00041282393347517735
blacklist_12,0.0004127504494143352
georgia_16,0.00041223799824795086
world_5,0.00041214644602352167
stock_market_3,0.00041147819389544815
texas_16,0.0004114115139177953
freedom_14,0.00041136765582879534
industry_1,0.0004113368445970108
voters_9,0.0004112995543364213
political_19,0.000410971709955406
happy_3,0.0004109500292283871
founded_9,0.00041073628491809485
color_13,0.00041065577267774135
case_11,0.00041036454432546353
york_19,0.00041036448931672665
global_13,0.0004103401345586143
ohio_15,0.00041029332256566634
opportunity_9,0.00041007596185508384
kentucky_18,0.00041005938705784123
happy_19,0.00041004895352218367
votes_3,0.00040991406361652214
committee_18,0.00040927428386540313
house_5,0.00040921349668417053
elections_15,0.00040914957104454133
political_17,0.0004090771504550152
services_18,0.0004088700384462517
credit_7,0.00040778991634322806
portfolio_17,0.0004076867362488692
president_6,0.0004074589395037957
companies_20,0.0004072398572979666
freedom_9,0.0004069413577768351
metals_11,0.0004064578421403282
case_2,0.00040615494147184036
act_19,0.0004059297594367758
conflict_6,0.0004059006217011133
risk_20,0.00040562297319712734
restaurant_2,0.00040529170377931136
marketing_12,0.0004052561711377848
party_6,0.00040501413710487117
happy_17,0.0004047557375812462
dow_jones_1,0.00040467485135898043
republican_15,0.00040463969559258796
success_5,0.000404363196858441
union_9,0.0004042775449479142
election_12,0.00040379594470865677
party_2,0.00040343975879699525
bubble_5,0.0004033429625610122
office_20,0.0004031989349915594
restaurant_10,0.00040313168139254
kentucky_4,0.0004031126074491017
politics_1,0.00040244834247418857
republican_14,0.0004023636006932084
restaurant_12,0.00040224213529538284
law_3,0.00040222061517672473
travel_11,0.0004021048324300507
economics_10,0.0004019930221746981
media_13,0.0004019814347801785
texas_12,0.00040153537760996105
world_17,0.0004014272168090792
money_11,0.00040127023885490483
seats_16,0.000401135529950338
financial_1,0.000401117531135168
credit_15,0.0004010646556190905
virginia_14,0.0004007598057649155
crash_5,0.00040055955439362127
ring_4,0.0004005014419265986
legal_14,0.00040039732690453993
market_7,0.0004002229481762773
union_18,0.00040011924774420915
buy_14,0.0004001134382552505
pennsylvania_19,0.0003996492341529715
crisis_2,0.0003994413862818773
bank_15,0.0003994304422606607
vermont_15,0.0003993064698209469
cancer_7,0.00039917640333769213
secretary_6,0.00039887487724102664
media_16,0.0003983476714203493
gain_11,0.00039829175596663933
management_19,0.00039797556735370277
energy_15,0.0003978254375215183
rights_1,0.0003976605145116834
committee_7,0.0003975345678319269
war_16,0.00039745568426608147
world_15,0.0003974064336933737
food_5,0.0003972478118748698
massachusetts_2,0.0003972450048155209
car_5,0.0003970242902788436
secretary_10,0.000397018333806018
growth_7,0.0003967824442026
secretary_3,0.0003965013406860722
financial_14,0.00039646535277124
georgia_14,0.00039638728836853884
freedom_18,0.00039615208496322654
present_8,0.000396133924199474
environment_5,0.0003961248213428892
revenue_18,0.00039601361308795423
government_15,0.0003959656612686847
finance_13,0.0003953504290760799
senate_4,0.0003951795301428691
investment_14,0.00039512139582237695
served_7,0.00039511502473934737
freedom_1,0.00039481780981714574
buy_17,0.0003946543869157076
committee_6,0.0003946462096101971
law_13,0.0003946165545699921
president_16,0.0003945312333170439
energy_5,0.00039449498293819526
buy_3,0.0003942844880646459
bubble_3,0.0003940267385981843
fine_2,0.0003937159185874892
crisis_9,0.0003932704892114399
corporation_5,0.0003932425383071425
garden_15,0.0003931123797987922
train_2,0.0003929532998532931
investment_3,0.0003929318568851388
secretary_15,0.00039250208517360887
district_14,0.0003920546326588436
car_12,0.0003920266051328516
world_1,0.0003916328449899277
elected_11,0.0003915564759178543
technology_14,0.0003914905352881925
council_5,0.00039143704581005097
society_18,0.0003910885477297866
freedom_4,0.0003909929898600466
act_20,0.00039080948877486427
security_16,0.0003907016662892219
buy_1,0.00039038602919577313
water_9,0.0003903750595458465
travel_20,0.0003902340297785271
bank_16,0.00039019656197731585
house_6,0.00039010557731946856
gold_15,0.000389723074083991
york_4,0.00038954925936631553
crash_14,0.00038892669752324337
restaurant_19,0.0003887594646220838
case_19,0.000388710872604964
secretary_12,0.0003887034059114335
party_15,0.0003886793910483855
elected_13,0.00038858758527472216
pennsylvania_6,0.00038852969237068274
returns_17,0.00038827240707255535
law_11,0.0003881558212883282
bonds_14,0.00038791789787667947
voters_14,0.00038787279825342754
housing_15,0.0003876320641380581
police_15,0.00038742381410117213
growth_20,0.00038725660368018597
ohio_17,0.000386906305343705
happy_13,0.00038685629315538537
legal_15,0.0003868178463387756
environment_2,0.00038681351246060586
college_5,0.00038614700607225553
bank_19,0.00038580698443766055
companies_3,0.0003855013460143767
growth_9,0.00038542878212970686
ceo_20,0.0003852533039916962
kentucky_12,0.0003851984744938735
DOW_JONES_2,0.0003849304755094487
global_11,0.0003849016443673029
marketing_15,0.00038484049617912405
energy_3,0.0003848239551827416
energy_6,0.00038456534361963255
health_15,0.00038453872799013836
food_19,0.000384465798447754
chance_12,0.0003844250549366752
court_12,0.00038441865324880366
minister_17,0.0003844027909880019
success_1,0.00038400650452224125
virginia_15,0.00038378331014741557
project_9,0.00038356498690810686
washington_16,0.00038342467837105567
growth_15,0.0003832112089017872
york_5,0.0003831357201476926
society_6,0.00038299637618252543
trader_11,0.00038283094653018265
president_11,0.0003827138324908788
banking_5,0.0003824932196681791
stock_market_20,0.0003824016547632455
council_6,0.0003819756508256129
credit_5,0.00038185824997078106
blacklist_16,0.0003815122152931799
federal_8,0.00038134234475627996
society_11,0.00038123406163605264
election_4,0.00038118290816458925
president_13,0.0003810216515027119
project_5,0.00038083502607322013
travel_14,0.0003807378341273085
elections_14,0.0003805212099758031
success_18,0.00038051140901697685
county_8,0.0003804818258034805
office_3,0.00038041328539038083
dow_jones_15,0.00037999238504994283
house_9,0.0003798645866552491
house_12,0.0003798073384041633
profit_5,0.00037977523125505813
carolina_16,0.00037939290429230417
vermont_20,0.000379330022185386
government_19,0.0003791096996295737
texas_3,0.0003789793960917433
development_15,0.0003789750643032553
law_18,0.00037893403058597233
federal_9,0.0003789011228870201
finance_3,0.0003787792833189703
cancer_12,0.0003786771654216289
oil_1,0.0003783766061169396
earnings_6,0.00037837343194017356
security_15,0.00037816376363929686
oil_16,0.0003780164246911328
health_11,0.0003779970775291042
carolina_11,0.00037793628964600086
financial_19,0.00037767762593439935
labor_7,0.0003776659515782246
carolina_20,0.0003776525168081774
metals_16,0.0003775765723047618
bubble_2,0.000377207269477184
security_14,0.000376902999605953
train_4,0.00037677239393983734
election_15,0.00037673998049607903
party_7,0.00037671558918412376
fed_17,0.0003766884228745957
corporation_20,0.0003766149006346208
million_5,0.0003763815224032442
kitchen_4,0.0003763344017077391
justice_2,0.00037630189575297017
technology_17,0.00037598469576724736
act_2,0.00037540678320181086
economic_13,0.00037539361506550516
portfolio_18,0.0003752877261602457
district_2,0.00037513753204412766
virginia_19,0.0003747406548168813
senate_1,0.00037460375920895015
kentucky_1,0.0003744520946948242
service_18,0.00037425129349399
office_12,0.0003738780154946065
missouri_10,0.0003738554798318112
market_16,0.0003738113537831662
metals_5,0.00037365708885533054
wisconsin_20,0.0003735996104109761
money_2,0.00037345100252037845
law_12,0.00037336752294180855
restaurant_13,0.0003731909323275477
culture_2,0.00037284894980616466
technology_9,0.0003726105252038212
sell_9,0.0003726100072426269
party_11,0.000372332101911886
freedom_10,0.00037233194398515897
rights_10,0.00037214193525042283
william_1,0.0003721407131907447
court_7,0.0003717774345966676
act_12,0.0003717699692121512
carolina_13,0.0003715552333778941
happy_15,0.000371533478966632
social_18,0.00037150949610929986
present_12,0.00037135244845152405
returns_2,0.0003709010112524016
environment_16,0.0003706068745969903
returns_3,0.0003697731668938003
gold_14,0.0003696625985565885
world_18,0.00036915381455915184
dow_jones_8,0.0003688795891013119
founded_1,0.0003688726232064917
kentucky_14,0.00036873761569906585
virginia_13,0.0003686300783429133
holiday_9,0.0003685213901489439
world_12,0.00036846721232589627
companies_16,0.00036842854225442215
earnings_1,0.0003682530245955779
dow_jones_20,0.00036824769834879664
dow_jones_10,0.00036802354640103963
economics_2,0.00036792143960611627
texas_8,0.00036767417678168035
markets_12,0.000367387645331587
DOW_JONES_1,0.0003671506056270537
voters_5,0.0003669543260345167
development_17,0.0003665569957358292
kentucky_11,0.00036648786514129864
religion_18,0.0003663223998442248
loss_3,0.0003662721771751525
stocks_17,0.0003662599064926872
credit_12,0.0003660662251297101
culture_14,0.0003659161416458168
police_2,0.00036584977984404726
washington_13,0.0003657751465814556
happy_20,0.0003655171118759568
returns_12,0.00036536169225790364
environment_4,0.00036533528942748035
missouri_14,0.00036516886337442645
house_14,0.00036509853296710286
voters_13,0.0003650752329984565
county_7,0.00036467455222843615
gain_15,0.0003646532058455704
revenue_8,0.0003646197930854571
conflict_1,0.0003645734339718822
missouri_1,0.000364517119558191
DOW_JONES_19,0.00036438781045708
union_3,0.00036414487749787065
dow_jones_19,0.0003640164278600949
kentucky_6,0.00036387407737607054
virginia_4,0.00036382476312022896
cancer_1,0.0003637759764302889
inc_6,0.0003635052173592908
social_17,0.0003634532088779247
development_7,0.0003632171679357845
dow_jones_3,0.00036314228659042766
financial_17,0.00036305346272474937
washington_9,0.0003630327569419661
travel_8,0.00036287510518979
firm_3,0.00036255048290834873
rich_11,0.0003625327218647242
inc_12,0.0003624753221282763
corporation_2,0.0003624325988131813
stocks_11,0.00036230430890001535
return_12,0.00036229009338179413
ring_13,0.00036222226351233434
economics_18,0.0003622217069937416
home_13,0.00036195297267487637
economy_9,0.0003615804272951117
movie_1,0.0003614786768132463
inflation_20,0.0003614547591580828
revenue_19,0.00036139045681292034
companies_5,0.0003613258250076334
money_8,0.00036125485496269123
president_3,0.000361201655346393
happy_18,0.0003611158608465303
nyse_1,0.00036108658732292043
movie_5,0.00036087251903002673
democratic_13,0.00036076896613828534
companies_12,0.0003607026162605812
million_3,0.0003606381591427817
growth_12,0.0003605689066048131
texas_4,0.0003603626814560946
economic_9,0.0003603209438374071
risk_11,0.000360294359503129
social_14,0.00035972878381318804
district_18,0.00035961497006280235
blacklist_5,0.0003595084019577928
business_19,0.00035938056452724143
sell_2,0.00035925339785237666
party_10,0.000359242883208601
bank_8,0.0003590783187319129
york_3,0.0003585215585979306
william_7,0.00035838553166196875
fun_5,0.00035824397393672603
republican_20,0.0003581194176456212
governor_14,0.0003580247940845719
car_16,0.0003578474164474389
financial_16,0.00035761019102825383
energy_10,0.00035741902591739663
growth_6,0.000357344682368395
government_6,0.00035729945015545577
health_1,0.0003571724635313796
stats_18,0.00035694291068654127
house_2,0.000356818753328217
profit_4,0.0003566557993214261
college_3,0.00035655679069865234
credit_19,0.00035651257460670604
kitchen_7,0.0003564899340712796
federal_16,0.00035616540321453726
restaurant_3,0.0003560267698258476
happy_16,0.0003555375376829633
case_16,0.00035537393445266664
council_8,0.0003553589968408324
services_17,0.0003552882095944943
car_13,0.0003552485971505512
economy_16,0.00035514411247976964
services_1,0.00035495539842700217
community_14,0.00035480676301530496
law_1,0.00035469281178130866
union_12,0.0003546917501069802
governor_16,0.00035465647285767317
social_6,0.0003545504727732543
market_8,0.00035446128068452947
office_7,0.00035437530567403175
home_17,0.00035435521168376534
act_13,0.0003543169344642001
returns_9,0.00035428348591453137
environment_17,0.0003540945382779873
economic_5,0.0003539845539762334
ring_15,0.00035363435495067337
metals_18,0.000353244662674593
legal_19,0.00035323197746521626
illinois_10,0.0003531903363216743
society_7,0.00035289702105926123
arts_11,0.00035287676915282874
ohio_10,0.00035274288770950255
district_17,0.00035272120992381137
arts_5,0.00035264409702187653
investment_15,0.00035261090590165333
war_7,0.00035260330504747675
gold_20,0.00035201811399104626
election_9,0.00035180450045076936
credit_9,0.0003518003329657166
ohio_4,0.00035158171913333183
founded_15,0.0003515687488311822
senate_8,0.00035148744701110553
unemployment_6,0.00035133620268703214
society_10,0.0003513268106797525
food_15,0.00035125432248977583
ltd_14,0.00035100498781864484
case_6,0.00035091762891935763
products_18,0.00035085060635472385
politics_19,0.0003507820828572516
stocks_7,0.00035071065026801484
nasdaq_7,0.00035058777363636626
health_13,0.00035027070059633
corporation_12,0.00035015300210014094
travel_1,0.00035015085008405873
food_4,0.000350081705223956
justice_1,0.00034991099417957996
fine_4,0.0003498206301970796
money_12,0.0003497647138744041
court_5,0.000349750684297825
world_10,0.0003495919953061364
massachusetts_19,0.0003495581613808545
bubble_8,0.00034947763012474687
water_4,0.00034947061912942573
home_20,0.0003494597403605957
politics_11,0.0003491511994581649
union_2,0.00034889375754446213
stock_market_18,0.00034889323575750447
food_20,0.00034834918687051165
housing_12,0.0003480976430390564
elections_7,0.00034806603174729485
stock_market_14,0.00034796626895470395
ring_11,0.0003479578192986094
garden_19,0.00034780739676300515
district_1,0.00034767474810768297
global_4,0.00034756785619389883
markets_7,0.0003475284654670765
house_3,0.00034741560157240735
holiday_16,0.00034710839973807776
ohio_11,0.0003470233244895656
council_11,0.00034701177640995785
york_16,0.000346955729555438
police_3,0.00034687387292225784
conflict_10,0.0003468391786051109
dow_jones_2,0.00034667200140336404
world_13,0.00034662371321601517
votes_15,0.00034656583753234644
water_3,0.00034647398135285263
present_10,0.00034628022365664407
court_18,0.000346160078940491
water_1,0.0003460512629431004
returns_4,0.000345826065519967
court_6,0.0003458238016573105
ring_2,0.00034580342717902696
management_18,0.0003457190466253997
election_5,0.0003455060020102062
housing_20,0.00034543403638430474
union_19,0.00034513041518664935
republican_17,0.0003450830608325334
food_12,0.00034484689626893813
marriage_18,0.00034468080093027657
security_3,0.0003446613484584552
revenue_13,0.00034465110358512227
crash_2,0.00034443399445467415
growth_8,0.0003442605128166067
conflict_7,0.00034415286918559483
energy_18,0.00034386329840879287
war_18,0.0003435042328812166
global_18,0.00034331258294026574
war_14,0.0003431828367065003
ohio_18,0.00034314768525163807
money_9,0.00034307643002864696
labor_16,0.0003428862624880189
college_1,0.00034288526874654815
ohio_2,0.00034277960840595255
religion_11,0.0003426625609142605
earnings_13,0.00034213931494260133
votes_11,0.00034188310493476294
crisis_13,0.00034181847901432964
corporation_11,0.0003417089627111825
million_20,0.00034137976565052654
stock_market_9,0.0003411896323790868
tennessee_12,0.00034114262228356816
economics_3,0.00034110810477978664
election_2,0.0003410259385726212
service_19,0.000340980627668154
trader_9,0.00034090184969983416
management_4,0.0003408925028865944
global_5,0.0003408056836642122
technology_18,0.0003406868623728101
georgia_1,0.00034045406350650617
management_10,0.00034038633994838615
nasdaq_19,0.0003403285305021324
representatives_20,0.00034018948308850585
nyse_15,0.0003400283523635784
party_12,0.00034000777737966463
corporation_13,0.00033979944660884767
tennessee_16,0.00033972937662392604
republican_4,0.00033959941135471163
dow_jones_11,0.00033939204997841756
security_6,0.0003393636783827034
stock_market_7,0.0003386349035862638
culture_19,0.00033850735418606914
federal_20,0.0003384292783366029
movie_17,0.000338288728450569
money_19,0.0003382324381387661
services_8,0.0003382312226470805
return_3,0.0003381499366366768
ring_5,0.00033774468039497784
founded_12,0.0003375776826619774
elections_20,0.0003374933213628442
tennessee_20,0.00033734689768025503
opportunity_2,0.0003370977437122141
home_1,0.00033704510983477757
travel_10,0.0003369972691917294
governor_8,0.00033691058588558923
william_5,0.00033690301775367613
crash_20,0.000336806397394224
vermont_19,0.0003366326763080439
movement_18,0.00033662228084540484
massachusetts_3,0.0003365608798115612
nyse_18,0.0003364146123245986
pennsylvania_20,0.00033629006265259296
carolina_10,0.00033623242917825403
court_11,0.00033618299867558984
political_13,0.0003359988674534686
marketing_18,0.0003359150944574326
firm_19,0.00033587991329352596
elected_4,0.0003356130600007923
york_18,0.00033553766851258937
return_15,0.0003354058037522734
ohio_8,0.0003353734192566469
hedge_7,0.00033532122223885847
home_2,0.00033531760948788043
missouri_12,0.00033531262365699415
opportunity_7,0.0003350001812101065
project_12,0.00033490854242076366
carolina_8,0.00033482015616794294
massachusetts_4,0.00033470980857865985
home_19,0.0003344682713200371
missouri_15,0.0003344529514008497
buy_18,0.00033427361477817314
rich_12,0.00033417852974098006
members_3,0.00033408014049276233
marriage_1,0.00033385264809523084
inc_9,0.00033382053381002236
william_2,0.00033351795420348004
global_12,0.00033350300896221825
community_6,0.00033326634402902784
community_13,0.00033325658459990395
fine_7,0.0003332278213005099
judge_17,0.0003332078244394373
stats_5,0.00033282187326433494
return_9,0.00033244457610672585
bank_13,0.0003318024134179544
million_18,0.0003315674981997428
college_11,0.0003314486819584146
color_2,0.0003314035340096502
fun_17,0.0003311731918062542
economics_4,0.0003309958899685544
judge_13,0.0003309467639644286
governor_4,0.000330901255398897
stats_2,0.0003308845482929654
water_18,0.00033079326457968435
stock_market_11,0.0003305852352435422
virginia_17,0.00033037335297933463
technology_12,0.0003301688911891564
virginia_10,0.00033005810251529984
DOW_JONES_6,0.00033005725497418004
metals_8,0.00032996901504328655
representatives_11,0.0003299030510371024
district_8,0.00032967186367588674
political_4,0.00032953068547297517
rich_1,0.0003295244767549413
wisconsin_13,0.00032950256176474065
revenue_5,0.0003294567172120264
garden_7,0.0003292025800599269
council_4,0.0003289441652644285
judge_14,0.0003289349352248071
act_18,0.0003285583237880016
police_1,0.00032849971217765767
finance_7,0.0003282800021304579
york_14,0.00032825972000119627
oil_11,0.00032820332968853597
senate_6,0.0003279745452838942
money_15,0.0003279070285656227
return_17,0.00032780453315939837
district_7,0.00032754712403819386
illinois_4,0.00032737131002298696
gain_9,0.0003271177244717676
crash_9,0.0003270241984000321
georgia_3,0.00032698487686869744
restaurant_14,0.00032683463835318766
stock_market_15,0.00032680791855435067
war_10,0.0003267628504709005
media_9,0.00032656734269686784
business_18,0.00032646026012718215
crisis_14,0.0003264206345961788
president_7,0.0003263756874546772
DOW_JONES_16,0.0003261582788212328
garden_12,0.00032590769166132284
present_5,0.00032574788697806563
stock_market_13,0.0003256394142784983
committee_12,0.0003256034365848996
politics_20,0.0003255674619279166
movement_2,0.00032519726561207205
economic_3,0.00032498038921125935
secretary_13,0.0003249679632620245
million_10,0.00032461068582317947
corporation_10,0.0003245746990563564
fun_20,0.00032452997937847187
law_16,0.00032445565253126337
housing_13,0.0003243533885667031
security_1,0.00032420091524730353
buy_12,0.00032417772186818365
stock_market_8,0.00032416723497000096
crisis_5,0.00032391738887679015
rich_14,0.0003237943851893813
house_16,0.00032365830448244744
police_13,0.0003234552705201677
firm_8,0.0003234280378206645
opportunity_5,0.0003230432180340989
dividend_8,0.0003226561110397109
illinois_5,0.00032258255955460526
management_5,0.00032219752512993783
bank_18,0.00032214809001994063
union_20,0.00032206711214009614
gold_11,0.00032206371251918713
garden_5,0.00032169314463899475
products_4,0.00032126421289507703
world_2,0.0003211369327285008
revenue_3,0.0003209910144157755
loss_16,0.0003206511144289912
health_14,0.00032055966855752953
service_3,0.00032055305940818237
car_15,0.00032047875151176435
case_10,0.0003204208897917786
cancer_16,0.000320300899106944
marriage_16,0.00032029867154151006
global_7,0.00032020242864449713
services_15,0.000320081424294112
money_20,0.00031996342597249663
market_18,0.00031988642166528376
war_17,0.0003198691939132231
members_13,0.00031982374800127453
restaurant_17,0.00031962299126779564
law_5,0.00031954188588054135
stocks_10,0.00031935821857134695
opportunity_16,0.00031929994421685286
gains_8,0.0003191863853709434
portfolio_7,0.0003186590587067369
stocks_8,0.0003184383282938439
members_5,0.00031831305135478563
color_9,0.0003182466847220835
global_14,0.0003181972743151357
washington_17,0.00031817852935503253
stocks_14,0.0003181708041173511
pennsylvania_14,0.00031802446071654107
legal_17,0.00031764122798374534
community_20,0.00031761586543507575
federal_5,0.0003176052601192083
million_12,0.00031750329092638933
virginia_20,0.00031740752555274414
massachusetts_6,0.0003173854739747045
labor_3,0.00031718141836121263
elections_18,0.00031713171687566935
court_17,0.00031705707259214446
markets_1,0.00031703042337874666
movement_4,0.00031665021602611293
loss_4,0.00031659772731598734
war_1,0.0003163051513184293
legal_11,0.00031622685298122365
restaurant_9,0.0003160473251072345
washington_20,0.00031604407076244264
election_3,0.00031577468845746227
committee_2,0.00031573189467582337
washington_14,0.00031570912903697583
credit_10,0.00031563785294098554
risk_13,0.00031555313692600384
york_15,0.00031553905202179886
union_1,0.0003153539824516906
community_10,0.0003152587957778948
council_12,0.00031525699536455833
health_17,0.0003151065996570713
social_5,0.00031508038330735344
district_4,0.00031491106210282497
federal_6,0.0003148815915259641
texas_15,0.00031486798218349586
illinois_6,0.00031480661160665095
car_8,0.000314765775534992
business_20,0.0003145564325739087
democratic_9,0.0003144219773117393
oil_5,0.0003143673548476322
color_20,0.00031419895273992045
college_9,0.00031407181598054905
management_7,0.00031404127898968453
technology_3,0.00031400614028592673
development_1,0.00031376476478301536
market_3,0.00031375832931750455
secretary_5,0.0003136115212110955
president_9,0.0003135762016898813
president_8,0.00031340508490338407
ring_18,0.00031321268503131704
restaurant_18,0.00031316412699690583
massachusetts_15,0.0003131499914770402
kentucky_8,0.0003128419582029766
law_15,0.00031283335791373483
freedom_5,0.0003125637385700049
war_15,0.000312522029981414
missouri_19,0.00031248432545388744
home_16,0.000312279926343212
stock_market_1,0.00031224778127134464
garden_9,0.00031220031139625253
oil_9,0.0003119910096115536
health_20,0.0003116422667874761
DOW_JONES_3,0.00031109853204260474
products_19,0.0003110291875498513
governor_12,0.000310844302177996
carolina_4,0.0003107355360162879
sell_3,0.00031064020529027566
oil_8,0.00031058143619790954
kitchen_1,0.0003105328427605702
investment_18,0.00031050177373537213
kitchen_19,0.00031049626906813773
governor_11,0.00031038983404335136
media_4,0.0003100163040858698
products_17,0.0003099801758805282
water_13,0.0003097746162731905
senate_10,0.0003096493225375735
justice_17,0.0003096191002460393
train_12,0.0003095011351492764
media_17,0.00030886133644260783
act_8,0.0003088590292190392
illinois_9,0.00030870156805224086
business_5,0.0003085925694403793
management_17,0.00030841530235309626
earnings_9,0.0003084117896772196
cancer_10,0.0003083395649804562
cancer_11,0.00030826996272733114
culture_16,0.0003080829002225722
council_3,0.00030800643416763836
nyse_11,0.00030791262959117463
loss_9,0.00030790473207335995
social_12,0.00030789840117542185
law_8,0.00030784928815287473
dow_jones_18,0.0003078025299797448
return_16,0.00030773151309032587
georgia_20,0.00030769381694411934
profit_12,0.0003076002768046636
finance_16,0.00030753223022862014
massachusetts_17,0.00030747985590971034
market_19,0.0003074677016182968
federal_2,0.00030730085504486194
banking_11,0.00030728297338130793
office_14,0.00030727581521463086
republican_7,0.0003072583911221317
chance_4,0.00030716945274218796
financial_8,0.00030716114045370484
blacklist_4,0.00030687351917441807
college_18,0.00030683085571742765
government_16,0.00030654723108514744
ohio_20,0.00030624633528726733
georgia_15,0.00030604294255438764
stock_market_16,0.0003057687556739852
stats_11,0.00030561938881160203
justice_6,0.00030555899006328645
elections_16,0.0003055504062051753
financial_10,0.00030495786144849675
federal_3,0.00030491980490789724
loss_20,0.00030486817365255547
vermont_9,0.0003047621702824039
office_19,0.0003044740419407229
pennsylvania_8,0.0003043694358704088
senate_20,0.0003043408876371643
health_3,0.0003042817463030445
success_13,0.0003042246812388828
car_20,0.00030416751438923064
elections_5,0.0003041497023839887
rich_17,0.00030395875209541834
stock_market_17,0.00030391971392506136
food_10,0.00030375651122954136
health_4,0.00030371962569036376
unemployment_19,0.00030362995274487635
profit_9,0.00030338955912417685
home_11,0.0003032927454563389
kitchen_11,0.00030290059932912283
rich_16,0.0003028620323990773
garden_4,0.00030282727779474704
rich_2,0.0003027628459286551
economics_15,0.0003027512511850707
color_19,0.0003025106506165785
marketing_7,0.00030237081429327847
happy_11,0.0003023706678839369
management_11,0.0003023548976459627
war_19,0.00030234219676288294
fun_12,0.00030232003361988614
freedom_19,0.0003023090284877012
community_12,0.00030227437208457414
million_15,0.00030222410801531633
credit_13,0.0003019769568561676
earnings_17,0.00030189815875066164
union_10,0.00030180251603738784
services_12,0.0003017835518515248
economics_1,0.00030165020146038205
housing_10,0.00030153842042931345
financial_12,0.0003015262556438185
ohio_14,0.00030128491531888354
texas_19,0.000301226991206389
union_7,0.0003012193788838817
office_1,0.00030118189409481124
marketing_5,0.000301024689891081
ohio_12,0.0003010059392674592
marketing_4,0.0003009283320651517
train_5,0.0003008951274142345
development_9,0.0003007163766233303
tennessee_14,0.0003003624691436776
party_1,0.0003002668061394609
gain_20,0.00030018034196494333
ohio_13,0.00029975332289855977
million_14,0.0002997479190083234
democratic_16,0.00029952732638240787
health_18,0.00029921875946849045
economy_12,0.00029915280413439423
cash_14,0.00029914036008163263
service_7,0.00029886854748370625
stocks_6,0.00029874770432905735
marriage_14,0.0002986373613024408
cash_12,0.0002985652993036285
ohio_19,0.0002983621949785601
profit_16,0.00029820401449745737
police_19,0.0002979010498768003
social_2,0.00029785961435207565
stock_market_2,0.0002976130942445394
return_1,0.00029758685672059103
law_20,0.0002974773872832844
business_15,0.0002974500126660392
security_5,0.00029733966196563805
seats_3,0.00029730578676893303
revenue_17,0.0002971466264701585
project_7,0.00029695246517991836
social_11,0.00029661078997003724
government_2,0.0002965757703086887
ohio_16,0.0002964991664766806
train_13,0.00029637795864669296
politics_16,0.00029630095286276985
fun_10,0.0002962755743436547
global_2,0.0002962144860311187
district_13,0.00029620629242695486
products_3,0.0002961252920458252
government_3,0.000296017885059362
health_8,0.00029596047399505865
buy_11,0.00029589565779235185
banking_9,0.00029587296057160585
chance_11,0.0002957088746996439
minister_16,0.00029554761376888013
college_17,0.00029548001637354617
government_12,0.00029540654921824067
present_1,0.00029515929042040113
home_4,0.0002949865148653267
sell_12,0.0002948486963385867
garden_3,0.00029457232449830095
corporation_6,0.00029437254024951726
economics_13,0.00029415756965998213
stats_19,0.00029410729472995284
wisconsin_3,0.0002940260782556956
inc_8,0.00029380943185063887
county_10,0.0002936789649996325
ring_14,0.00029365434373690484
restaurant_5,0.00029361531027125097
house_13,0.00029354471562261165
justice_18,0.0002935384628652391
government_14,0.00029346343573507697
fine_3,0.00029344795369837777
dow_jones_17,0.00029335544190514765
trader_1,0.00029323815422903186
ring_10,0.00029318662756671764
chance_17,0.0002931771763712008
war_11,0.0002931064111940523
stats_4,0.0002929266929607547
project_15,0.0002927375350541563
stats_1,0.0002925638409680142
bubble_9,0.000292418839329923
missouri_6,0.00029232060042717466
media_19,0.00029174924075114553
republican_19,0.00029172250316453587
georgia_8,0.00029167649828003197
service_16,0.00029156786705086444
sell_1,0.00029152589370584224
act_5,0.00029151423530783907
election_7,0.0002914816183055237
kentucky_9,0.00029146764297660686
ceo_1,0.00029139383337910637
court_2,0.00029120809094156265
economy_11,0.00029097460827667886
elections_6,0.000290803112215745
financial_11,0.00029079887673243713
firm_18,0.0002907650260799848
security_12,0.0002904271399353185
earnings_10,0.0002902112278606326
growth_18,0.0002900101068084293
social_3,0.0002899696809495707
products_10,0.0002899533633031813
oil_10,0.00028977016288284237
religion_1,0.0002896629687140424
ohio_6,0.00028961231272115937
million_7,0.00028954530507008567
kitchen_20,0.00028951896223535287
fun_2,0.00028937343896553015
portfolio_1,0.00028935628861137536
arts_8,0.00028932435793026294
kitchen_13,0.00028918535701601985
car_10,0.00028911802873135496
services_19,0.0002890861880749869
housing_16,0.00028907326546673783
county_18,0.0002889868290971936
travel_7,0.00028893632593643463
housing_14,0.00028890596084562946
environment_7,0.00028874819892290595
business_2,0.00028858121065416766
social_19,0.0002885664569301316
political_7,0.00028802811809800063
services_5,0.0002879636191860746
federal_4,0.00028758279063800595
fun_6,0.00028757701247720044
act_14,0.00028731854486292117
politics_13,0.0002870399409516966
energy_9,0.000287018269668833
president_2,0.00028683415890342864
home_15,0.00028661820522858287
movie_13,0.00028657792292400647
legal_2,0.00028640551564238376
chance_7,0.00028640279382919183
service_20,0.00028631224953834685
chance_15,0.00028616553326927727
marriage_12,0.00028608215383933814
success_12,0.00028599218856917167
cancer_19,0.0002859060460717595
cancer_9,0.0002858694234998448
fun_3,0.00028577957662034094
money_4,0.00028573418808137713
federal_15,0.0002857114814978585
firm_2,0.00028564327953995003
loss_17,0.0002855978182568454
union_14,0.0002852138100618353
investment_16,0.0002851696031964845
representatives_1,0.00028509173266432966
crash_15,0.00028501894928265823
york_1,0.00028499380030091927
york_11,0.00028494380318592273
college_16,0.000284911430699462
car_2,0.0002846948395726117
justice_4,0.00028457867607706316
wisconsin_17,0.0002845411550920402
house_15,0.00028449365973055613
act_16,0.00028448893499326316
hedge_5,0.00028422665342852575
markets_18,0.00028396884280533377
political_15,0.00028394955780723847
political_5,0.00028387518620458485
kentucky_5,0.00028387484263696355
technology_4,0.00028374701659510517
unemployment_4,0.0002835893219342539
federal_19,0.00028354067269507346
marriage_5,0.00028344734073097613
management_14,0.0002833514210579593
political_9,0.0002832804697215603
marketing_16,0.00028310701288029487
technology_16,0.0002828978992535607
arts_17,0.0002828370264072108
oil_20,0.00028280903754469437
environment_8,0.0002826963062290929
credit_1,0.00028265432826678563
nasdaq_8,0.0002825923831937205
services_20,0.00028252188287400837
water_12,0.0002821547882059453
office_18,0.00028209521332080666
government_8,0.0002819086277402775
marriage_17,0.0002818305520218021
unemployment_10,0.0002817557724787649
water_19,0.0002817196731541603
seats_13,0.0002813682233413136
ceo_11,0.000281316892514379
freedom_7,0.0002810642110416787
return_18,0.00028075926484072314
republican_2,0.0002805237921580782
house_8,0.0002804857048295382
food_18,0.00028042111082167144
DOW_JONES_8,0.0002804100264955042
senate_19,0.00028033017972176673
returns_20,0.00028025632654676694
development_3,0.00028013048694675594
court_9,0.00028006671277034436
market_12,0.00028006269511610533
movement_9,0.00028002924679723656
bonds_4,0.00028002097449428075
security_19,0.00027998457990911427
wisconsin_6,0.00027993806016430824
travel_19,0.0002795420074793716
cash_15,0.00027938341248702204
stats_14,0.00027931688203237774
bank_3,0.00027931514632017096
law_19,0.00027931113564195673
ceo_12,0.00027929172359234867
labor_2,0.0002792487900972585
president_12,0.00027906335471978465
loss_12,0.00027904196906277127
revenue_10,0.00027882617782268483
banking_8,0.0002788113094313364
senate_12,0.00027879770669302816
politics_14,0.00027876476890133353
culture_10,0.00027868813683795256
judge_5,0.00027853113367979325
tennessee_5,0.0002784787279318851
freedom_15,0.0002782688123415819
york_10,0.0002782670227752045
president_19,0.00027813293707604426
car_7,0.0002780645673727946
illinois_1,0.00027766180671703444
culture_18,0.00027765026428085295
media_14,0.0002775487728568127
business_7,0.0002775407981975415
politics_9,0.0002774122026867052
act_1,0.0002773668849264145
water_7,0.0002773467220731145
investment_5,0.0002773264944174082
business_1,0.00027728521269855067
buy_20,0.0002772828920462748
train_6,0.00027719276294190247
technology_1,0.00027708006535109094
services_6,0.0002770399651379738
service_9,0.0002770215974688914
bonds_17,0.00027701521684422615
committee_10,0.0002769048454485273
virginia_8,0.00027677548255570643
washington_11,0.0002766796879105638
buy_8,0.0002765101765951023
rich_10,0.00027647673348498336
party_13,0.00027637740989932413
washington_8,0.00027615085381116344
federal_1,0.0002761036370061759
companies_6,0.000276055001764251
house_17,0.00027603999587880613
million_17,0.0002753794029912687
holiday_20,0.00027537339896376153
washington_18,0.0002753536407620743
energy_19,0.00027529856602771026
food_9,0.0002751036652238536
georgia_12,0.00027493976934294046
loss_18,0.00027482382573427815
industry_6,0.0002747788367682002
missouri_8,0.0002746091929952329
holiday_14,0.00027449132082157544
freedom_17,0.0002742100467681396
ltd_9,0.00027415794244369294
restaurant_16,0.0002741164392689812
legal_7,0.00027407114560655153
economics_9,0.00027405785043948546
train_20,0.00027392097614845984
ring_9,0.0002738277471255503
garden_17,0.00027366936901342744
seats_15,0.00027365839166368475
revenue_15,0.0002735788939226665
unemployment_17,0.00027354290263913736
district_6,0.0002734206884498948
community_11,0.0002733474652253392
wisconsin_2,0.00027323511130254827
garden_8,0.0002732232587198742
political_10,0.0002730466411861758
markets_16,0.0002730054956305088
fun_8,0.00027288877975284475
minister_20,0.00027275458224109176
illinois_13,0.000272700231255509
massachusetts_14,0.00027252849197887
market_5,0.0002723729485026067
loss_5,0.00027235250639825434
corporation_7,0.0002722943582446802
act_3,0.0002718189525790026
office_13,0.00027155833955370544
religion_2,0.0002715045510728781
president_20,0.0002713753773702079
committee_11,0.00027135512005053145
act_17,0.0002713381060431553
virginia_11,0.00027123500178339807
house_11,0.0002711155468843772
color_12,0.00027096113207318963
profit_17,0.0002709031856496203
trader_10,0.00027049136237651723
case_15,0.00027039905957614447
kentucky_17,0.0002703503251532764
health_7,0.00027028620277641443
security_11,0.0002702268267627554
development_16,0.0002701202742034881
members_15,0.00026999459037724266
texas_13,0.00026995354586893726
fine_14,0.00026992628995304137
wisconsin_1,0.0002697846647207248
virginia_2,0.0002692932420208629
energy_17,0.00026923395959080733
case_7,0.0002691810941120564
dow_jones_7,0.00026907163168894216
political_8,0.00026901340482330516
buy_4,0.0002688578022506419
chance_13,0.0002687776518718116
money_13,0.0002685818923840173
court_13,0.00026850284892679285
missouri_16,0.000268427870498904
global_1,0.0002682600482464467
ltd_18,0.00026804426043405626
world_11,0.000267748164325882
color_3,0.0002674611674231257
sell_14,0.0002674322800074994
return_13,0.00026727198890725824
technology_8,0.00026707571679868207
train_18,0.0002670286651686338
conflict_8,0.00026691384156650477
rights_15,0.00026689340473963675
economic_14,0.00026687117011298144
inc_18,0.00026686151471332444
cash_4,0.0002667533116590372
media_6,0.00026674272142768174
georgia_13,0.00026666727894565363
fed_20,0.0002666121284862073
house_20,0.0002661113454326729
present_18,0.0002660868680753771
virginia_16,0.0002660740554598659
conflict_14,0.000265566146512828
democratic_7,0.0002654954596192673
secretary_11,0.0002652918258398065
police_8,0.00026518920939686604
conflict_11,0.0002645755916576304
case_3,0.0002644719357222347
train_16,0.0002644658007592094
senate_5,0.0002644224640729105
ohio_3,0.0002643967683967642
georgia_2,0.0002643674405787355
gains_3,0.0002641148275197433
case_17,0.00026406262149084313
rights_5,0.00026403167376397996
missouri_9,0.00026400861817791514
inc_15,0.0002639652584407391
unemployment_5,0.0002634287906342162
justice_11,0.0002632694718742402
development_20,0.00026293786914470763
water_10,0.00026269556734396946
members_14,0.0002625969556632915
unemployment_16,0.00026255306890737807
bonds_8,0.0002624559580677981
business_16,0.00026237783322030574
community_7,0.0002623570672112817
buy_5,0.00026231462095106946
markets_19,0.00026223727747936903
garden_1,0.00026213171502873053
energy_8,0.0002620908139331616
society_8,0.00026187056802949094
chance_16,0.00026176630671258396
management_9,0.0002617171680009374
act_7,0.0002616506434820628
rights_8,0.00026161601047429444
blacklist_17,0.0002612645804774972
senate_7,0.0002612052897907973
returns_16,0.0002611660178723168
political_12,0.0002611427092926437
kentucky_3,0.00026106993430633586
politics_12,0.00026093636643913454
environment_9,0.00026087834942505994
travel_17,0.0002608123035756149
ltd_16,0.0002608045251067833
committee_16,0.00026055941067042507
culture_8,0.00026036023567381137
war_6,0.0002601662752084397
inc_11,0.0002600201382028433
minister_14,0.0002598785785811762
committee_4,0.0002598785648629482
corporation_16,0.0002596754445002272
minister_11,0.00025957038575914656
business_11,0.00025948797775702517
culture_17,0.00025936916722191537
court_3,0.00025931937772050054
media_8,0.00025918933570765645
community_16,0.0002591840503860051
economics_6,0.0002590848004656565
movement_19,0.00025904931282704624
success_16,0.0002587190161993999
william_9,0.0002586784677761793
risk_2,0.00025864506109433364
culture_6,0.0002584827542725987
william_8,0.00025840392812147164
democratic_2,0.0002583555230105879
secretary_1,0.00025823444592358303
train_7,0.0002582070717202687
growth_10,0.0002581143230148706
massachusetts_16,0.00025764714722182545
corporation_4,0.00025760259480683416
financial_9,0.00025756756011759493
train_9,0.0002575340690472861
gains_2,0.0002572997643926561
votes_9,0.0002571910888362477
law_10,0.0002570341791404977
judge_19,0.0002568792301437949
culture_5,0.00025675867000415805
labor_18,0.00025642627425825004
election_16,0.0002563628497965602
train_8,0.0002563492167302872
police_9,0.0002562449979076008
governor_1,0.00025605361742701567
happy_4,0.00025598388913358977
government_18,0.00025586799811994657
train_11,0.0002557470751445296
labor_12,0.00025571349705604825
media_1,0.0002555775145562678
credit_4,0.000255133127625603
media_20,0.0002551152582940857
founded_10,0.0002550382786155259
services_2,0.00025503712465916814
project_8,0.0002546384848281904
federal_12,0.0002545941862660102
media_15,0.00025452043928537164
freedom_12,0.00025433808549373406
gold_5,0.0002542774787897815
police_4,0.00025427350210373214
william_20,0.0002541413266293332
bubble_6,0.00025407095699851907
success_9,0.00025386767762812653
technology_11,0.0002536652204453291
county_5,0.0002535459794392539
government_20,0.00025352063412403987
conflict_12,0.0002534713286213822
ltd_2,0.00025344162319416774
cancer_6,0.0002532612383726225
cancer_18,0.0002532112986777522
court_14,0.0002532016595724612
loss_6,0.0002531732697272773
massachusetts_9,0.00025307923705289405
chance_6,0.0002530038937864057
president_10,0.000252964561773584
sell_10,0.00025295339891155964
financial_15,0.00025268544777304753
conflict_17,0.00025264109710629475
wisconsin_9,0.0002525718582196524
community_17,0.00025234898568800735
credit_8,0.00025213095406479916
DOW_JONES_15,0.0002520220616005152
housing_8,0.0002519169792367882
housing_7,0.0002517878224224775
companies_15,0.0002517624074523352
cash_8,0.00025173762247071883
legal_3,0.00025163806152168444
profit_1,0.0002515824627775522
culture_20,0.00025151573181113074
garden_11,0.0002514301342781695
legal_20,0.0002513857483122948
political_2,0.00025126993448868336
sell_18,0.0002512259572033038
senate_17,0.0002511983950965172
holiday_4,0.0002511280461929446
community_18,0.00025096229420746565
elections_11,0.00025087931804187996
wisconsin_8,0.00025082956483992754
housing_4,0.0002506325835699745
ohio_5,0.0002505310376029139
fun_7,0.00025051901950331784
inc_10,0.00025045490845394347
movement_13,0.000250333168194604
color_14,0.00025026635553248205
fed_10,0.00025007663156069416
representatives_7,0.00025003797304200704
minister_5,0.00024999692820195534
project_6,0.0002496319144799868
car_9,0.00024951237037956406
nasdaq_14,0.000249508939616596
energy_14,0.00024945229545834447
democratic_1,0.00024943239665733546
law_2,0.0002488768280235829
case_20,0.00024868640759988
office_5,0.0002485843373983918
kitchen_8,0.00024851436639641736
act_11,0.00024817534304286517
york_8,0.00024809907701525447
inc_19,0.0002480049094055349
holiday_5,0.0002476102359964947
pennsylvania_11,0.0002474059891269632
oil_3,0.0002471942212347993
sell_13,0.00024710973080670727
texas_17,0.00024706224940545656
judge_18,0.00024700285935310085
loss_15,0.0002468881942179881
crisis_10,0.0002467240306702038
case_4,0.0002465494796506081
inc_14,0.0002463507515232322
secretary_18,0.00024634539875734266
elections_19,0.00024630457268886495
return_4,0.0002460490801468627
party_14,0.0002458835471093307
housing_9,0.000245721089140783
college_20,0.00024550705010344223
rights_12,0.00024537043005715044
governor_19,0.00024532970325897
finance_2,0.0002453161448028379
fed_18,0.0002452752036709512
arts_4,0.00024516035132742117
illinois_18,0.00024513977043703357
finance_4,0.0002448500147692878
gain_2,0.0002448423673458131
political_18,0.0002447724962295244
technology_5,0.0002447191129584727
founded_4,0.00024466571054706187
products_14,0.0002443194767891262
nasdaq_13,0.0002442764097923804
bank_10,0.00024393695926274282
revenue_12,0.00024392547699725
war_4,0.00024388098040723007
founded_5,0.000243654024269352
markets_14,0.000243455025022477
members_1,0.00024307282482110708
food_13,0.00024305417020879525
services_13,0.0002428946783687401
world_14,0.00024284090414670962
carolina_17,0.00024272375954823418
metals_4,0.00024260248674641758
environment_14,0.00024240757030498584
project_13,0.00024239272577896733
energy_11,0.0002423057759160121
court_8,0.00024222797329136888
law_4,0.00024220726888030477
fine_20,0.000242089440602819
energy_12,0.00024207634078123998
votes_10,0.00024205596295549727
fun_4,0.0002418493971989413
banking_3,0.00024165308429458657
political_11,0.00024150591035319784
cash_13,0.0002415008046725333
carolina_18,0.00024149462651424364
judge_6,0.00024125262651200093
million_13,0.0002412188642440771
dow_jones_12,0.00024092497780511102
government_13,0.00024091407713484127
banking_16,0.00024084976624316612
business_14,0.0002408300174062171
stock_market_4,0.0002406392710149291
stocks_1,0.00024055341748197446
products_16,0.00024050380349000235
court_10,0.00024039864228807457
food_7,0.0002403608680187396
opportunity_8,0.00024032104343601972
oil_12,0.0002401195122167708
society_15,0.00024003823570172144
conflict_9,0.00023995075980946
carolina_9,0.0002399435909125501
massachusetts_8,0.00023989136558851142
growth_13,0.00023958083874108218
texas_20,0.00023944284205879062
color_11,0.0002394101718008649
movie_11,0.0002392233630698173
rights_13,0.00023922089658489468
home_10,0.00023911668235497617
portfolio_20,0.00023906365271383326
development_5,0.00023890169287363663
marriage_4,0.00023880462536538219
inc_2,0.0002387400984322544
finance_12,0.00023866663426838633
judge_7,0.0002385400392280127
nasdaq_15,0.00023843748763033442
health_10,0.00023816624208778804
massachusetts_18,0.00023801593657009936
fine_15,0.00023789419652650942
texas_6,0.00023784470575874894
kentucky_15,0.0002377913171733812
politics_2,0.0002376187019103059
georgia_4,0.0002374013974383203
illinois_12,0.0002371573096596981
justice_3,0.00023686257633464948
loss_19,0.0002367973753279896
district_19,0.00023673741823270568
illinois_7,0.00023667101476180434
virginia_5,0.00023646088837171343
labor_13,0.00023646013923655053
kitchen_3,0.00023644049740557642
financial_20,0.00023609223508083712
opportunity_11,0.0002358450497456143
color_10,0.0002354551360842908
cash_5,0.00023539358376550049
garden_10,0.00023526711103688267
legal_6,0.0002352519683102402
train_10,0.00023523892170516242
district_15,0.00023522381949971855
credit_16,0.0002352187777949355
gold_7,0.00023517400851254312
party_18,0.0002350926969138741
seats_1,0.00023498760006473413
cancer_3,0.00023496676408947203
metals_20,0.00023493279753143576
economic_19,0.00023488224959408575
york_13,0.00023472225946503085
crash_13,0.0002346673632721788
crisis_8,0.0002346407392280625
blacklist_14,0.000234613697030873
crash_16,0.0002345667920869878
economy_19,0.00023453479585118799
fine_19,0.0002345186167248665
markets_10,0.0002344216369977977
missouri_2,0.00023431729691824008
portfolio_16,0.00023427859937963185
revenue_16,0.00023414270718070645
culture_4,0.0002341085511880437
color_17,0.00023400317821533956
society_14,0.00023371570688126406
inc_17,0.00023357809613267486
color_15,0.0002335730742953313
dow_jones_13,0.00023352582839348106
law_17,0.00023338338886327696
global_17,0.0002333230346459338
council_2,0.00023326766379077606
freedom_11,0.00023312323858399022
opportunity_4,0.00023307780123347404
tennessee_9,0.00023305418423295903
unemployment_12,0.00023263613368272763
bubble_4,0.00023262575784619918
travel_13,0.00023261666477737247
missouri_4,0.00023257901781346645
president_17,0.00023255430440607256
revenue_4,0.00023241031460531988
security_10,0.00023240474723978637
conflict_13,0.00023237094868607306
financial_7,0.0002322073679252067
missouri_20,0.0002320912419540993
restaurant_1,0.00023208656513522724
wisconsin_4,0.00023203299339343881
environment_12,0.0002319741569560839
companies_1,0.00023173565854689893
office_4,0.00023173149047534122
crisis_3,0.00023172072344274658
federal_13,0.0002315692402643364
william_13,0.00023150073899857516
markets_11,0.00023147416300073594
georgia_7,0.00023140512047960943
gains_20,0.00023133576588200375
council_1,0.00023124963491075507
debt_16,0.0002312282351193025
oil_4,0.00023093873616774864
inc_5,0.00023087574073262705
food_16,0.0002308386306366147
global_19,0.0002308237831015416
gold_16,0.0002305483245504516
labor_10,0.0002302211079690277
ring_19,0.00023021160173107187
profit_10,0.00023019856016325718
movie_18,0.00023005696028648788
judge_16,0.000230044823800858
economics_7,0.00023000640643271522
kentucky_2,0.00022967087922546748
founded_11,0.00022952796907315024
elections_2,0.00022949263757828642
carolina_5,0.00022929111426093585
ceo_17,0.00022927745786933306
firm_16,0.00022919435710298642
rich_15,0.0002290688397860305
religion_6,0.00022904129453938028
district_5,0.00022888618502693892
housing_6,0.0002288212569673692
chance_10,0.00022866936775189312
texas_14,0.00022866802347862113
business_8,0.00022845713291544747
wisconsin_12,0.00022826330014120449
color_6,0.00022794428223590053
oil_18,0.0002278741045434233
council_13,0.00022756088713882046
debt_19,0.0002274746689754102
founded_13,0.00022735166286645933
nyse_5,0.0002273103922834465
unemployment_3,0.00022717986354441665
loss_11,0.00022716065278633336
credit_6,0.0002271536111571492
security_9,0.00022691669243323927
movement_16,0.00022674499957556647
holiday_10,0.00022671899104524649
legal_13,0.00022668045552923374
finance_8,0.00022662216139067304
bank_2,0.00022651653976113388
invest_10,0.00022651348044273637
labor_8,0.0002264946184369915
returns_11,0.00022644422527541295
health_6,0.00022643549783560494
marketing_13,0.0002262345248167645
social_8,0.00022620827176220127
gold_1,0.00022612190617687247
water_8,0.00022586699120599467
inflation_1,0.00022584679965830562
management_15,0.00022583252823074102
conflict_18,0.00022541014762722135
million_16,0.00022538831893428456
home_8,0.0002252429702519296
carolina_12,0.0002251540500776005
movement_3,0.0002251134117692254
project_14,0.0002250931058629473
ring_17,0.0002250255462094337
judge_10,0.00022490854678290347
culture_9,0.00022490416418436603
market_4,0.0002246916540157061
rights_2,0.00022466787959909848
bubble_12,0.00022459248273664224
president_14,0.00022451812641088926
credit_3,0.0002243446523295608
secretary_9,0.0002243093711002375
freedom_2,0.00022423586585284766
republican_11,0.00022416851541281436
profit_15,0.00022401901165724215
cash_6,0.00022399891555168844
return_6,0.000223966214781569
market_11,0.0002239308880388965
kentucky_19,0.00022390890512292798
banking_18,0.00022390350201795971
community_8,0.00022366188752705253
democratic_8,0.00022361383959627212
bonds_5,0.0002235626195696001
money_6,0.0002235536083085509
college_14,0.000223541496799984
republican_1,0.00022347976306745688
rich_13,0.00022323401762474918
housing_17,0.00022305528161954775
development_8,0.000222733433418598
debt_5,0.00022258971988445162
marriage_11,0.00022256884759048115
conflict_20,0.00022246224165781684
tennessee_8,0.0002221614782309904
elected_7,0.00022212912141320195
car_6,0.00022212698181051929
loss_1,0.00022206641523881117
unemployment_14,0.00022198973860013623
firm_11,0.00022195035721844244
voters_19,0.00022172124858157408
wisconsin_16,0.00022168750127232598
economy_18,0.00022145925921869785
president_5,0.00022140281427040102
justice_19,0.0002211228586546707
judge_4,0.0002210892219997729
project_4,0.00022082757517859956
act_4,0.0002207387746980554
justice_7,0.00022057335672701441
banking_20,0.00022051583776807237
fed_11,0.00022046175904344984
ltd_8,0.0002203504029486606
committee_20,0.00022029043898182335
housing_18,0.0002202826682666168
kentucky_13,0.0002201954240963713
happy_1,0.00022015139344332295
washington_6,0.00022006403985519302
representatives_5,0.00022006296722744238
sell_16,0.00021963980902311496
profit_13,0.00021938021043353012
bonds_13,0.00021924584959649176
management_3,0.0002191180179286748
office_9,0.0002190996019498105
social_10,0.000219087659882131
money_1,0.000218908765094814
founded_17,0.00021889547172151708
food_14,0.00021877178176756224
market_14,0.00021865715353728556
legal_4,0.00021850549139592877
service_1,0.00021827995381571176
kitchen_15,0.00021818165833960163
security_8,0.0002180711249658641
present_19,0.0002180217630195411
trader_6,0.00021797752152094774
council_17,0.00021758604844708063
water_11,0.00021752529921052982
sell_6,0.00021742932704705702
products_12,0.00021721099282232938
arts_16,0.00021704217720182242
gain_6,0.00021692321596685475
stats_8,0.0002168515160425143
kitchen_16,0.00021684700390480575
crash_6,0.0002167415959549384
project_16,0.00021666240125048011
finance_5,0.0002166408359187829
georgia_6,0.0002164662433464404
cancer_5,0.00021623956601257404
sell_19,0.00021611688997762196
technology_19,0.0002161088072387984
virginia_6,0.00021601411336842272
secretary_19,0.00021596645053311483
pennsylvania_4,0.0002157431890937792
rights_6,0.0002156924951325094
georgia_10,0.0002156213135008123
metals_9,0.00021558791956328519
finance_9,0.00021548897626127902
economy_4,0.00021541367987858184
william_6,0.00021516895976992758
politics_6,0.00021516674435883947
secretary_17,0.00021515763816133422
revenue_2,0.0002149886615194983
trader_3,0.00021492840693904718
management_2,0.00021482877000540533
fed_19,0.00021475839584706523
ring_3,0.0002145216821037708
law_9,0.0002144289536899085
ltd_1,0.00021408400574974488
service_2,0.00021407132630523484
markets_4,0.00021398807456779882
labor_14,0.00021390131047466923
democratic_15,0.00021383295407269493
blacklist_18,0.00021383204290375093
happy_6,0.00021378390849664632
freedom_6,0.00021334618525093428
companies_10,0.00021327916050800543
debt_8,0.00021317379329515332
profit_18,0.0002129769751291144
war_3,0.00021282884037626608
war_9,0.00021274722877639185
representatives_9,0.00021272798006656058
cash_3,0.00021257162198180403
seats_7,0.0002125249034495508
missouri_11,0.00021249647868388578
economy_13,0.00021242961202280427
politics_18,0.00021237233056683864
bubble_10,0.00021234629205493
trader_12,0.00021216424457362783
massachusetts_20,0.0002120314904384361
dividend_20,0.00021202810692114328
portfolio_10,0.00021202061517766
success_7,0.0002119932551988656
restaurant_15,0.00021171563361919635
pennsylvania_7,0.0002116331302778422
economic_1,0.0002109209060625625
economic_4,0.0002107361764739155
water_16,0.000210643476243522
cancer_13,0.00021060163946630831
minister_12,0.00021057996474037024
return_7,0.00021046400044986052
justice_5,0.0002102247959432359
service_13,0.0002101958069839964
tennessee_3,0.00021010750143050057
police_14,0.0002096166451024799
carolina_6,0.00020951601791125
votes_16,0.00020935562899609213
committee_3,0.00020917737239743608
social_4,0.00020916331373123847
virginia_18,0.0002090505328495086
present_14,0.0002088444878998003
finance_1,0.00020878821217467145
council_10,0.0002087469381708769
food_3,0.00020870937176397305
elections_13,0.0002086519238176348
election_20,0.0002085773531012821
holiday_3,0.00020851512676569423
dow_jones_16,0.0002084780271745393
project_17,0.00020817839307966409
justice_20,0.00020817665273336591
society_3,0.00020811444391781567
energy_7,0.0002080622916559708
founded_18,0.0002079380294327464
economic_7,0.00020786136309816804
metals_14,0.00020748082573903603
ring_12,0.00020731322592309182
water_14,0.00020720476815159344
earnings_20,0.00020700719055114864
security_2,0.00020690513426040248
opportunity_13,0.00020682602254076885
virginia_12,0.0002064503758532716
ceo_7,0.00020630200638810432
car_1,0.00020603711331285
market_20,0.0002059240671157948
ceo_18,0.000205915055979146
trader_14,0.00020574365872777468
present_2,0.00020570927963656875
technology_10,0.00020557709493269156
crisis_6,0.00020556097037212744
garden_2,0.00020545972541496216
development_6,0.0002053605978829529
tennessee_4,0.00020534059631059951
ring_16,0.00020530137090125238
religion_9,0.00020523731781552624
market_1,0.0002052195316601452
william_11,0.00020499827526035695
missouri_17,0.00020480181877965042
community_19,0.0002042375582243696
arts_9,0.00020406166706315914
party_17,0.00020399422426043491
trader_4,0.00020397191455184523
products_6,0.00020380291697991447
chance_5,0.00020377348261801709
fine_17,0.00020374752854455025
stats_7,0.0002036929628374493
portfolio_9,0.0002036726253190124
county_17,0.00020355335113145581
hedge_16,0.00020347704559408458
committee_13,0.00020345525068992903
vermont_5,0.00020337044468697783
color_1,0.00020320176068743708
growth_4,0.00020312024571692784
million_8,0.00020310000522690382
fine_13,0.00020308849646276207
governor_15,0.00020306916108424596
technology_20,0.00020303539108465032
rich_19,0.00020300025655738314
stats_13,0.00020295982762371818
hedge_12,0.00020290496584899863
restaurant_8,0.0002029001179984529
companies_9,0.00020282510349168724
secretary_20,0.00020270176842748504
fine_10,0.00020264533635918692
environment_20,0.0002025062889972881
train_17,0.0002024159047290621
corporation_18,0.0002021940984597631
committee_5,0.0002021672119902889
republican_16,0.0002021661265743466
ltd_4,0.00020209864512855206
crash_19,0.00020202855464965033
governor_17,0.0002020114343579025
police_17,0.0002018812256096304
governor_7,0.0002017995885746072
travel_16,0.00020176587739106534
stats_20,0.00020172542878975296
minister_10,0.00020159094057590633
trader_13,0.0002014293411635988
members_8,0.00020136429840758485
tennessee_13,0.00020136088656542964
pennsylvania_13,0.0002012036914325781
senate_13,0.0002010433786311201
tennessee_2,0.00020098060236568803
wisconsin_15,0.0002007769198608237
products_11,0.00020077015689224254
returns_10,0.00020056817166383477
labor_6,0.00020048642383768632
house_18,0.00020030026716278846
legal_8,0.000200150218867359
founded_20,0.00020003114592254435
debt_18,0.00019992016473382207
revenue_7,0.0001997888662624301
economic_15,0.00019967237642892465
home_12,0.00019944899700404689
world_20,0.00019918974737801392
government_7,0.00019910041719275922
million_2,0.00019909209679400383
unemployment_11,0.00019905933660000882
million_4,0.00019902725156246544
markets_20,0.0001989088447436375
investment_8,0.00019880197182569964
members_12,0.00019874464572588684
governor_20,0.0001985442615672676
earnings_19,0.0001984611167656973
housing_2,0.00019845121498998115
social_20,0.00019840833859845764
marketing_10,0.00019832097967759264
security_13,0.00019831961712193352
stats_16,0.00019825042235504958
rich_18,0.00019806599751172687
marriage_20,0.00019805334531740546
hedge_14,0.0001980165820974046
party_16,0.00019778639609630748
media_10,0.00019776413632278478
secretary_4,0.0001975030684003685
fed_9,0.00019744598256621896
conflict_3,0.0001970678562721787
fed_5,0.00019704878891036796
votes_5,0.000196784453946054
crash_12,0.00019667582057347527
voters_4,0.00019665857220078903
justice_13,0.0001966536658558472
conflict_5,0.00019660533556899523
senate_16,0.00019649262378417098
metals_10,0.0001962422014050021
buy_19,0.0001961104714636928
media_18,0.00019602355525966486
food_8,0.0001959680469821344
million_11,0.00019596265690001585
risk_8,0.0001959435941556786
elections_8,0.00019590014811445757
project_20,0.00019578166422003695
republican_8,0.00019557965134115064
founded_7,0.00019549792148169297
corporation_14,0.00019547734237352192
markets_13,0.0001954074085068375
rights_18,0.0001953440445654252
earnings_7,0.0001950635288734507
returns_5,0.0001949673668951917
council_9,0.0001946496892137988
financial_2,0.00019464578079993482
movement_10,0.00019447394831382806
portfolio_6,0.00019424998123237228
fun_14,0.0001940390938480285
blacklist_8,0.0001939812223017781
credit_11,0.0001939130409506512
travel_5,0.0001939055779342084
color_16,0.00019372235908073288
county_16,0.00019331071286713075
rich_20,0.00019303916225789632
water_5,0.00019301733360854611
loss_14,0.00019288092831927853
oil_13,0.00019262035767622532
voters_10,0.00019261020001981583
ltd_19,0.00019239341199294463
companies_2,0.00019235153995597948
inc_7,0.00019230001280768038
portfolio_19,0.00019229453772245952
seats_11,0.0001920304056312941
election_13,0.00019195216878504628
success_15,0.00019185067557384757
present_20,0.00019173241102428623
dividend_7,0.000191481532807056
government_1,0.0001913122805155472
founded_14,0.00019115952803501672
media_5,0.00019109765992769343
house_1,0.00019099187030759344
credit_18,0.00019095182451209352
sell_20,0.00019084144707816298
earnings_11,0.0001907449229951408
cash_2,0.00019067783113349942
vermont_8,0.0001905554291040525
products_7,0.00019043501718545703
water_17,0.00019034262330072123
portfolio_13,0.00019029982409047132
religion_14,0.00019020368049812994
missouri_3,0.00018995858203713545
holiday_13,0.00018975781416922984
party_19,0.0001897285280571528
stocks_15,0.00018957711277038566
cash_16,0.0001895396175856388
finance_6,0.00018933199999871512
earnings_8,0.00018927425656486686
kitchen_6,0.0001892598208709593
blacklist_11,0.00018922574412182018
security_7,0.0001892002422395688
cancer_8,0.0001890281063025708
car_4,0.00018898595865559585
management_8,0.0001888984074595598
revenue_1,0.00018889426583346272
market_13,0.00018869553125121772
companies_17,0.0001883838816855444
gold_4,0.00018836188452716398
labor_17,0.00018830501368205613
georgia_17,0.00018813840879890168
legal_12,0.00018811395714464363
credit_14,0.00018799055306281776
inflation_4,0.00018795945975579175
fed_7,0.00018792892593214687
chance_9,0.00018784597118123446
georgia_9,0.00018770481748894895
growth_17,0.0001876452267029636
corporation_8,0.0001876250491709864
elections_4,0.0001873092496363285
trader_18,0.00018726592098115288
fine_16,0.0001870207097251413
food_2,0.00018697671602151605
food_1,0.0001869563603726246
management_13,0.0001869474167441269
politics_17,0.0001869214892494757
train_19,0.00018682540972916436
banking_15,0.00018669022325068824
judge_15,0.00018658918889833388
religion_16,0.00018648674324997367
marketing_3,0.00018629227759196508
senate_2,0.00018618118925548037
business_12,0.00018600527142608632
risk_3,0.00018578702849808665
representatives_17,0.00018577293606751035
financial_6,0.00018574740217273985
global_20,0.0001854011886630424
culture_13,0.00018534561581272992
pennsylvania_9,0.0001853066778820456
president_15,0.0001852588055142908
blacklist_15,0.00018514540925563557
chance_3,0.00018510407435537047
unemployment_20,0.00018504298159958878
social_16,0.00018499571644571656
economics_20,0.00018479965398655044
marketing_2,0.00018462914791109481
case_1,0.00018428902637578138
democratic_12,0.00018409835332807567
return_14,0.0001840706805745241
chance_2,0.00018340331699990758
fine_9,0.0001832640522234239
york_6,0.0001832501424473725
firm_1,0.0001831925646272549
fun_19,0.00018317666311295892
conflict_16,0.00018295422397502032
election_11,0.00018286714485695425
gold_12,0.00018240417150184034
DOW_JONES_18,0.00018231513497723865
sell_8,0.00018222884319407925
dividend_16,0.00018210795732554174
fine_8,0.00018206881852952424
opportunity_14,0.00018203819323923785
firm_13,0.0001817231988503669
markets_2,0.00018110532640787342
business_9,0.0001810700377126758
earnings_12,0.0001809488074942459
bonds_18,0.00018092706895390424
bank_6,0.00018081340132236856
crisis_15,0.00018072390214453771
gains_1,0.00018046711410573717
opportunity_10,0.0001803365864505464
return_2,0.000180317298016178
oil_7,0.00018029222862227161
founded_2,0.00018027774095064257
global_8,0.0001802357279683734
cancer_20,0.00018009560028296005
bubble_1,0.0001800232040638874
religion_3,0.00017999853162170877
rights_20,0.00017990296846970795
corporation_19,0.00017970349515620206
judge_12,0.00017959349116859023
society_19,0.00017956361079109166
governor_5,0.00017950095299074881
services_3,0.0001792804149235166
stats_17,0.0001792615845551498
committee_14,0.00017923865976964942
growth_14,0.00017922625744609287
judge_9,0.0001791274607563605
products_8,0.00017910997139655068
return_11,0.00017908555437129342
wisconsin_19,0.0001790267418366623
service_8,0.000178969133308638
risk_16,0.00017892776054807702
freedom_13,0.0001789037503818877
portfolio_5,0.00017877500090161428
members_7,0.00017873258030579492
case_13,0.00017860651340084833
ceo_15,0.00017844083774704012
investment_2,0.00017843838765985496
fed_1,0.00017841742415292627
restaurant_6,0.000178324586535092
gain_3,0.00017822789930684876
travel_9,0.00017800333956099785
companies_19,0.00017791298837089393
earnings_3,0.0001777488649194398
senate_18,0.00017756534909515895
management_20,0.00017751800793452228
senate_9,0.00017711473269783112
voters_17,0.00017704067388728717
wisconsin_10,0.0001769679711693721
justice_14,0.00017688174625556506
default_11,0.00017687833455299406
security_18,0.00017686389585132257
fed_8,0.00017674717441771854
gain_18,0.00017659494042822823
growth_11,0.00017633410246656268
portfolio_14,0.0001762981480535626
police_18,0.00017629760507400136
district_16,0.00017629292818263764
inflation_6,0.00017626460720031103
housing_19,0.0001760792235277559
religion_5,0.00017595023644023354
chance_14,0.00017563200973757544
trader_15,0.00017550089285586195
washington_3,0.0001753070938203462
society_12,0.00017506578349695348
illinois_3,0.00017480944293420708
cancer_2,0.00017470462077093547
culture_3,0.0001744543431110429
government_17,0.0001744397593430395
sell_4,0.00017432943632659408
fun_1,0.00017425369065299383
finance_15,0.00017390078591606725
opportunity_1,0.00017376336817037825
members_16,0.00017371329422819794
community_1,0.00017369432443024095
fed_2,0.0001735708374646822
holiday_7,0.00017344853361295844
returns_14,0.00017327892554491015
holiday_15,0.00017307038541452063
buy_10,0.00017299969657761478
firm_7,0.00017248366481991266
firm_10,0.00017231882655700082
metals_12,0.00017221669810123897
office_6,0.00017204571600372922
finance_14,0.00017188491010431209
blacklist_13,0.00017078836401827085
act_9,0.00017075949304275081
bubble_13,0.00017049442542674246
sell_5,0.0001701310610995615
york_12,0.00016986358532750602
tennessee_17,0.00016984172136652606
nyse_8,0.00016974594814958956
federal_7,0.00016910621502837006
gain_13,0.00016868943104208622
senate_15,0.0001686111676043175
tennessee_11,0.00016857329288956884
marriage_6,0.00016845571119274014
bubble_7,0.0001683802356368898
portfolio_11,0.00016830003932806638
kitchen_10,0.0001679638964916528
arts_15,0.00016791344178430275
minister_7,0.00016785121092275827
house_4,0.00016775750435259182
arts_19,0.0001675011192546202
banking_17,0.00016742827119881003
politics_8,0.00016722336136393816
rich_4,0.00016708736766222814
nyse_6,0.00016707642131805358
economics_11,0.0001670043993725069
products_2,0.00016699181666150414
products_1,0.00016683439941199605
trader_20,0.00016666776544160236
kitchen_12,0.00016663542174774225
dividend_4,0.00016658308344845123
crash_18,0.0001664382531575579
gold_3,0.0001664033169789403
senate_11,0.00016639457855110144
stock_market_19,0.00016623348449508823
movement_8,0.00016598856098862296
color_4,0.00016594730450747412
gain_19,0.00016592490744009102
trader_2,0.00016587923199552814
community_4,0.00016549213751014142
votes_8,0.00016534051442293932
judge_11,0.00016532772735625134
office_15,0.00016461867061039366
ceo_2,0.00016460250896165642
opportunity_6,0.00016434298598272268
housing_3,0.0001642500766397817
politics_7,0.00016419431182336584
growth_2,0.0001641359360997779
election_6,0.00016411890888153618
travel_3,0.0001639068980643184
wisconsin_18,0.00016387162518842848
market_17,0.00016386873943722769
earnings_4,0.00016337402104267532
ceo_8,0.0001630922509934548
gains_11,0.00016309207131518408
money_10,0.00016275582601463904
inc_16,0.00016270046257115006
revenue_11,0.00016254537700853685
chance_20,0.000161913518746097
unemployment_9,0.00016187958939612324
washington_19,0.00016127456960904135
marketing_19,0.00016126249263510552
banking_19,0.00016100276904496867
dow_jones_14,0.00016097464603297718
community_2,0.00016092463743035644
bonds_11,0.00016080330892666468
movement_5,0.00016054322740027593
bonds_2,0.00016051346433277496
york_20,0.0001600388021502166
pennsylvania_12,0.00016001085255339147
travel_18,0.0001598279924041969
sell_11,0.00015944896585538883
ceo_19,0.00015939084335212655
wisconsin_5,0.00015921096939646898
governor_18,0.00015910595319623564
DOW_JONES_20,0.00015877268166172745
service_15,0.00015874350348473888
stats_10,0.0001583085241928995
trader_16,0.0001579455517360321
DOW_JONES_17,0.00015769917552676863
inc_1,0.0001574357896731099
banking_1,0.00015728307655022946
ceo_3,0.0001572081988061547
return_8,0.00015701290855737156
district_9,0.00015697613364315082
unemployment_18,0.00015695949120022698
money_17,0.00015688267312967326
religion_19,0.00015678999354249042
ring_7,0.00015670208582595018
project_19,0.00015668957398412832
project_1,0.00015666401305699376
tennessee_1,0.00015662228279572245
religion_17,0.00015615689779320682
oil_2,0.00015611512548170122
labor_9,0.00015607930566028752
legal_10,0.00015600103050115858
stats_12,0.00015579620457441967
marriage_13,0.000155778586110706
hedge_6,0.00015571696093349968
garden_13,0.00015563530261831254
kitchen_18,0.00015555483210812258
banking_13,0.00015528694189156404
kitchen_5,0.0001550526403001538
minister_8,0.00015494302646721852
cash_20,0.00015491724901924443
political_3,0.00015473433778943538
members_18,0.00015473339998442175
movement_6,0.00015450465721989485
DOW_JONES_9,0.00015442880503506944
texas_9,0.00015440156320504388
dividend_14,0.00015406355115301599
nasdaq_5,0.00015396790190040237
global_9,0.00015389098852904693
metals_6,0.00015384072406545758
secretary_14,0.00015373105852010453
voters_12,0.00015358302462965424
fine_5,0.00015357573916558047
act_15,0.00015343210810498807
environment_15,0.00015316010520438403
secretary_16,0.00015315801329921324
ltd_17,0.00015310318632752654
rights_19,0.00015308624129153558
justice_9,0.00015249896564123705
debt_1,0.00015249322514384169
representatives_18,0.0001522322071991619
cash_7,0.00015215129250842994
color_18,0.00015197431203295178
marketing_11,0.00015187805068426097
justice_12,0.00015176403776044942
religion_7,0.00015175654772899014
stats_3,0.00015171576358204841
markets_17,0.00015155362942109626
garden_18,0.00015133275058072825
council_16,0.00015118823127708046
illinois_8,0.00015092852392431587
case_14,0.0001508792791393779
economy_20,0.00015078843772918177
firm_4,0.00015039520106549173
cash_9,0.00015009286480484037
oil_19,0.00015004785457533394
court_4,0.00014964884108357933
management_1,0.00014961400572832724
service_12,0.00014936778207013922
economic_2,0.00014904531758580032
services_16,0.00014900680206542986
products_5,0.0001489390461183085
debt_3,0.00014864837489305158
society_13,0.0001486341126745279
success_11,0.00014822699736199196
nyse_7,0.00014822623860065952
governor_9,0.0001482106660143755
money_3,0.00014787134296037686
massachusetts_13,0.0001477620794007462
blacklist_7,0.00014770758847531032
global_6,0.00014753565621051324
rich_8,0.00014745631606751381
fine_6,0.0001470641742319236
crisis_18,0.00014692519259027216
votes_4,0.00014690540390202244
founded_16,0.00014661612340229348
present_13,0.00014656817208757287
firm_15,0.00014655541339882118
nyse_4,0.00014653096982135327
illinois_16,0.000146505274670097
washington_2,0.00014649971102314693
returns_1,0.00014636450291307795
DOW_JONES_12,0.00014626206020408169
project_2,0.0001462283514157056
democratic_20,0.00014622528613212563
food_6,0.00014612812957123282
council_19,0.00014574485723177076
illinois_17,0.0001455759051245559
housing_1,0.00014553682537673298
members_20,0.0001452565257934729
seats_4,0.00014507120068536018
marketing_1,0.00014466900481618371
marriage_10,0.00014461792915949312
banking_12,0.00014432076568466078
ring_1,0.00014423983651579156
industry_2,0.0001439222076008868
environment_11,0.00014340274879301497
members_6,0.00014286368015584562
success_17,0.00014280694633092613
fun_11,0.00014276527066436277
chance_8,0.00014264413060820788
voters_15,0.00014240189480821286
bubble_15,0.0001421848088296295
money_16,0.00014215864264284774
success_2,0.0001420760148794098
management_12,0.00014181976637181492
oil_15,0.00014177909741655732
travel_4,0.00014152573831348306
money_7,0.00014151469910958462
blacklist_19,0.00014142060701506195
ceo_16,0.0001409898814139058
secretary_2,0.0001408251393760268
arts_6,0.00014032957263006334
missouri_7,0.00014019073594317516
inflation_14,0.00014006208766706443
gold_13,0.00013980094936682258
fed_6,0.00013959709027796478
dividend_5,0.00013951057662506201
committee_1,0.00013940324549798776
firm_17,0.00013908872632524132
travel_12,0.00013896353659394658
return_20,0.00013866904555904084
seats_17,0.00013853486384716277
representatives_12,0.00013851401436788477
marketing_8,0.00013838761060319148
energy_16,0.0001381932192890208
dow_jones_9,0.0001380924243879757
dividend_1,0.00013796700351585665
rights_7,0.00013767064838982157
stocks_16,0.00013757675292767858
loss_8,0.00013754422940916855
crash_7,0.00013750692769803227
pennsylvania_16,0.00013725871378819722
kitchen_14,0.0001364816992684491
tennessee_7,0.0001363243207806597
bonds_19,0.00013626376577818754
gain_8,0.00013598901734654994
earnings_16,0.0001355149697197612
crash_10,0.00013530055134476486
votes_6,0.00013523796012859606
massachusetts_11,0.00013494260693641124
governor_13,0.0001347159966204861
movement_11,0.00013437984654720756
markets_5,0.00013436004492717343
dividend_6,0.00013435336283158396
environment_10,0.00013423432832514585
tennessee_6,0.00013399757933312546
crisis_17,0.0001335670321246634
elections_9,0.0001333130911105254
companies_14,0.00013321548133048665
dividend_18,0.00013289716578194618
conflict_19,0.00013285153035070294
opportunity_3,0.0001327888616708463
risk_10,0.00013275090757491366
office_2,0.0001324282125978713
industry_16,0.0001321624886187661
economic_8,0.00013192565538354902
success_3,0.0001318230599328389
travel_15,0.00013179900235232161
society_17,0.00013163091875995105
financial_4,0.0001315738196368616
georgia_11,0.00013089427194926226
ceo_4,0.00013081366939454787
bonds_16,0.00013062120870954916
committee_19,0.00013061828687308615
culture_11,0.0001301647982412033
risk_9,0.00013009644305079476
movement_1,0.00012980245128404942
case_12,0.0001298007783899685
fine_18,0.0001297505871590134
governor_6,0.00012969985043407176
gain_14,0.0001296773750198739
council_18,0.00012958482179294185
secretary_7,0.00012928459144921428
president_18,0.00012922244795569244
legal_5,0.00012880842260407308
inflation_16,0.00012857993334859262
district_11,0.0001285602041949195
DOW_JONES_10,0.00012841196084019806
car_11,0.00012823696055674598
economic_16,0.00012822102675846
cash_19,0.0001277105754681901
voters_3,0.0001272966787926862
ceo_14,0.00012707248738393802
car_18,0.00012684760536771828
invest_5,0.00012683335194615207
finance_19,0.0001265225374241075
voters_7,0.00012634677129215013
government_9,0.0001263418203535156
success_19,0.00012631234721260137
hedge_2,0.00012628120274896142
project_10,0.0001262377069919633
bonds_1,0.00012623559452684078
growth_19,0.00012603072477973095
loss_2,0.0001260305801207579
stats_15,0.0001258357789545744
fun_18,0.00012570151881593095
members_17,0.00012550814280786368
rights_4,0.00012521859525326033
economic_17,0.00012516269806706211
police_5,0.00012507376066897612
members_9,0.00012496777703879453
economic_10,0.00012492008043190237
votes_2,0.00012425616417825562
religion_15,0.0001236785532864275
community_5,0.00012358987839269366
gold_6,0.00012352638254406023
federal_14,0.00012316303370761455
illinois_14,0.00012314495040930106
county_3,0.00012288510250550076
marketing_17,0.00012286057949246383
industry_11,0.0001228344113930214
elected_14,0.000122667008729523
elected_16,0.00012253125699007326
fine_11,0.00012252055847374328
marriage_15,0.00012169091375970181
housing_11,0.00012159231791546987
DOW_JONES_4,0.00012103435950697126
votes_7,0.00012077302595953296
cash_17,0.00012041188665977385
william_14,0.00012004318427514612
blacklist_3,0.00012002312457791062
products_13,0.00011976657620125242
growth_1,0.00011875180305211904
representatives_15,0.00011848366599956321
ltd_15,0.00011839406231948679
gains_15,0.00011819114714767525
seats_14,0.00011812821536734544
present_11,0.00011804334922677698
stocks_4,0.00011798896185868169
financial_3,0.00011784168806556873
rights_17,0.00011753567357893891
environment_13,0.0001173247516730448
risk_17,0.00011691739687367783
loss_10,0.00011614996932651345
economy_2,0.00011580792711380483
profit_7,0.00011579120000186379
society_1,0.00011578029998054832
water_20,0.00011561445383065677
representatives_4,0.00011560287167755554
law_6,0.0001153816335102968
seats_2,0.00011517424661422778
minister_15,0.00011498832720421348
trader_17,0.00011495941028381123
council_7,0.00011482121655635945
marketing_9,0.00011434343700258913
crash_1,0.00011425928429382933
returns_18,0.0001141784773576708
inflation_12,0.00011417635667545161
unemployment_15,0.00011390863778411616
business_6,0.00011354273571617901
party_9,0.00011353276854081388
inflation_5,0.00011324574395044541
fun_9,0.00011289521887155637
money_18,0.00011258484214572771
fine_1,0.00011178660681003103
movement_7,0.00011174962641701992
metals_17,0.00011160853250612254
firm_5,0.00011083948719860852
crisis_11,0.00011077457253649092
crash_4,0.00011065996916690352
members_11,0.00011058732990781899
risk_12,0.00011057894673748814
cash_1,0.00010993309894564388
unemployment_2,0.0001098091947606093
kitchen_9,0.00010972446684942271
pennsylvania_3,0.00010971104133426695
bubble_16,0.00010902818797271588
gains_16,0.00010886194029764156
justice_16,0.00010859795354824934
ltd_7,0.00010844221936623384
loss_13,0.00010830429506482868
seats_10,0.0001081937276939591
social_15,0.00010804043355633049
gain_10,0.00010766726756578416
society_16,0.00010725015832367296
metals_13,0.00010697228034967732
development_14,0.00010670604824468985
firm_14,0.00010554222545410736
founded_3,0.00010533282206999808
health_16,0.00010525705084624614
religion_20,0.00010512989071935171
bubble_11,0.00010509564391793168
council_15,0.00010484418564934068
economy_8,0.00010484225475923522
invest_15,0.00010474950869862888
minister_19,0.00010419158713464844
voters_8,0.00010411460572100024
stocks_20,0.00010403810444212976
risk_4,0.00010373189938780983
default_1,0.00010357794580157452
william_16,0.00010333692266160138
metals_2,0.0001031516512698049
movement_17,0.00010290915794517144
representatives_10,0.00010212132156021137
representatives_6,0.00010137011653767388
society_20,0.00010117240280588896
elections_10,0.00010105967690071889
earnings_2,0.00010093345077762591
governor_3,0.00010076234251720004
metals_1,0.0001006956255977861
dividend_10,0.0001005363976861764
vermont_16,0.00010030012883331672
marriage_3,0.00010025688655823223
returns_8,9.995245617526748e-05
crisis_12,9.989847442654144e-05
culture_15,9.97897107208634e-05
blacklist_1,9.973382952554804e-05
minister_6,9.958149403264794e-05
gain_7,9.94635262961325e-05
investment_13,9.924793614125748e-05
bonds_6,9.90255220957898e-05
investment_9,9.89591721078734e-05
case_8,9.885425321819304e-05
judge_3,9.881500466837546e-05
portfolio_2,9.86243768641451e-05
markets_3,9.834090822766859e-05
technology_13,9.831832811978838e-05
blacklist_2,9.825809247687492e-05
debt_11,9.820389015342888e-05
votes_20,9.810092132479411e-05
debt_7,9.791103038246497e-05
nyse_19,9.771028011954252e-05
risk_1,9.752245669317901e-05
marketing_6,9.690697578041306e-05
stocks_19,9.670281777418524e-05
million_6,9.669958092945968e-05
marketing_20,9.624945797399768e-05
movement_15,9.616537431029078e-05
ltd_10,9.582911646922914e-05
markets_6,9.559312328638803e-05
returns_6,9.532852611924884e-05
blacklist_6,9.520364397123838e-05
society_5,9.50499416634053e-05
economics_8,9.433746044357525e-05
economy_14,9.391505962421576e-05
opportunity_20,9.382508978008327e-05
votes_13,9.36892267461242e-05
revenue_14,9.309637802870341e-05
debt_13,9.29842660469412e-05
products_15,9.27804648415427e-05
metals_3,9.25375445764286e-05
economic_6,9.248615500305905e-05
voters_11,9.22333051247984e-05
metals_7,9.221102509228409e-05
judge_2,9.211172929077484e-05
earnings_5,9.176522839976374e-05
opportunity_18,9.145249759029517e-05
served_18,9.142284080065204e-05
economy_6,9.080663431295451e-05
bonds_3,9.028110095288728e-05
elected_9,9.023305131297202e-05
project_18,8.991842094758065e-05
marketing_14,8.969830158762272e-05
dow_jones_6,8.965289424970879e-05
marriage_7,8.880588501027106e-05
council_20,8.852970417178579e-05
crisis_16,8.84594863759042e-05
dow_jones_5,8.843616783275948e-05
DOW_JONES_11,8.818857118593334e-05
present_17,8.814122016837441e-05
present_16,8.786849692992674e-05
present_6,8.733889496762594e-05
ceo_13,8.73340993580804e-05
representatives_14,8.715921504879883e-05
freedom_20,8.694176604848816e-05
culture_1,8.66963740532149e-05
economic_12,8.574051156155592e-05
management_16,8.46606899864476e-05
debt_14,8.425800831202848e-05
nasdaq_1,8.413387792722082e-05
economics_19,8.376844013473064e-05
stocks_13,8.355123605735465e-05
political_14,8.338489364204331e-05
inflation_17,8.257697141626255e-05
nyse_16,8.226692928484737e-05
fed_14,8.203528716178352e-05
gain_5,8.12531691839778e-05
bubble_20,8.120722182748479e-05
opportunity_12,8.036136278397837e-05
revenue_6,8.035345820928077e-05
industry_17,8.031692950394574e-05
opportunity_15,8.024288005576071e-05
illinois_19,7.999240512143374e-05
inflation_8,7.935745798601538e-05
religion_10,7.878545925461154e-05
gains_12,7.738679522534699e-05
revenue_9,7.735661418644909e-05
debt_15,7.646991138103873e-05
risk_5,7.607888238555274e-05
economy_10,7.439764729173535e-05
arts_18,7.437562218255232e-05
labor_11,7.427096832337044e-05
invest_11,7.367048000474101e-05
firm_20,7.268297411271411e-05
million_19,7.137194155092598e-05
members_19,7.09467297176603e-05
minister_13,7.05730773663938e-05
opportunity_19,7.032318849727303e-05
ring_6,6.982699929428411e-05
society_2,6.906567645417496e-05
technology_2,6.820298599790978e-05
industry_18,6.807060645192227e-05
media_11,6.802165927774533e-05
minister_18,6.794337747434384e-05
arts_7,6.776171589779156e-05
banking_10,6.757671064673255e-05
justice_8,6.692307117917491e-05
judge_1,6.659486755720577e-05
ltd_20,6.605288253962169e-05
crisis_1,6.558947801756745e-05
illinois_2,6.558745424921456e-05
secretary_8,6.502468171954478e-05
opportunity_17,6.492516577810772e-05
voters_1,6.489368402043187e-05
ltd_6,6.38650331198482e-05
risk_15,6.34771736455713e-05
dividend_19,6.338370376819438e-05
present_4,6.332559607506903e-05
inflation_13,6.248299534549139e-05
seats_20,6.244629363032701e-05
ceo_10,6.199168096006561e-05
gain_12,6.196349259692561e-05
default_8,6.064295695114147e-05
members_10,6.02976240439047e-05
gain_17,5.8738415040439366e-05
ltd_5,5.805042237384178e-05
gain_4,5.7166064227028306e-05
gold_2,5.605742313242907e-05
crisis_19,5.597857833528424e-05
representatives_3,5.5766201379712244e-05
dividend_17,5.561689376127281e-05
default_13,5.543355048427281e-05
hedge_8,5.525848744792817e-05
invest_7,5.403966500649389e-05
portfolio_15,5.392961571899069e-05
DOW_JONES_7,5.3738867440049796e-05
industry_9,5.369276475616757e-05
pennsylvania_10,5.347539593385778e-05
industry_13,5.270708664314595e-05
vermont_14,5.222934239052389e-05
profit_8,5.181573973792312e-05
hedge_13,5.155926434378042e-05
risk_7,5.0887188621786324e-05
dividend_11,5.068423409480711e-05
representatives_8,4.962540600941297e-05
hedge_18,4.909799069286958e-05
arts_3,4.872249175399384e-05
bubble_18,4.840939001706361e-05
dividend_2,4.80803859966739e-05
present_3,4.616289651315356e-05
invest_17,4.5218894896625736e-05
investment_4,4.518442357339199e-05
dividend_3,4.491084691563495e-05
seats_18,4.481816201987081e-05
hedge_15,4.478105667630795e-05
economy_1,4.375387022521666e-05
nasdaq_20,4.3554269196657394e-05
default_2,4.305390503331337e-05
gains_19,4.2887667465727116e-05
gains_6,4.2333350523497526e-05
stocks_5,4.152710142394726e-05
arts_12,4.048834882194344e-05
gains_7,3.977977748855191e-05
invest_9,3.928076377193059e-05
gain_16,3.911267643343189e-05
hedge_19,3.8673777521034834e-05
seats_9,3.672940323921022e-05
default_20,3.6088163731892354e-05
gain_1,3.567555826374682e-05
hedge_4,3.5471587307130297e-05
representatives_19,3.5304537136259475e-05
arts_20,3.4969049147236374e-05
nyse_9,3.418343126782377e-05
debt_10,3.4133982957281454e-05
environment_3,3.410608048087539e-05
gains_14,3.0388558864144593e-05
nasdaq_3,2.9754373783951477e-05
investment_19,2.678402461720522e-05
movement_14,2.663841206943388e-05
trader_8,2.408697601661335e-05
seats_12,2.3978369348536364e-05
industry_5,2.396527635315853e-05
gains_18,2.3859330642465728e-05
nasdaq_12,2.3758769094729473e-05
seats_8,2.2325925941273085e-05
society_9,2.1103619301896272e-05
debt_2,1.992563573794901e-05
vermont_12,1.8435954196891516e-05
founded_8,1.8388021537151637e-05
cash_18,1.7257697989667652e-05
success_8,1.7011366475309233e-05
default_3,1.6997239877284635e-05
bubble_19,1.5696173169549145e-05
default_4,1.5620801563070373e-05
economy_5,1.5618079051423727e-05
vermont_13,1.5318996462085878e-05
vermont_10,1.4550589857539325e-05
representatives_2,1.4258393645070521e-05
hedge_20,1.3615079495237593e-05
gains_10,1.3404227818300548e-05
default_12,1.1990745284612042e-05
industry_19,1.1887842709789176e-05
marriage_19,1.1752397694634913e-05
gains_13,1.1405739249133415e-05
invest_14,1.129065505474729e-05
voters_2,9.650569707837925e-06
elected_12,9.442460010085056e-06
seats_5,8.023826744640058e-06
firm_12,7.267520983525017e-06
voters_18,6.822501035554172e-06
served_8,5.8450276947981945e-06
inflation_18,3.834695251537384e-06
voters_6,2.9775971103331177e-06
elected_17,2.370818094152114e-06
invest_12,2.350895381783452e-06
nasdaq_4,1.2852687924352992e-06
invest_4,8.23699859620165e-07
inflation_7,5.921016412785171e-07
industry_4,3.2043592309879e-07
gains_5,2.1429853818632414e-07
default_6,2.058872212513801e-07
BUY_AND_HOLD_1,
BUY_AND_HOLD_2,
BUY_AND_HOLD_3,
BUY_AND_HOLD_4,
BUY_AND_HOLD_5,
BUY_AND_HOLD_6,
BUY_AND_HOLD_7,
BUY_AND_HOLD_8,
BUY_AND_HOLD_9,
BUY_AND_HOLD_10,
BUY_AND_HOLD_11,
BUY_AND_HOLD_12,
BUY_AND_HOLD_13,
BUY_AND_HOLD_14,
BUY_AND_HOLD_15,
BUY_AND_HOLD_16,
BUY_AND_HOLD_17,
BUY_AND_HOLD_18,
BUY_AND_HOLD_19,
BUY_AND_HOLD_20,
consume_1,
consume_2,
consume_3,
consume_4,
consume_5,
consume_6,
consume_7,
consume_8,
consume_9,
consume_10,
consume_11,
consume_12,
consume_13,
consume_14,
consume_15,
consume_16,
consume_17,
consume_18,
consume_19,
consume_20,
consumption_1,
consumption_2,
consumption_3,
consumption_4,
consumption_5,
consumption_6,
consumption_7,
consumption_8,
consumption_9,
consumption_10,
consumption_11,
consumption_12,
consumption_13,
consumption_14,
consumption_15,
consumption_16,
consumption_17,
consumption_18,
consumption_19,
consumption_20,
debt_6,
default_5,
default_7,
default_9,
default_10,
default_14,
default_15,
default_17,
default_18,
derivatives_1,
derivatives_2,
derivatives_3,
derivatives_4,
derivatives_5,
derivatives_6,
derivatives_7,
derivatives_8,
derivatives_9,
derivatives_10,
derivatives_11,
derivatives_12,
derivatives_13,
derivatives_14,
derivatives_15,
derivatives_16,
derivatives_17,
derivatives_18,
derivatives_19,
derivatives_20,
dividend_9,
elected_2,
elected_3,
elected_8,
elected_10,
elected_18,
elected_19,
financial_markets_1,
financial_markets_2,
financial_markets_3,
financial_markets_4,
financial_markets_5,
financial_markets_6,
financial_markets_7,
financial_markets_8,
financial_markets_9,
financial_markets_10,
financial_markets_11,
financial_markets_12,
financial_markets_13,
financial_markets_14,
financial_markets_15,
financial_markets_16,
financial_markets_17,
financial_markets_18,
financial_markets_19,
financial_markets_20,
fond_1,
fond_2,
fond_3,
fond_4,
fond_5,
fond_6,
fond_7,
fond_8,
fond_9,
fond_10,
fond_11,
fond_12,
fond_13,
fond_14,
fond_15,
fond_16,
fond_17,
fond_18,
fond_19,
fond_20,
forex_1,
forex_2,
forex_3,
forex_4,
forex_5,
forex_6,
forex_7,
forex_8,
forex_9,
forex_10,
forex_11,
forex_12,
forex_13,
forex_14,
forex_15,
forex_16,
forex_17,
forex_18,
forex_19,
forex_20,
gains_4,
gains_9,
gains_17,
greed_1,
greed_2,
greed_3,
greed_4,
greed_5,
greed_6,
greed_7,
greed_8,
greed_9,
greed_10,
greed_11,
greed_12,
greed_13,
greed_14,
greed_15,
greed_16,
greed_17,
greed_18,
greed_19,
greed_20,
headlines_1,
headlines_2,
headlines_3,
headlines_4,
headlines_5,
headlines_6,
headlines_7,
headlines_8,
headlines_9,
headlines_10,
headlines_11,
headlines_12,
headlines_13,
headlines_14,
headlines_15,
headlines_16,
headlines_17,
headlines_18,
headlines_19,
headlines_20,
hedge_9,
industry_7,
industry_10,
inflation_3,
inflation_9,
inflation_10,
inflation_15,
inflation_19,
invest_1,
invest_2,
invest_3,
invest_6,
invest_13,
invest_16,
invest_19,
invest_20,
leverage_1,
leverage_2,
leverage_3,
leverage_4,
leverage_5,
leverage_6,
leverage_7,
leverage_8,
leverage_9,
leverage_10,
leverage_11,
leverage_12,
leverage_13,
leverage_14,
leverage_15,
leverage_16,
leverage_17,
leverage_18,
leverage_19,
leverage_20,
lifestyle_1,
lifestyle_2,
lifestyle_3,
lifestyle_4,
lifestyle_5,
lifestyle_6,
lifestyle_7,
lifestyle_8,
lifestyle_9,
lifestyle_10,
lifestyle_11,
lifestyle_12,
lifestyle_13,
lifestyle_14,
lifestyle_15,
lifestyle_16,
lifestyle_17,
lifestyle_18,
lifestyle_19,
lifestyle_20,
ministry_1,
ministry_2,
ministry_3,
ministry_4,
ministry_5,
ministry_6,
ministry_7,
ministry_8,
ministry_9,
ministry_10,
ministry_11,
ministry_12,
ministry_13,
ministry_14,
ministry_15,
ministry_16,
ministry_17,
ministry_18,
ministry_19,
ministry_20,
nasdaq_10,
nasdaq_11,
nasdaq_16,
nasdaq_17,
nyse_12,
nyse_13,
nyse_14,
ore_1,
ore_2,
ore_3,
ore_4,
ore_5,
ore_6,
ore_7,
ore_8,
ore_9,
ore_10,
ore_11,
ore_12,
ore_13,
ore_14,
ore_15,
ore_16,
ore_17,
ore_18,
ore_19,
ore_20,
rare_earths_1,
rare_earths_2,
rare_earths_3,
rare_earths_4,
rare_earths_5,
rare_earths_6,
rare_earths_7,
rare_earths_8,
rare_earths_9,
rare_earths_10,
rare_earths_11,
rare_earths_12,
rare_earths_13,
rare_earths_14,
rare_earths_15,
rare_earths_16,
rare_earths_17,
rare_earths_18,
rare_earths_19,
rare_earths_20,
served_1,
served_2,
served_3,
served_4,
served_5,
served_6,
served_9,
served_10,
served_11,
served_12,
served_13,
served_14,
served_15,
served_16,
served_17,
served_19,
served_20,
short_sell_1,
short_sell_2,
short_sell_3,
short_sell_4,
short_sell_5,
short_sell_6,
short_sell_7,
short_sell_8,
short_sell_9,
short_sell_10,
short_sell_11,
short_sell_12,
short_sell_13,
short_sell_14,
short_sell_15,
short_sell_16,
short_sell_17,
short_sell_18,
short_sell_19,
short_sell_20,
short_selling_1,
short_selling_2,
short_selling_3,
short_selling_4,
short_selling_5,
short_selling_6,
short_selling_7,
short_selling_8,
short_selling_9,
short_selling_10,
short_selling_11,
short_selling_12,
short_selling_13,
short_selling_14,
short_selling_15,
short_selling_16,
short_selling_17,
short_selling_18,
short_selling_19,
short_selling_20,
tourism_1,
tourism_2,
tourism_3,
tourism_4,
tourism_5,
tourism_6,
tourism_7,
tourism_8,
tourism_9,
tourism_10,
tourism_11,
tourism_12,
tourism_13,
tourism_14,
tourism_15,
tourism_16,
tourism_17,
tourism_18,
tourism_19,
tourism_20,
transaction_1,
transaction_2,
transaction_3,
transaction_4,
transaction_5,
transaction_6,
transaction_7,
transaction_8,
transaction_9,
transaction_10,
transaction_11,
transaction_12,
transaction_13,
transaction_14,
transaction_15,
transaction_16,
transaction_17,
transaction_18,
transaction_19,
transaction_20,
vermont_2,
vermont_3,
vermont_4,
vermont_17,
vermont_18,
voters_20,
